Tempo;Canale A;Canale B;Canale C;Canale D;Canale D0
(s);(V);(V);(V);(V);(V)

0,00866736;0,16855314;0,27405265;0,58378446;3,18713093;1,00000000
0,00873403;0,16855314;0,27405265;0,58439958;3,18743849;1,00000000
0,00880070;0,16855314;0,27405265;0,58470720;3,18774605;1,00000000
0,00886738;0,16855314;0,27436024;0,58516854;3,18774605;1,00000000
0,00893405;0,16855314;0,27436024;0,58547610;3,18774605;1,00000000
0,00900072;0,16855314;0,27466780;0,58578372;3,18805361;1,00000000
0,00906739;0,16870694;0,27497539;0,58609128;3,18805361;1,00000000
0,00913406;0,16870694;0,27497539;0,58655268;3,18836117;1,00000000
0,00920074;0,16870694;0,27466780;0,58701402;3,18836117;1,00000000
0,00926741;0,16870694;0,27466780;0,58732158;3,18836117;1,00000000
0,00933408;0,16870694;0,27466780;0,58762920;3,18836117;1,00000000
0,00940075;0,16870694;0,27466780;0,58778298;3,18836117;1,00000000
0,00946742;0,16870694;0,27497539;0,58793676;3,18836117;1,00000000
0,00953410;0,16870694;0,27528298;0,58809054;3,18836117;1,00000000
0,00960077;0,16870694;0,27497539;0,58855188;3,18866873;1,00000000
0,00966744;0,16870694;0,27528298;0,58885950;3,18836117;1,00000000
0,00973411;0,16870694;0,27559054;0,58901328;3,18805361;1,00000000
0,00980078;0,16870694;0,27589813;0,58901328;3,18805361;1,00000000
0,00986746;0,16870694;0,27589813;0,58916706;3,18805361;1,00000000
0,00993413;0,16870694;0,27589813;0,58932084;3,18805361;1,00000000
0,01000080;0,16870694;0,27589813;0,58962846;3,18805361;1,00000000
0,01006747;0,16870694;0,27589813;0,58962846;3,18805361;1,00000000
0,01013414;0,16870694;0,27559054;0,58962846;3,18805361;1,00000000
0,01020082;0,16870694;0,27528298;0,58978224;3,18774605;1,00000000
0,01026749;0,16870694;0,27528298;0,58993602;3,18743849;1,00000000
0,01033416;0,16870694;0,27497539;0,58993602;3,18743849;1,00000000
0,01040083;0,16870694;0,27528298;0,59008980;3,18743849;1,00000000
0,01046750;0,16870694;0,27559054;0,59008980;3,18774605;1,00000000
0,01053418;0,16870694;0,27559054;0,59008980;3,18774605;1,00000000
0,01060085;0,16870694;0,27528298;0,58993602;3,18774605;1,00000000
0,01066752;0,16870694;0,27528298;0,58993602;3,18743849;1,00000000
0,01073419;0,16870694;0,27559054;0,58978224;3,18713093;1,00000000
0,01080086;0,16870694;0,27559054;0,58962846;3,18682337;1,00000000
0,01086754;0,16870694;0,27559054;0,58962846;3,18651581;1,00000000
0,01093421;0,16870694;0,27559054;0,58932084;3,18651581;1,00000000
0,01100088;0,16870694;0,27589813;0,58932084;3,18651581;1,00000000
0,01106755;0,16870694;0,27589813;0,58916706;3,18651581;1,00000000
0,01113422;0,16870694;0,27589813;0,58901328;3,18620801;1,00000000
0,01120090;0,16870694;0,27589813;0,58885950;3,18590045;1,00000000
0,01126757;0,16870694;0,27589813;0,58885950;3,18559289;1,00000000
0,01133424;0,16870694;0,27589813;0,58885950;3,18528533;1,00000000
0,01140091;0,16870694;0,27559054;0,58855188;3,18559289;1,00000000
0,01146758;0,16886072;0,27528298;0,58839810;3,18559289;1,00000000
0,01153426;0,16886072;0,27559054;0,58824432;3,18559289;1,00000000
0,01160093;0,16901451;0,27559054;0,58824432;3,18559289;1,00000000
0,01166760;0,16901451;0,27589813;0,58809054;3,18467021;1,00000000
0,01173427;0,16901451;0,27589813;0,58793676;3,18467021;1,00000000
0,01180094;0,16901451;0,27589813;0,58778298;3,18436265;1,00000000
0,01186762;0,16901451;0,27589813;0,58762920;3,18467021;1,00000000
0,01193429;0,16901451;0,27589813;0,58732158;3,18467021;1,00000000
0,01200096;0,16901451;0,27589813;0,58716780;3,18528533;1,00000000
0,01206763;0,16901451;0,27589813;0,58701402;3,18528533;1,00000000
0,01213430;0,16901451;0,27589813;0,58670646;3,18528533;1,00000000
0,01220098;0,16901451;0,27589813;0,58639890;3,18528533;1,00000000
0,01226765;0,16901451;0,27559054;0,58624506;3,18528533;1,00000000
0,01233432;0,16901451;0,27559054;0,58609128;3,18559289;1,00000000
0,01240099;0,16886072;0,27559054;0,58562988;3,18590045;1,00000000
0,01246766;0,16886072;0,27528298;0,58547610;3,18620801;1,00000000
0,01253434;0,16886072;0,27528298;0,58501476;3,18620801;1,00000000
0,01260101;0,16870694;0,27497539;0,58455342;3,18590045;1,00000000
0,01266768;0,16870694;0,27497539;0,58424580;3,18590045;1,00000000
0,01273435;0,16855314;0,27497539;0,58393824;3,18590045;1,00000000
0,01280102;0,16870694;0,27497539;0,58363068;3,18590045;1,00000000
0,01286770;0,16855314;0,27497539;0,58332312;3,18620801;1,00000000
0,01293437;0,16855314;0,27497539;0,58316928;3,18651581;1,00000000
0,01300104;0,16855314;0,27497539;0,58286172;3,18651581;1,00000000
0,01306771;0,16855314;0,27466780;0,58255410;3,18651581;1,00000000
0,01313438;0,16839936;0,27436024;0,58224654;3,18651581;1,00000000
0,01320106;0,16839936;0,27405265;0,58193898;3,18651581;1,00000000
0,01326773;0,16824557;0,27405265;0,58163142;3,18651581;1,00000000
0,01333440;0,16824557;0,27405265;0,58117002;3,18651581;1,00000000
0,01340107;0,16824557;0,27374509;0,58070862;3,18651581;1,00000000
0,01346774;0,16824557;0,27343750;0,58055484;3,18682337;1,00000000
0,01353442;0,16824557;0,27343750;0,58024728;3,18713093;1,00000000
0,01360109;0,16824557;0,27312991;0,57993972;3,18713093;1,00000000
0,01366776;0,16809179;0,27312991;0,57963216;3,18713093;1,00000000
0,01373443;0,16809179;0,27312991;0,57947832;3,18713093;1,00000000
0,01380110;0,16809179;0,27312991;0,57917076;3,18713093;1,00000000
0,01386778;0,16809179;0,27282235;0,57901698;3,18713093;1,00000000
0,01393445;0,16809179;0,27312991;0,57870936;3,18713093;1,00000000
0,01400112;0,16809179;0,27312991;0,57855558;3,18743849;1,00000000
0,01406779;0,16809179;0,27282235;0,57840180;3,18774605;1,00000000
0,01413446;0,16793799;0,27312991;0,57824802;3,18805361;1,00000000
0,01420114;0,16778421;0,27282235;0,57794046;3,18836117;1,00000000
0,01426781;0,16778421;0,27282235;0,57778668;3,18866873;1,00000000
0,01433448;0,16778421;0,27312991;0,57763284;3,18866873;1,00000000
0,01440115;0,16763040;0,27343750;0,57763284;3,18866873;1,00000000
0,01446782;0,16763040;0,27343750;0,57732528;3,18866873;1,00000000
0,01453450;0,16763040;0,27343750;0,57732528;3,18836117;1,00000000
0,01460117;0,16763040;0,27343750;0,57732528;3,18866873;1,00000000
0,01466784;0,16763040;0,27312991;0,57717150;3,18897629;1,00000000
0,01473451;0,16747662;0,27282235;0,57717150;3,18928385;1,00000000
0,01480118;0,16747662;0,27251476;0,57686394;3,18928385;1,00000000
0,01486786;0,16747662;0,27282235;0,57671016;3,18897629;1,00000000
0,01493453;0,16747662;0,27282235;0,57671016;3,18897629;1,00000000
0,01500120;0,16732283;0,27282235;0,57671016;3,18897629;1,00000000
0,01506787;0,16732283;0,27282235;0,57671016;3,18897629;1,00000000
0,01513454;0,16732283;0,27282235;0,57671016;3,18897629;1,00000000
0,01520122;0,16716905;0,27282235;0,57671016;3,18928385;1,00000000
0,01526789;0,16716905;0,27251476;0,57671016;3,18959141;1,00000000
0,01533456;0,16716905;0,27282235;0,57671016;3,18959141;1,00000000
0,01540123;0,16716905;0,27282235;0,57686394;3,18959141;1,00000000
0,01546790;0,16701525;0,27312991;0,57686394;3,18959141;1,00000000
0,01553458;0,16686147;0,27312991;0,57686394;3,18959141;1,00000000
0,01560125;0,16686147;0,27312991;0,57686394;3,18989897;1,00000000
0,01566792;0,16686147;0,27343750;0,57686394;3,18989897;1,00000000
0,01573459;0,16701525;0,27343750;0,57686394;3,19020653;1,00000000
0,01580126;0,16686147;0,27374509;0,57686394;3,19020653;1,00000000
0,01586794;0,16670766;0,27343750;0,57701772;3,19020653;1,00000000
0,01593461;0,16655388;0,27343750;0,57717150;3,19020653;1,00000000
0,01600128;0,16640009;0,27343750;0,57717150;3,19020653;1,00000000
0,01606795;0,16655388;0,27343750;0,57717150;3,19020653;1,00000000
0,01613462;0,16655388;0,27343750;0,57717150;3,19020653;1,00000000
0,01620130;0,16655388;0,27343750;0,57747906;3,19051409;1,00000000
0,01626797;0,16640009;0,27312991;0,57763284;3,19020653;1,00000000
0,01633464;0,16655388;0,27312991;0,57794046;3,19020653;1,00000000
0,01640131;0,16655388;0,27312991;0,57824802;3,18989897;1,00000000
0,01646798;0,16655388;0,27312991;0,57840180;3,18989897;1,00000000
0,01653466;0,16655388;0,27312991;0,57870936;3,18989897;1,00000000
0,01660133;0,16655388;0,27343750;0,57901698;3,18959141;1,00000000
0,01666800;0,16670766;0,27374509;0,57917076;3,18928385;1,00000000
0,01673467;0,16670766;0,27405265;0,57947832;3,18928385;1,00000000
0,01680134;0,16670766;0,27436024;0,57963216;3,18897629;1,00000000
0,01686802;0,16670766;0,27436024;0,57978594;3,18866873;1,00000000
0,01693469;0,16670766;0,27466780;0,58009350;3,18805361;1,00000000
0,01700136;0,16670766;0,27436024;0,58040106;3,18805361;1,00000000
0,01706803;0,16655388;0,27436024;0,58070862;3,18774605;1,00000000
0,01713470;0,16655388;0,27405265;0,58086246;3,18743849;1,00000000
0,01720138;0,16655388;0,27374509;0,58117002;3,18743849;1,00000000
0,01726805;0,16655388;0,27374509;0,58147764;3,18743849;1,00000000
0,01733472;0,16640009;0,27343750;0,58163142;3,18743849;1,00000000
0,01740139;0,16624631;0,27374509;0,58178520;3,18713093;1,00000000
0,01746806;0,16609251;0,27405265;0,58209276;3,18651581;1,00000000
0,01753474;0,16624631;0,27405265;0,58240032;3,18590045;1,00000000
0,01760141;0,16640009;0,27405265;0,58270794;3,18559289;1,00000000
0,01766808;0,16655388;0,27405265;0,58286172;3,18559289;1,00000000
0,01773475;0,16640009;0,27405265;0,58301550;3,18559289;1,00000000
0,01780142;0,16640009;0,27374509;0,58316928;3,18559289;1,00000000
0,01786810;0,16640009;0,27374509;0,58332312;3,18559289;1,00000000
0,01793477;0,16640009;0,27343750;0,58347690;3,18436265;1,00000000
0,01800144;0,16624631;0,27312991;0,58363068;3,18374753;1,00000000
0,01806811;0,16624631;0,27312991;0,58378446;3,18343997;1,00000000
0,01813478;0,16624631;0,27282235;0,58409202;3,18313241;1,00000000
0,01820146;0,16624631;0,27282235;0,58439958;3,18282485;1,00000000
0,01826813;0,16640009;0,27282235;0,58470720;3,18282485;1,00000000
0,01833480;0,16640009;0,27282235;0,58501476;3,18282485;1,00000000
0,01840147;0,16624631;0,27251476;0,58532232;3,18251729;1,00000000
0,01846814;0,16624631;0,27251476;0,58562988;3,18190217;1,00000000
0,01853482;0,16609251;0,27251476;0,58578372;3,18128681;1,00000000
0,01860149;0,16609251;0,27220720;0,58593750;3,18097925;1,00000000
0,01866816;0,16593874;0,27189961;0,58624506;3,18067169;1,00000000
0,01873483;0,16578494;0,27159202;0,58655268;3,18067169;1,00000000
0,01880150;0,16578494;0,27159202;0,58670646;3,18036413;1,00000000
0,01886818;0,16578494;0,27159202;0,58701402;3,18036413;1,00000000
0,01893485;0,16563116;0,27159202;0,58716780;3,18005657;1,00000000
0,01900152;0,16547737;0,27159202;0,58732158;3,17944145;1,00000000
0,01906819;0,16532359;0,27128446;0,58762920;3,17944145;1,00000000
0,01913486;0,16532359;0,27159202;0,58778298;3,17913389;1,00000000
0,01920154;0,16516978;0,27128446;0,58793676;3,17913389;1,00000000
0,01926821;0,16532359;0,27097687;0,58809054;3,17913389;1,00000000
0,01933488;0,16547737;0,27066928;0,58824432;3,17882633;1,00000000
0,01940155;0,16532359;0,27066928;0,58839810;3,17851877;1,00000000
0,01946822;0,16532359;0,27066928;0,58855188;3,17851877;1,00000000
0,01953490;0,16516978;0,27066928;0,58870566;3,17851877;1,00000000
0,01960157;0,16501600;0,27036172;0,58885950;3,17851877;1,00000000
0,01966824;0,16486220;0,27066928;0,58916706;3,17851877;1,00000000
0,01973491;0,16486220;0,27066928;0,58932084;3,17851877;1,00000000
0,01980158;0,16486220;0,27036172;0,58947468;3,17882633;1,00000000
0,01986826;0,16470842;0,27005413;0,58962846;3,17851877;1,00000000
0,01993493;0,16470842;0,26974654;0,58978224;3,17851877;1,00000000
0,02000160;0,16470842;0,26943898;0,59008980;3,17851877;1,00000000
0,02006827;0,16470842;0,26913139;0,59008980;3,17851877;1,00000000
0,02013494;0,16486220;0,26882383;0,59024358;3,17882633;1,00000000
0,02020162;0,16486220;0,26851624;0,59039736;3,17882633;1,00000000
0,02026829;0,16470842;0,26820865;0,59055120;3,17851877;1,00000000
0,02033496;0,16470842;0,26851624;0,59070498;3,17851877;1,00000000
0,02040163;0,16455463;0,26820865;0,59085876;3,17882633;1,00000000
0,02046830;0,16440085;0,26790109;0,59116638;3,17882633;1,00000000
0,02053498;0,16455463;0,26790109;0,59116638;3,17913389;1,00000000
0,02060165;0,16440085;0,26820865;0,59116638;3,17944145;1,00000000
0,02066832;0,16440085;0,26820865;0,59116638;3,17974901;1,00000000
0,02073499;0,16440085;0,26820865;0,59116638;3,17974901;1,00000000
0,02080166;0,16440085;0,26820865;0,59116638;3,17974901;1,00000000
0,02086834;0,16424704;0,26820865;0,59101254;3,17944145;1,00000000
0,02093501;0,16424704;0,26820865;0,59085876;3,17944145;1,00000000
0,02100168;0,16409326;0,26820865;0,59070498;3,17944145;1,00000000
0,02106835;0,16424704;0,26820865;0,59070498;3,17974901;1,00000000
0,02113502;0,16424704;0,26851624;0,59070498;3,17974901;1,00000000
0,02120170;0,16409326;0,26851624;0,59055120;3,17974901;1,00000000
0,02126837;0,16393946;0,26882383;0,59039736;3,17974901;1,00000000
0,02133504;0,16409326;0,26882383;0,59039736;3,18005657;1,00000000
0,02140171;0,16424704;0,26851624;0,59024358;3,18036413;1,00000000
0,02146838;0,16409326;0,26851624;0,59008980;3,18067169;1,00000000
0,02153506;0,16393946;0,26820865;0,58978224;3,18097925;1,00000000
0,02160173;0,16393946;0,26820865;0,58947468;3,18097925;1,00000000
0,02166840;0,16409326;0,26790109;0,58916706;3,18097925;1,00000000
0,02173507;0,16409326;0,26790109;0,58885950;3,18067169;1,00000000
0,02180174;0,16424704;0,26790109;0,58855188;3,18036413;1,00000000
0,02186842;0,16424704;0,26820865;0,58839810;3,18067169;1,00000000
0,02193509;0,16424704;0,26851624;0,58809054;3,18097925;1,00000000
0,02200176;0,16424704;0,26851624;0,58778298;3,18128681;1,00000000
0,02206843;0,16440085;0,26851624;0,58747536;3,18128681;1,00000000
0,02213510;0,16440085;0,26820865;0,58716780;3,18128681;1,00000000
0,02220178;0,16440085;0,26820865;0,58686024;3,18128681;1,00000000
0,02226845;0,16455463;0,26820865;0,58655268;3,18097925;1,00000000
0,02233512;0,16470842;0,26820865;0,58624506;3,18159461;1,00000000
0,02240179;0,16470842;0,26820865;0,58593750;3,18220973;1,00000000
0,02246846;0,16486220;0,26851624;0,58562988;3,18251729;1,00000000
0,02253514;0,16486220;0,26851624;0,58516854;3,18251729;1,00000000
0,02260181;0,16486220;0,26851624;0,58470720;3,18251729;1,00000000
0,02266848;0,16501600;0,26851624;0,58424580;3,18251729;1,00000000
0,02273515;0,16516978;0,26851624;0,58393824;3,18220973;1,00000000
0,02280182;0,16516978;0,26820865;0,58347690;3,18220973;1,00000000
0,02286850;0,16532359;0,26851624;0,58332312;3,18251729;1,00000000
0,02293517;0,16532359;0,26882383;0,58316928;3,18251729;1,00000000
0,02300184;0,16547737;0,26913139;0,58286172;3,18251729;1,00000000
0,02306851;0,16563116;0,26913139;0,58240032;3,18251729;1,00000000
0,02313518;0,16578494;0,26913139;0,58193898;3,18251729;1,00000000
0,02320186;0,16593874;0,26913139;0,58147764;3,18220973;1,00000000
0,02326853;0,16609251;0,26913139;0,58101624;3,18190217;1,00000000
0,02333520;0,16609251;0,26913139;0,58055484;3,18220973;1,00000000
0,02340187;0,16609251;0,26913139;0,58009350;3,18251729;1,00000000
0,02346854;0,16624631;0,26913139;0,57963216;3,18251729;1,00000000
0,02353522;0,16640009;0,26882383;0,57901698;3,18251729;1,00000000
0,02360189;0,16640009;0,26882383;0,57855558;3,18251729;1,00000000
0,02366856;0,16655388;0,26882383;0,57794046;3,18251729;1,00000000
0,02373523;0,16655388;0,26913139;0,57763284;3,18251729;1,00000000
0,02380190;0,16670766;0,26913139;0,57717150;3,18282485;1,00000000
0,02386858;0,16670766;0,26913139;0,57671016;3,18313241;1,00000000
0,02393525;0,16686147;0,26943898;0,57624876;3,18313241;1,00000000
0,02400192;0,16686147;0,26943898;0,57594121;3,18313241;1,00000000
0,02406859;0,16686147;0,26943898;0,57547981;3,18313241;1,00000000
0,02413526;0,16701525;0,26974654;0,57501847;3,18313241;1,00000000
0,02420194;0,16701525;0,26974654;0,57471091;3,18313241;1,00000000
0,02426861;0,16716905;0,26974654;0,57424951;3,18313241;1,00000000
0,02433528;0,16747662;0,26974654;0,57409573;3,18343997;1,00000000
0,02440195;0,16763040;0,26974654;0,57363439;3,18282485;1,00000000
0,02446862;0,16778421;0,26974654;0,57332677;3,18313241;1,00000000
0,02453530;0,16778421;0,26943898;0,57301921;3,18313241;1,00000000
0,02460197;0,16793799;0,26943898;0,57255781;3,18313241;1,00000000
0,02466864;0,16793799;0,26943898;0,57209647;3,18313241;1,00000000
0,02473531;0,16809179;0,26974654;0,57194269;3,18313241;1,00000000
0,02480198;0,16839936;0,26974654;0,57148129;3,18313241;1,00000000
0,02486866;0,16855314;0,26974654;0,57132751;3,18313241;1,00000000
0,02493533;0,16870694;0,26974654;0,57101995;3,18251729;1,00000000
0,02500200;0,16886072;0,26974654;0,57071233;3,18220973;1,00000000
0,02506867;0,16886072;0,26974654;0,57040477;3,18220973;1,00000000
0,02513534;0,16886072;0,26943898;0,57009721;3,18220973;1,00000000
0,02520202;0,16901451;0,26913139;0,56978959;3,18220973;1,00000000
0,02526869;0,16901451;0,26882383;0,56963581;3,18220973;1,00000000
0,02533536;0,16901451;0,26851624;0,56932825;3,18220973;1,00000000
0,02540203;0,16901451;0,26851624;0,56917441;3,18190217;1,00000000
0,02546870;0,16916829;0,26820865;0,56902063;3,18159461;1,00000000
0,02553538;0,16932210;0,26790109;0,56871307;3,18128681;1,00000000
0,02560205;0,16932210;0,26790109;0,56855929;3,18128681;1,00000000
0,02566872;0,16947588;0,26759350;0,56840551;3,18128681;1,00000000
0,02573539;0,16962968;0,26759350;0,56825173;3,18128681;1,00000000
0,02580206;0,16962968;0,26728594;0,56794411;3,18097925;1,00000000
0,02586874;0,16962968;0,26697835;0,56794411;3,18097925;1,00000000
0,02593541;0,16962968;0,26667076;0,56794411;3,18067169;1,00000000
0,02600208;0,16962968;0,26667076;0,56794411;3,18036413;1,00000000
0,02606875;0,16978346;0,26636320;0,56794411;3,18005657;1,00000000
0,02613542;0,16962968;0,26605561;0,56809795;3,18005657;1,00000000
0,02620210;0,16962968;0,26574802;0,56809795;3,18005657;1,00000000
0,02626877;0,16962968;0,26574802;0,56809795;3,18005657;1,00000000
0,02633544;0,16962968;0,26605561;0,56840551;3,18005657;1,00000000
0,02640211;0,16962968;0,26605561;0,56840551;3,18036413;1,00000000
0,02646878;0,16978346;0,26574802;0,56855929;3,18005657;1,00000000
0,02653546;0,16978346;0,26544046;0,56871307;3,18005657;1,00000000
0,02660213;0,16978346;0,26513287;0,56886685;3,18005657;1,00000000
0,02666880;0,16978346;0,26513287;0,56886685;3,17974901;1,00000000
0,02673547;0,16978346;0,26482528;0,56917441;3,18005657;1,00000000
0,02680214;0,16978346;0,26482528;0,56932825;3,18036413;1,00000000
0,02686882;0,16978346;0,26482528;0,56978959;3,18067169;1,00000000
0,02693549;0,16978346;0,26451772;0,56994343;3,18097925;1,00000000
0,02700216;0,16978346;0,26451772;0,57025099;3,18067169;1,00000000
0,02706883;0,16978346;0,26482528;0,57055855;3,18067169;1,00000000
0,02713550;0,16978346;0,26451772;0,57101995;3,18067169;1,00000000
0,02720218;0,16978346;0,26451772;0,57132751;3,18067169;1,00000000
0,02726885;0,16978346;0,26451772;0,57148129;3,18097925;1,00000000
0,02733552;0,16978346;0,26451772;0,57194269;3,18159461;1,00000000
0,02740219;0,16978346;0,26451772;0,57255781;3,18159461;1,00000000
0,02746886;0,16978346;0,26421013;0,57286543;3,18190217;1,00000000
0,02753554;0,16978346;0,26421013;0,57332677;3,18220973;1,00000000
0,02760221;0,16978346;0,26421013;0,57378817;3,18190217;1,00000000
0,02766888;0,16978346;0,26421013;0,57424951;3,18190217;1,00000000
0,02773555;0,16978346;0,26451772;0,57471091;3,18220973;1,00000000
0,02780222;0,16978346;0,26451772;0,57517225;3,18251729;1,00000000
0,02786890;0,16978346;0,26482528;0,57578737;3,18282485;1,00000000
0,02793557;0,16978346;0,26513287;0,57624876;3,18282485;1,00000000
0,02800224;0,16978346;0,26482528;0,57671016;3,18313241;1,00000000
0,02806891;0,16978346;0,26482528;0,57701772;3,18343997;1,00000000
0,02813558;0,16978346;0,26482528;0,57747906;3,18374753;1,00000000
0,02820226;0,16978346;0,26513287;0,57794046;3,18405509;1,00000000
0,02826893;0,16978346;0,26513287;0,57840180;3,18436265;1,00000000
0,02833560;0,16993725;0,26544046;0,57886314;3,18467021;1,00000000
0,02840227;0,16993725;0,26574802;0,57932454;3,18467021;1,00000000
0,02846894;0,16978346;0,26605561;0,57978594;3,18467021;1,00000000
0,02853562;0,16962968;0,26636320;0,58024728;3,18528533;1,00000000
0,02860229;0,16962968;0,26605561;0,58055484;3,18559289;1,00000000
0,02866896;0,16962968;0,26605561;0,58086246;3,18590045;1,00000000
0,02873563;0,16962968;0,26605561;0,58132380;3,18620801;1,00000000
0,02880230;0,16947588;0,26636320;0,58178520;3,18620801;1,00000000
0,02886898;0,16947588;0,26667076;0,58224654;3,18620801;1,00000000
0,02893565;0,16962968;0,26697835;0,58286172;3,18620801;1,00000000
0,02900232;0,16962968;0,26728594;0,58332312;3,18620801;1,00000000
0,02906899;0,16962968;0,26728594;0,58363068;3,18590045;1,00000000
0,02913566;0,16962968;0,26728594;0,58393824;3,18620801;1,00000000
0,02920234;0,16962968;0,26728594;0,58439958;3,18651581;1,00000000
0,02926901;0,16962968;0,26697835;0,58486098;3,18651581;1,00000000
0,02933568;0,16962968;0,26697835;0,58516854;3,18651581;1,00000000
0,02940235;0,16978346;0,26728594;0,58532232;3,18651581;1,00000000
0,02946902;0,16978346;0,26697835;0,58578372;3,18651581;1,00000000
0,02953570;0,16978346;0,26728594;0,58593750;3,18651581;1,00000000
0,02960237;0,16993725;0,26759350;0,58639890;3,18651581;1,00000000
0,02966904;0,17009103;0,26790109;0,58670646;3,18713093;1,00000000
0,02973571;0,16993725;0,26820865;0,58686024;3,18682337;1,00000000
0,02980238;0,17009103;0,26790109;0,58686024;3,18651581;1,00000000
0,02986906;0,16993725;0,26820865;0,58701402;3,18651581;1,00000000
0,02993573;0,16993725;0,26851624;0,58716780;3,18620801;1,00000000
0,03000240;0,16993725;0,26851624;0,58732158;3,18620801;1,00000000
0,03006907;0,16993725;0,26851624;0,58747536;3,18651581;1,00000000
0,03013574;0,17009103;0,26851624;0,58747536;3,18682337;1,00000000
0,03020242;0,17009103;0,26851624;0,58747536;3,18682337;1,00000000
0,03026909;0,17009103;0,26851624;0,58747536;3,18651581;1,00000000
0,03033576;0,17009103;0,26882383;0,58747536;3,18651581;1,00000000
0,03040243;0,17009103;0,26882383;0,58747536;3,18620801;1,00000000
0,03046910;0,16993725;0,26913139;0,58762920;3,18590045;1,00000000
0,03053578;0,16993725;0,26913139;0,58762920;3,18590045;1,00000000
0,03060245;0,16993725;0,26943898;0,58747536;3,18590045;1,00000000
0,03066912;0,16993725;0,26943898;0,58747536;3,18590045;1,00000000
0,03073579;0,16993725;0,26943898;0,58747536;3,18559289;1,00000000
0,03080246;0,16993725;0,26943898;0,58732158;3,18528533;1,00000000
0,03086914;0,16993725;0,26943898;0,58732158;3,18528533;1,00000000
0,03093581;0,17009103;0,26943898;0,58732158;3,18528533;1,00000000
0,03100248;0,17009103;0,26943898;0,58732158;3,18528533;1,00000000
0,03106915;0,17009103;0,26974654;0,58732158;3,18528533;1,00000000
0,03113582;0,17009103;0,27005413;0,58732158;3,18528533;1,00000000
0,03120250;0,17009103;0,26974654;0,58701402;3,18467021;1,00000000
0,03126917;0,17009103;0,26974654;0,58686024;3,18405509;1,00000000
0,03133584;0,17009103;0,26974654;0,58670646;3,18343997;1,00000000
0,03140251;0,17009103;0,26943898;0,58655268;3,18343997;1,00000000
0,03146918;0,17024484;0,26913139;0,58639890;3,18343997;1,00000000
0,03153586;0,17024484;0,26913139;0,58639890;3,18343997;1,00000000
0,03160253;0,17024484;0,26943898;0,58609128;3,18343997;1,00000000
0,03166920;0,17024484;0,26974654;0,58578372;3,18343997;1,00000000
0,03173587;0,17024484;0,27005413;0,58547610;3,18343997;1,00000000
0,03180254;0,17024484;0,27005413;0,58516854;3,18343997;1,00000000
0,03186922;0,17024484;0,27036172;0,58501476;3,18374753;1,00000000
0,03193589;0,17024484;0,27005413;0,58470720;3,18405509;1,00000000
0,03200256;0,17024484;0,27005413;0,58439958;3,18405509;1,00000000
0,03206923;0,17024484;0,27005413;0,58409202;3,18405509;1,00000000
0,03213590;0,17024484;0,27005413;0,58378446;3,18374753;1,00000000
0,03220258;0,17024484;0,27005413;0,58347690;3,18343997;1,00000000
0,03226925;0,17039862;0,26974654;0,58316928;3,18343997;1,00000000
0,03233592;0,17039862;0,26974654;0,58286172;3,18343997;1,00000000
0,03240259;0,17039862;0,26943898;0,58270794;3,18374753;1,00000000
0,03246926;0,17039862;0,26913139;0,58240032;3,18405509;1,00000000
0,03253594;0,17039862;0,26882383;0,58224654;3,18405509;1,00000000
0,03260261;0,17039862;0,26882383;0,58193898;3,18374753;1,00000000
0,03266928;0,17055242;0,26882383;0,58163142;3,18374753;1,00000000
0,03273595;0,17039862;0,26851624;0,58132380;3,18343997;1,00000000
0,03280262;0,17024484;0,26851624;0,58117002;3,18343997;1,00000000
0,03286930;0,17024484;0,26851624;0,58101624;3,18374753;1,00000000
0,03293597;0,17039862;0,26851624;0,58070862;3,18405509;1,00000000
0,03300264;0,17039862;0,26820865;0,58040106;3,18405509;1,00000000
0,03306931;0,17039862;0,26820865;0,58024728;3,18405509;1,00000000
0,03313598;0,17024484;0,26851624;0,57993972;3,18374753;1,00000000
0,03320266;0,17024484;0,26882383;0,57978594;3,18343997;1,00000000
0,03326933;0,17024484;0,26882383;0,57947832;3,18313241;1,00000000
0,03333600;0,17024484;0,26882383;0,57917076;3,18343997;1,00000000
0,03340267;0,17009103;0,26882383;0,57886314;3,18343997;1,00000000
0,03346934;0,17009103;0,26882383;0,57840180;3,18374753;1,00000000
0,03353602;0,17009103;0,26913139;0,57809424;3,18374753;1,00000000
0,03360269;0,17009103;0,26882383;0,57778668;3,18374753;1,00000000
0,03366936;0,17009103;0,26851624;0,57747906;3,18374753;1,00000000
0,03373603;0,16993725;0,26820865;0,57717150;3,18374753;1,00000000
0,03380270;0,16993725;0,26790109;0,57686394;3,18374753;1,00000000
0,03386938;0,16962968;0,26759350;0,57655638;3,18405509;1,00000000
0,03393605;0,16962968;0,26759350;0,57640254;3,18436265;1,00000000
0,03400272;0,16962968;0,26728594;0,57609499;3,18467021;1,00000000
0,03406939;0,16962968;0,26728594;0,57578737;3,18467021;1,00000000
0,03413606;0,16962968;0,26728594;0,57547981;3,18467021;1,00000000
0,03420274;0,16962968;0,26759350;0,57517225;3,18467021;1,00000000
0,03426941;0,16947588;0,26759350;0,57486469;3,18467021;1,00000000
0,03433608;0,16947588;0,26759350;0,57471091;3,18467021;1,00000000
0,03440275;0,16947588;0,26759350;0,57471091;3,18467021;1,00000000
0,03446942;0,16947588;0,26728594;0,57455707;3,18528533;1,00000000
0,03453610;0,16947588;0,26728594;0,57440329;3,18559289;1,00000000
0,03460277;0,16932210;0,26697835;0,57409573;3,18559289;1,00000000
0,03466944;0,16932210;0,26697835;0,57394195;3,18528533;1,00000000
0,03473611;0,16916829;0,26667076;0,57394195;3,18528533;1,00000000
0,03480278;0,16916829;0,26697835;0,57394195;3,18528533;1,00000000
0,03486946;0,16916829;0,26697835;0,57394195;3,18528533;1,00000000
0,03493613;0,16901451;0,26728594;0,57394195;3,18528533;1,00000000
0,03500280;0,16901451;0,26728594;0,57394195;3,18590045;1,00000000
0,03506947;0,16901451;0,26728594;0,57394195;3,18651581;1,00000000
0,03513614;0,16886072;0,26728594;0,57394195;3,18651581;1,00000000
0,03520282;0,16886072;0,26728594;0,57394195;3,18682337;1,00000000
0,03526949;0,16886072;0,26697835;0,57394195;3,18682337;1,00000000
0,03533616;0,16870694;0,26697835;0,57394195;3,18682337;1,00000000
0,03540283;0,16870694;0,26697835;0,57394195;3,18682337;1,00000000
0,03546950;0,16886072;0,26697835;0,57394195;3,18682337;1,00000000
0,03553618;0,16886072;0,26728594;0,57394195;3,18713093;1,00000000
0,03560285;0,16886072;0,26728594;0,57409573;3,18774605;1,00000000
0,03566952;0,16886072;0,26759350;0,57424951;3,18774605;1,00000000
0,03573619;0,16886072;0,26759350;0,57424951;3,18774605;1,00000000
0,03580286;0,16886072;0,26759350;0,57440329;3,18774605;1,00000000
0,03586954;0,16870694;0,26790109;0,57455707;3,18774605;1,00000000
0,03593621;0,16870694;0,26790109;0,57455707;3,18774605;1,00000000
0,03600288;0,16870694;0,26790109;0,57486469;3,18774605;1,00000000
0,03606955;0,16870694;0,26820865;0,57517225;3,18805361;1,00000000
0,03613622;0,16870694;0,26851624;0,57517225;3,18836117;1,00000000
0,03620290;0,16870694;0,26820865;0,57547981;3,18836117;1,00000000
0,03626957;0,16886072;0,26851624;0,57578737;3,18805361;1,00000000
0,03633624;0,16870694;0,26882383;0,57609499;3,18805361;1,00000000
0,03640291;0,16855314;0,26882383;0,57640254;3,18805361;1,00000000
0,03646958;0,16870694;0,26882383;0,57671016;3,18805361;1,00000000
0,03653626;0,16855314;0,26913139;0,57701772;3,18805361;1,00000000
0,03660293;0,16855314;0,26943898;0,57732528;3,18805361;1,00000000
0,03666960;0,16855314;0,26943898;0,57763284;3,18805361;1,00000000
0,03673627;0,16870694;0,26913139;0,57763284;3,18774605;1,00000000
0,03680294;0,16855314;0,26943898;0,57809424;3,18743849;1,00000000
0,03686962;0,16855314;0,26943898;0,57840180;3,18713093;1,00000000
0,03693629;0,16855314;0,26974654;0,57870936;3,18713093;1,00000000
0,03700296;0,16870694;0,27005413;0,57901698;3,18713093;1,00000000
0,03706963;0,16870694;0,27005413;0,57917076;3,18713093;1,00000000
0,03713630;0,16870694;0,27036172;0,57947832;3,18713093;1,00000000
0,03720298;0,16855314;0,27036172;0,57978594;3,18682337;1,00000000
0,03726965;0,16870694;0,27036172;0,58009350;3,18620801;1,00000000
0,03733632;0,16870694;0,27066928;0,58040106;3,18590045;1,00000000
0,03740299;0,16870694;0,27066928;0,58070862;3,18559289;1,00000000
0,03746966;0,16886072;0,27097687;0,58101624;3,18559289;1,00000000
0,03753634;0,16886072;0,27097687;0,58117002;3,18559289;1,00000000
0,03760301;0,16886072;0,27128446;0,58147764;3,18528533;1,00000000
0,03766968;0,16901451;0,27128446;0,58178520;3,18467021;1,00000000
0,03773635;0,16916829;0,27097687;0,58193898;3,18436265;1,00000000
0,03780302;0,16901451;0,27066928;0,58209276;3,18436265;1,00000000
0,03786970;0,16916829;0,27036172;0,58255410;3,18405509;1,00000000
0,03793637;0,16916829;0,27005413;0,58301550;3,18374753;1,00000000
0,03800304;0,16916829;0,26974654;0,58332312;3,18343997;1,00000000
0,03806971;0,16932210;0,26974654;0,58363068;3,18313241;1,00000000
0,03813638;0,16932210;0,26974654;0,58393824;3,18282485;1,00000000
0,03820306;0,16947588;0,26943898;0,58409202;3,18282485;1,00000000
0,03826973;0,16962968;0,26943898;0,58439958;3,18282485;1,00000000
0,03833640;0,16978346;0,26913139;0,58470720;3,18282485;1,00000000
0,03840307;0,16978346;0,26913139;0,58486098;3,18251729;1,00000000
0,03846974;0,16962968;0,26913139;0,58516854;3,18190217;1,00000000
0,03853642;0,16962968;0,26882383;0,58547610;3,18128681;1,00000000
0,03860309;0,16978346;0,26882383;0,58578372;3,18067169;1,00000000
0,03866976;0,16978346;0,26851624;0,58609128;3,18067169;1,00000000
0,03873643;0,16978346;0,26851624;0,58639890;3,18067169;1,00000000
0,03880310;0,16962968;0,26820865;0,58670646;3,18067169;1,00000000
0,03886978;0,16947588;0,26790109;0,58686024;3,18067169;1,00000000
0,03893645;0,16947588;0,26759350;0,58701402;3,18036413;1,00000000
0,03900312;0,16947588;0,26728594;0,58716780;3,17974901;1,00000000
0,03906979;0,16932210;0,26697835;0,58747536;3,17944145;1,00000000
0,03913646;0,16916829;0,26667076;0,58778298;3,17944145;1,00000000
0,03920314;0,16901451;0,26667076;0,58793676;3,17944145;1,00000000
0,03926981;0,16901451;0,26667076;0,58809054;3,17944145;1,00000000
0,03933648;0,16886072;0,26667076;0,58824432;3,17944145;1,00000000
0,03940315;0,16870694;0,26697835;0,58855188;3,17913389;1,00000000
0,03946982;0,16870694;0,26697835;0,58885950;3,17851877;1,00000000
0,03953650;0,16855314;0,26667076;0,58901328;3,17821121;1,00000000
0,03960317;0,16855314;0,26636320;0,58916706;3,17821121;1,00000000
0,03966984;0,16855314;0,26667076;0,58962846;3,17821121;1,00000000
0,03973651;0,16839936;0,26667076;0,58978224;3,17821121;1,00000000
0,03980318;0,16824557;0,26667076;0,58993602;3,17851877;1,00000000
0,03986986;0,16824557;0,26697835;0,59008980;3,17882633;1,00000000
0,03993653;0,16824557;0,26697835;0,59008980;3,17851877;1,00000000
0,04000320;0,16839936;0,26667076;0,59008980;3,17851877;1,00000000
0,04006987;0,16824557;0,26667076;0,59024358;3,17851877;1,00000000
0,04013654;0,16824557;0,26636320;0,59039736;3,17851877;1,00000000
0,04020322;0,16809179;0,26605561;0,59055120;3,17851877;1,00000000
0,04026989;0,16793799;0,26574802;0,59070498;3,17882633;1,00000000
0,04033656;0,16793799;0,26544046;0,59085876;3,17913389;1,00000000
0,04040323;0,16793799;0,26544046;0,59101254;3,17944145;1,00000000
0,04046990;0,16809179;0,26544046;0,59116638;3,17913389;1,00000000
0,04053658;0,16793799;0,26574802;0,59132016;3,17913389;1,00000000
0,04060325;0,16778421;0,26605561;0,59147394;3,17913389;1,00000000
0,04066992;0,16793799;0,26605561;0,59147394;3,17913389;1,00000000
0,04073659;0,16778421;0,26605561;0,59162772;3,17913389;1,00000000
0,04080326;0,16793799;0,26574802;0,59162772;3,17944145;1,00000000
0,04086994;0,16793799;0,26605561;0,59178150;3,17944145;1,00000000
0,04093661;0,16809179;0,26605561;0,59178150;3,17974901;1,00000000
0,04100328;0,16809179;0,26605561;0,59178150;3,17974901;1,00000000
0,04106995;0,16809179;0,26636320;0,59162772;3,17974901;1,00000000
0,04113662;0,16809179;0,26667076;0,59162772;3,17974901;1,00000000
0,04120330;0,16809179;0,26636320;0,59162772;3,17974901;1,00000000
0,04126997;0,16824557;0,26636320;0,59147394;3,18005657;1,00000000
0,04133664;0,16824557;0,26636320;0,59132016;3,18036413;1,00000000
0,04140331;0,16824557;0,26636320;0,59101254;3,18036413;1,00000000
0,04146998;0,16809179;0,26636320;0,59085876;3,18067169;1,00000000
0,04153666;0,16809179;0,26667076;0,59085876;3,18067169;1,00000000
0,04160333;0,16824557;0,26697835;0,59070498;3,18067169;1,00000000
0,04167000;0,16824557;0,26667076;0,59055120;3,18067169;1,00000000
0,04173667;0,16824557;0,26667076;0,59039736;3,18097925;1,00000000
0,04180334;0,16824557;0,26636320;0,59008980;3,18128681;1,00000000
0,04187002;0,16824557;0,26605561;0,58993602;3,18097925;1,00000000
0,04193669;0,16824557;0,26636320;0,58962846;3,18067169;1,00000000
0,04200336;0,16809179;0,26667076;0,58901328;3,18097925;1,00000000
0,04207003;0,16809179;0,26636320;0,58870566;3,18097925;1,00000000
0,04213670;0,16809179;0,26636320;0,58839810;3,18128681;1,00000000
0,04220338;0,16824557;0,26636320;0,58809054;3,18128681;1,00000000
0,04227005;0,16824557;0,26667076;0,58778298;3,18159461;1,00000000
0,04233672;0,16824557;0,26667076;0,58762920;3,18159461;1,00000000
0,04240339;0,16839936;0,26697835;0,58732158;3,18128681;1,00000000
0,04247006;0,16839936;0,26728594;0,58716780;3,18190217;1,00000000
0,04253674;0,16824557;0,26728594;0,58686024;3,18190217;1,00000000
0,04260341;0,16824557;0,26759350;0,58655268;3,18220973;1,00000000
0,04267008;0,16839936;0,26759350;0,58624506;3,18251729;1,00000000
0,04273675;0,16839936;0,26759350;0,58593750;3,18251729;1,00000000
0,04280342;0,16855314;0,26728594;0,58578372;3,18251729;1,00000000
0,04287010;0,16870694;0,26728594;0,58562988;3,18251729;1,00000000
0,04293677;0,16870694;0,26759350;0,58516854;3,18220973;1,00000000
0,04300344;0,16886072;0,26790109;0,58470720;3,18251729;1,00000000
0,04307011;0,16901451;0,26790109;0,58439958;3,18282485;1,00000000
0,04313678;0,16886072;0,26820865;0,58409202;3,18313241;1,00000000
0,04320346;0,16886072;0,26851624;0,58363068;3,18282485;1,00000000
0,04327013;0,16886072;0,26851624;0,58316928;3,18282485;1,00000000
0,04333680;0,16901451;0,26851624;0,58286172;3,18282485;1,00000000
0,04340347;0,16901451;0,26851624;0,58224654;3,18282485;1,00000000
0,04347014;0,16901451;0,26820865;0,58178520;3,18251729;1,00000000
0,04353682;0,16886072;0,26851624;0,58147764;3,18282485;1,00000000
0,04360349;0,16886072;0,26882383;0,58101624;3,18313241;1,00000000
0,04367016;0,16886072;0,26882383;0,58070862;3,18343997;1,00000000
0,04373683;0,16886072;0,26913139;0,58040106;3,18343997;1,00000000
0,04380350;0,16886072;0,26943898;0,57978594;3,18343997;1,00000000
0,04387018;0,16886072;0,26943898;0,57932454;3,18343997;1,00000000
0,04393685;0,16886072;0,26913139;0,57870936;3,18313241;1,00000000
0,04400352;0,16886072;0,26913139;0,57840180;3,18282485;1,00000000
0,04407019;0,16901451;0,26913139;0,57794046;3,18343997;1,00000000
0,04413686;0,16916829;0,26882383;0,57747906;3,18313241;1,00000000
0,04420354;0,16932210;0,26913139;0,57701772;3,18313241;1,00000000
0,04427021;0,16947588;0,26943898;0,57671016;3,18313241;1,00000000
0,04433688;0,16962968;0,26974654;0,57640254;3,18313241;1,00000000
0,04440355;0,16978346;0,26974654;0,57594121;3,18282485;1,00000000
0,04447022;0,16978346;0,26974654;0,57563359;3,18282485;1,00000000
0,04453690;0,16993725;0,26974654;0,57532603;3,18251729;1,00000000
0,04460357;0,17009103;0,26943898;0,57486469;3,18251729;1,00000000
0,04467024;0,17024484;0,26943898;0,57455707;3,18282485;1,00000000
0,04473691;0,17024484;0,26974654;0,57440329;3,18282485;1,00000000
0,04480358;0,17024484;0,26943898;0,57409573;3,18282485;1,00000000
0,04487026;0,17039862;0,26943898;0,57394195;3,18282485;1,00000000
0,04493693;0,17055242;0,26943898;0,57363439;3,18282485;1,00000000
0,04500360;0,17055242;0,26943898;0,57317299;3,18313241;1,00000000
0,04507027;0,17070620;0,26943898;0,57301921;3,18282485;1,00000000
0,04513694;0,17070620;0,26913139;0,57286543;3,18251729;1,00000000
0,04520362;0,17070620;0,26943898;0,57271159;3,18220973;1,00000000
0,04527029;0,17070620;0,26913139;0,57225025;3,18220973;1,00000000
0,04533696;0,17070620;0,26913139;0,57209647;3,18220973;1,00000000
0,04540363;0,17055242;0,26882383;0,57178891;3,18220973;1,00000000
0,04547030;0,17070620;0,26882383;0,57163513;3,18251729;1,00000000
0,04553698;0,17085999;0,26851624;0,57132751;3,18251729;1,00000000
0,04560365;0,17101377;0,26851624;0,57117373;3,18190217;1,00000000
0,04567032;0,17101377;0,26882383;0,57101995;3,18159461;1,00000000
0,04573699;0,17101377;0,26851624;0,57086611;3,18128681;1,00000000
0,04580366;0,17101377;0,26820865;0,57055855;3,18128681;1,00000000
0,04587034;0,17116757;0,26790109;0,57025099;3,18128681;1,00000000
0,04593701;0,17116757;0,26790109;0,57009721;3,18128681;1,00000000
0,04600368;0,17101377;0,26790109;0,56994343;3,18159461;1,00000000
0,04607035;0,17101377;0,26790109;0,56994343;3,18190217;1,00000000
0,04613702;0,17101377;0,26759350;0,56994343;3,18159461;1,00000000
0,04620370;0,17101377;0,26728594;0,56994343;3,18097925;1,00000000
0,04627037;0,17101377;0,26697835;0,56994343;3,18036413;1,00000000
0,04633704;0,17101377;0,26697835;0,56994343;3,18036413;1,00000000
0,04640371;0,17116757;0,26697835;0,56994343;3,18036413;1,00000000
0,04647038;0,17101377;0,26697835;0,57009721;3,18036413;1,00000000
0,04653706;0,17101377;0,26697835;0,57009721;3,18036413;1,00000000
0,04660373;0,17101377;0,26667076;0,57025099;3,18036413;1,00000000
0,04667040;0,17085999;0,26667076;0,57025099;3,18067169;1,00000000
0,04673707;0,17101377;0,26667076;0,57055855;3,18005657;1,00000000
0,04680374;0,17101377;0,26636320;0,57071233;3,18005657;1,00000000
0,04687042;0,17085999;0,26636320;0,57117373;3,18036413;1,00000000
0,04693709;0,17101377;0,26636320;0,57132751;3,18036413;1,00000000
0,04700376;0,17101377;0,26636320;0,57163513;3,18067169;1,00000000
0,04707043;0,17101377;0,26636320;0,57178891;3,18067169;1,00000000
0,04713710;0,17101377;0,26667076;0,57194269;3,18097925;1,00000000
0,04720378;0,17085999;0,26667076;0,57240403;3,18097925;1,00000000
0,04727045;0,17085999;0,26667076;0,57271159;3,18128681;1,00000000
0,04733712;0,17085999;0,26667076;0,57301921;3,18128681;1,00000000
0,04740379;0,17085999;0,26636320;0,57332677;3,18128681;1,00000000
0,04747046;0,17085999;0,26636320;0,57394195;3,18159461;1,00000000
0,04753714;0,17101377;0,26605561;0,57424951;3,18159461;1,00000000
0,04760381;0,17101377;0,26605561;0,57471091;3,18159461;1,00000000
0,04767048;0,17101377;0,26574802;0,57532603;3,18159461;1,00000000
0,04773715;0,17101377;0,26574802;0,57578737;3,18159461;1,00000000
0,04780382;0,17101377;0,26574802;0,57609499;3,18220973;1,00000000
0,04787050;0,17101377;0,26574802;0,57671016;3,18251729;1,00000000
0,04793717;0,17101377;0,26544046;0,57701772;3,18251729;1,00000000
0,04800384;0,17085999;0,26574802;0,57732528;3,18251729;1,00000000
0,04807051;0,17085999;0,26544046;0,57763284;3,18251729;1,00000000
0,04813718;0,17085999;0,26544046;0,57809424;3,18282485;1,00000000
0,04820386;0,17085999;0,26513287;0,57855558;3,18313241;1,00000000
0,04827053;0,17085999;0,26544046;0,57901698;3,18374753;1,00000000
0,04833720;0,17085999;0,26574802;0,57947832;3,18436265;1,00000000
0,04840387;0,17085999;0,26605561;0,57978594;3,18436265;1,00000000
0,04847054;0,17085999;0,26636320;0,58009350;3,18436265;1,00000000
0,04853722;0,17085999;0,26667076;0,58055484;3,18436265;1,00000000
0,04860389;0,17085999;0,26667076;0,58086246;3,18436265;1,00000000
0,04867056;0,17101377;0,26667076;0,58147764;3,18467021;1,00000000
0,04873723;0,17116757;0,26667076;0,58193898;3,18467021;1,00000000
0,04880390;0,17116757;0,26667076;0,58240032;3,18528533;1,00000000
0,04887058;0,17116757;0,26697835;0,58286172;3,18559289;1,00000000
0,04893725;0,17116757;0,26697835;0,58332312;3,18590045;1,00000000
0,04900392;0,17116757;0,26728594;0,58378446;3,18590045;1,00000000
0,04907059;0,17116757;0,26759350;0,58424580;3,18590045;1,00000000
0,04913726;0,17116757;0,26790109;0,58470720;3,18590045;1,00000000
0,04920394;0,17116757;0,26820865;0,58516854;3,18620801;1,00000000
0,04927061;0,17116757;0,26820865;0,58562988;3,18651581;1,00000000
0,04933728;0,17116757;0,26851624;0,58593750;3,18651581;1,00000000
0,04940395;0,17132135;0,26882383;0,58639890;3,18682337;1,00000000
0,04947062;0,17147514;0,26913139;0,58655268;3,18682337;1,00000000
0,04953730;0,17162892;0,26943898;0,58670646;3,18651581;1,00000000
0,04960397;0,17178273;0,26974654;0,58686024;3,18651581;1,00000000
0,04967064;0,17178273;0,27005413;0,58716780;3,18682337;1,00000000
0,04973731;0,17162892;0,27036172;0,58747536;3,18682337;1,00000000
0,04980398;0,17162892;0,27036172;0,58778298;3,18713093;1,00000000
0,04987066;0,17162892;0,27066928;0,58793676;3,18713093;1,00000000
0,04993733;0,17162892;0,27036172;0,58793676;3,18713093;1,00000000
0,05000400;0,17162892;0,27036172;0,58809054;3,18682337;1,00000000
0,05007067;0,17162892;0,27036172;0,58809054;3,18651581;1,00000000
0,05013734;0,17178273;0,27036172;0,58809054;3,18651581;1,00000000
0,05020402;0,17178273;0,27036172;0,58824432;3,18682337;1,00000000
0,05027069;0,17178273;0,27005413;0,58839810;3,18713093;1,00000000
0,05033736;0,17178273;0,27005413;0,58839810;3,18713093;1,00000000
0,05040403;0,17178273;0,27005413;0,58839810;3,18713093;1,00000000
0,05047070;0,17178273;0,27005413;0,58839810;3,18682337;1,00000000
0,05053738;0,17178273;0,27005413;0,58855188;3,18682337;1,00000000
0,05060405;0,17178273;0,26974654;0,58855188;3,18651581;1,00000000
0,05067072;0,17178273;0,27005413;0,58855188;3,18651581;1,00000000
0,05073739;0,17178273;0,27005413;0,58855188;3,18651581;1,00000000
0,05080406;0,17178273;0,27005413;0,58855188;3,18651581;1,00000000
0,05087074;0,17178273;0,27036172;0,58855188;3,18651581;1,00000000
0,05093741;0,17193651;0,27066928;0,58855188;3,18620801;1,00000000
0,05100408;0,17193651;0,27066928;0,58839810;3,18590045;1,00000000
0,05107075;0,17193651;0,27066928;0,58839810;3,18559289;1,00000000
0,05113742;0,17193651;0,27066928;0,58839810;3,18559289;1,00000000
0,05120410;0,17193651;0,27066928;0,58839810;3,18559289;1,00000000
0,05127077;0,17193651;0,27036172;0,58839810;3,18559289;1,00000000
0,05133744;0,17193651;0,27066928;0,58839810;3,18559289;1,00000000
0,05140411;0,17193651;0,27066928;0,58809054;3,18528533;1,00000000
0,05147078;0,17193651;0,27066928;0,58793676;3,18528533;1,00000000
0,05153746;0,17193651;0,27066928;0,58778298;3,18528533;1,00000000
0,05160413;0,17193651;0,27036172;0,58762920;3,18528533;1,00000000
0,05167080;0,17193651;0,27036172;0,58747536;3,18559289;1,00000000
0,05173747;0,17178273;0,27005413;0,58716780;3,18590045;1,00000000
0,05180414;0,17178273;0,27005413;0,58686024;3,18559289;1,00000000
0,05187082;0,17178273;0,26974654;0,58655268;3,18528533;1,00000000
0,05193749;0,17178273;0,27005413;0,58624506;3,18528533;1,00000000
0,05200416;0,17178273;0,26974654;0,58593750;3,18528533;1,00000000
0,05207083;0,17178273;0,26974654;0,58578372;3,18528533;1,00000000
0,05213750;0,17193651;0,26974654;0,58562988;3,18467021;1,00000000
0,05220418;0,17193651;0,27005413;0,58547610;3,18528533;1,00000000
0,05227085;0,17193651;0,27005413;0,58516854;3,18528533;1,00000000
0,05233752;0,17193651;0,27005413;0,58486098;3,18528533;1,00000000
0,05240419;0,17193651;0,27005413;0,58470720;3,18528533;1,00000000
0,05247086;0,17193651;0,27005413;0,58455342;3,18528533;1,00000000
0,05253754;0,17178273;0,27005413;0,58424580;3,18528533;1,00000000
0,05260421;0,17162892;0,26974654;0,58409202;3,18528533;1,00000000
0,05267088;0,17162892;0,26974654;0,58393824;3,18467021;1,00000000
0,05273755;0,17147514;0,26943898;0,58378446;3,18528533;1,00000000
0,05280422;0,17147514;0,26943898;0,58363068;3,18559289;1,00000000
0,05287090;0,17147514;0,26943898;0,58332312;3,18559289;1,00000000
0,05293757;0,17147514;0,26913139;0,58301550;3,18559289;1,00000000
0,05300424;0,17132135;0,26943898;0,58270794;3,18559289;1,00000000
0,05307091;0,17132135;0,26943898;0,58240032;3,18559289;1,00000000
0,05313758;0,17132135;0,26943898;0,58209276;3,18559289;1,00000000
0,05320426;0,17132135;0,26913139;0,58178520;3,18559289;1,00000000
0,05327093;0,17116757;0,26913139;0,58147764;3,18590045;1,00000000
0,05333760;0,17101377;0,26882383;0,58117002;3,18620801;1,00000000
0,05340427;0,17101377;0,26882383;0,58086246;3,18620801;1,00000000
0,05347094;0,17101377;0,26882383;0,58055484;3,18620801;1,00000000
0,05353762;0,17085999;0,26913139;0,58024728;3,18620801;1,00000000
0,05360429;0,17085999;0,26882383;0,57993972;3,18620801;1,00000000
0,05367096;0,17085999;0,26851624;0,57963216;3,18620801;1,00000000
0,05373763;0,17085999;0,26882383;0,57932454;3,18620801;1,00000000
0,05380430;0,17070620;0,26882383;0,57917076;3,18651581;1,00000000
0,05387098;0,17070620;0,26851624;0,57870936;3,18682337;1,00000000
0,05393765;0,17070620;0,26851624;0,57855558;3,18682337;1,00000000
0,05400432;0,17070620;0,26820865;0,57824802;3,18682337;1,00000000
0,05407099;0,17055242;0,26790109;0,57809424;3,18682337;1,00000000
0,05413766;0,17055242;0,26820865;0,57794046;3,18713093;1,00000000
0,05420434;0,17039862;0,26790109;0,57763284;3,18713093;1,00000000
0,05427101;0,17039862;0,26790109;0,57732528;3,18682337;1,00000000
0,05433768;0,17024484;0,26790109;0,57701772;3,18682337;1,00000000
0,05440435;0,17024484;0,26759350;0,57686394;3,18713093;1,00000000
0,05447102;0,17024484;0,26728594;0,57655638;3,18743849;1,00000000
0,05453770;0,17009103;0,26697835;0,57640254;3,18743849;1,00000000
0,05460437;0,17009103;0,26728594;0,57609499;3,18743849;1,00000000
0,05467104;0,16993725;0,26697835;0,57594121;3,18774605;1,00000000
0,05473771;0,16978346;0,26697835;0,57578737;3,18743849;1,00000000
0,05480438;0,16962968;0,26697835;0,57578737;3,18713093;1,00000000
0,05487106;0,16962968;0,26728594;0,57578737;3,18713093;1,00000000
0,05493773;0,16962968;0,26759350;0,57563359;3,18743849;1,00000000
0,05500440;0,16962968;0,26759350;0,57547981;3,18774605;1,00000000
0,05507107;0,16962968;0,26759350;0,57547981;3,18805361;1,00000000
0,05513774;0,16947588;0,26759350;0,57547981;3,18836117;1,00000000
0,05520442;0,16932210;0,26759350;0,57547981;3,18866873;1,00000000
0,05527109;0,16932210;0,26790109;0,57547981;3,18866873;1,00000000
0,05533776;0,16916829;0,26790109;0,57547981;3,18866873;1,00000000
0,05540443;0,16901451;0,26820865;0,57563359;3,18866873;1,00000000
0,05547110;0,16886072;0,26851624;0,57563359;3,18897629;1,00000000
0,05553778;0,16886072;0,26851624;0,57563359;3,18928385;1,00000000
0,05560445;0,16886072;0,26851624;0,57578737;3,18959141;1,00000000
0,05567112;0,16870694;0,26851624;0,57594121;3,19020653;1,00000000
0,05573779;0,16870694;0,26851624;0,57594121;3,18989897;1,00000000
0,05580446;0,16855314;0,26882383;0,57594121;3,18959141;1,00000000
0,05587114;0,16855314;0,26913139;0,57594121;3,18928385;1,00000000
0,05593781;0,16855314;0,26943898;0,57624876;3,18897629;1,00000000
0,05600448;0,16855314;0,26943898;0,57640254;3,18928385;1,00000000
0,05607115;0,16870694;0,26943898;0,57671016;3,18959141;1,00000000
0,05613782;0,16870694;0,26943898;0,57686394;3,18959141;1,00000000
0,05620450;0,16870694;0,26943898;0,57701772;3,18959141;1,00000000
0,05627117;0,16870694;0,26943898;0,57717150;3,18928385;1,00000000
0,05633784;0,16870694;0,26974654;0,57747906;3,18928385;1,00000000
0,05640451;0,16870694;0,27005413;0,57778668;3,18897629;1,00000000
0,05647118;0,16886072;0,27005413;0,57794046;3,18897629;1,00000000
0,05653786;0,16886072;0,27036172;0,57809424;3,18928385;1,00000000
0,05660453;0,16886072;0,27036172;0,57840180;3,18928385;1,00000000
0,05667120;0,16886072;0,27036172;0,57870936;3,18928385;1,00000000
0,05673787;0,16886072;0,27036172;0,57870936;3,18928385;1,00000000
0,05680454;0,16886072;0,27066928;0,57901698;3,18928385;1,00000000
0,05687122;0,16901451;0,27097687;0,57932454;3,18866873;1,00000000
0,05693789;0,16901451;0,27097687;0,57947832;3,18805361;1,00000000
0,05700456;0,16886072;0,27066928;0,57978594;3,18805361;1,00000000
0,05707123;0,16870694;0,27066928;0,58009350;3,18774605;1,00000000
0,05713790;0,16870694;0,27036172;0,58040106;3,18774605;1,00000000
0,05720458;0,16855314;0,27066928;0,58070862;3,18774605;1,00000000
0,05727125;0,16870694;0,27097687;0,58101624;3,18774605;1,00000000
0,05733792;0,16886072;0,27097687;0,58132380;3,18743849;1,00000000
0,05740459;0,16886072;0,27097687;0,58163142;3,18713093;1,00000000
0,05747126;0,16870694;0,27097687;0,58178520;3,18651581;1,00000000
0,05753794;0,16870694;0,27097687;0,58209276;3,18620801;1,00000000
0,05760461;0,16886072;0,27097687;0,58240032;3,18620801;1,00000000
0,05767128;0,16886072;0,27066928;0,58270794;3,18620801;1,00000000
0,05773795;0,16870694;0,27036172;0,58301550;3,18620801;1,00000000
0,05780462;0,16886072;0,27036172;0,58332312;3,18620801;1,00000000
0,05787130;0,16870694;0,27036172;0,58347690;3,18590045;1,00000000
0,05793797;0,16870694;0,27005413;0,58363068;3,18559289;1,00000000
0,05800464;0,16855314;0,27005413;0,58393824;3,18436265;1,00000000
0,05807131;0,16839936;0,27005413;0,58409202;3,18405509;1,00000000
0,05813798;0,16855314;0,26974654;0,58455342;3,18374753;1,00000000
0,05820466;0,16870694;0,26943898;0,58470720;3,18343997;1,00000000
0,05827133;0,16855314;0,26943898;0,58486098;3,18343997;1,00000000
0,05833800;0,16839936;0,26943898;0,58516854;3,18313241;1,00000000
0,05840467;0,16824557;0,26913139;0,58547610;3,18282485;1,00000000
0,05847134;0,16809179;0,26913139;0,58578372;3,18251729;1,00000000
0,05853802;0,16809179;0,26913139;0,58609128;3,18251729;1,00000000
0,05860469;0,16809179;0,26882383;0,58624506;3,18220973;1,00000000
0,05867136;0,16809179;0,26851624;0,58655268;3,18190217;1,00000000
0,05873803;0,16793799;0,26851624;0,58686024;3,18159461;1,00000000
0,05880470;0,16793799;0,26820865;0,58701402;3,18097925;1,00000000
0,05887138;0,16793799;0,26820865;0,58716780;3,18036413;1,00000000
0,05893805;0,16793799;0,26820865;0,58732158;3,18036413;1,00000000
0,05900472;0,16778421;0,26790109;0,58762920;3,18036413;1,00000000
0,05907139;0,16778421;0,26759350;0,58809054;3,18036413;1,00000000
0,05913806;0,16763040;0,26759350;0,58839810;3,18005657;1,00000000
0,05920474;0,16763040;0,26790109;0,58870566;3,17944145;1,00000000
0,05927141;0,16747662;0,26790109;0,58885950;3,17944145;1,00000000
0,05933808;0,16732283;0,26759350;0,58916706;3,17913389;1,00000000
0,05940475;0,16732283;0,26759350;0,58916706;3,17913389;1,00000000
0,05947142;0,16716905;0,26728594;0,58932084;3,17913389;1,00000000
0,05953810;0,16716905;0,26697835;0,58932084;3,17882633;1,00000000
0,05960477;0,16716905;0,26697835;0,58962846;3,17882633;1,00000000
0,05967144;0,16701525;0,26667076;0,58978224;3,17882633;1,00000000
0,05973811;0,16701525;0,26697835;0,58993602;3,17851877;1,00000000
0,05980478;0,16686147;0,26728594;0,59008980;3,17851877;1,00000000
0,05987146;0,16655388;0,26728594;0,59008980;3,17851877;1,00000000
0,05993813;0,16640009;0,26728594;0,59024358;3,17851877;1,00000000
0,06000480;0,16640009;0,26697835;0,59039736;3,17882633;1,00000000
0,06007147;0,16640009;0,26697835;0,59055120;3,17913389;1,00000000
0,06013814;0,16640009;0,26697835;0,59070498;3,17944145;1,00000000
0,06020482;0,16640009;0,26667076;0,59070498;3,17913389;1,00000000
0,06027149;0,16640009;0,26667076;0,59085876;3,17944145;1,00000000
0,06033816;0,16640009;0,26697835;0,59101254;3,17944145;1,00000000
0,06040483;0,16624631;0,26697835;0,59101254;3,17944145;1,00000000
0,06047150;0,16640009;0,26667076;0,59116638;3,17944145;1,00000000
0,06053818;0,16640009;0,26667076;0,59132016;3,17974901;1,00000000
0,06060485;0,16640009;0,26667076;0,59132016;3,18005657;1,00000000
0,06067152;0,16640009;0,26667076;0,59147394;3,17974901;1,00000000
0,06073819;0,16640009;0,26697835;0,59132016;3,17944145;1,00000000
0,06080486;0,16640009;0,26697835;0,59116638;3,17944145;1,00000000
0,06087154;0,16640009;0,26697835;0,59132016;3,17974901;1,00000000
0,06093821;0,16640009;0,26697835;0,59147394;3,18005657;1,00000000
0,06100488;0,16640009;0,26697835;0,59162772;3,18036413;1,00000000
0,06107155;0,16655388;0,26728594;0,59147394;3,18067169;1,00000000
0,06113822;0,16655388;0,26759350;0,59132016;3,18036413;1,00000000
0,06120490;0,16655388;0,26759350;0,59116638;3,18067169;1,00000000
0,06127157;0,16655388;0,26759350;0,59101254;3,18067169;1,00000000
0,06133824;0,16655388;0,26759350;0,59085876;3,18067169;1,00000000
0,06140491;0,16640009;0,26728594;0,59085876;3,18097925;1,00000000
0,06147158;0,16640009;0,26697835;0,59070498;3,18128681;1,00000000
0,06153826;0,16655388;0,26697835;0,59039736;3,18159461;1,00000000
0,06160493;0,16655388;0,26697835;0,59024358;3,18190217;1,00000000
0,06167160;0,16640009;0,26697835;0,59008980;3,18159461;1,00000000
0,06173827;0,16624631;0,26697835;0,58978224;3,18159461;1,00000000
0,06180494;0,16640009;0,26667076;0,58932084;3,18159461;1,00000000
0,06187162;0,16640009;0,26667076;0,58901328;3,18159461;1,00000000
0,06193829;0,16624631;0,26636320;0,58870566;3,18159461;1,00000000
0,06200496;0,16609251;0,26636320;0,58839810;3,18190217;1,00000000
0,06207163;0,16624631;0,26636320;0,58824432;3,18128681;1,00000000
0,06213830;0,16624631;0,26636320;0,58793676;3,18128681;1,00000000
0,06220498;0,16624631;0,26636320;0,58762920;3,18128681;1,00000000
0,06227165;0,16624631;0,26636320;0,58732158;3,18128681;1,00000000
0,06233832;0,16640009;0,26636320;0,58701402;3,18159461;1,00000000
0,06240499;0,16655388;0,26636320;0,58670646;3,18190217;1,00000000
0,06247166;0,16670766;0,26667076;0,58639890;3,18190217;1,00000000
0,06253834;0,16670766;0,26636320;0,58593750;3,18159461;1,00000000
0,06260501;0,16686147;0,26636320;0,58578372;3,18159461;1,00000000
0,06267168;0,16670766;0,26636320;0,58532232;3,18190217;1,00000000
0,06273835;0,16686147;0,26636320;0,58501476;3,18190217;1,00000000
0,06280502;0,16701525;0,26636320;0,58470720;3,18220973;1,00000000
0,06287170;0,16716905;0,26636320;0,58455342;3,18220973;1,00000000
0,06293837;0,16732283;0,26667076;0,58424580;3,18251729;1,00000000
0,06300504;0,16732283;0,26667076;0,58378446;3,18220973;1,00000000
0,06307171;0,16747662;0,26636320;0,58332312;3,18190217;1,00000000
0,06313838;0,16763040;0,26636320;0,58286172;3,18159461;1,00000000
0,06320506;0,16778421;0,26667076;0,58255410;3,18190217;1,00000000
0,06327173;0,16778421;0,26667076;0,58224654;3,18220973;1,00000000
0,06333840;0,16793799;0,26667076;0,58178520;3,18251729;1,00000000
0,06340507;0,16809179;0,26667076;0,58132380;3,18251729;1,00000000
0,06347174;0,16809179;0,26697835;0,58101624;3,18251729;1,00000000
0,06353842;0,16824557;0,26667076;0,58070862;3,18251729;1,00000000
0,06360509;0,16839936;0,26697835;0,58024728;3,18251729;1,00000000
0,06367176;0,16855314;0,26728594;0,57978594;3,18251729;1,00000000
0,06373843;0,16870694;0,26728594;0,57947832;3,18220973;1,00000000
0,06380510;0,16870694;0,26697835;0,57901698;3,18282485;1,00000000
0,06387178;0,16870694;0,26697835;0,57870936;3,18343997;1,00000000
0,06393845;0,16886072;0,26697835;0,57824802;3,18343997;1,00000000
0,06400512;0,16886072;0,26667076;0,57794046;3,18343997;1,00000000
0,06407179;0,16901451;0,26636320;0,57747906;3,18343997;1,00000000
0,06413846;0,16916829;0,26636320;0,57717150;3,18343997;1,00000000
0,06420514;0,16932210;0,26636320;0,57686394;3,18313241;1,00000000
0,06427181;0,16932210;0,26667076;0,57640254;3,18313241;1,00000000
0,06433848;0,16932210;0,26697835;0,57609499;3,18313241;1,00000000
0,06440515;0,16947588;0,26697835;0,57563359;3,18313241;1,00000000
0,06447182;0,16947588;0,26728594;0,57532603;3,18282485;1,00000000
0,06453850;0,16962968;0,26759350;0,57501847;3,18282485;1,00000000
0,06460517;0,16962968;0,26790109;0,57471091;3,18282485;1,00000000
0,06467184;0,16962968;0,26820865;0,57424951;3,18282485;1,00000000
0,06473851;0,16962968;0,26820865;0,57378817;3,18282485;1,00000000
0,06480518;0,16962968;0,26820865;0,57332677;3,18313241;1,00000000
0,06487186;0,16978346;0,26851624;0,57301921;3,18313241;1,00000000
0,06493853;0,16978346;0,26851624;0,57271159;3,18282485;1,00000000
0,06500520;0,16978346;0,26851624;0,57240403;3,18251729;1,00000000
0,06507187;0,16978346;0,26820865;0,57194269;3,18251729;1,00000000
0,06513854;0,16978346;0,26820865;0,57178891;3,18251729;1,00000000
0,06520522;0,16978346;0,26820865;0,57148129;3,18220973;1,00000000
0,06527189;0,16978346;0,26820865;0,57117373;3,18190217;1,00000000
0,06533856;0,16978346;0,26790109;0,57101995;3,18159461;1,00000000
0,06540523;0,16978346;0,26759350;0,57086611;3,18159461;1,00000000
0,06547190;0,16978346;0,26728594;0,57071233;3,18159461;1,00000000
0,06553858;0,16978346;0,26697835;0,57055855;3,18159461;1,00000000
0,06560525;0,16978346;0,26667076;0,57025099;3,18159461;1,00000000
0,06567192;0,16978346;0,26697835;0,57025099;3,18159461;1,00000000
0,06573859;0,16962968;0,26697835;0,57009721;3,18128681;1,00000000
0,06580526;0,16947588;0,26697835;0,56994343;3,18128681;1,00000000
0,06587194;0,16947588;0,26667076;0,56994343;3,18097925;1,00000000
0,06593861;0,16947588;0,26667076;0,56978959;3,18097925;1,00000000
0,06600528;0,16947588;0,26667076;0,56963581;3,18036413;1,00000000
0,06607195;0,16947588;0,26636320;0,56963581;3,18036413;1,00000000
0,06613862;0,16947588;0,26605561;0,56948203;3,18036413;1,00000000
0,06620530;0,16947588;0,26574802;0,56948203;3,18036413;1,00000000
0,06627197;0,16962968;0,26574802;0,56932825;3,18036413;1,00000000
0,06633864;0,16962968;0,26574802;0,56932825;3,18036413;1,00000000
0,06640531;0,16947588;0,26574802;0,56948203;3,18067169;1,00000000
0,06647198;0,16932210;0,26574802;0,56948203;3,18067169;1,00000000
0,06653866;0,16916829;0,26544046;0,56963581;3,18036413;1,00000000
0,06660533;0,16901451;0,26513287;0,56978959;3,18036413;1,00000000
0,06667200;0,16886072;0,26482528;0,56994343;3,18036413;1,00000000
0,06673867;0,16886072;0,26451772;0,57009721;3,18036413;1,00000000
0,06680534;0,16886072;0,26421013;0,57040477;3,18036413;1,00000000
0,06687202;0,16886072;0,26451772;0,57071233;3,18036413;1,00000000
0,06693869;0,16886072;0,26421013;0,57086611;3,18036413;1,00000000
0,06700536;0,16901451;0,26451772;0,57132751;3,18067169;1,00000000
0,06707203;0,16901451;0,26451772;0,57163513;3,18128681;1,00000000
0,06713870;0,16901451;0,26451772;0,57194269;3,18128681;1,00000000
0,06720538;0,16886072;0,26451772;0,57240403;3,18128681;1,00000000
0,06727205;0,16886072;0,26421013;0,57271159;3,18128681;1,00000000
0,06733872;0,16886072;0,26451772;0,57301921;3,18128681;1,00000000
0,06740539;0,16886072;0,26451772;0,57348061;3,18128681;1,00000000
0,06747206;0,16886072;0,26451772;0,57394195;3,18128681;1,00000000
0,06753874;0,16886072;0,26451772;0,57440329;3,18159461;1,00000000
0,06760541;0,16886072;0,26482528;0,57486469;3,18159461;1,00000000
0,06767208;0,16870694;0,26482528;0,57517225;3,18190217;1,00000000
0,06773875;0,16870694;0,26451772;0,57563359;3,18190217;1,00000000
0,06780542;0,16870694;0,26451772;0,57609499;3,18190217;1,00000000
0,06787210;0,16870694;0,26451772;0,57640254;3,18190217;1,00000000
0,06793877;0,16870694;0,26421013;0,57671016;3,18220973;1,00000000
0,06800544;0,16870694;0,26390257;0,57717150;3,18282485;1,00000000
0,06807211;0,16870694;0,26421013;0,57763284;3,18343997;1,00000000
0,06813878;0,16870694;0,26421013;0,57794046;3,18405509;1,00000000
0,06820546;0,16870694;0,26451772;0,57824802;3,18405509;1,00000000
0,06827213;0,16870694;0,26482528;0,57855558;3,18405509;1,00000000
0,06833880;0,16870694;0,26482528;0,57901698;3,18405509;1,00000000
0,06840547;0,16870694;0,26482528;0,57947832;3,18436265;1,00000000
0,06847214;0,16870694;0,26513287;0,57993972;3,18528533;1,00000000
0,06853882;0,16855314;0,26513287;0,58024728;3,18559289;1,00000000
0,06860549;0,16855314;0,26544046;0,58070862;3,18590045;1,00000000
0,06867216;0,16855314;0,26574802;0,58101624;3,18620801;1,00000000
0,06873883;0,16855314;0,26605561;0,58163142;3,18590045;1,00000000
0,06880550;0,16839936;0,26636320;0,58224654;3,18590045;1,00000000
0,06887218;0,16839936;0,26636320;0,58270794;3,18620801;1,00000000
0,06893885;0,16839936;0,26636320;0,58316928;3,18651581;1,00000000
0,06900552;0,16839936;0,26636320;0,58363068;3,18682337;1,00000000
0,06907219;0,16839936;0,26667076;0,58409202;3,18713093;1,00000000
0,06913886;0,16839936;0,26697835;0,58439958;3,18743849;1,00000000
0,06920554;0,16824557;0,26697835;0,58470720;3,18774605;1,00000000
0,06927221;0,16824557;0,26697835;0,58501476;3,18743849;1,00000000
0,06933888;0,16824557;0,26728594;0,58547610;3,18743849;1,00000000
0,06940555;0,16824557;0,26728594;0,58593750;3,18774605;1,00000000
0,06947222;0,16839936;0,26697835;0,58609128;3,18774605;1,00000000
0,06953890;0,16839936;0,26728594;0,58624506;3,18774605;1,00000000
0,06960557;0,16839936;0,26759350;0,58655268;3,18774605;1,00000000
0,06967224;0,16839936;0,26790109;0,58670646;3,18774605;1,00000000
0,06973891;0,16839936;0,26790109;0,58686024;3,18774605;1,00000000
0,06980558;0,16839936;0,26790109;0,58701402;3,18774605;1,00000000
0,06987226;0,16839936;0,26820865;0,58701402;3,18774605;1,00000000
0,06993893;0,16839936;0,26820865;0,58716780;3,18774605;1,00000000
0,07000560;0,16839936;0,26820865;0,58732158;3,18774605;1,00000000
0,07007227;0,16855314;0,26820865;0,58747536;3,18774605;1,00000000
0,07013894;0,16855314;0,26820865;0,58747536;3,18774605;1,00000000
0,07020562;0,16855314;0,26820865;0,58762920;3,18774605;1,00000000
0,07027229;0,16855314;0,26851624;0,58778298;3,18743849;1,00000000
0,07033896;0,16855314;0,26882383;0,58778298;3,18713093;1,00000000
0,07040563;0,16855314;0,26882383;0,58778298;3,18682337;1,00000000
0,07047230;0,16839936;0,26851624;0,58778298;3,18682337;1,00000000
0,07053898;0,16839936;0,26851624;0,58778298;3,18682337;1,00000000
0,07060565;0,16839936;0,26820865;0,58778298;3,18682337;1,00000000
0,07067232;0,16839936;0,26820865;0,58778298;3,18682337;1,00000000
0,07073899;0,16839936;0,26851624;0,58778298;3,18682337;1,00000000
0,07080566;0,16839936;0,26851624;0,58778298;3,18651581;1,00000000
0,07087234;0,16839936;0,26882383;0,58778298;3,18651581;1,00000000
0,07093901;0,16839936;0,26913139;0,58762920;3,18651581;1,00000000
0,07100568;0,16839936;0,26913139;0,58747536;3,18651581;1,00000000
0,07107235;0,16839936;0,26913139;0,58747536;3,18651581;1,00000000
0,07113902;0,16824557;0,26913139;0,58732158;3,18651581;1,00000000
0,07120570;0,16824557;0,26882383;0,58716780;3,18620801;1,00000000
0,07127237;0,16824557;0,26913139;0,58701402;3,18590045;1,00000000
0,07133904;0,16824557;0,26913139;0,58686024;3,18590045;1,00000000
0,07140571;0,16824557;0,26913139;0,58686024;3,18620801;1,00000000
0,07147238;0,16824557;0,26943898;0,58670646;3,18620801;1,00000000
0,07153906;0,16824557;0,26943898;0,58655268;3,18620801;1,00000000
0,07160573;0,16824557;0,26943898;0,58624506;3,18620801;1,00000000
0,07167240;0,16824557;0,26913139;0,58624506;3,18620801;1,00000000
0,07173907;0,16824557;0,26913139;0,58593750;3,18559289;1,00000000
0,07180574;0,16824557;0,26882383;0,58562988;3,18590045;1,00000000
0,07187242;0,16824557;0,26913139;0,58547610;3,18620801;1,00000000
0,07193909;0,16824557;0,26913139;0,58532232;3,18620801;1,00000000
0,07200576;0,16793799;0,26882383;0,58501476;3,18620801;1,00000000
0,07207243;0,16793799;0,26882383;0,58486098;3,18620801;1,00000000
0,07213910;0,16793799;0,26882383;0,58470720;3,18620801;1,00000000
0,07220578;0,16793799;0,26913139;0,58439958;3,18620801;1,00000000
0,07227245;0,16793799;0,26913139;0,58409202;3,18590045;1,00000000
0,07233912;0,16778421;0,26882383;0,58393824;3,18590045;1,00000000
0,07240579;0,16778421;0,26882383;0,58363068;3,18590045;1,00000000
0,07247246;0,16778421;0,26851624;0,58332312;3,18559289;1,00000000
0,07253914;0,16778421;0,26820865;0,58301550;3,18528533;1,00000000
0,07260581;0,16778421;0,26820865;0,58270794;3,18467021;1,00000000
0,07267248;0,16778421;0,26820865;0,58224654;3,18467021;1,00000000
0,07273915;0,16778421;0,26820865;0,58193898;3,18436265;1,00000000
0,07280582;0,16763040;0,26820865;0,58178520;3,18467021;1,00000000
0,07287250;0,16763040;0,26790109;0,58147764;3,18528533;1,00000000
0,07293917;0,16763040;0,26759350;0,58132380;3,18559289;1,00000000
0,07300584;0,16763040;0,26759350;0,58101624;3,18590045;1,00000000
0,07307251;0,16763040;0,26759350;0,58086246;3,18590045;1,00000000
0,07313918;0,16747662;0,26759350;0,58055484;3,18559289;1,00000000
0,07320586;0,16747662;0,26759350;0,58024728;3,18559289;1,00000000
0,07327253;0,16747662;0,26759350;0,57993972;3,18559289;1,00000000
0,07333920;0,16747662;0,26759350;0,57978594;3,18590045;1,00000000
0,07340587;0,16763040;0,26759350;0,57947832;3,18590045;1,00000000
0,07347254;0,16763040;0,26728594;0,57917076;3,18620801;1,00000000
0,07353922;0,16747662;0,26697835;0,57886314;3,18620801;1,00000000
0,07360589;0,16747662;0,26667076;0,57855558;3,18620801;1,00000000
0,07367256;0,16747662;0,26667076;0,57824802;3,18620801;1,00000000
0,07373923;0,16747662;0,26667076;0,57794046;3,18620801;1,00000000
0,07380590;0,16747662;0,26636320;0,57778668;3,18620801;1,00000000
0,07387258;0,16747662;0,26605561;0,57747906;3,18620801;1,00000000
0,07393925;0,16732283;0,26574802;0,57717150;3,18682337;1,00000000
0,07400592;0,16732283;0,26574802;0,57701772;3,18682337;1,00000000
0,07407259;0,16732283;0,26574802;0,57686394;3,18682337;1,00000000
0,07413926;0,16747662;0,26605561;0,57671016;3,18713093;1,00000000
0,07420594;0,16747662;0,26605561;0,57655638;3,18713093;1,00000000
0,07427261;0,16747662;0,26574802;0,57624876;3,18713093;1,00000000
0,07433928;0,16732283;0,26544046;0,57609499;3,18713093;1,00000000
0,07440595;0,16716905;0,26544046;0,57594121;3,18713093;1,00000000
0,07447262;0,16701525;0,26544046;0,57578737;3,18713093;1,00000000
0,07453930;0,16686147;0,26544046;0,57578737;3,18743849;1,00000000
0,07460597;0,16670766;0,26544046;0,57547981;3,18774605;1,00000000
0,07467264;0,16670766;0,26544046;0,57517225;3,18774605;1,00000000
0,07473931;0,16670766;0,26574802;0,57486469;3,18774605;1,00000000
0,07480598;0,16670766;0,26574802;0,57471091;3,18774605;1,00000000
0,07487266;0,16655388;0,26605561;0,57455707;3,18774605;1,00000000
0,07493933;0,16655388;0,26605561;0,57455707;3,18774605;1,00000000
0,07500600;0,16640009;0,26636320;0,57455707;3,18774605;1,00000000
0,07507267;0,16640009;0,26667076;0,57455707;3,18836117;1,00000000
0,07513934;0,16640009;0,26636320;0,57455707;3,18866873;1,00000000
0,07520602;0,16640009;0,26667076;0,57440329;3,18897629;1,00000000
0,07527269;0,16640009;0,26667076;0,57440329;3,18959141;1,00000000
0,07533936;0,16640009;0,26697835;0,57440329;3,18928385;1,00000000
0,07540603;0,16640009;0,26697835;0,57440329;3,18897629;1,00000000
0,07547270;0,16655388;0,26697835;0,57424951;3,18866873;1,00000000
0,07553938;0,16670766;0,26697835;0,57424951;3,18866873;1,00000000
0,07560605;0,16670766;0,26697835;0,57424951;3,18866873;1,00000000
0,07567272;0,16655388;0,26697835;0,57424951;3,18897629;1,00000000
0,07573939;0,16640009;0,26697835;0,57440329;3,18928385;1,00000000
0,07580606;0,16640009;0,26697835;0,57440329;3,18959141;1,00000000
0,07587274;0,16640009;0,26728594;0,57440329;3,18989897;1,00000000
0,07593941;0,16640009;0,26728594;0,57455707;3,18989897;1,00000000
0,07600608;0,16624631;0,26728594;0,57486469;3,18959141;1,00000000
0,07607275;0,16624631;0,26759350;0,57501847;3,18959141;1,00000000
0,07613942;0,16640009;0,26790109;0,57532603;3,18959141;1,00000000
0,07620610;0,16640009;0,26790109;0,57547981;3,18989897;1,00000000
0,07627277;0,16640009;0,26790109;0,57563359;3,19020653;1,00000000
0,07633944;0,16655388;0,26820865;0,57578737;3,19020653;1,00000000
0,07640611;0,16655388;0,26851624;0,57594121;3,19051409;1,00000000
0,07647278;0,16655388;0,26851624;0,57624876;3,19020653;1,00000000
0,07653946;0,16655388;0,26851624;0,57655638;3,18989897;1,00000000
0,07660613;0,16670766;0,26851624;0,57686394;3,18959141;1,00000000
0,07667280;0,16670766;0,26851624;0,57717150;3,18959141;1,00000000
0,07673947;0,16670766;0,26851624;0,57747906;3,18928385;1,00000000
0,07680614;0,16655388;0,26820865;0,57778668;3,18928385;1,00000000
0,07687282;0,16670766;0,26820865;0,57809424;3,18928385;1,00000000
0,07693949;0,16686147;0,26820865;0,57840180;3,18959141;1,00000000
0,07700616;0,16686147;0,26820865;0,57840180;3,18928385;1,00000000
0,07707283;0,16686147;0,26820865;0,57870936;3,18866873;1,00000000
0,07713950;0,16670766;0,26790109;0,57886314;3,18836117;1,00000000
0,07720618;0,16655388;0,26820865;0,57917076;3,18805361;1,00000000
0,07727285;0,16670766;0,26820865;0,57947832;3,18805361;1,00000000
0,07733952;0,16686147;0,26820865;0,57978594;3,18805361;1,00000000
0,07740619;0,16686147;0,26820865;0,58009350;3,18805361;1,00000000
0,07747286;0,16701525;0,26851624;0,58040106;3,18805361;1,00000000
0,07753954;0,16686147;0,26882383;0,58070862;3,18805361;1,00000000
0,07760621;0,16686147;0,26882383;0,58086246;3,18743849;1,00000000
0,07767288;0,16701525;0,26882383;0,58117002;3,18682337;1,00000000
0,07773955;0,16701525;0,26851624;0,58132380;3,18651581;1,00000000
0,07780622;0,16716905;0,26851624;0,58178520;3,18651581;1,00000000
0,07787290;0,16732283;0,26820865;0,58209276;3,18651581;1,00000000
0,07793957;0,16732283;0,26820865;0,58224654;3,18620801;1,00000000
0,07800624;0,16732283;0,26820865;0,58255410;3,18590045;1,00000000
0,07807291;0,16747662;0,26820865;0,58270794;3,18528533;1,00000000
0,07813958;0,16747662;0,26790109;0,58301550;3,18436265;1,00000000
0,07820626;0,16732283;0,26759350;0,58332312;3,18405509;1,00000000
0,07827293;0,16716905;0,26759350;0,58363068;3,18374753;1,00000000
0,07833960;0,16716905;0,26728594;0,58393824;3,18374753;1,00000000
0,07840627;0,16701525;0,26697835;0,58424580;3,18374753;1,00000000
0,07847294;0,16701525;0,26697835;0,58439958;3,18343997;1,00000000
0,07853962;0,16701525;0,26697835;0,58470720;3,18313241;1,00000000
0,07860629;0,16701525;0,26728594;0,58501476;3,18251729;1,00000000
0,07867296;0,16701525;0,26728594;0,58532232;3,18190217;1,00000000
0,07873963;0,16701525;0,26728594;0,58547610;3,18159461;1,00000000
0,07880630;0,16716905;0,26728594;0,58578372;3,18128681;1,00000000
0,07887298;0,16701525;0,26728594;0,58609128;3,18128681;1,00000000
0,07893965;0,16716905;0,26728594;0,58639890;3,18128681;1,00000000
0,07900632;0,16716905;0,26728594;0,58655268;3,18128681;1,00000000
0,07907299;0,16716905;0,26728594;0,58670646;3,18097925;1,00000000
0,07913966;0,16716905;0,26697835;0,58686024;3,18128681;1,00000000
0,07920634;0,16701525;0,26728594;0,58701402;3,18097925;1,00000000
0,07927301;0,16701525;0,26728594;0,58716780;3,18067169;1,00000000
0,07933968;0,16701525;0,26697835;0,58732158;3,18067169;1,00000000
0,07940635;0,16686147;0,26697835;0,58747536;3,18036413;1,00000000
0,07947302;0,16670766;0,26697835;0,58762920;3,18005657;1,00000000
0,07953970;0,16655388;0,26667076;0,58778298;3,18005657;1,00000000
0,07960637;0,16640009;0,26697835;0,58793676;3,18005657;1,00000000
0,07967304;0,16624631;0,26697835;0,58809054;3,18036413;1,00000000
0,07973971;0,16624631;0,26667076;0,58824432;3,18005657;1,00000000
0,07980638;0,16624631;0,26636320;0,58839810;3,18005657;1,00000000
0,07987306;0,16609251;0,26636320;0,58855188;3,17974901;1,00000000
0,07993973;0,16609251;0,26636320;0,58855188;3,17974901;1,00000000
0,08000640;0,16609251;0,26636320;0,58870566;3,17944145;1,00000000
0,08007307;0,16609251;0,26605561;0,58885950;3,17974901;1,00000000
0,08013974;0,16609251;0,26605561;0,58901328;3,18005657;1,00000000
0,08020642;0,16609251;0,26605561;0,58916706;3,18036413;1,00000000
0,08027309;0,16593874;0,26605561;0,58916706;3,18036413;1,00000000
0,08033976;0,16593874;0,26605561;0,58916706;3,18036413;1,00000000
0,08040643;0,16578494;0,26636320;0,58932084;3,18036413;1,00000000
0,08047310;0,16563116;0,26636320;0,58962846;3,18036413;1,00000000
0,08053978;0,16563116;0,26605561;0,58962846;3,18036413;1,00000000
0,08060645;0,16547737;0,26636320;0,58962846;3,18067169;1,00000000
0,08067312;0,16532359;0,26605561;0,58993602;3,18097925;1,00000000
0,08073979;0,16516978;0,26574802;0,59008980;3,18128681;1,00000000
0,08080646;0,16501600;0,26544046;0,59008980;3,18128681;1,00000000
0,08087314;0,16501600;0,26544046;0,59008980;3,18097925;1,00000000
0,08093981;0,16501600;0,26544046;0,59008980;3,18097925;1,00000000
0,08100648;0,16486220;0,26544046;0,58993602;3,18097925;1,00000000
0,08107315;0,16486220;0,26574802;0,58962846;3,18128681;1,00000000
0,08113982;0,16470842;0,26574802;0,58947468;3,18159461;1,00000000
0,08120650;0,16455463;0,26605561;0,58947468;3,18190217;1,00000000
0,08127317;0,16455463;0,26605561;0,58932084;3,18190217;1,00000000
0,08133984;0,16455463;0,26605561;0,58932084;3,18190217;1,00000000
0,08140651;0,16470842;0,26605561;0,58932084;3,18159461;1,00000000
0,08147318;0,16455463;0,26636320;0,58932084;3,18190217;1,00000000
0,08153986;0,16455463;0,26636320;0,58916706;3,18220973;1,00000000
0,08160653;0,16440085;0,26636320;0,58885950;3,18251729;1,00000000
0,08167320;0,16440085;0,26636320;0,58870566;3,18251729;1,00000000
0,08173987;0,16440085;0,26636320;0,58855188;3,18251729;1,00000000
0,08180654;0,16440085;0,26636320;0,58839810;3,18251729;1,00000000
0,08187322;0,16440085;0,26667076;0,58824432;3,18220973;1,00000000
0,08193989;0,16424704;0,26636320;0,58809054;3,18190217;1,00000000
0,08200656;0,16440085;0,26636320;0,58778298;3,18251729;1,00000000
0,08207323;0,16455463;0,26636320;0,58762920;3,18313241;1,00000000
0,08213990;0,16470842;0,26636320;0,58747536;3,18313241;1,00000000
0,08220658;0,16470842;0,26636320;0,58716780;3,18313241;1,00000000
0,08227325;0,16486220;0,26605561;0,58686024;3,18313241;1,00000000
0,08233992;0,16486220;0,26636320;0,58655268;3,18313241;1,00000000
0,08240659;0,16501600;0,26636320;0,58624506;3,18313241;1,00000000
0,08247326;0,16501600;0,26667076;0,58593750;3,18313241;1,00000000
0,08253994;0,16516978;0,26697835;0,58562988;3,18343997;1,00000000
0,08260661;0,16516978;0,26697835;0,58532232;3,18343997;1,00000000
0,08267328;0,16516978;0,26728594;0,58516854;3,18343997;1,00000000
0,08273995;0,16532359;0,26697835;0,58470720;3,18343997;1,00000000
0,08280662;0,16547737;0,26697835;0,58424580;3,18343997;1,00000000
0,08287330;0,16547737;0,26697835;0,58409202;3,18343997;1,00000000
0,08293997;0,16563116;0,26728594;0,58363068;3,18343997;1,00000000
0,08300664;0,16578494;0,26728594;0,58332312;3,18343997;1,00000000
0,08307331;0,16593874;0,26697835;0,58301550;3,18374753;1,00000000
0,08313998;0,16609251;0,26697835;0,58270794;3,18374753;1,00000000
0,08320666;0,16624631;0,26728594;0,58240032;3,18374753;1,00000000
0,08327333;0,16624631;0,26759350;0,58209276;3,18374753;1,00000000
0,08334000;0,16609251;0,26759350;0,58193898;3,18374753;1,00000000
0,08340667;0,16624631;0,26790109;0,58147764;3,18374753;1,00000000
0,08347334;0,16624631;0,26759350;0,58117002;3,18374753;1,00000000
0,08354002;0,16640009;0,26759350;0,58070862;3,18343997;1,00000000
0,08360669;0,16640009;0,26790109;0,58024728;3,18374753;1,00000000
0,08367336;0,16640009;0,26790109;0,57978594;3,18405509;1,00000000
0,08374003;0,16640009;0,26820865;0,57947832;3,18405509;1,00000000
0,08380670;0,16640009;0,26820865;0,57901698;3,18405509;1,00000000
0,08387338;0,16655388;0,26851624;0,57855558;3,18436265;1,00000000
0,08394005;0,16655388;0,26820865;0,57809424;3,18467021;1,00000000
0,08400672;0,16670766;0,26820865;0,57778668;3,18436265;1,00000000
0,08407339;0,16670766;0,26820865;0,57732528;3,18405509;1,00000000
0,08414006;0,16686147;0,26851624;0,57701772;3,18374753;1,00000000
0,08420674;0,16686147;0,26882383;0,57671016;3,18405509;1,00000000
0,08427341;0,16701525;0,26882383;0,57640254;3,18405509;1,00000000
0,08434008;0,16716905;0,26882383;0,57609499;3,18405509;1,00000000
0,08440675;0,16716905;0,26882383;0,57563359;3,18436265;1,00000000
0,08447342;0,16716905;0,26913139;0,57517225;3,18436265;1,00000000
0,08454010;0,16716905;0,26913139;0,57471091;3,18405509;1,00000000
0,08460677;0,16716905;0,26913139;0,57440329;3,18405509;1,00000000
0,08467344;0,16732283;0,26882383;0,57409573;3,18405509;1,00000000
0,08474011;0,16763040;0,26913139;0,57394195;3,18405509;1,00000000
0,08480678;0,16778421;0,26913139;0,57363439;3,18405509;1,00000000
0,08487346;0,16778421;0,26943898;0,57332677;3,18436265;1,00000000
0,08494013;0,16778421;0,26974654;0,57317299;3,18436265;1,00000000
0,08500680;0,16778421;0,27005413;0,57301921;3,18374753;1,00000000
0,08507347;0,16793799;0,27036172;0,57255781;3,18343997;1,00000000
0,08514014;0,16793799;0,27036172;0,57225025;3,18313241;1,00000000
0,08520682;0,16793799;0,27066928;0,57209647;3,18282485;1,00000000
0,08527349;0,16793799;0,27036172;0,57194269;3,18282485;1,00000000
0,08534016;0,16793799;0,27036172;0,57178891;3,18282485;1,00000000
0,08540683;0,16793799;0,27036172;0,57148129;3,18313241;1,00000000
0,08547350;0,16793799;0,27005413;0,57117373;3,18251729;1,00000000
0,08554018;0,16793799;0,26974654;0,57101995;3,18220973;1,00000000
0,08560685;0,16809179;0,26974654;0,57086611;3,18190217;1,00000000
0,08567352;0,16809179;0,26974654;0,57086611;3,18159461;1,00000000
0,08574019;0,16809179;0,26943898;0,57071233;3,18128681;1,00000000
0,08580686;0,16809179;0,26943898;0,57040477;3,18159461;1,00000000
0,08587354;0,16824557;0,26943898;0,57009721;3,18159461;1,00000000
0,08594021;0,16824557;0,26943898;0,56994343;3,18159461;1,00000000
0,08600688;0,16824557;0,26974654;0,56978959;3,18128681;1,00000000
0,08607355;0,16824557;0,26974654;0,56978959;3,18097925;1,00000000
0,08614022;0,16824557;0,26943898;0,56963581;3,18067169;1,00000000
0,08620690;0,16824557;0,26943898;0,56963581;3,18036413;1,00000000
0,08627357;0,16824557;0,26943898;0,56963581;3,18005657;1,00000000
0,08634024;0,16824557;0,26913139;0,56963581;3,18036413;1,00000000
0,08640691;0,16824557;0,26913139;0,56963581;3,18036413;1,00000000
0,08647358;0,16824557;0,26913139;0,56948203;3,18067169;1,00000000
0,08654026;0,16809179;0,26913139;0,56963581;3,18036413;1,00000000
0,08660693;0,16809179;0,26882383;0,56978959;3,18036413;1,00000000
0,08667360;0,16809179;0,26851624;0,56994343;3,18005657;1,00000000
0,08674027;0,16809179;0,26820865;0,57009721;3,18005657;1,00000000
0,08680694;0,16809179;0,26851624;0,57025099;3,18005657;1,00000000
0,08687362;0,16809179;0,26882383;0,57040477;3,18005657;1,00000000
0,08694029;0,16809179;0,26882383;0,57086611;3,18005657;1,00000000
0,08700696;0,16809179;0,26913139;0,57101995;3,18005657;1,00000000
0,08707363;0,16824557;0,26913139;0,57117373;3,18005657;1,00000000
0,08714030;0,16839936;0,26882383;0,57148129;3,17974901;1,00000000
0,08720698;0,16839936;0,26882383;0,57178891;3,17944145;1,00000000
0,08727365;0,16839936;0,26882383;0,57209647;3,17944145;1,00000000
0,08734032;0,16839936;0,26851624;0,57255781;3,17944145;1,00000000
0,08740699;0,16824557;0,26820865;0,57286543;3,17974901;1,00000000
0,08747366;0,16824557;0,26820865;0,57332677;3,18005657;1,00000000
0,08754034;0,16839936;0,26820865;0,57363439;3,18005657;1,00000000
0,08760701;0,16839936;0,26820865;0,57409573;3,18036413;1,00000000
0,08767368;0,16839936;0,26820865;0,57455707;3,18067169;1,00000000
0,08774035;0,16824557;0,26820865;0,57501847;3,18067169;1,00000000
0,08780702;0,16824557;0,26790109;0,57547981;3,18067169;1,00000000
0,08787370;0,16824557;0,26759350;0,57594121;3,18097925;1,00000000
0,08794037;0,16824557;0,26728594;0,57640254;3,18097925;1,00000000
0,08800704;0,16824557;0,26728594;0,57701772;3,18128681;1,00000000
0,08807371;0,16809179;0,26728594;0,57732528;3,18159461;1,00000000
0,08814038;0,16809179;0,26728594;0,57778668;3,18190217;1,00000000
0,08820706;0,16824557;0,26759350;0,57824802;3,18220973;1,00000000
0,08827373;0,16824557;0,26790109;0,57870936;3,18220973;1,00000000
0,08834040;0,16824557;0,26790109;0,57917076;3,18251729;1,00000000
0,08840707;0,16824557;0,26820865;0,57963216;3,18282485;1,00000000
0,08847374;0,16824557;0,26851624;0,58009350;3,18282485;1,00000000
0,08854042;0,16824557;0,26851624;0,58055484;3,18313241;1,00000000
0,08860709;0,16824557;0,26851624;0,58101624;3,18343997;1,00000000
0,08867376;0,16824557;0,26882383;0,58163142;3,18374753;1,00000000
0,08874043;0,16824557;0,26913139;0,58193898;3,18405509;1,00000000
0,08880710;0,16824557;0,26943898;0,58240032;3,18436265;1,00000000
0,08887378;0,16824557;0,26974654;0,58286172;3,18436265;1,00000000
0,08894045;0,16839936;0,26974654;0,58316928;3,18436265;1,00000000
0,08900712;0,16839936;0,26974654;0,58347690;3,18436265;1,00000000
0,08907379;0,16855314;0,27005413;0,58378446;3,18436265;1,00000000
0,08914046;0,16855314;0,27036172;0,58409202;3,18436265;1,00000000
0,08920714;0,16870694;0,27066928;0,58424580;3,18467021;1,00000000
0,08927381;0,16870694;0,27066928;0,58470720;3,18528533;1,00000000
0,08934048;0,16886072;0,27097687;0,58501476;3,18528533;1,00000000
0,08940715;0,16901451;0,27128446;0,58516854;3,18528533;1,00000000
0,08947382;0,16901451;0,27159202;0,58562988;3,18528533;1,00000000
0,08954050;0,16901451;0,27189961;0,58578372;3,18559289;1,00000000
0,08960717;0,16916829;0,27220720;0,58609128;3,18590045;1,00000000
0,08967384;0,16916829;0,27220720;0,58639890;3,18620801;1,00000000
0,08974051;0,16916829;0,27251476;0,58670646;3,18620801;1,00000000
0,08980718;0,16916829;0,27251476;0,58686024;3,18590045;1,00000000
0,08987386;0,16916829;0,27282235;0,58701402;3,18559289;1,00000000
0,08994053;0,16916829;0,27282235;0,58732158;3,18528533;1,00000000
0,09000720;0,16916829;0,27312991;0,58747536;3,18528533;1,00000000
0,09007387;0,16916829;0,27282235;0,58762920;3,18528533;1,00000000
0,09014054;0,16916829;0,27282235;0,58778298;3,18528533;1,00000000
0,09020722;0,16916829;0,27282235;0,58778298;3,18559289;1,00000000
0,09027389;0,16916829;0,27282235;0,58778298;3,18559289;1,00000000
0,09034056;0,16916829;0,27282235;0,58778298;3,18528533;1,00000000
0,09040723;0,16916829;0,27282235;0,58778298;3,18467021;1,00000000
0,09047390;0,16901451;0,27251476;0,58778298;3,18436265;1,00000000
0,09054058;0,16901451;0,27251476;0,58778298;3,18436265;1,00000000
0,09060725;0,16901451;0,27251476;0,58778298;3,18436265;1,00000000
0,09067392;0,16901451;0,27251476;0,58778298;3,18436265;1,00000000
0,09074059;0,16901451;0,27282235;0,58778298;3,18436265;1,00000000
0,09080726;0,16901451;0,27282235;0,58778298;3,18436265;1,00000000
0,09087394;0,16901451;0,27282235;0,58778298;3,18405509;1,00000000
0,09094061;0,16901451;0,27282235;0,58778298;3,18405509;1,00000000
0,09100728;0,16901451;0,27282235;0,58762920;3,18343997;1,00000000
0,09107395;0,16886072;0,27251476;0,58747536;3,18374753;1,00000000
0,09114062;0,16886072;0,27251476;0,58732158;3,18374753;1,00000000
0,09120730;0,16870694;0,27220720;0,58716780;3,18374753;1,00000000
0,09127397;0,16870694;0,27251476;0,58686024;3,18374753;1,00000000
0,09134064;0,16870694;0,27251476;0,58686024;3,18343997;1,00000000
0,09140731;0,16870694;0,27251476;0,58670646;3,18343997;1,00000000
0,09147398;0,16870694;0,27251476;0,58655268;3,18343997;1,00000000
0,09154066;0,16855314;0,27251476;0,58624506;3,18343997;1,00000000
0,09160733;0,16870694;0,27251476;0,58609128;3,18343997;1,00000000
0,09167400;0,16870694;0,27251476;0,58593750;3,18343997;1,00000000
0,09174067;0,16855314;0,27220720;0,58578372;3,18343997;1,00000000
0,09180734;0,16855314;0,27220720;0,58562988;3,18313241;1,00000000
0,09187402;0,16855314;0,27220720;0,58562988;3,18313241;1,00000000
0,09194069;0,16855314;0,27189961;0,58547610;3,18313241;1,00000000
0,09200736;0,16855314;0,27189961;0,58532232;3,18313241;1,00000000
0,09207403;0,16855314;0,27159202;0,58501476;3,18313241;1,00000000
0,09214070;0,16855314;0,27128446;0,58486098;3,18313241;1,00000000
0,09220738;0,16855314;0,27128446;0,58455342;3,18313241;1,00000000
0,09227405;0,16839936;0,27097687;0,58424580;3,18313241;1,00000000
0,09234072;0,16824557;0,27097687;0,58393824;3,18282485;1,00000000
0,09240739;0,16824557;0,27066928;0,58363068;3,18313241;1,00000000
0,09247406;0,16824557;0,27066928;0,58347690;3,18343997;1,00000000
0,09254074;0,16809179;0,27066928;0,58347690;3,18374753;1,00000000
0,09260741;0,16793799;0,27097687;0,58316928;3,18374753;1,00000000
0,09267408;0,16793799;0,27097687;0,58286172;3,18374753;1,00000000
0,09274075;0,16793799;0,27097687;0,58270794;3,18343997;1,00000000
0,09280742;0,16793799;0,27128446;0,58240032;3,18343997;1,00000000
0,09287410;0,16793799;0,27128446;0,58209276;3,18343997;1,00000000
0,09294077;0,16793799;0,27097687;0,58193898;3,18343997;1,00000000
0,09300744;0,16778421;0,27097687;0,58178520;3,18374753;1,00000000
0,09307411;0,16778421;0,27097687;0,58147764;3,18405509;1,00000000
0,09314078;0,16778421;0,27066928;0,58101624;3,18436265;1,00000000
0,09320746;0,16763040;0,27036172;0,58040106;3,18436265;1,00000000
0,09327413;0,16763040;0,27036172;0,58009350;3,18436265;1,00000000
0,09334080;0,16778421;0,27005413;0,57978594;3,18436265;1,00000000
0,09340747;0,16763040;0,27005413;0,57963216;3,18436265;1,00000000
0,09347414;0,16763040;0,26974654;0,57932454;3,18405509;1,00000000
0,09354082;0,16763040;0,26974654;0,57901698;3,18436265;1,00000000
0,09360749;0,16763040;0,26974654;0,57870936;3,18436265;1,00000000
0,09367416;0,16747662;0,26974654;0,57840180;3,18467021;1,00000000
0,09374083;0,16747662;0,26974654;0,57809424;3,18467021;1,00000000
0,09380750;0,16747662;0,27005413;0,57778668;3,18467021;1,00000000
0,09387418;0,16763040;0,27036172;0,57747906;3,18467021;1,00000000
0,09394085;0,16747662;0,27005413;0,57717150;3,18467021;1,00000000
0,09400752;0,16732283;0,27036172;0,57686394;3,18436265;1,00000000
0,09407419;0,16732283;0,27036172;0,57671016;3,18467021;1,00000000
0,09414086;0,16732283;0,27036172;0,57640254;3,18467021;1,00000000
0,09420754;0,16747662;0,27036172;0,57624876;3,18436265;1,00000000
0,09427421;0,16747662;0,27005413;0,57594121;3,18436265;1,00000000
0,09434088;0,16732283;0,27005413;0,57563359;3,18436265;1,00000000
0,09440755;0,16732283;0,26974654;0,57547981;3,18436265;1,00000000
0,09447422;0,16716905;0,26974654;0,57517225;3,18436265;1,00000000
0,09454090;0,16701525;0,26943898;0,57486469;3,18467021;1,00000000
0,09460757;0,16701525;0,26913139;0,57455707;3,18467021;1,00000000
0,09467424;0,16701525;0,26913139;0,57455707;3,18467021;1,00000000
0,09474091;0,16686147;0,26882383;0,57440329;3,18528533;1,00000000
0,09480758;0,16686147;0,26882383;0,57440329;3,18559289;1,00000000
0,09487426;0,16670766;0,26882383;0,57424951;3,18559289;1,00000000
0,09494093;0,16655388;0,26913139;0,57424951;3,18559289;1,00000000
0,09500760;0,16655388;0,26913139;0,57424951;3,18559289;1,00000000
0,09507427;0,16655388;0,26913139;0,57409573;3,18590045;1,00000000
0,09514094;0,16640009;0,26913139;0,57409573;3,18590045;1,00000000
0,09520762;0,16624631;0,26913139;0,57409573;3,18590045;1,00000000
0,09527429;0,16624631;0,26913139;0,57409573;3,18590045;1,00000000
0,09534096;0,16624631;0,26943898;0,57409573;3,18620801;1,00000000
0,09540763;0,16609251;0,26943898;0,57409573;3,18620801;1,00000000
0,09547430;0,16624631;0,26943898;0,57424951;3,18620801;1,00000000
0,09554098;0,16624631;0,26974654;0,57424951;3,18620801;1,00000000
0,09560765;0,16609251;0,27005413;0,57440329;3,18620801;1,00000000
0,09567432;0,16593874;0,26974654;0,57455707;3,18682337;1,00000000
0,09574099;0,16578494;0,26974654;0,57455707;3,18682337;1,00000000
0,09580766;0,16578494;0,26974654;0,57471091;3,18682337;1,00000000
0,09587434;0,16578494;0,26974654;0,57486469;3,18682337;1,00000000
0,09594101;0,16593874;0,27005413;0,57486469;3,18682337;1,00000000
0,09600768;0,16578494;0,27005413;0,57486469;3,18682337;1,00000000
0,09607435;0,16578494;0,27036172;0,57517225;3,18682337;1,00000000
0,09614102;0,16578494;0,27036172;0,57547981;3,18682337;1,00000000
0,09620770;0,16578494;0,27066928;0,57578737;3,18682337;1,00000000
0,09627437;0,16578494;0,27036172;0,57594121;3,18713093;1,00000000
0,09634104;0,16578494;0,27036172;0,57624876;3,18713093;1,00000000
0,09640771;0,16578494;0,27036172;0,57655638;3,18682337;1,00000000
0,09647438;0,16578494;0,27036172;0,57686394;3,18651581;1,00000000
0,09654106;0,16593874;0,27036172;0,57717150;3,18651581;1,00000000
0,09660773;0,16593874;0,27036172;0,57747906;3,18651581;1,00000000
0,09667440;0,16593874;0,27036172;0,57778668;3,18651581;1,00000000
0,09674107;0,16593874;0,27036172;0,57794046;3,18620801;1,00000000
0,09680774;0,16609251;0,27036172;0,57809424;3,18651581;1,00000000
0,09687442;0,16593874;0,27036172;0,57840180;3,18620801;1,00000000
0,09694109;0,16593874;0,27036172;0,57870936;3,18590045;1,00000000
0,09700776;0,16578494;0,27036172;0,57901698;3,18559289;1,00000000
0,09707443;0,16563116;0,27005413;0,57932454;3,18559289;1,00000000
0,09714110;0,16578494;0,27005413;0,57963216;3,18559289;1,00000000
0,09720778;0,16563116;0,27005413;0,57993972;3,18528533;1,00000000
0,09727445;0,16547737;0,27005413;0,58024728;3,18467021;1,00000000
0,09734112;0,16547737;0,27005413;0,58055484;3,18467021;1,00000000
0,09740779;0,16547737;0,27036172;0,58086246;3,18467021;1,00000000
0,09747447;0,16547737;0,27005413;0,58117002;3,18436265;1,00000000
0,09754114;0,16547737;0,27005413;0,58117002;3,18405509;1,00000000
0,09760781;0,16532359;0,27036172;0,58147764;3,18405509;1,00000000
0,09767448;0,16547737;0,27036172;0,58163142;3,18374753;1,00000000
0,09774115;0,16547737;0,27036172;0,58193898;3,18343997;1,00000000
0,09780783;0,16547737;0,27066928;0,58224654;3,18313241;1,00000000
0,09787450;0,16547737;0,27066928;0,58240032;3,18313241;1,00000000
0,09794117;0,16532359;0,27097687;0,58255410;3,18313241;1,00000000
0,09800784;0,16547737;0,27097687;0,58270794;3,18251729;1,00000000
0,09807451;0,16547737;0,27097687;0,58301550;3,18220973;1,00000000
0,09814119;0,16547737;0,27097687;0,58332312;3,18159461;1,00000000
0,09820786;0,16547737;0,27097687;0,58363068;3,18097925;1,00000000
0,09827453;0,16547737;0,27097687;0,58378446;3,18067169;1,00000000
0,09834120;0,16547737;0,27066928;0,58409202;3,18036413;1,00000000
0,09840787;0,16547737;0,27036172;0,58439958;3,18005657;1,00000000
0,09847455;0,16532359;0,27005413;0,58455342;3,18005657;1,00000000
0,09854122;0,16547737;0,26974654;0,58486098;3,18005657;1,00000000
0,09860789;0,16547737;0,26943898;0,58516854;3,17974901;1,00000000
0,09867456;0,16547737;0,26913139;0,58547610;3,17913389;1,00000000
0,09874123;0,16547737;0,26882383;0,58578372;3,17882633;1,00000000
0,09880791;0,16547737;0,26851624;0,58609128;3,17851877;1,00000000
0,09887458;0,16563116;0,26851624;0,58639890;3,17851877;1,00000000
0,09894125;0,16563116;0,26820865;0,58670646;3,17851877;1,00000000
0,09900792;0,16563116;0,26820865;0,58701402;3,17851877;1,00000000
0,09907459;0,16547737;0,26820865;0,58732158;3,17821121;1,00000000
0,09914127;0,16532359;0,26820865;0,58762920;3,17759609;1,00000000
0,09920794;0,16532359;0,26820865;0,58793676;3,17759609;1,00000000
0,09927461;0,16547737;0,26820865;0,58809054;3,17728853;1,00000000
0,09934128;0,16532359;0,26851624;0,58839810;3,17728853;1,00000000
0,09940795;0,16547737;0,26820865;0,58855188;3,17728853;1,00000000
0,09947463;0,16532359;0,26820865;0,58870566;3,17728853;1,00000000
0,09954130;0,16532359;0,26790109;0,58885950;3,17698097;1,00000000
0,09960797;0,16516978;0,26759350;0,58916706;3,17698097;1,00000000
0,09967464;0,16516978;0,26759350;0,58932084;3,17698097;1,00000000
0,09974131;0,16516978;0,26728594;0,58947468;3,17698097;1,00000000
0,09980799;0,16501600;0,26728594;0,58962846;3,17698097;1,00000000
0,09987466;0,16486220;0,26697835;0,58978224;3,17698097;1,00000000
0,09994133;0,16501600;0,26697835;0,58978224;3,17728853;1,00000000
0,10000800;0,16486220;0,26667076;0,58993602;3,17759609;1,00000000
0,10007467;0,16470842;0,26667076;0,59024358;3,17728853;1,00000000
0,10014135;0,16470842;0,26667076;0,59039736;3,17728853;1,00000000
0,10020802;0,16455463;0,26667076;0,59039736;3,17728853;1,00000000
0,10027469;0,16440085;0,26636320;0,59070498;3,17728853;1,00000000
0,10034136;0,16455463;0,26605561;0,59070498;3,17759609;1,00000000
0,10040803;0,16455463;0,26605561;0,59070498;3,17790365;1,00000000
0,10047471;0,16455463;0,26605561;0,59085876;3,17821121;1,00000000
0,10054138;0,16470842;0,26636320;0,59085876;3,17821121;1,00000000
0,10060805;0,16470842;0,26636320;0,59101254;3,17821121;1,00000000
0,10067472;0,16486220;0,26636320;0,59116638;3,17821121;1,00000000
0,10074139;0,16486220;0,26636320;0,59116638;3,17821121;1,00000000
0,10080807;0,16501600;0,26636320;0,59116638;3,17851877;1,00000000
0,10087474;0,16501600;0,26636320;0,59116638;3,17882633;1,00000000
0,10094141;0,16486220;0,26605561;0,59116638;3,17882633;1,00000000
0,10100808;0,16501600;0,26605561;0,59116638;3,17851877;1,00000000
0,10107475;0,16486220;0,26636320;0,59101254;3,17882633;1,00000000
0,10114143;0,16486220;0,26636320;0,59085876;3,17882633;1,00000000
0,10120810;0,16470842;0,26636320;0,59070498;3,17913389;1,00000000
0,10127477;0,16470842;0,26636320;0,59055120;3,17944145;1,00000000
0,10134144;0,16455463;0,26667076;0,59039736;3,17974901;1,00000000
0,10140811;0,16440085;0,26667076;0,59024358;3,18005657;1,00000000
0,10147479;0,16455463;0,26667076;0,58993602;3,17974901;1,00000000
0,10154146;0,16470842;0,26667076;0,58993602;3,17974901;1,00000000
0,10160813;0,16486220;0,26667076;0,58978224;3,18005657;1,00000000
0,10167480;0,16486220;0,26667076;0,58947468;3,18036413;1,00000000
0,10174147;0,16470842;0,26697835;0,58916706;3,18036413;1,00000000
0,10180815;0,16470842;0,26697835;0,58885950;3,18067169;1,00000000
0,10187482;0,16455463;0,26697835;0,58855188;3,18097925;1,00000000
0,10194149;0,16455463;0,26667076;0,58824432;3,18036413;1,00000000
0,10200816;0,16470842;0,26667076;0,58793676;3,18036413;1,00000000
0,10207483;0,16486220;0,26667076;0,58762920;3,18067169;1,00000000
0,10214151;0,16470842;0,26667076;0,58747536;3,18067169;1,00000000
0,10220818;0,16486220;0,26667076;0,58716780;3,18097925;1,00000000
0,10227485;0,16501600;0,26636320;0,58686024;3,18097925;1,00000000
0,10234152;0,16501600;0,26636320;0,58655268;3,18128681;1,00000000
0,10240819;0,16516978;0,26605561;0,58624506;3,18159461;1,00000000
0,10247487;0,16516978;0,26605561;0,58593750;3,18128681;1,00000000
0,10254154;0,16516978;0,26636320;0,58578372;3,18159461;1,00000000
0,10260821;0,16532359;0,26667076;0,58547610;3,18159461;1,00000000
0,10267488;0,16547737;0,26697835;0,58532232;3,18159461;1,00000000
0,10274155;0,16547737;0,26667076;0,58501476;3,18159461;1,00000000
0,10280823;0,16547737;0,26697835;0,58486098;3,18190217;1,00000000
0,10287490;0,16563116;0,26667076;0,58455342;3,18190217;1,00000000
0,10294157;0,16578494;0,26667076;0,58424580;3,18190217;1,00000000
0,10300824;0,16593874;0,26697835;0,58393824;3,18190217;1,00000000
0,10307491;0,16609251;0,26667076;0,58363068;3,18220973;1,00000000
0,10314159;0,16624631;0,26636320;0,58316928;3,18220973;1,00000000
0,10320826;0,16640009;0,26636320;0,58286172;3,18220973;1,00000000
0,10327493;0,16655388;0,26636320;0,58240032;3,18251729;1,00000000
0,10334160;0,16670766;0,26667076;0,58209276;3,18220973;1,00000000
0,10340827;0,16686147;0,26667076;0,58163142;3,18220973;1,00000000
0,10347495;0,16686147;0,26636320;0,58132380;3,18220973;1,00000000
0,10354162;0,16701525;0,26636320;0,58101624;3,18190217;1,00000000
0,10360829;0,16716905;0,26636320;0,58070862;3,18220973;1,00000000
0,10367496;0,16716905;0,26667076;0,58040106;3,18251729;1,00000000
0,10374163;0,16716905;0,26697835;0,58009350;3,18313241;1,00000000
0,10380831;0,16716905;0,26697835;0,57963216;3,18343997;1,00000000
0,10387498;0,16716905;0,26697835;0,57932454;3,18343997;1,00000000
0,10394165;0,16732283;0,26667076;0,57901698;3,18343997;1,00000000
0,10400832;0,16732283;0,26636320;0,57855558;3,18343997;1,00000000
0,10407499;0,16732283;0,26605561;0,57824802;3,18343997;1,00000000
0,10414167;0,16716905;0,26636320;0,57809424;3,18343997;1,00000000
0,10420834;0,16701525;0,26667076;0,57778668;3,18405509;1,00000000
0,10427501;0,16716905;0,26667076;0,57747906;3,18405509;1,00000000
0,10434168;0,16716905;0,26667076;0,57701772;3,18405509;1,00000000
0,10440835;0,16716905;0,26697835;0,57671016;3,18374753;1,00000000
0,10447503;0,16732283;0,26697835;0,57640254;3,18374753;1,00000000
0,10454170;0,16747662;0,26728594;0,57594121;3,18374753;1,00000000
0,10460837;0,16747662;0,26728594;0,57563359;3,18374753;1,00000000
0,10467504;0,16763040;0,26759350;0,57517225;3,18343997;1,00000000
0,10474171;0,16763040;0,26759350;0,57486469;3,18313241;1,00000000
0,10480839;0,16778421;0,26759350;0,57455707;3,18282485;1,00000000
0,10487506;0,16778421;0,26759350;0,57409573;3,18251729;1,00000000
0,10494173;0,16778421;0,26759350;0,57378817;3,18220973;1,00000000
0,10500840;0,16778421;0,26790109;0,57332677;3,18220973;1,00000000
0,10507507;0,16793799;0,26759350;0,57301921;3,18190217;1,00000000
0,10514175;0,16809179;0,26759350;0,57286543;3,18159461;1,00000000
0,10520842;0,16809179;0,26790109;0,57240403;3,18128681;1,00000000
0,10527509;0,16809179;0,26759350;0,57209647;3,18128681;1,00000000
0,10534176;0,16809179;0,26728594;0,57194269;3,18159461;1,00000000
0,10540843;0,16809179;0,26728594;0,57178891;3,18159461;1,00000000
0,10547511;0,16809179;0,26697835;0,57163513;3,18159461;1,00000000
0,10554178;0,16809179;0,26667076;0,57132751;3,18159461;1,00000000
0,10560845;0,16824557;0,26636320;0,57101995;3,18128681;1,00000000
0,10567512;0,16824557;0,26636320;0,57086611;3,18128681;1,00000000
0,10574179;0,16824557;0,26636320;0,57055855;3,18097925;1,00000000
0,10580847;0,16824557;0,26605561;0,57040477;3,18036413;1,00000000
0,10587514;0,16824557;0,26574802;0,57025099;3,18036413;1,00000000
0,10594181;0,16824557;0,26544046;0,57009721;3,18036413;1,00000000
0,10600848;0,16824557;0,26513287;0,57009721;3,18036413;1,00000000
0,10607515;0,16824557;0,26482528;0,57009721;3,18036413;1,00000000
0,10614183;0,16824557;0,26482528;0,57009721;3,18036413;1,00000000
0,10620850;0,16824557;0,26451772;0,56994343;3,18036413;1,00000000
0,10627517;0,16809179;0,26421013;0,57009721;3,18036413;1,00000000
0,10634184;0,16809179;0,26390257;0,57009721;3,18036413;1,00000000
0,10640851;0,16793799;0,26359499;0,57025099;3,18005657;1,00000000
0,10647519;0,16778421;0,26359499;0,57040477;3,18005657;1,00000000
0,10654186;0,16778421;0,26328740;0,57040477;3,18005657;1,00000000
0,10660853;0,16778421;0,26297984;0,57055855;3,18005657;1,00000000
0,10667520;0,16763040;0,26267225;0,57071233;3,18005657;1,00000000
0,10674187;0,16763040;0,26267225;0,57086611;3,18036413;1,00000000
0,10680855;0,16763040;0,26236469;0,57117373;3,18067169;1,00000000
0,10687522;0,16763040;0,26236469;0,57132751;3,18128681;1,00000000
0,10694189;0,16763040;0,26236469;0,57148129;3,18128681;1,00000000
0,10700856;0,16763040;0,26267225;0,57178891;3,18159461;1,00000000
0,10707523;0,16763040;0,26236469;0,57194269;3,18159461;1,00000000
0,10714191;0,16778421;0,26236469;0,57225025;3,18159461;1,00000000
0,10720858;0,16778421;0,26236469;0,57271159;3,18159461;1,00000000
0,10727525;0,16778421;0,26236469;0,57301921;3,18159461;1,00000000
0,10734192;0,16778421;0,26236469;0,57332677;3,18159461;1,00000000
0,10740859;0,16778421;0,26267225;0,57363439;3,18220973;1,00000000
0,10747527;0,16778421;0,26267225;0,57394195;3,18282485;1,00000000
0,10754194;0,16778421;0,26267225;0,57424951;3,18313241;1,00000000
0,10760861;0,16778421;0,26297984;0,57471091;3,18313241;1,00000000
0,10767528;0,16763040;0,26297984;0,57517225;3,18313241;1,00000000
0,10774195;0,16763040;0,26297984;0,57563359;3,18313241;1,00000000
0,10780863;0,16763040;0,26267225;0,57594121;3,18313241;1,00000000
0,10787530;0,16763040;0,26267225;0,57640254;3,18313241;1,00000000
0,10794197;0,16763040;0,26297984;0,57686394;3,18374753;1,00000000
0,10800864;0,16763040;0,26297984;0,57732528;3,18405509;1,00000000
0,10807531;0,16763040;0,26328740;0,57794046;3,18467021;1,00000000
0,10814199;0,16778421;0,26359499;0,57855558;3,18467021;1,00000000
0,10820866;0,16763040;0,26359499;0,57901698;3,18467021;1,00000000
0,10827533;0,16763040;0,26390257;0,57947832;3,18467021;1,00000000
0,10834200;0,16763040;0,26359499;0,57993972;3,18467021;1,00000000
0,10840867;0,16763040;0,26359499;0,58040106;3,18528533;1,00000000
0,10847535;0,16763040;0,26390257;0,58086246;3,18559289;1,00000000
0,10854202;0,16763040;0,26421013;0,58117002;3,18590045;1,00000000
0,10860869;0,16778421;0,26451772;0,58178520;3,18620801;1,00000000
0,10867536;0,16778421;0,26482528;0,58209276;3,18590045;1,00000000
0,10874203;0,16778421;0,26482528;0,58255410;3,18590045;1,00000000
0,10880871;0,16778421;0,26513287;0,58301550;3,18590045;1,00000000
0,10887538;0,16778421;0,26482528;0,58347690;3,18620801;1,00000000
0,10894205;0,16778421;0,26513287;0,58378446;3,18620801;1,00000000
0,10900872;0,16793799;0,26544046;0,58409202;3,18651581;1,00000000
0,10907539;0,16793799;0,26574802;0,58439958;3,18682337;1,00000000
0,10914207;0,16793799;0,26605561;0,58470720;3,18713093;1,00000000
0,10920874;0,16793799;0,26636320;0,58501476;3,18713093;1,00000000
0,10927541;0,16793799;0,26667076;0,58532232;3,18713093;1,00000000
0,10934208;0,16793799;0,26697835;0,58578372;3,18713093;1,00000000
0,10940875;0,16793799;0,26728594;0,58624506;3,18713093;1,00000000
0,10947543;0,16793799;0,26759350;0,58655268;3,18713093;1,00000000
0,10954210;0,16793799;0,26790109;0,58670646;3,18713093;1,00000000
0,10960877;0,16793799;0,26820865;0,58686024;3,18743849;1,00000000
0,10967544;0,16809179;0,26790109;0,58716780;3,18713093;1,00000000
0,10974211;0,16809179;0,26820865;0,58747536;3,18713093;1,00000000
0,10980879;0,16793799;0,26851624;0,58762920;3,18743849;1,00000000
0,10987546;0,16793799;0,26851624;0,58778298;3,18743849;1,00000000
0,10994213;0,16793799;0,26882383;0,58793676;3,18743849;1,00000000
0,11000880;0,16793799;0,26882383;0,58793676;3,18743849;1,00000000
0,11007547;0,16793799;0,26913139;0,58793676;3,18743849;1,00000000
0,11014215;0,16793799;0,26943898;0,58793676;3,18743849;1,00000000
0,11020882;0,16793799;0,26974654;0,58809054;3,18682337;1,00000000
0,11027549;0,16793799;0,26974654;0,58824432;3,18651581;1,00000000
0,11034216;0,16793799;0,26974654;0,58824432;3,18620801;1,00000000
0,11040883;0,16778421;0,26974654;0,58824432;3,18620801;1,00000000
0,11047551;0,16778421;0,26943898;0,58824432;3,18620801;1,00000000
0,11054218;0,16778421;0,26943898;0,58824432;3,18620801;1,00000000
0,11060885;0,16763040;0,26943898;0,58824432;3,18620801;1,00000000
0,11067552;0,16763040;0,26943898;0,58824432;3,18620801;1,00000000
0,11074219;0,16763040;0,26943898;0,58824432;3,18590045;1,00000000
0,11080887;0,16763040;0,26974654;0,58824432;3,18590045;1,00000000
0,11087554;0,16763040;0,26974654;0,58824432;3,18590045;1,00000000
0,11094221;0,16747662;0,26974654;0,58824432;3,18590045;1,00000000
0,11100888;0,16747662;0,26974654;0,58824432;3,18590045;1,00000000
0,11107555;0,16747662;0,26943898;0,58824432;3,18590045;1,00000000
0,11114223;0,16747662;0,26943898;0,58824432;3,18590045;1,00000000
0,11120890;0,16747662;0,26974654;0,58824432;3,18620801;1,00000000
0,11127557;0,16732283;0,27005413;0,58824432;3,18651581;1,00000000
0,11134224;0,16732283;0,27005413;0,58809054;3,18651581;1,00000000
0,11140891;0,16732283;0,27036172;0,58809054;3,18651581;1,00000000
0,11147559;0,16716905;0,27036172;0,58793676;3,18651581;1,00000000
0,11154226;0,16732283;0,27005413;0,58778298;3,18651581;1,00000000
0,11160893;0,16716905;0,27005413;0,58762920;3,18620801;1,00000000
0,11167560;0,16716905;0,27005413;0,58747536;3,18590045;1,00000000
0,11174227;0,16716905;0,27005413;0,58716780;3,18620801;1,00000000
0,11180895;0,16716905;0,27036172;0,58701402;3,18620801;1,00000000
0,11187562;0,16716905;0,27036172;0,58670646;3,18620801;1,00000000
0,11194229;0,16716905;0,27005413;0,58655268;3,18620801;1,00000000
0,11200896;0,16716905;0,27005413;0,58639890;3,18651581;1,00000000
0,11207563;0,16716905;0,27005413;0,58609128;3,18620801;1,00000000
0,11214231;0,16716905;0,27005413;0,58578372;3,18590045;1,00000000
0,11220898;0,16716905;0,27005413;0,58547610;3,18620801;1,00000000
0,11227565;0,16716905;0,27005413;0,58516854;3,18651581;1,00000000
0,11234232;0,16716905;0,27005413;0,58486098;3,18682337;1,00000000
0,11240899;0,16716905;0,26974654;0,58470720;3,18682337;1,00000000
0,11247567;0,16716905;0,27005413;0,58439958;3,18682337;1,00000000
0,11254234;0,16701525;0,27036172;0,58393824;3,18682337;1,00000000
0,11260901;0,16701525;0,27036172;0,58378446;3,18682337;1,00000000
0,11267568;0,16701525;0,27005413;0,58332312;3,18682337;1,00000000
0,11274235;0,16701525;0,27005413;0,58301550;3,18651581;1,00000000
0,11280903;0,16701525;0,27005413;0,58270794;3,18682337;1,00000000
0,11287570;0,16701525;0,27005413;0,58255410;3,18713093;1,00000000
0,11294237;0,16686147;0,27036172;0,58209276;3,18743849;1,00000000
0,11300904;0,16670766;0,27005413;0,58193898;3,18743849;1,00000000
0,11307571;0,16670766;0,27036172;0,58178520;3,18743849;1,00000000
0,11314239;0,16670766;0,27005413;0,58147764;3,18743849;1,00000000
0,11320906;0,16670766;0,27005413;0,58117002;3,18743849;1,00000000
0,11327573;0,16655388;0,27005413;0,58086246;3,18743849;1,00000000
0,11334240;0,16655388;0,27005413;0,58070862;3,18774605;1,00000000
0,11340907;0,16655388;0,27005413;0,58024728;3,18774605;1,00000000
0,11347575;0,16655388;0,27036172;0,57993972;3,18805361;1,00000000
0,11354242;0,16655388;0,27036172;0,57963216;3,18836117;1,00000000
0,11360909;0,16640009;0,27036172;0,57932454;3,18836117;1,00000000
0,11367576;0,16640009;0,27066928;0,57901698;3,18836117;1,00000000
0,11374243;0,16640009;0,27066928;0,57855558;3,18836117;1,00000000
0,11380911;0,16640009;0,27066928;0,57840180;3,18866873;1,00000000
0,11387578;0,16624631;0,27066928;0,57824802;3,18836117;1,00000000
0,11394245;0,16624631;0,27066928;0,57794046;3,18866873;1,00000000
0,11400912;0,16624631;0,27066928;0,57763284;3,18897629;1,00000000
0,11407579;0,16624631;0,27066928;0,57732528;3,18928385;1,00000000
0,11414247;0,16624631;0,27097687;0,57701772;3,18928385;1,00000000
0,11420914;0,16609251;0,27097687;0,57671016;3,18928385;1,00000000
0,11427581;0,16609251;0,27097687;0,57640254;3,18928385;1,00000000
0,11434248;0,16609251;0,27066928;0,57609499;3,18897629;1,00000000
0,11440915;0,16609251;0,27036172;0,57578737;3,18866873;1,00000000
0,11447583;0,16609251;0,27005413;0,57547981;3,18866873;1,00000000
0,11454250;0,16609251;0,27005413;0,57532603;3,18897629;1,00000000
0,11460917;0,16609251;0,27036172;0,57532603;3,18928385;1,00000000
0,11467584;0,16624631;0,27036172;0,57517225;3,18928385;1,00000000
0,11474251;0,16609251;0,27005413;0,57517225;3,18928385;1,00000000
0,11480919;0,16609251;0,27005413;0,57486469;3,18928385;1,00000000
0,11487586;0,16609251;0,27005413;0,57455707;3,18959141;1,00000000
0,11494253;0,16609251;0,27005413;0,57455707;3,18928385;1,00000000
0,11500920;0,16609251;0,26974654;0,57455707;3,18928385;1,00000000
0,11507587;0,16593874;0,26974654;0,57471091;3,18928385;1,00000000
0,11514255;0,16593874;0,26974654;0,57471091;3,18959141;1,00000000
0,11520922;0,16578494;0,26943898;0,57471091;3,18989897;1,00000000
0,11527589;0,16593874;0,26974654;0,57471091;3,19020653;1,00000000
0,11534256;0,16609251;0,26943898;0,57471091;3,19020653;1,00000000
0,11540923;0,16593874;0,26943898;0,57471091;3,19051409;1,00000000
0,11547591;0,16593874;0,26974654;0,57471091;3,19051409;1,00000000
0,11554258;0,16593874;0,26974654;0,57471091;3,19020653;1,00000000
0,11560925;0,16578494;0,26974654;0,57486469;3,19020653;1,00000000
0,11567592;0,16578494;0,26974654;0,57486469;3,19051409;1,00000000
0,11574259;0,16578494;0,27005413;0,57486469;3,19082165;1,00000000
0,11580927;0,16578494;0,27005413;0,57501847;3,19112968;1,00000000
0,11587594;0,16578494;0,27005413;0,57517225;3,19143724;1,00000000
0,11594261;0,16563116;0,27036172;0,57532603;3,19112968;1,00000000
0,11600928;0,16563116;0,27066928;0,57547981;3,19082165;1,00000000
0,11607595;0,16578494;0,27066928;0,57563359;3,19082165;1,00000000
0,11614263;0,16578494;0,27066928;0,57578737;3,19082165;1,00000000
0,11620930;0,16593874;0,27066928;0,57594121;3,19112968;1,00000000
0,11627597;0,16593874;0,27066928;0,57594121;3,19112968;1,00000000
0,11634264;0,16578494;0,27097687;0,57624876;3,19143724;1,00000000
0,11640931;0,16578494;0,27097687;0,57640254;3,19143724;1,00000000
0,11647599;0,16578494;0,27128446;0,57671016;3,19112968;1,00000000
0,11654266;0,16578494;0,27128446;0,57701772;3,19082165;1,00000000
0,11660933;0,16593874;0,27128446;0,57732528;3,19082165;1,00000000
0,11667600;0,16609251;0,27128446;0,57747906;3,19082165;1,00000000
0,11674267;0,16609251;0,27128446;0,57778668;3,19082165;1,00000000
0,11680935;0,16609251;0,27159202;0,57794046;3,19082165;1,00000000
0,11687602;0,16609251;0,27159202;0,57824802;3,19082165;1,00000000
0,11694269;0,16624631;0,27159202;0,57855558;3,19082165;1,00000000
0,11700936;0,16609251;0,27159202;0,57886314;3,19051409;1,00000000
0,11707603;0,16609251;0,27159202;0,57917076;3,18989897;1,00000000
0,11714271;0,16609251;0,27159202;0,57947832;3,18959141;1,00000000
0,11720938;0,16593874;0,27159202;0,57963216;3,18928385;1,00000000
0,11727605;0,16593874;0,27159202;0,57993972;3,18928385;1,00000000
0,11734272;0,16593874;0,27189961;0,58009350;3,18928385;1,00000000
0,11740939;0,16578494;0,27189961;0,58040106;3,18897629;1,00000000
0,11747607;0,16593874;0,27189961;0,58070862;3,18866873;1,00000000
0,11754274;0,16593874;0,27189961;0,58101624;3,18836117;1,00000000
0,11760941;0,16593874;0,27159202;0,58117002;3,18774605;1,00000000
0,11767608;0,16593874;0,27159202;0,58147764;3,18743849;1,00000000
0,11774275;0,16578494;0,27128446;0,58163142;3,18743849;1,00000000
0,11780943;0,16578494;0,27128446;0,58193898;3,18743849;1,00000000
0,11787610;0,16563116;0,27097687;0,58224654;3,18713093;1,00000000
0,11794277;0,16563116;0,27097687;0,58255410;3,18682337;1,00000000
0,11800944;0,16563116;0,27097687;0,58270794;3,18651581;1,00000000
0,11807611;0,16547737;0,27128446;0,58286172;3,18651581;1,00000000
0,11814279;0,16547737;0,27097687;0,58316928;3,18620801;1,00000000
0,11820946;0,16532359;0,27066928;0,58347690;3,18590045;1,00000000
0,11827613;0,16547737;0,27036172;0,58378446;3,18528533;1,00000000
0,11834280;0,16547737;0,27005413;0,58409202;3,18436265;1,00000000
0,11840947;0,16563116;0,26974654;0,58439958;3,18405509;1,00000000
0,11847615;0,16578494;0,26974654;0,58470720;3,18374753;1,00000000
0,11854282;0,16578494;0,26974654;0,58501476;3,18374753;1,00000000
0,11860949;0,16578494;0,26974654;0,58501476;3,18374753;1,00000000
0,11867616;0,16578494;0,26974654;0,58532232;3,18374753;1,00000000
0,11874283;0,16593874;0,26974654;0,58547610;3,18313241;1,00000000
0,11880951;0,16609251;0,26943898;0,58578372;3,18282485;1,00000000
0,11887618;0,16593874;0,26913139;0,58609128;3,18220973;1,00000000
0,11894285;0,16593874;0,26913139;0,58639890;3,18159461;1,00000000
0,11900952;0,16593874;0,26913139;0,58670646;3,18159461;1,00000000
0,11907619;0,16578494;0,26882383;0,58701402;3,18159461;1,00000000
0,11914287;0,16563116;0,26851624;0,58732158;3,18159461;1,00000000
0,11920954;0,16563116;0,26820865;0,58747536;3,18159461;1,00000000
0,11927621;0,16547737;0,26790109;0,58778298;3,18097925;1,00000000
0,11934288;0,16532359;0,26790109;0,58793676;3,18097925;1,00000000
0,11940955;0,16532359;0,26790109;0,58809054;3,18067169;1,00000000
0,11947623;0,16516978;0,26790109;0,58824432;3,18036413;1,00000000
0,11954290;0,16516978;0,26790109;0,58839810;3,18036413;1,00000000
0,11960957;0,16532359;0,26759350;0,58839810;3,18067169;1,00000000
0,11967624;0,16516978;0,26728594;0,58855188;3,18097925;1,00000000
0,11974291;0,16501600;0,26697835;0,58855188;3,18067169;1,00000000
0,11980959;0,16501600;0,26728594;0,58855188;3,18067169;1,00000000
0,11987626;0,16516978;0,26728594;0,58855188;3,18036413;1,00000000
0,11994293;0,16501600;0,26728594;0,58885950;3,18036413;1,00000000
0,12000960;0,16501600;0,26697835;0,58901328;3,18036413;1,00000000
0,12007627;0,16486220;0,26667076;0,58916706;3,18036413;1,00000000
0,12014295;0,16470842;0,26667076;0,58932084;3,18067169;1,00000000
0,12020962;0,16470842;0,26697835;0,58962846;3,18097925;1,00000000
0,12027629;0,16455463;0,26697835;0,58993602;3,18097925;1,00000000
0,12034296;0,16455463;0,26697835;0,59008980;3,18067169;1,00000000
0,12040963;0,16440085;0,26697835;0,59008980;3,18097925;1,00000000
0,12047631;0,16424704;0,26728594;0,59024358;3,18097925;1,00000000
0,12054298;0,16440085;0,26728594;0,59024358;3,18128681;1,00000000
0,12060965;0,16424704;0,26759350;0,59024358;3,18159461;1,00000000
0,12067632;0,16409326;0,26790109;0,59024358;3,18190217;1,00000000
0,12074299;0,16424704;0,26759350;0,59024358;3,18159461;1,00000000
0,12080967;0,16424704;0,26728594;0,59024358;3,18128681;1,00000000
0,12087634;0,16440085;0,26759350;0,59039736;3,18097925;1,00000000
0,12094301;0,16440085;0,26728594;0,59024358;3,18097925;1,00000000
0,12100968;0,16424704;0,26759350;0,59008980;3,18128681;1,00000000
0,12107635;0,16424704;0,26790109;0,58993602;3,18159461;1,00000000
0,12114303;0,16424704;0,26790109;0,58962846;3,18190217;1,00000000
0,12120970;0,16440085;0,26759350;0,58932084;3,18190217;1,00000000
0,12127637;0,16455463;0,26759350;0,58932084;3,18159461;1,00000000
0,12134304;0,16440085;0,26759350;0,58916706;3,18190217;1,00000000
0,12140971;0,16455463;0,26728594;0,58916706;3,18220973;1,00000000
0,12147639;0,16455463;0,26728594;0,58901328;3,18282485;1,00000000
0,12154306;0,16470842;0,26759350;0,58901328;3,18313241;1,00000000
0,12160973;0,16470842;0,26728594;0,58885950;3,18313241;1,00000000
0,12167640;0,16486220;0,26728594;0,58870566;3,18313241;1,00000000
0,12174307;0,16486220;0,26697835;0,58855188;3,18313241;1,00000000
0,12180975;0,16486220;0,26728594;0,58839810;3,18313241;1,00000000
0,12187642;0,16501600;0,26759350;0,58824432;3,18343997;1,00000000
0,12194309;0,16516978;0,26759350;0,58809054;3,18405509;1,00000000
0,12200976;0,16532359;0,26790109;0,58778298;3,18436265;1,00000000
0,12207643;0,16532359;0,26759350;0,58762920;3,18467021;1,00000000
0,12214311;0,16532359;0,26759350;0,58747536;3,18467021;1,00000000
0,12220978;0,16547737;0,26759350;0,58716780;3,18467021;1,00000000
0,12227645;0,16563116;0,26759350;0,58686024;3,18467021;1,00000000
0,12234312;0,16578494;0,26759350;0,58655268;3,18436265;1,00000000
0,12240979;0,16578494;0,26790109;0,58624506;3,18436265;1,00000000
0,12247647;0,16593874;0,26790109;0,58593750;3,18467021;1,00000000
0,12254314;0,16593874;0,26820865;0,58562988;3,18528533;1,00000000
0,12260981;0,16609251;0,26851624;0,58532232;3,18528533;1,00000000
0,12267648;0,16609251;0,26851624;0,58501476;3,18528533;1,00000000
0,12274315;0,16624631;0,26851624;0,58470720;3,18467021;1,00000000
0,12280983;0,16624631;0,26820865;0,58439958;3,18467021;1,00000000
0,12287650;0,16624631;0,26820865;0,58409202;3,18559289;1,00000000
0,12294317;0,16640009;0,26820865;0,58378446;3,18559289;1,00000000
0,12300984;0,16640009;0,26851624;0,58347690;3,18559289;1,00000000
0,12307651;0,16640009;0,26882383;0,58301550;3,18559289;1,00000000
0,12314319;0,16640009;0,26913139;0,58240032;3,18559289;1,00000000
0,12320986;0,16655388;0,26913139;0,58224654;3,18559289;1,00000000
0,12327653;0,16670766;0,26913139;0,58209276;3,18559289;1,00000000
0,12334320;0,16686147;0,26913139;0,58163142;3,18559289;1,00000000
0,12340987;0,16701525;0,26943898;0,58117002;3,18528533;1,00000000
0,12347655;0,16716905;0,26943898;0,58070862;3,18528533;1,00000000
0,12354322;0,16732283;0,26943898;0,58024728;3,18528533;1,00000000
0,12360989;0,16747662;0,26974654;0,57978594;3,18528533;1,00000000
0,12367656;0,16747662;0,27005413;0,57947832;3,18528533;1,00000000
0,12374323;0,16763040;0,27005413;0,57917076;3,18528533;1,00000000
0,12380991;0,16778421;0,27005413;0,57886314;3,18467021;1,00000000
0,12387658;0,16778421;0,27005413;0,57840180;3,18436265;1,00000000
0,12394325;0,16778421;0,27005413;0,57809424;3,18436265;1,00000000
0,12400992;0,16793799;0,26974654;0,57778668;3,18467021;1,00000000
0,12407659;0,16809179;0,26974654;0,57732528;3,18436265;1,00000000
0,12414327;0,16824557;0,26974654;0,57701772;3,18436265;1,00000000
0,12420994;0,16809179;0,26974654;0,57671016;3,18436265;1,00000000
0,12427661;0,16809179;0,27005413;0,57624876;3,18436265;1,00000000
0,12434328;0,16809179;0,27005413;0,57594121;3,18436265;1,00000000
0,12440995;0,16809179;0,27005413;0,57563359;3,18467021;1,00000000
0,12447663;0,16809179;0,26974654;0,57532603;3,18436265;1,00000000
0,12454330;0,16824557;0,26974654;0,57501847;3,18405509;1,00000000
0,12460997;0,16839936;0,26974654;0,57471091;3,18405509;1,00000000
0,12467664;0,16855314;0,26974654;0,57424951;3,18405509;1,00000000
0,12474331;0,16870694;0,27005413;0,57394195;3,18405509;1,00000000
0,12480999;0,16870694;0,27036172;0,57363439;3,18405509;1,00000000
0,12487666;0,16886072;0,27066928;0,57332677;3,18405509;1,00000000
0,12494333;0,16886072;0,27097687;0,57301921;3,18374753;1,00000000
0,12501000;0,16901451;0,27066928;0,57271159;3,18343997;1,00000000
0,12507667;0,16916829;0,27097687;0,57240403;3,18313241;1,00000000
0,12514335;0,16932210;0,27066928;0,57194269;3,18282485;1,00000000
0,12521002;0,16932210;0,27066928;0,57163513;3,18282485;1,00000000
0,12527669;0,16947588;0,27097687;0,57132751;3,18313241;1,00000000
0,12534336;0,16947588;0,27066928;0,57101995;3,18343997;1,00000000
0,12541003;0,16947588;0,27066928;0,57086611;3,18343997;1,00000000
0,12547671;0,16947588;0,27066928;0,57055855;3,18343997;1,00000000
0,12554338;0,16947588;0,27036172;0,57025099;3,18313241;1,00000000
0,12561005;0,16947588;0,27005413;0,57009721;3,18282485;1,00000000
0,12567672;0,16947588;0,27005413;0,56994343;3,18282485;1,00000000
0,12574339;0,16947588;0,27005413;0,56978959;3,18343997;1,00000000
0,12581007;0,16947588;0,27005413;0,56963581;3,18313241;1,00000000
0,12587674;0,16947588;0,26974654;0,56963581;3,18313241;1,00000000
0,12594341;0,16947588;0,27005413;0,56963581;3,18313241;1,00000000
0,12601008;0,16947588;0,27005413;0,56948203;3,18313241;1,00000000
0,12607675;0,16932210;0,26974654;0,56932825;3,18282485;1,00000000
0,12614343;0,16932210;0,26943898;0,56917441;3,18251729;1,00000000
0,12621010;0,16932210;0,26943898;0,56917441;3,18251729;1,00000000
0,12627677;0,16947588;0,26943898;0,56917441;3,18220973;1,00000000
0,12634344;0,16947588;0,26913139;0,56932825;3,18220973;1,00000000
0,12641011;0,16947588;0,26913139;0,56932825;3,18220973;1,00000000
0,12647679;0,16947588;0,26913139;0,56932825;3,18220973;1,00000000
0,12654346;0,16947588;0,26882383;0,56948203;3,18220973;1,00000000
0,12661013;0,16947588;0,26851624;0,56978959;3,18251729;1,00000000
0,12667680;0,16947588;0,26820865;0,56994343;3,18251729;1,00000000
0,12674347;0,16932210;0,26820865;0,57009721;3,18251729;1,00000000
0,12681015;0,16932210;0,26790109;0,57025099;3,18251729;1,00000000
0,12687682;0,16947588;0,26759350;0,57040477;3,18251729;1,00000000
0,12694349;0,16947588;0,26759350;0,57055855;3,18251729;1,00000000
0,12701016;0,16947588;0,26759350;0,57086611;3,18251729;1,00000000
0,12707683;0,16947588;0,26790109;0,57117373;3,18282485;1,00000000
0,12714351;0,16947588;0,26759350;0,57148129;3,18313241;1,00000000
0,12721018;0,16947588;0,26728594;0,57178891;3,18282485;1,00000000
0,12727685;0,16947588;0,26728594;0,57209647;3,18313241;1,00000000
0,12734352;0,16947588;0,26759350;0,57271159;3,18343997;1,00000000
0,12741019;0,16947588;0,26790109;0,57317299;3,18374753;1,00000000
0,12747687;0,16947588;0,26820865;0,57348061;3,18374753;1,00000000
0,12754354;0,16947588;0,26851624;0,57394195;3,18374753;1,00000000
0,12761021;0,16947588;0,26851624;0,57440329;3,18374753;1,00000000
0,12767688;0,16962968;0,26882383;0,57486469;3,18405509;1,00000000
0,12774355;0,16962968;0,26882383;0,57517225;3,18436265;1,00000000
0,12781023;0,16962968;0,26913139;0,57547981;3,18467021;1,00000000
0,12787690;0,16962968;0,26882383;0,57594121;3,18467021;1,00000000
0,12794357;0,16962968;0,26851624;0,57624876;3,18528533;1,00000000
0,12801024;0,16962968;0,26851624;0,57671016;3,18559289;1,00000000
0,12807691;0,16962968;0,26851624;0,57717150;3,18590045;1,00000000
0,12814359;0,16962968;0,26851624;0,57763284;3,18590045;1,00000000
0,12821026;0,16962968;0,26882383;0,57794046;3,18590045;1,00000000
0,12827693;0,16962968;0,26851624;0,57824802;3,18590045;1,00000000
0,12834360;0,16962968;0,26851624;0,57870936;3,18590045;1,00000000
0,12841027;0,16962968;0,26882383;0,57917076;3,18620801;1,00000000
0,12847695;0,16962968;0,26851624;0,57947832;3,18651581;1,00000000
0,12854362;0,16962968;0,26882383;0,57978594;3,18682337;1,00000000
0,12861029;0,16962968;0,26913139;0,58040106;3,18713093;1,00000000
0,12867696;0,16993725;0,26943898;0,58086246;3,18713093;1,00000000
0,12874363;0,16993725;0,26974654;0,58132380;3,18743849;1,00000000
0,12881031;0,16993725;0,26974654;0,58178520;3,18743849;1,00000000
0,12887698;0,16993725;0,26974654;0,58209276;3,18743849;1,00000000
0,12894365;0,16993725;0,27005413;0,58255410;3,18774605;1,00000000
0,12901032;0,16993725;0,27005413;0,58286172;3,18805361;1,00000000
0,12907699;0,17009103;0,27005413;0,58316928;3,18743849;1,00000000
0,12914367;0,17009103;0,27005413;0,58363068;3,18774605;1,00000000
0,12921034;0,17009103;0,27005413;0,58409202;3,18774605;1,00000000
0,12927701;0,17009103;0,27036172;0,58455342;3,18774605;1,00000000
0,12934368;0,17009103;0,27066928;0,58486098;3,18774605;1,00000000
0,12941035;0,17024484;0,27066928;0,58516854;3,18774605;1,00000000
0,12947703;0,17024484;0,27097687;0,58532232;3,18774605;1,00000000
0,12954370;0,17024484;0,27097687;0,58578372;3,18805361;1,00000000
0,12961037;0,17024484;0,27097687;0,58609128;3,18774605;1,00000000
0,12967704;0,17039862;0,27097687;0,58624506;3,18774605;1,00000000
0,12974371;0,17039862;0,27128446;0,58655268;3,18774605;1,00000000
0,12981039;0,17039862;0,27159202;0,58670646;3,18774605;1,00000000
0,12987706;0,17039862;0,27189961;0,58701402;3,18774605;1,00000000
0,12994373;0,17039862;0,27220720;0,58701402;3,18774605;1,00000000
0,13001040;0,17055242;0,27189961;0,58732158;3,18774605;1,00000000
0,13007707;0,17055242;0,27220720;0,58747536;3,18743849;1,00000000
0,13014375;0,17055242;0,27189961;0,58747536;3,18743849;1,00000000
0,13021042;0,17055242;0,27220720;0,58762920;3,18743849;1,00000000
0,13027709;0,17055242;0,27220720;0,58762920;3,18743849;1,00000000
0,13034376;0,17070620;0,27220720;0,58762920;3,18743849;1,00000000
0,13041043;0,17070620;0,27220720;0,58762920;3,18713093;1,00000000
0,13047711;0,17070620;0,27220720;0,58778298;3,18713093;1,00000000
0,13054378;0,17070620;0,27189961;0,58778298;3,18682337;1,00000000
0,13061045;0,17070620;0,27189961;0,58778298;3,18651581;1,00000000
0,13067712;0,17085999;0,27189961;0,58778298;3,18651581;1,00000000
0,13074379;0,17085999;0,27159202;0,58778298;3,18651581;1,00000000
0,13081047;0,17070620;0,27159202;0,58793676;3,18651581;1,00000000
0,13087714;0,17070620;0,27189961;0,58793676;3,18620801;1,00000000
0,13094381;0,17070620;0,27189961;0,58793676;3,18651581;1,00000000
0,13101048;0,17070620;0,27220720;0,58778298;3,18651581;1,00000000
0,13107715;0,17070620;0,27220720;0,58778298;3,18620801;1,00000000
0,13114383;0,17070620;0,27220720;0,58778298;3,18620801;1,00000000
0,13121050;0,17085999;0,27189961;0,58778298;3,18620801;1,00000000
0,13127717;0,17085999;0,27189961;0,58778298;3,18620801;1,00000000
0,13134384;0,17085999;0,27189961;0,58778298;3,18620801;1,00000000
0,13141051;0,17085999;0,27189961;0,58778298;3,18651581;1,00000000
0,13147719;0,17085999;0,27189961;0,58762920;3,18682337;1,00000000
0,13154386;0,17070620;0,27189961;0,58762920;3,18651581;1,00000000
0,13161053;0,17070620;0,27189961;0,58732158;3,18651581;1,00000000
0,13167720;0,17070620;0,27159202;0,58701402;3,18651581;1,00000000
0,13174387;0,17055242;0,27128446;0,58670646;3,18651581;1,00000000
0,13181055;0,17055242;0,27128446;0,58639890;3,18651581;1,00000000
0,13187722;0,17055242;0,27159202;0,58624506;3,18651581;1,00000000
0,13194389;0,17055242;0,27159202;0,58609128;3,18620801;1,00000000
0,13201056;0,17055242;0,27159202;0,58578372;3,18682337;1,00000000
0,13207723;0,17055242;0,27159202;0,58562988;3,18651581;1,00000000
0,13214391;0,17055242;0,27159202;0,58516854;3,18651581;1,00000000
0,13221058;0,17039862;0,27189961;0,58501476;3,18651581;1,00000000
0,13227725;0,17039862;0,27189961;0,58470720;3,18651581;1,00000000
0,13234392;0,17024484;0,27189961;0,58439958;3,18651581;1,00000000
0,13241059;0,17009103;0,27189961;0,58409202;3,18651581;1,00000000
0,13247727;0,17009103;0,27189961;0,58378446;3,18682337;1,00000000
0,13254394;0,17009103;0,27159202;0,58363068;3,18682337;1,00000000
0,13261061;0,17009103;0,27189961;0,58332312;3,18713093;1,00000000
0,13267728;0,17009103;0,27189961;0,58301550;3,18713093;1,00000000
0,13274395;0,17009103;0,27189961;0,58270794;3,18713093;1,00000000
0,13281063;0,17009103;0,27189961;0,58240032;3,18713093;1,00000000
0,13287730;0,17009103;0,27189961;0,58193898;3,18713093;1,00000000
0,13294397;0,17009103;0,27220720;0,58147764;3,18713093;1,00000000
0,13301064;0,17009103;0,27220720;0,58117002;3,18713093;1,00000000
0,13307731;0,17009103;0,27189961;0,58070862;3,18743849;1,00000000
0,13314399;0,16993725;0,27189961;0,58040106;3,18743849;1,00000000
0,13321066;0,16993725;0,27189961;0,58009350;3,18743849;1,00000000
0,13327733;0,16978346;0,27189961;0,57963216;3,18743849;1,00000000
0,13334400;0,16962968;0,27220720;0,57947832;3,18743849;1,00000000
0,13341067;0,16962968;0,27189961;0,57917076;3,18774605;1,00000000
0,13347735;0,16962968;0,27189961;0,57886314;3,18743849;1,00000000
0,13354402;0,16947588;0,27189961;0,57855558;3,18774605;1,00000000
0,13361069;0,16947588;0,27189961;0,57824802;3,18805361;1,00000000
0,13367736;0,16932210;0,27220720;0,57794046;3,18805361;1,00000000
0,13374403;0,16916829;0,27251476;0,57763284;3,18805361;1,00000000
0,13381071;0,16916829;0,27251476;0,57747906;3,18805361;1,00000000
0,13387738;0,16916829;0,27220720;0,57717150;3,18805361;1,00000000
0,13394405;0,16916829;0,27251476;0,57686394;3,18805361;1,00000000
0,13401072;0,16901451;0,27251476;0,57655638;3,18774605;1,00000000
0,13407739;0,16901451;0,27251476;0,57640254;3,18743849;1,00000000
0,13414407;0,16901451;0,27282235;0,57609499;3,18743849;1,00000000
0,13421074;0,16901451;0,27251476;0,57594121;3,18774605;1,00000000
0,13427741;0,16901451;0,27282235;0,57594121;3,18805361;1,00000000
0,13434408;0,16901451;0,27282235;0,57578737;3,18805361;1,00000000
0,13441075;0,16901451;0,27251476;0,57563359;3,18805361;1,00000000
0,13447743;0,16901451;0,27251476;0,57547981;3,18805361;1,00000000
0,13454410;0,16901451;0,27251476;0,57532603;3,18836117;1,00000000
0,13461077;0,16886072;0,27251476;0,57501847;3,18866873;1,00000000
0,13467744;0,16870694;0,27282235;0,57501847;3,18866873;1,00000000
0,13474411;0,16855314;0,27282235;0,57486469;3,18866873;1,00000000
0,13481079;0,16855314;0,27282235;0,57486469;3,18866873;1,00000000
0,13487746;0,16855314;0,27282235;0,57486469;3,18866873;1,00000000
0,13494413;0,16855314;0,27282235;0,57471091;3,18866873;1,00000000
0,13501080;0,16855314;0,27312991;0,57471091;3,18866873;1,00000000
0,13507747;0,16855314;0,27312991;0,57455707;3,18897629;1,00000000
0,13514415;0,16855314;0,27282235;0,57455707;3,18866873;1,00000000
0,13521082;0,16855314;0,27312991;0,57455707;3,18897629;1,00000000
0,13527749;0,16870694;0,27343750;0,57455707;3,18928385;1,00000000
0,13534416;0,16855314;0,27343750;0,57471091;3,18959141;1,00000000
0,13541083;0,16855314;0,27343750;0,57471091;3,18989897;1,00000000
0,13547751;0,16855314;0,27374509;0,57471091;3,18989897;1,00000000
0,13554418;0,16839936;0,27405265;0,57471091;3,18989897;1,00000000
0,13561085;0,16839936;0,27374509;0,57486469;3,18989897;1,00000000
0,13567752;0,16839936;0,27374509;0,57517225;3,18959141;1,00000000
0,13574419;0,16824557;0,27405265;0,57532603;3,18928385;1,00000000
0,13581087;0,16824557;0,27405265;0,57563359;3,18959141;1,00000000
0,13587754;0,16809179;0,27436024;0,57578737;3,18989897;1,00000000
0,13594421;0,16809179;0,27466780;0,57594121;3,19020653;1,00000000
0,13601088;0,16809179;0,27497539;0,57609499;3,19051409;1,00000000
0,13607755;0,16809179;0,27497539;0,57624876;3,19082165;1,00000000
0,13614423;0,16809179;0,27528298;0,57640254;3,19112968;1,00000000
0,13621090;0,16824557;0,27559054;0,57655638;3,19082165;1,00000000
0,13627757;0,16824557;0,27589813;0,57686394;3,19051409;1,00000000
0,13634424;0,16824557;0,27620572;0,57701772;3,19082165;1,00000000
0,13641091;0,16824557;0,27620572;0,57732528;3,19082165;1,00000000
0,13647759;0,16839936;0,27620572;0,57763284;3,19082165;1,00000000
0,13654426;0,16839936;0,27620572;0,57794046;3,19082165;1,00000000
0,13661093;0,16839936;0,27620572;0,57824802;3,19112968;1,00000000
0,13667760;0,16824557;0,27651328;0,57840180;3,19051409;1,00000000
0,13674427;0,16839936;0,27651328;0,57870936;3,18989897;1,00000000
0,13681095;0,16839936;0,27682087;0,57901698;3,18989897;1,00000000
0,13687762;0,16855314;0,27682087;0,57932454;3,18989897;1,00000000
0,13694429;0,16839936;0,27651328;0,57963216;3,18989897;1,00000000
0,13701096;0,16855314;0,27682087;0,57978594;3,18989897;1,00000000
0,13707763;0,16855314;0,27743602;0,58009350;3,18989897;1,00000000
0,13714431;0,16855314;0,27743602;0,58024728;3,18989897;1,00000000
0,13721098;0,16855314;0,27743602;0,58040106;3,18959141;1,00000000
0,13727765;0,16839936;0,27743602;0,58055484;3,18897629;1,00000000
0,13734432;0,16839936;0,27774361;0,58086246;3,18866873;1,00000000
0,13741099;0,16824557;0,27774361;0,58117002;3,18836117;1,00000000
0,13747767;0,16839936;0,27774361;0,58147764;3,18836117;1,00000000
0,13754434;0,16839936;0,27743602;0,58178520;3,18836117;1,00000000
0,13761101;0,16824557;0,27743602;0,58209276;3,18805361;1,00000000
0,13767768;0,16824557;0,27682087;0,58240032;3,18774605;1,00000000
0,13774435;0,16824557;0,27651328;0,58255410;3,18743849;1,00000000
0,13781103;0,16809179;0,27682087;0,58286172;3,18713093;1,00000000
0,13787770;0,16809179;0,27682087;0,58301550;3,18682337;1,00000000
0,13794437;0,16793799;0,27682087;0,58316928;3,18651581;1,00000000
0,13801104;0,16809179;0,27743602;0,58347690;3,18620801;1,00000000
0,13807771;0,16809179;0,27682087;0,58378446;3,18559289;1,00000000
0,13814439;0,16824557;0,27682087;0,58409202;3,18528533;1,00000000
0,13821106;0,16839936;0,27682087;0,58455342;3,18467021;1,00000000
0,13827773;0,16824557;0,27682087;0,58486098;3,18467021;1,00000000
0,13834440;0,16809179;0,27651328;0,58501476;3,18405509;1,00000000
0,13841107;0,16809179;0,27651328;0,58532232;3,18374753;1,00000000
0,13847775;0,16809179;0,27651328;0,58547610;3,18313241;1,00000000
0,13854442;0,16809179;0,27620572;0,58578372;3,18282485;1,00000000
0,13861109;0,16809179;0,27589813;0,58578372;3,18251729;1,00000000
0,13867776;0,16793799;0,27620572;0,58609128;3,18251729;1,00000000
0,13874443;0,16778421;0,27620572;0,58624506;3,18251729;1,00000000
0,13881111;0,16763040;0,27620572;0,58655268;3,18251729;1,00000000
0,13887778;0,16763040;0,27589813;0,58670646;3,18251729;1,00000000
0,13894445;0,16747662;0,27559054;0,58686024;3,18220973;1,00000000
0,13901112;0,16732283;0,27559054;0,58716780;3,18159461;1,00000000
0,13907779;0,16716905;0,27528298;0,58732158;3,18128681;1,00000000
0,13914447;0,16716905;0,27528298;0,58747536;3,18097925;1,00000000
0,13921114;0,16701525;0,27528298;0,58747536;3,18097925;1,00000000
0,13927781;0,16686147;0,27528298;0,58778298;3,18097925;1,00000000
0,13934448;0,16670766;0,27497539;0,58809054;3,18097925;1,00000000
0,13941115;0,16655388;0,27497539;0,58824432;3,18128681;1,00000000
0,13947783;0,16655388;0,27466780;0,58839810;3,18097925;1,00000000
0,13954450;0,16640009;0,27436024;0,58855188;3,18067169;1,00000000
0,13961117;0,16640009;0,27405265;0,58885950;3,18036413;1,00000000
0,13967784;0,16624631;0,27374509;0,58901328;3,18036413;1,00000000
0,13974451;0,16609251;0,27374509;0,58916706;3,18036413;1,00000000
0,13981119;0,16593874;0,27374509;0,58962846;3,18036413;1,00000000
0,13987786;0,16593874;0,27374509;0,58978224;3,18067169;1,00000000
0,13994453;0,16609251;0,27374509;0,58993602;3,18036413;1,00000000
0,14001120;0,16609251;0,27405265;0,59008980;3,18036413;1,00000000
0,14007787;0,16609251;0,27405265;0,59039736;3,18067169;1,00000000
0,14014455;0,16609251;0,27405265;0,59055120;3,18067169;1,00000000
0,14021122;0,16609251;0,27374509;0,59085876;3,18097925;1,00000000
0,14027789;0,16593874;0,27343750;0,59085876;3,18128681;1,00000000
0,14034456;0,16578494;0,27343750;0,59085876;3,18159461;1,00000000
0,14041123;0,16563116;0,27343750;0,59101254;3,18128681;1,00000000
0,14047791;0,16547737;0,27343750;0,59116638;3,18128681;1,00000000
0,14054458;0,16532359;0,27374509;0,59132016;3,18159461;1,00000000
0,14061125;0,16532359;0,27343750;0,59147394;3,18159461;1,00000000
0,14067792;0,16532359;0,27343750;0,59147394;3,18190217;1,00000000
0,14074459;0,16547737;0,27312991;0,59132016;3,18220973;1,00000000
0,14081127;0,16532359;0,27343750;0,59132016;3,18251729;1,00000000
0,14087794;0,16516978;0,27343750;0,59116638;3,18251729;1,00000000
0,14094461;0,16516978;0,27374509;0,59116638;3,18251729;1,00000000
0,14101128;0,16516978;0,27405265;0,59101254;3,18220973;1,00000000
0,14107795;0,16516978;0,27405265;0,59085876;3,18220973;1,00000000
0,14114463;0,16516978;0,27405265;0,59070498;3,18251729;1,00000000
0,14121130;0,16516978;0,27436024;0,59070498;3,18282485;1,00000000
0,14127797;0,16516978;0,27436024;0,59039736;3,18313241;1,00000000
0,14134464;0,16532359;0,27436024;0,59024358;3,18313241;1,00000000
0,14141131;0,16547737;0,27436024;0,59008980;3,18313241;1,00000000
0,14147799;0,16563116;0,27466780;0,58993602;3,18282485;1,00000000
0,14154466;0,16578494;0,27497539;0,58978224;3,18282485;1,00000000
0,14161133;0,16578494;0,27528298;0,58962846;3,18282485;1,00000000
0,14167800;0,16578494;0,27528298;0,58932084;3,18313241;1,00000000
0,14174467;0,16563116;0,27497539;0,58916706;3,18343997;1,00000000
0,14181135;0,16578494;0,27466780;0,58885950;3,18343997;1,00000000
0,14187802;0,16593874;0,27466780;0,58855188;3,18343997;1,00000000
0,14194469;0,16593874;0,27466780;0,58855188;3,18343997;1,00000000
0,14201136;0,16593874;0,27436024;0,58824432;3,18374753;1,00000000
0,14207803;0,16593874;0,27466780;0,58793676;3,18405509;1,00000000
0,14214471;0,16578494;0,27436024;0,58762920;3,18436265;1,00000000
0,14221138;0,16563116;0,27436024;0,58732158;3,18405509;1,00000000
0,14227805;0,16578494;0,27436024;0,58701402;3,18405509;1,00000000
0,14234472;0,16593874;0,27436024;0,58670646;3,18374753;1,00000000
0,14241139;0,16593874;0,27466780;0,58639890;3,18343997;1,00000000
0,14247807;0,16609251;0,27466780;0,58609128;3,18343997;1,00000000
0,14254474;0,16609251;0,27497539;0,58578372;3,18374753;1,00000000
0,14261141;0,16609251;0,27497539;0,58547610;3,18405509;1,00000000
0,14267808;0,16624631;0,27528298;0,58516854;3,18405509;1,00000000
0,14274475;0,16624631;0,27528298;0,58470720;3,18374753;1,00000000
0,14281143;0,16624631;0,27528298;0,58455342;3,18343997;1,00000000
0,14287810;0,16624631;0,27528298;0,58424580;3,18374753;1,00000000
0,14294477;0,16640009;0,27559054;0,58378446;3,18374753;1,00000000
0,14301144;0,16640009;0,27559054;0,58332312;3,18405509;1,00000000
0,14307811;0,16640009;0,27559054;0,58301550;3,18436265;1,00000000
0,14314479;0,16655388;0,27589813;0,58270794;3,18436265;1,00000000
0,14321146;0,16655388;0,27589813;0,58240032;3,18436265;1,00000000
0,14327813;0,16670766;0,27589813;0,58209276;3,18405509;1,00000000
0,14334480;0,16655388;0,27589813;0,58163142;3,18436265;1,00000000
0,14341147;0,16655388;0,27589813;0,58117002;3,18436265;1,00000000
0,14347815;0,16655388;0,27589813;0,58070862;3,18436265;1,00000000
0,14354482;0,16670766;0,27589813;0,58024728;3,18467021;1,00000000
0,14361149;0,16670766;0,27589813;0,57978594;3,18467021;1,00000000
0,14367816;0,16670766;0,27589813;0,57932454;3,18436265;1,00000000
0,14374483;0,16686147;0,27589813;0,57901698;3,18405509;1,00000000
0,14381151;0,16701525;0,27589813;0,57870936;3,18467021;1,00000000
0,14387818;0,16701525;0,27620572;0,57824802;3,18467021;1,00000000
0,14394485;0,16701525;0,27651328;0,57794046;3,18528533;1,00000000
0,14401152;0,16701525;0,27651328;0,57763284;3,18467021;1,00000000
0,14407819;0,16716905;0,27620572;0,57732528;3,18436265;1,00000000
0,14414487;0,16716905;0,27620572;0,57701772;3,18405509;1,00000000
0,14421154;0,16732283;0,27651328;0,57671016;3,18374753;1,00000000
0,14427821;0,16732283;0,27682087;0,57640254;3,18405509;1,00000000
0,14434488;0,16747662;0,27682087;0,57609499;3,18405509;1,00000000
0,14441155;0,16747662;0,27651328;0,57563359;3,18405509;1,00000000
0,14447823;0,16747662;0,27651328;0,57517225;3,18405509;1,00000000
0,14454490;0,16747662;0,27620572;0,57486469;3,18405509;1,00000000
0,14461157;0,16747662;0,27620572;0,57440329;3,18374753;1,00000000
0,14467824;0,16747662;0,27620572;0,57394195;3,18374753;1,00000000
0,14474491;0,16747662;0,27589813;0,57363439;3,18343997;1,00000000
0,14481159;0,16747662;0,27589813;0,57332677;3,18343997;1,00000000
0,14487826;0,16747662;0,27559054;0,57301921;3,18343997;1,00000000
0,14494493;0,16763040;0,27559054;0,57255781;3,18343997;1,00000000
0,14501160;0,16763040;0,27589813;0,57225025;3,18343997;1,00000000
0,14507827;0,16763040;0,27559054;0,57163513;3,18282485;1,00000000
0,14514495;0,16763040;0,27589813;0,57132751;3,18251729;1,00000000
0,14521162;0,16763040;0,27620572;0,57101995;3,18251729;1,00000000
0,14527829;0,16763040;0,27589813;0,57101995;3,18251729;1,00000000
0,14534496;0,16763040;0,27589813;0,57086611;3,18251729;1,00000000
0,14541163;0,16763040;0,27589813;0,57055855;3,18251729;1,00000000
0,14547831;0,16763040;0,27589813;0,57040477;3,18251729;1,00000000
0,14554498;0,16763040;0,27589813;0,57025099;3,18190217;1,00000000
0,14561165;0,16763040;0,27589813;0,57009721;3,18128681;1,00000000
0,14567832;0,16763040;0,27589813;0,56994343;3,18097925;1,00000000
0,14574499;0,16747662;0,27559054;0,56978959;3,18097925;1,00000000
0,14581167;0,16747662;0,27528298;0,56963581;3,18097925;1,00000000
0,14587834;0,16747662;0,27528298;0,56963581;3,18097925;1,00000000
0,14594501;0,16747662;0,27497539;0,56948203;3,18097925;1,00000000
0,14601168;0,16747662;0,27497539;0,56932825;3,18067169;1,00000000
0,14607835;0,16747662;0,27528298;0,56932825;3,18067169;1,00000000
0,14614503;0,16732283;0,27497539;0,56932825;3,18067169;1,00000000
0,14621170;0,16732283;0,27497539;0,56932825;3,18067169;1,00000000
0,14627837;0,16732283;0,27497539;0,56932825;3,18067169;1,00000000
0,14634504;0,16732283;0,27466780;0,56932825;3,18067169;1,00000000
0,14641171;0,16732283;0,27436024;0,56932825;3,18067169;1,00000000
0,14647839;0,16716905;0,27436024;0,56948203;3,18067169;1,00000000
0,14654506;0,16716905;0,27405265;0,56963581;3,18067169;1,00000000
0,14661173;0,16716905;0,27374509;0,56963581;3,18067169;1,00000000
0,14667840;0,16716905;0,27343750;0,56978959;3,18097925;1,00000000
0,14674507;0,16701525;0,27343750;0,56994343;3,18067169;1,00000000
0,14681175;0,16701525;0,27312991;0,57009721;3,18067169;1,00000000
0,14687842;0,16701525;0,27282235;0,57025099;3,18067169;1,00000000
0,14694509;0,16701525;0,27251476;0,57040477;3,18067169;1,00000000
0,14701176;0,16701525;0,27220720;0,57071233;3,18067169;1,00000000
0,14707843;0,16686147;0,27220720;0,57086611;3,18067169;1,00000000
0,14714511;0,16686147;0,27189961;0,57101995;3,18097925;1,00000000
0,14721178;0,16686147;0,27220720;0,57132751;3,18128681;1,00000000
0,14727845;0,16686147;0,27220720;0,57148129;3,18128681;1,00000000
0,14734512;0,16686147;0,27189961;0,57194269;3,18128681;1,00000000
0,14741179;0,16670766;0,27159202;0,57240403;3,18128681;1,00000000
0,14747847;0,16670766;0,27159202;0,57271159;3,18128681;1,00000000
0,14754514;0,16670766;0,27159202;0,57317299;3,18159461;1,00000000
0,14761181;0,16670766;0,27159202;0,57348061;3,18190217;1,00000000
0,14767848;0,16670766;0,27159202;0,57378817;3,18251729;1,00000000
0,14774515;0,16655388;0,27189961;0,57409573;3,18282485;1,00000000
0,14781183;0,16655388;0,27220720;0,57455707;3,18251729;1,00000000
0,14787850;0,16670766;0,27189961;0,57501847;3,18220973;1,00000000
0,14794517;0,16670766;0,27189961;0,57547981;3,18220973;1,00000000
0,14801184;0,16670766;0,27189961;0,57594121;3,18220973;1,00000000
0,14807851;0,16670766;0,27159202;0,57655638;3,18220973;1,00000000
0,14814519;0,16670766;0,27189961;0,57686394;3,18251729;1,00000000
0,14821186;0,16670766;0,27220720;0,57732528;3,18251729;1,00000000
0,14827853;0,16655388;0,27251476;0,57763284;3,18282485;1,00000000
0,14834520;0,16655388;0,27282235;0,57794046;3,18313241;1,00000000
0,14841187;0,16655388;0,27282235;0,57824802;3,18313241;1,00000000
0,14847855;0,16655388;0,27312991;0,57870936;3,18313241;1,00000000
0,14854522;0,16655388;0,27312991;0,57932454;3,18313241;1,00000000
0,14861189;0,16670766;0,27343750;0,57963216;3,18343997;1,00000000
0,14867856;0,16670766;0,27374509;0,58024728;3,18374753;1,00000000
0,14874523;0,16670766;0,27405265;0,58086246;3,18405509;1,00000000
0,14881191;0,16670766;0,27436024;0,58132380;3,18436265;1,00000000
0,14887858;0,16670766;0,27466780;0,58178520;3,18467021;1,00000000
0,14894525;0,16670766;0,27436024;0,58224654;3,18467021;1,00000000
0,14901192;0,16670766;0,27436024;0,58270794;3,18467021;1,00000000
0,14907859;0,16670766;0,27466780;0,58316928;3,18436265;1,00000000
0,14914527;0,16670766;0,27466780;0,58347690;3,18467021;1,00000000
0,14921194;0,16670766;0,27497539;0,58393824;3,18528533;1,00000000
0,14927861;0,16686147;0,27497539;0,58424580;3,18528533;1,00000000
0,14934528;0,16686147;0,27528298;0,58470720;3,18559289;1,00000000
0,14941195;0,16686147;0,27528298;0,58501476;3,18590045;1,00000000
0,14947863;0,16701525;0,27559054;0,58547610;3,18590045;1,00000000
0,14954530;0,16701525;0,27589813;0,58578372;3,18559289;1,00000000
0,14961197;0,16701525;0,27589813;0,58593750;3,18590045;1,00000000
0,14967864;0,16701525;0,27559054;0,58624506;3,18590045;1,00000000
0,14974531;0,16701525;0,27559054;0,58639890;3,18590045;1,00000000
0,14981199;0,16701525;0,27559054;0,58670646;3,18590045;1,00000000
0,14987866;0,16701525;0,27559054;0,58686024;3,18590045;1,00000000
0,14994533;0,16701525;0,27589813;0,58701402;3,18559289;1,00000000
0,15001200;0,16716905;0,27589813;0,58716780;3,18528533;1,00000000
0,15007867;0,16716905;0,27559054;0,58716780;3,18559289;1,00000000
0,15014535;0,16701525;0,27559054;0,58747536;3,18559289;1,00000000
0,15021202;0,16701525;0,27559054;0,58747536;3,18559289;1,00000000
0,15027869;0,16701525;0,27559054;0,58747536;3,18559289;1,00000000
0,15034536;0,16701525;0,27559054;0,58778298;3,18559289;1,00000000
0,15041203;0,16701525;0,27528298;0,58778298;3,18528533;1,00000000
0,15047871;0,16701525;0,27528298;0,58778298;3,18436265;1,00000000
0,15054538;0,16701525;0,27528298;0,58778298;3,18467021;1,00000000
0,15061205;0,16701525;0,27528298;0,58778298;3,18467021;1,00000000
0,15067872;0,16701525;0,27559054;0,58778298;3,18467021;1,00000000
0,15074539;0,16701525;0,27528298;0,58778298;3,18467021;1,00000000
0,15081207;0,16701525;0,27497539;0,58778298;3,18467021;1,00000000
0,15087874;0,16701525;0,27497539;0,58747536;3,18436265;1,00000000
0,15094541;0,16701525;0,27497539;0,58732158;3,18405509;1,00000000
0,15101208;0,16701525;0,27466780;0,58732158;3,18405509;1,00000000
0,15107875;0,16701525;0,27466780;0,58716780;3,18405509;1,00000000
0,15114543;0,16701525;0,27466780;0,58686024;3,18436265;1,00000000
0,15121210;0,16701525;0,27436024;0,58670646;3,18467021;1,00000000
0,15127877;0,16701525;0,27466780;0,58639890;3,18467021;1,00000000
0,15134544;0,16701525;0,27436024;0,58609128;3,18467021;1,00000000
0,15141211;0,16701525;0,27436024;0,58578372;3,18436265;1,00000000
0,15147879;0,16686147;0,27436024;0,58547610;3,18436265;1,00000000
0,15154546;0,16686147;0,27436024;0,58532232;3,18436265;1,00000000
0,15161213;0,16670766;0,27436024;0,58501476;3,18405509;1,00000000
0,15167880;0,16670766;0,27436024;0,58501476;3,18374753;1,00000000
0,15174547;0,16670766;0,27436024;0,58470720;3,18405509;1,00000000
0,15181215;0,16670766;0,27405265;0,58439958;3,18436265;1,00000000
0,15187882;0,16670766;0,27405265;0,58409202;3,18405509;1,00000000
0,15194549;0,16655388;0,27405265;0,58378446;3,18405509;1,00000000
0,15201216;0,16655388;0,27405265;0,58347690;3,18405509;1,00000000
0,15207883;0,16655388;0,27374509;0,58332312;3,18405509;1,00000000
0,15214551;0,16655388;0,27374509;0,58316928;3,18374753;1,00000000
0,15221218;0,16655388;0,27374509;0,58301550;3,18436265;1,00000000
0,15227885;0,16655388;0,27343750;0,58286172;3,18405509;1,00000000
0,15234552;0,16640009;0,27312991;0,58255410;3,18405509;1,00000000
0,15241219;0,16640009;0,27312991;0,58224654;3,18405509;1,00000000
0,15247887;0,16640009;0,27312991;0,58193898;3,18405509;1,00000000
0,15254554;0,16624631;0,27282235;0,58163142;3,18405509;1,00000000
0,15261221;0,16624631;0,27251476;0,58132380;3,18436265;1,00000000
0,15267888;0,16609251;0,27282235;0,58086246;3,18405509;1,00000000
0,15274555;0,16593874;0,27282235;0,58040106;3,18436265;1,00000000
0,15281223;0,16593874;0,27251476;0,57993972;3,18467021;1,00000000
0,15287890;0,16578494;0,27220720;0,57963216;3,18467021;1,00000000
0,15294557;0,16578494;0,27220720;0,57917076;3,18467021;1,00000000
0,15301224;0,16578494;0,27189961;0,57886314;3,18467021;1,00000000
0,15307891;0,16578494;0,27159202;0,57855558;3,18467021;1,00000000
0,15314559;0,16578494;0,27159202;0,57824802;3,18467021;1,00000000
0,15321226;0,16578494;0,27128446;0,57778668;3,18436265;1,00000000
0,15327893;0,16563116;0,27097687;0,57747906;3,18467021;1,00000000
0,15334560;0,16563116;0,27066928;0,57701772;3,18528533;1,00000000
0,15341227;0,16563116;0,27066928;0,57655638;3,18528533;1,00000000
0,15347895;0,16563116;0,27097687;0,57624876;3,18559289;1,00000000
0,15354562;0,16547737;0,27097687;0,57594121;3,18559289;1,00000000
0,15361229;0,16547737;0,27097687;0,57563359;3,18559289;1,00000000
0,15367896;0,16547737;0,27128446;0,57532603;3,18528533;1,00000000
0,15374563;0,16547737;0,27097687;0,57517225;3,18559289;1,00000000
0,15381231;0,16532359;0,27097687;0,57486469;3,18590045;1,00000000
0,15387898;0,16532359;0,27097687;0,57455707;3,18620801;1,00000000
0,15394565;0,16532359;0,27066928;0,57424951;3,18620801;1,00000000
0,15401232;0,16532359;0,27066928;0,57394195;3,18590045;1,00000000
0,15407899;0,16532359;0,27036172;0,57363439;3,18590045;1,00000000
0,15414567;0,16516978;0,27005413;0,57332677;3,18590045;1,00000000
0,15421234;0,16516978;0,27005413;0,57317299;3,18590045;1,00000000
0,15427901;0,16516978;0,27005413;0,57301921;3,18590045;1,00000000
0,15434568;0,16516978;0,27005413;0,57271159;3,18620801;1,00000000
0,15441235;0,16516978;0,27005413;0,57240403;3,18651581;1,00000000
0,15447903;0,16516978;0,27005413;0,57209647;3,18713093;1,00000000
0,15454570;0,16501600;0,27005413;0,57194269;3,18682337;1,00000000
0,15461237;0,16501600;0,27005413;0,57163513;3,18651581;1,00000000
0,15467904;0,16501600;0,27005413;0,57132751;3,18651581;1,00000000
0,15474571;0,16501600;0,27005413;0,57132751;3,18651581;1,00000000
0,15481239;0,16501600;0,27005413;0,57132751;3,18651581;1,00000000
0,15487906;0,16501600;0,27005413;0,57117373;3,18682337;1,00000000
0,15494573;0,16501600;0,27036172;0,57117373;3,18743849;1,00000000
0,15501240;0,16501600;0,27036172;0,57117373;3,18805361;1,00000000
0,15507907;0,16486220;0,27005413;0,57117373;3,18805361;1,00000000
0,15514575;0,16486220;0,27005413;0,57117373;3,18805361;1,00000000
0,15521242;0,16470842;0,26974654;0,57117373;3,18805361;1,00000000
0,15527909;0,16455463;0,27005413;0,57101995;3,18805361;1,00000000
0,15534576;0,16455463;0,27005413;0,57101995;3,18805361;1,00000000
0,15541243;0,16455463;0,27005413;0,57101995;3,18866873;1,00000000
0,15547911;0,16455463;0,27005413;0,57101995;3,18897629;1,00000000
0,15554578;0,16440085;0,27036172;0,57117373;3,18928385;1,00000000
0,15561245;0,16440085;0,27066928;0,57132751;3,18897629;1,00000000
0,15567912;0,16424704;0,27097687;0,57178891;3,18866873;1,00000000
0,15574579;0,16424704;0,27097687;0,57194269;3,18836117;1,00000000
0,15581247;0,16424704;0,27097687;0,57209647;3,18836117;1,00000000
0,15587914;0,16424704;0,27097687;0,57209647;3,18836117;1,00000000
0,15594581;0,16424704;0,27128446;0,57225025;3,18836117;1,00000000
0,15601248;0,16424704;0,27128446;0,57240403;3,18866873;1,00000000
0,15607915;0,16424704;0,27159202;0,57255781;3,18897629;1,00000000
0,15614583;0,16424704;0,27159202;0,57286543;3,18897629;1,00000000
0,15621250;0,16424704;0,27159202;0,57301921;3,18866873;1,00000000
0,15627917;0,16424704;0,27159202;0,57332677;3,18836117;1,00000000
0,15634584;0,16424704;0,27159202;0,57348061;3,18836117;1,00000000
0,15641251;0,16424704;0,27189961;0,57363439;3,18836117;1,00000000
0,15647919;0,16424704;0,27220720;0,57394195;3,18805361;1,00000000
0,15654586;0,16424704;0,27251476;0,57424951;3,18805361;1,00000000
0,15661253;0,16424704;0,27282235;0,57455707;3,18805361;1,00000000
0,15667920;0,16424704;0,27312991;0,57471091;3,18805361;1,00000000
0,15674587;0,16424704;0,27312991;0,57486469;3,18774605;1,00000000
0,15681255;0,16424704;0,27312991;0,57517225;3,18743849;1,00000000
0,15687922;0,16440085;0,27312991;0,57532603;3,18713093;1,00000000
0,15694589;0,16440085;0,27312991;0,57563359;3,18651581;1,00000000
0,15701256;0,16440085;0,27312991;0,57594121;3,18651581;1,00000000
0,15707923;0,16424704;0,27282235;0,57624876;3,18651581;1,00000000
0,15714591;0,16424704;0,27251476;0,57640254;3,18620801;1,00000000
0,15721258;0,16409326;0,27251476;0,57671016;3,18620801;1,00000000
0,15727925;0,16409326;0,27251476;0,57701772;3,18620801;1,00000000
0,15734592;0,16409326;0,27282235;0,57732528;3,18559289;1,00000000
0,15741259;0,16424704;0,27312991;0,57763284;3,18467021;1,00000000
0,15747927;0,16424704;0,27312991;0,57794046;3,18436265;1,00000000
0,15754594;0,16440085;0,27312991;0,57809424;3,18405509;1,00000000
0,15761261;0,16440085;0,27312991;0,57824802;3,18405509;1,00000000
0,15767928;0,16440085;0,27312991;0,57840180;3,18405509;1,00000000
0,15774595;0,16440085;0,27312991;0,57870936;3,18374753;1,00000000
0,15781263;0,16440085;0,27343750;0,57901698;3,18343997;1,00000000
0,15787930;0,16440085;0,27312991;0,57932454;3,18313241;1,00000000
0,15794597;0,16440085;0,27312991;0,57963216;3,18313241;1,00000000
0,15801264;0,16440085;0,27282235;0,57978594;3,18282485;1,00000000
0,15807931;0,16455463;0,27251476;0,58009350;3,18251729;1,00000000
0,15814599;0,16455463;0,27251476;0,58040106;3,18220973;1,00000000
0,15821266;0,16440085;0,27220720;0,58070862;3,18190217;1,00000000
0,15827933;0,16440085;0,27220720;0,58086246;3,18159461;1,00000000
0,15834600;0,16455463;0,27220720;0,58101624;3,18128681;1,00000000
0,15841267;0,16455463;0,27189961;0,58132380;3,18128681;1,00000000
0,15847935;0,16440085;0,27189961;0,58163142;3,18128681;1,00000000
0,15854602;0,16440085;0,27159202;0,58193898;3,18067169;1,00000000
0,15861269;0,16440085;0,27128446;0,58224654;3,18036413;1,00000000
0,15867936;0,16440085;0,27128446;0,58255410;3,18005657;1,00000000
0,15874603;0,16440085;0,27128446;0,58286172;3,17944145;1,00000000
0,15881271;0,16440085;0,27159202;0,58316928;3,17882633;1,00000000
0,15887938;0,16424704;0,27159202;0,58347690;3,17882633;1,00000000
0,15894605;0,16409326;0,27128446;0,58363068;3,17882633;1,00000000
0,15901272;0,16393946;0,27097687;0,58363068;3,17882633;1,00000000
0,15907939;0,16393946;0,27097687;0,58393824;3,17882633;1,00000000
0,15914607;0,16378568;0,27066928;0,58409202;3,17851877;1,00000000
0,15921274;0,16378568;0,27066928;0,58424580;3,17790365;1,00000000
0,15927941;0,16378568;0,27066928;0,58439958;3,17790365;1,00000000
0,15934608;0,16378568;0,27036172;0,58455342;3,17790365;1,00000000
0,15941275;0,16363189;0,27005413;0,58470720;3,17790365;1,00000000
0,15947943;0,16363189;0,26974654;0,58486098;3,17790365;1,00000000
0,15954610;0,16347811;0,26974654;0,58501476;3,17790365;1,00000000
0,15961277;0,16347811;0,26943898;0,58516854;3,17759609;1,00000000
0,15967944;0,16363189;0,26943898;0,58532232;3,17728853;1,00000000
0,15974611;0,16347811;0,26913139;0,58547610;3,17728853;1,00000000
0,15981279;0,16347811;0,26882383;0,58562988;3,17728853;1,00000000
0,15987946;0,16347811;0,26851624;0,58562988;3,17759609;1,00000000
0,15994613;0,16347811;0,26851624;0,58578372;3,17759609;1,00000000
0,16001280;0,16332431;0,26851624;0,58593750;3,17790365;1,00000000
0,16007947;0,16332431;0,26820865;0,58609128;3,17790365;1,00000000
0,16014615;0,16347811;0,26790109;0,58624506;3,17759609;1,00000000
0,16021282;0,16347811;0,26759350;0,58639890;3,17759609;1,00000000
0,16027949;0,16347811;0,26790109;0,58655268;3,17759609;1,00000000
0,16034616;0,16332431;0,26790109;0,58670646;3,17759609;1,00000000
0,16041283;0,16347811;0,26790109;0,58686024;3,17790365;1,00000000
0,16047951;0,16363189;0,26820865;0,58701402;3,17821121;1,00000000
0,16054618;0,16363189;0,26820865;0,58701402;3,17851877;1,00000000
0,16061285;0,16363189;0,26790109;0,58716780;3,17821121;1,00000000
0,16067952;0,16363189;0,26820865;0,58716780;3,17821121;1,00000000
0,16074619;0,16378568;0,26851624;0,58716780;3,17821121;1,00000000
0,16081287;0,16363189;0,26851624;0,58716780;3,17821121;1,00000000
0,16087954;0,16347811;0,26851624;0,58716780;3,17821121;1,00000000
0,16094621;0,16347811;0,26820865;0,58716780;3,17851877;1,00000000
0,16101288;0,16347811;0,26820865;0,58716780;3,17851877;1,00000000
0,16107955;0,16347811;0,26820865;0,58716780;3,17913389;1,00000000
0,16114623;0,16347811;0,26851624;0,58701402;3,17944145;1,00000000
0,16121290;0,16363189;0,26820865;0,58686024;3,17944145;1,00000000
0,16127957;0,16363189;0,26790109;0,58686024;3,17944145;1,00000000
0,16134624;0,16363189;0,26790109;0,58670646;3,17944145;1,00000000
0,16141291;0,16347811;0,26759350;0,58655268;3,17974901;1,00000000
0,16147959;0,16347811;0,26790109;0,58639890;3,18005657;1,00000000
0,16154626;0,16363189;0,26759350;0,58624506;3,18036413;1,00000000
0,16161293;0,16363189;0,26790109;0,58609128;3,18036413;1,00000000
0,16167960;0,16378568;0,26790109;0,58593750;3,18067169;1,00000000
0,16174627;0,16393946;0,26790109;0,58578372;3,18067169;1,00000000
0,16181295;0,16409326;0,26790109;0,58547610;3,18067169;1,00000000
0,16187962;0,16424704;0,26790109;0,58532232;3,18097925;1,00000000
0,16194629;0,16440085;0,26790109;0,58516854;3,18128681;1,00000000
0,16201296;0,16440085;0,26790109;0,58501476;3,18128681;1,00000000
0,16207963;0,16455463;0,26790109;0,58486098;3,18097925;1,00000000
0,16214631;0,16455463;0,26820865;0,58455342;3,18128681;1,00000000
0,16221298;0,16455463;0,26820865;0,58424580;3,18128681;1,00000000
0,16227965;0,16470842;0,26790109;0,58393824;3,18128681;1,00000000
0,16234632;0,16486220;0,26820865;0,58347690;3,18159461;1,00000000
0,16241299;0,16501600;0,26820865;0,58316928;3,18190217;1,00000000
0,16247967;0,16516978;0,26820865;0,58286172;3,18190217;1,00000000
0,16254634;0,16532359;0,26820865;0,58255410;3,18159461;1,00000000
0,16261301;0,16532359;0,26851624;0,58224654;3,18190217;1,00000000
0,16267968;0,16547737;0,26851624;0,58193898;3,18220973;1,00000000
0,16274635;0,16563116;0,26851624;0,58147764;3,18220973;1,00000000
0,16281303;0,16563116;0,26851624;0,58117002;3,18220973;1,00000000
0,16287970;0,16578494;0,26851624;0,58086246;3,18251729;1,00000000
0,16294637;0,16578494;0,26882383;0,58040106;3,18251729;1,00000000
0,16301304;0,16593874;0,26882383;0,58009350;3,18251729;1,00000000
0,16307971;0,16593874;0,26882383;0,57978594;3,18251729;1,00000000
0,16314639;0,16609251;0,26851624;0,57932454;3,18220973;1,00000000
0,16321306;0,16624631;0,26851624;0,57886314;3,18251729;1,00000000
0,16327973;0,16640009;0,26851624;0,57840180;3,18282485;1,00000000
0,16334640;0,16655388;0,26851624;0,57794046;3,18313241;1,00000000
0,16341307;0,16670766;0,26882383;0,57763284;3,18313241;1,00000000
0,16347975;0,16670766;0,26882383;0,57747906;3,18313241;1,00000000
0,16354642;0,16670766;0,26882383;0,57717150;3,18313241;1,00000000
0,16361309;0,16670766;0,26913139;0,57686394;3,18313241;1,00000000
0,16367976;0,16686147;0,26943898;0,57655638;3,18282485;1,00000000
0,16374643;0,16686147;0,26943898;0,57624876;3,18313241;1,00000000
0,16381311;0,16701525;0,26943898;0,57594121;3,18374753;1,00000000
0,16387978;0,16716905;0,26974654;0,57563359;3,18374753;1,00000000
0,16394645;0,16732283;0,27005413;0,57532603;3,18374753;1,00000000
0,16401312;0,16732283;0,27036172;0,57501847;3,18374753;1,00000000
0,16407979;0,16732283;0,27036172;0,57471091;3,18374753;1,00000000
0,16414647;0,16747662;0,27066928;0,57440329;3,18374753;1,00000000
0,16421314;0,16747662;0,27066928;0,57409573;3,18405509;1,00000000
0,16427981;0,16763040;0,27066928;0,57363439;3,18343997;1,00000000
0,16434648;0,16763040;0,27036172;0,57332677;3,18313241;1,00000000
0,16441315;0,16763040;0,27066928;0,57301921;3,18313241;1,00000000
0,16447983;0,16763040;0,27066928;0,57255781;3,18313241;1,00000000
0,16454650;0,16763040;0,27066928;0,57240403;3,18313241;1,00000000
0,16461317;0,16778421;0,27097687;0,57194269;3,18313241;1,00000000
0,16467984;0,16793799;0,27097687;0,57148129;3,18313241;1,00000000
0,16474651;0,16793799;0,27097687;0,57117373;3,18251729;1,00000000
0,16481319;0,16809179;0,27097687;0,57086611;3,18190217;1,00000000
0,16487986;0,16809179;0,27066928;0,57040477;3,18190217;1,00000000
0,16494653;0,16809179;0,27066928;0,56994343;3,18190217;1,00000000
0,16501320;0,16809179;0,27066928;0,56948203;3,18190217;1,00000000
0,16507987;0,16809179;0,27066928;0,56917441;3,18190217;1,00000000
0,16514655;0,16809179;0,27066928;0,56871307;3,18190217;1,00000000
0,16521322;0,16824557;0,27036172;0,56855929;3,18190217;1,00000000
0,16527989;0,16824557;0,27005413;0,56825173;3,18220973;1,00000000
0,16534656;0,16839936;0,26974654;0,56809795;3,18190217;1,00000000
0,16541323;0,16839936;0,26974654;0,56794411;3,18128681;1,00000000
0,16547991;0,16839936;0,27005413;0,56779033;3,18128681;1,00000000
0,16554658;0,16839936;0,27005413;0,56748277;3,18128681;1,00000000
0,16561325;0,16839936;0,27005413;0,56717521;3,18128681;1,00000000
0,16567992;0,16839936;0,26974654;0,56702143;3,18128681;1,00000000
0,16574659;0,16839936;0,26943898;0,56686765;3,18097925;1,00000000
0,16581327;0,16839936;0,26913139;0,56671381;3,18067169;1,00000000
0,16587994;0,16839936;0,26882383;0,56656003;3,18067169;1,00000000
0,16594661;0,16839936;0,26851624;0,56656003;3,18005657;1,00000000
0,16601328;0,16839936;0,26851624;0,56656003;3,17974901;1,00000000
0,16607995;0,16855314;0,26820865;0,56656003;3,17974901;1,00000000
0,16614663;0,16855314;0,26820865;0,56656003;3,17974901;1,00000000
0,16621330;0,16855314;0,26820865;0,56656003;3,17974901;1,00000000
0,16627997;0,16855314;0,26820865;0,56656003;3,17974901;1,00000000
0,16634664;0,16855314;0,26790109;0,56656003;3,17974901;1,00000000
0,16641331;0,16855314;0,26759350;0,56656003;3,17974901;1,00000000
0,16647999;0,16855314;0,26728594;0,56671381;3,17974901;1,00000000
0,16654666;0,16839936;0,26697835;0,56671381;3,17944145;1,00000000
0,16661333;0,16839936;0,26697835;0,56686765;3,17944145;1,00000000
0,16668000;0,16839936;0,26728594;0,56702143;3,17944145;1,00000000
0,16674667;0,16839936;0,26728594;0,56717521;3,17944145;1,00000000
0,16681335;0,16839936;0,26728594;0,56732899;3,17944145;1,00000000
0,16688002;0,16839936;0,26759350;0,56763655;3,17944145;1,00000000
0,16694669;0,16839936;0,26728594;0,56794411;3,17974901;1,00000000
0,16701336;0,16839936;0,26728594;0,56825173;3,18036413;1,00000000
0,16708003;0,16824557;0,26697835;0,56871307;3,18097925;1,00000000
0,16714671;0,16824557;0,26697835;0,56902063;3,18067169;1,00000000
0,16721338;0,16839936;0,26697835;0,56917441;3,18067169;1,00000000
0,16728005;0,16839936;0,26697835;0,56948203;3,18067169;1,00000000
0,16734672;0,16839936;0,26728594;0,56978959;3,18067169;1,00000000
0,16741339;0,16839936;0,26759350;0,57009721;3,18067169;1,00000000
0,16748007;0,16839936;0,26759350;0,57055855;3,18097925;1,00000000
0,16754674;0,16839936;0,26759350;0,57101995;3,18159461;1,00000000
0,16761341;0,16839936;0,26728594;0,57148129;3,18190217;1,00000000
0,16768008;0,16839936;0,26697835;0,57194269;3,18159461;1,00000000
0,16774675;0,16839936;0,26697835;0,57240403;3,18159461;1,00000000
0,16781343;0,16839936;0,26697835;0,57286543;3,18159461;1,00000000
0,16788010;0,16839936;0,26697835;0,57332677;3,18159461;1,00000000
0,16794677;0,16839936;0,26697835;0,57378817;3,18190217;1,00000000
0,16801344;0,16839936;0,26697835;0,57424951;3,18220973;1,00000000
0,16808011;0,16839936;0,26728594;0,57471091;3,18251729;1,00000000
0,16814679;0,16839936;0,26759350;0,57532603;3,18313241;1,00000000
0,16821346;0,16839936;0,26728594;0,57578737;3,18343997;1,00000000
0,16828013;0,16855314;0,26728594;0,57640254;3,18313241;1,00000000
0,16834680;0,16855314;0,26697835;0,57701772;3,18313241;1,00000000
0,16841347;0,16870694;0,26728594;0,57747906;3,18313241;1,00000000
0,16848015;0,16855314;0,26759350;0,57794046;3,18343997;1,00000000
0,16854682;0,16870694;0,26790109;0,57840180;3,18343997;1,00000000
0,16861349;0,16870694;0,26790109;0,57886314;3,18374753;1,00000000
0,16868016;0,16870694;0,26790109;0,57932454;3,18374753;1,00000000
0,16874683;0,16870694;0,26790109;0,57963216;3,18405509;1,00000000
0,16881351;0,16870694;0,26759350;0,58009350;3,18436265;1,00000000
0,16888018;0,16870694;0,26790109;0,58055484;3,18436265;1,00000000
0,16894685;0,16870694;0,26820865;0,58117002;3,18467021;1,00000000
0,16901352;0,16886072;0,26851624;0,58163142;3,18467021;1,00000000
0,16908019;0,16886072;0,26882383;0,58224654;3,18467021;1,00000000
0,16914687;0,16886072;0,26882383;0,58255410;3,18528533;1,00000000
0,16921354;0,16886072;0,26913139;0,58301550;3,18559289;1,00000000
0,16928021;0,16886072;0,26943898;0,58332312;3,18559289;1,00000000
0,16934688;0,16886072;0,26974654;0,58347690;3,18559289;1,00000000
0,16941355;0,16886072;0,27005413;0,58393824;3,18559289;1,00000000
0,16948023;0,16886072;0,27036172;0,58409202;3,18559289;1,00000000
0,16954690;0,16886072;0,27066928;0,58439958;3,18559289;1,00000000
0,16961357;0,16886072;0,27097687;0,58470720;3,18559289;1,00000000
0,16968024;0,16886072;0,27128446;0,58486098;3,18528533;1,00000000
0,16974691;0,16886072;0,27128446;0,58516854;3,18559289;1,00000000
0,16981359;0,16886072;0,27128446;0,58547610;3,18559289;1,00000000
0,16988026;0,16886072;0,27128446;0,58562988;3,18590045;1,00000000
0,16994693;0,16886072;0,27128446;0,58578372;3,18559289;1,00000000
0,17001360;0,16886072;0,27097687;0,58609128;3,18559289;1,00000000
0,17008027;0,16886072;0,27128446;0,58609128;3,18528533;1,00000000
0,17014695;0,16886072;0,27159202;0,58609128;3,18528533;1,00000000
0,17021362;0,16886072;0,27159202;0,58609128;3,18528533;1,00000000
0,17028029;0,16886072;0,27159202;0,58624506;3,18528533;1,00000000
0,17034696;0,16886072;0,27159202;0,58624506;3,18528533;1,00000000
0,17041363;0,16886072;0,27159202;0,58639890;3,18467021;1,00000000
0,17048031;0,16886072;0,27128446;0,58655268;3,18436265;1,00000000
0,17054698;0,16886072;0,27128446;0,58655268;3,18405509;1,00000000
0,17061365;0,16886072;0,27128446;0,58655268;3,18405509;1,00000000
0,17068032;0,16886072;0,27128446;0,58655268;3,18405509;1,00000000
0,17074699;0,16870694;0,27128446;0,58639890;3,18405509;1,00000000
0,17081367;0,16870694;0,27128446;0,58624506;3,18405509;1,00000000
0,17088034;0,16870694;0,27128446;0,58609128;3,18374753;1,00000000
0,17094701;0,16855314;0,27097687;0,58593750;3,18343997;1,00000000
0,17101368;0,16839936;0,27097687;0,58593750;3,18313241;1,00000000
0,17108035;0,16839936;0,27097687;0,58593750;3,18343997;1,00000000
0,17114703;0,16824557;0,27097687;0,58578372;3,18343997;1,00000000
0,17121370;0,16824557;0,27128446;0,58562988;3,18343997;1,00000000
0,17128037;0,16824557;0,27128446;0,58562988;3,18343997;1,00000000
0,17134704;0,16824557;0,27128446;0,58547610;3,18313241;1,00000000
0,17141371;0,16824557;0,27097687;0,58532232;3,18282485;1,00000000
0,17148039;0,16824557;0,27066928;0,58532232;3,18251729;1,00000000
0,17154706;0,16824557;0,27036172;0,58516854;3,18220973;1,00000000
0,17161373;0,16824557;0,27005413;0,58486098;3,18251729;1,00000000
0,17168040;0,16824557;0,27005413;0,58470720;3,18282485;1,00000000
0,17174707;0,16824557;0,27036172;0,58439958;3,18313241;1,00000000
0,17181375;0,16824557;0,27066928;0,58409202;3,18282485;1,00000000
0,17188042;0,16824557;0,27066928;0,58378446;3,18282485;1,00000000
0,17194709;0,16824557;0,27066928;0,58347690;3,18282485;1,00000000
0,17201376;0,16824557;0,27036172;0,58316928;3,18251729;1,00000000
0,17208043;0,16824557;0,27005413;0,58286172;3,18220973;1,00000000
0,17214711;0,16824557;0,27005413;0,58255410;3,18251729;1,00000000
0,17221378;0,16824557;0,27005413;0,58224654;3,18282485;1,00000000
0,17228045;0,16824557;0,27005413;0,58209276;3,18251729;1,00000000
0,17234712;0,16824557;0,26974654;0,58193898;3,18251729;1,00000000
0,17241379;0,16824557;0,27005413;0,58163142;3,18251729;1,00000000
0,17248047;0,16824557;0,27005413;0,58147764;3,18251729;1,00000000
0,17254714;0,16824557;0,27005413;0,58132380;3,18251729;1,00000000
0,17261381;0,16824557;0,26974654;0,58101624;3,18251729;1,00000000
0,17268048;0,16824557;0,26974654;0,58070862;3,18282485;1,00000000
0,17274715;0,16809179;0,26943898;0,58024728;3,18282485;1,00000000
0,17281383;0,16809179;0,26913139;0,57993972;3,18313241;1,00000000
0,17288050;0,16809179;0,26943898;0,57963216;3,18313241;1,00000000
0,17294717;0,16809179;0,26974654;0,57932454;3,18313241;1,00000000
0,17301384;0,16809179;0,26943898;0,57901698;3,18313241;1,00000000
0,17308051;0,16809179;0,26974654;0,57870936;3,18313241;1,00000000
0,17314719;0,16809179;0,26943898;0,57840180;3,18313241;1,00000000
0,17321386;0,16809179;0,26943898;0,57794046;3,18343997;1,00000000
0,17328053;0,16809179;0,26943898;0,57763284;3,18374753;1,00000000
0,17334720;0,16809179;0,26943898;0,57732528;3,18405509;1,00000000
0,17341387;0,16809179;0,26974654;0,57701772;3,18405509;1,00000000
0,17348055;0,16809179;0,26974654;0,57671016;3,18405509;1,00000000
0,17354722;0,16809179;0,26974654;0,57640254;3,18405509;1,00000000
0,17361389;0,16809179;0,26943898;0,57609499;3,18405509;1,00000000
0,17368056;0,16809179;0,26913139;0,57578737;3,18405509;1,00000000
0,17374723;0,16809179;0,26882383;0,57547981;3,18405509;1,00000000
0,17381391;0,16809179;0,26913139;0,57532603;3,18436265;1,00000000
0,17388058;0,16809179;0,26913139;0,57501847;3,18467021;1,00000000
0,17394725;0,16809179;0,26943898;0,57471091;3,18528533;1,00000000
0,17401392;0,16809179;0,26943898;0,57440329;3,18559289;1,00000000
0,17408059;0,16793799;0,26974654;0,57409573;3,18528533;1,00000000
0,17414727;0,16793799;0,26974654;0,57378817;3,18467021;1,00000000
0,17421394;0,16793799;0,27005413;0,57348061;3,18436265;1,00000000
0,17428061;0,16809179;0,26974654;0,57317299;3,18436265;1,00000000
0,17434728;0,16809179;0,26974654;0,57286543;3,18405509;1,00000000
0,17441395;0,16809179;0,26943898;0,57255781;3,18436265;1,00000000
0,17448063;0,16793799;0,26913139;0,57225025;3,18467021;1,00000000
0,17454730;0,16809179;0,26943898;0,57209647;3,18528533;1,00000000
0,17461397;0,16793799;0,26943898;0,57209647;3,18590045;1,00000000
0,17468064;0,16809179;0,26943898;0,57209647;3,18590045;1,00000000
0,17474731;0,16793799;0,26974654;0,57209647;3,18590045;1,00000000
0,17481399;0,16778421;0,26974654;0,57194269;3,18590045;1,00000000
0,17488066;0,16763040;0,26943898;0,57178891;3,18590045;1,00000000
0,17494733;0,16763040;0,26943898;0,57148129;3,18590045;1,00000000
0,17501400;0,16763040;0,26943898;0,57148129;3,18590045;1,00000000
0,17508067;0,16763040;0,26943898;0,57148129;3,18651581;1,00000000
0,17514735;0,16747662;0,26974654;0,57148129;3,18682337;1,00000000
0,17521402;0,16732283;0,27005413;0,57148129;3,18682337;1,00000000
0,17528069;0,16732283;0,27036172;0,57148129;3,18713093;1,00000000
0,17534736;0,16716905;0,27036172;0,57148129;3,18713093;1,00000000
0,17541403;0,16701525;0,27036172;0,57163513;3,18713093;1,00000000
0,17548071;0,16686147;0,27036172;0,57163513;3,18713093;1,00000000
0,17554738;0,16686147;0,27036172;0,57163513;3,18713093;1,00000000
0,17561405;0,16670766;0,27066928;0,57163513;3,18774605;1,00000000
0,17568072;0,16655388;0,27066928;0,57163513;3,18774605;1,00000000
0,17574739;0,16655388;0,27066928;0,57163513;3,18774605;1,00000000
0,17581407;0,16640009;0,27097687;0,57163513;3,18774605;1,00000000
0,17588074;0,16640009;0,27097687;0,57194269;3,18805361;1,00000000
0,17594741;0,16655388;0,27097687;0,57209647;3,18805361;1,00000000
0,17601408;0,16670766;0,27097687;0,57225025;3,18805361;1,00000000
0,17608075;0,16670766;0,27128446;0,57240403;3,18805361;1,00000000
0,17614743;0,16686147;0,27159202;0,57255781;3,18836117;1,00000000
0,17621410;0,16686147;0,27159202;0,57271159;3,18805361;1,00000000
0,17628077;0,16686147;0,27189961;0,57286543;3,18805361;1,00000000
0,17634744;0,16686147;0,27189961;0,57317299;3,18805361;1,00000000
0,17641411;0,16670766;0,27220720;0,57348061;3,18805361;1,00000000
0,17648079;0,16670766;0,27220720;0,57378817;3,18805361;1,00000000
0,17654746;0,16686147;0,27251476;0,57409573;3,18805361;1,00000000
0,17661413;0,16686147;0,27282235;0,57440329;3,18805361;1,00000000
0,17668080;0,16686147;0,27282235;0,57471091;3,18805361;1,00000000
0,17674747;0,16670766;0,27312991;0,57486469;3,18805361;1,00000000
0,17681415;0,16670766;0,27343750;0,57517225;3,18774605;1,00000000
0,17688082;0,16670766;0,27343750;0,57532603;3,18743849;1,00000000
0,17694749;0,16670766;0,27374509;0,57563359;3,18713093;1,00000000
0,17701416;0,16670766;0,27343750;0,57578737;3,18713093;1,00000000
0,17708083;0,16686147;0,27312991;0,57609499;3,18682337;1,00000000
0,17714751;0,16686147;0,27312991;0,57640254;3,18651581;1,00000000
0,17721418;0,16670766;0,27312991;0,57671016;3,18651581;1,00000000
0,17728085;0,16655388;0,27343750;0,57701772;3,18651581;1,00000000
0,17734752;0,16670766;0,27343750;0,57717150;3,18620801;1,00000000
0,17741419;0,16670766;0,27343750;0,57732528;3,18590045;1,00000000
0,17748087;0,16655388;0,27312991;0,57763284;3,18559289;1,00000000
0,17754754;0,16640009;0,27282235;0,57778668;3,18467021;1,00000000
0,17761421;0,16640009;0,27251476;0,57809424;3,18405509;1,00000000
0,17768088;0,16640009;0,27282235;0,57840180;3,18405509;1,00000000
0,17774755;0,16655388;0,27251476;0,57870936;3,18405509;1,00000000
0,17781423;0,16655388;0,27251476;0,57886314;3,18405509;1,00000000
0,17788090;0,16655388;0,27251476;0,57901698;3,18405509;1,00000000
0,17794757;0,16670766;0,27282235;0,57917076;3,18343997;1,00000000
0,17801424;0,16686147;0,27282235;0,57947832;3,18282485;1,00000000
0,17808091;0,16686147;0,27282235;0,57963216;3,18220973;1,00000000
0,17814759;0,16686147;0,27251476;0,57978594;3,18190217;1,00000000
0,17821426;0,16686147;0,27220720;0,58009350;3,18190217;1,00000000
0,17828093;0,16670766;0,27220720;0,58040106;3,18190217;1,00000000
0,17834760;0,16655388;0,27220720;0,58070862;3,18190217;1,00000000
0,17841427;0,16655388;0,27189961;0,58101624;3,18128681;1,00000000
0,17848095;0,16655388;0,27189961;0,58132380;3,18067169;1,00000000
0,17854762;0,16670766;0,27159202;0,58163142;3,18005657;1,00000000
0,17861429;0,16655388;0,27159202;0,58178520;3,17944145;1,00000000
0,17868096;0,16655388;0,27128446;0,58209276;3,17944145;1,00000000
0,17874763;0,16655388;0,27097687;0,58224654;3,17944145;1,00000000
0,17881431;0,16655388;0,27097687;0,58240032;3,17944145;1,00000000
0,17888098;0,16640009;0,27097687;0,58270794;3,17944145;1,00000000
0,17894765;0,16624631;0,27097687;0,58301550;3,17913389;1,00000000
0,17901432;0,16609251;0,27097687;0,58316928;3,17851877;1,00000000
0,17908099;0,16593874;0,27128446;0,58347690;3,17821121;1,00000000
0,17914767;0,16578494;0,27097687;0,58363068;3,17821121;1,00000000
0,17921434;0,16578494;0,27066928;0,58393824;3,17821121;1,00000000
0,17928101;0,16593874;0,27036172;0,58409202;3,17821121;1,00000000
0,17934768;0,16578494;0,27036172;0,58424580;3,17821121;1,00000000
0,17941435;0,16578494;0,27005413;0,58439958;3,17790365;1,00000000
0,17948103;0,16578494;0,27005413;0,58470720;3,17728853;1,00000000
0,17954770;0,16563116;0,26974654;0,58486098;3,17728853;1,00000000
0,17961437;0,16547737;0,26943898;0,58486098;3,17728853;1,00000000
0,17968104;0,16547737;0,26913139;0,58501476;3,17728853;1,00000000
0,17974771;0,16532359;0,26882383;0,58516854;3,17728853;1,00000000
0,17981439;0,16516978;0,26851624;0,58532232;3,17759609;1,00000000
0,17988106;0,16532359;0,26851624;0,58547610;3,17759609;1,00000000
0,17994773;0,16516978;0,26882383;0,58562988;3,17728853;1,00000000
0,18001440;0,16532359;0,26851624;0,58593750;3,17728853;1,00000000
0,18008107;0,16516978;0,26882383;0,58609128;3,17728853;1,00000000
0,18014775;0,16532359;0,26882383;0,58639890;3,17759609;1,00000000
0,18021442;0,16516978;0,26913139;0,58655268;3,17790365;1,00000000
0,18028109;0,16516978;0,26943898;0,58670646;3,17821121;1,00000000
0,18034776;0,16516978;0,26943898;0,58686024;3,17790365;1,00000000
0,18041443;0,16501600;0,26913139;0,58701402;3,17759609;1,00000000
0,18048111;0,16486220;0,26913139;0,58701402;3,17759609;1,00000000
0,18054778;0,16486220;0,26913139;0,58701402;3,17759609;1,00000000
0,18061445;0,16486220;0,26943898;0,58686024;3,17790365;1,00000000
0,18068112;0,16486220;0,26943898;0,58686024;3,17821121;1,00000000
0,18074779;0,16486220;0,26913139;0,58670646;3,17821121;1,00000000
0,18081447;0,16501600;0,26943898;0,58655268;3,17790365;1,00000000
0,18088114;0,16486220;0,26943898;0,58639890;3,17759609;1,00000000
0,18094781;0,16470842;0,26943898;0,58639890;3,17790365;1,00000000
0,18101448;0,16470842;0,26913139;0,58639890;3,17821121;1,00000000
0,18108115;0,16486220;0,26882383;0,58624506;3,17851877;1,00000000
0,18114783;0,16486220;0,26882383;0,58624506;3,17882633;1,00000000
0,18121450;0,16470842;0,26882383;0,58609128;3,17882633;1,00000000
0,18128117;0,16486220;0,26913139;0,58593750;3,17851877;1,00000000
0,18134784;0,16486220;0,26913139;0,58593750;3,17882633;1,00000000
0,18141451;0,16486220;0,26913139;0,58578372;3,17944145;1,00000000
0,18148119;0,16501600;0,26913139;0,58562988;3,17944145;1,00000000
0,18154786;0,16516978;0,26913139;0,58547610;3,17974901;1,00000000
0,18161453;0,16532359;0,26913139;0,58516854;3,18005657;1,00000000
0,18168120;0,16532359;0,26882383;0,58501476;3,18005657;1,00000000
0,18174787;0,16532359;0,26913139;0,58486098;3,18005657;1,00000000
0,18181455;0,16547737;0,26913139;0,58470720;3,18036413;1,00000000
0,18188122;0,16547737;0,26913139;0,58455342;3,18067169;1,00000000
0,18194789;0,16547737;0,26943898;0,58439958;3,18097925;1,00000000
0,18201456;0,16563116;0,26943898;0,58424580;3,18159461;1,00000000
0,18208123;0,16578494;0,26913139;0,58393824;3,18190217;1,00000000
0,18214791;0,16593874;0,26943898;0,58363068;3,18190217;1,00000000
0,18221458;0,16593874;0,26974654;0,58347690;3,18190217;1,00000000
0,18228125;0,16578494;0,27005413;0,58316928;3,18190217;1,00000000
0,18234792;0,16578494;0,27036172;0,58286172;3,18159461;1,00000000
0,18241459;0,16578494;0,27066928;0,58255410;3,18159461;1,00000000
0,18248127;0,16593874;0,27066928;0,58224654;3,18220973;1,00000000
0,18254794;0,16593874;0,27036172;0,58193898;3,18251729;1,00000000
0,18261461;0,16609251;0,27036172;0,58163142;3,18251729;1,00000000
0,18268128;0,16609251;0,27066928;0,58132380;3,18251729;1,00000000
0,18274795;0,16609251;0,27097687;0,58101624;3,18251729;1,00000000
0,18281463;0,16624631;0,27097687;0,58055484;3,18251729;1,00000000
0,18288130;0,16640009;0,27097687;0,58009350;3,18251729;1,00000000
0,18294797;0,16640009;0,27128446;0,57963216;3,18251729;1,00000000
0,18301464;0,16640009;0,27128446;0,57917076;3,18251729;1,00000000
0,18308131;0,16655388;0,27128446;0,57870936;3,18282485;1,00000000
0,18314799;0,16655388;0,27128446;0,57824802;3,18282485;1,00000000
0,18321466;0,16670766;0,27128446;0,57794046;3,18282485;1,00000000
0,18328133;0,16686147;0,27159202;0,57747906;3,18282485;1,00000000
0,18334800;0,16701525;0,27128446;0,57701772;3,18282485;1,00000000
0,18341467;0,16716905;0,27159202;0,57655638;3,18282485;1,00000000
0,18348135;0,16716905;0,27159202;0,57609499;3,18282485;1,00000000
0,18354802;0,16732283;0,27189961;0,57563359;3,18251729;1,00000000
0,18361469;0,16732283;0,27189961;0,57532603;3,18282485;1,00000000
0,18368136;0,16732283;0,27159202;0,57486469;3,18282485;1,00000000
0,18374803;0,16732283;0,27128446;0,57455707;3,18282485;1,00000000
0,18381471;0,16747662;0,27128446;0,57409573;3,18282485;1,00000000
0,18388138;0,16763040;0,27159202;0,57378817;3,18282485;1,00000000
0,18394805;0,16778421;0,27159202;0,57332677;3,18282485;1,00000000
0,18401472;0,16793799;0,27189961;0,57301921;3,18251729;1,00000000
0,18408139;0,16809179;0,27189961;0,57271159;3,18220973;1,00000000
0,18414807;0,16824557;0,27189961;0,57225025;3,18190217;1,00000000
0,18421474;0,16824557;0,27189961;0,57178891;3,18220973;1,00000000
0,18428141;0,16824557;0,27220720;0,57148129;3,18220973;1,00000000
0,18434808;0,16824557;0,27220720;0,57117373;3,18220973;1,00000000
0,18441475;0,16839936;0,27220720;0,57086611;3,18251729;1,00000000
0,18448143;0,16839936;0,27220720;0,57040477;3,18220973;1,00000000
0,18454810;0,16839936;0,27251476;0,56994343;3,18190217;1,00000000
0,18461477;0,16855314;0,27282235;0,56963581;3,18159461;1,00000000
0,18468144;0,16855314;0,27312991;0,56917441;3,18128681;1,00000000
0,18474811;0,16870694;0,27312991;0,56886685;3,18159461;1,00000000
0,18481479;0,16870694;0,27282235;0,56855929;3,18159461;1,00000000
0,18488146;0,16886072;0,27312991;0,56825173;3,18190217;1,00000000
0,18494813;0,16886072;0,27343750;0,56779033;3,18220973;1,00000000
0,18501480;0,16901451;0,27343750;0,56763655;3,18220973;1,00000000
0,18508147;0,16916829;0,27374509;0,56748277;3,18190217;1,00000000
0,18514815;0,16932210;0,27374509;0,56717521;3,18128681;1,00000000
0,18521482;0,16932210;0,27343750;0,56686765;3,18097925;1,00000000
0,18528149;0,16947588;0,27343750;0,56671381;3,18067169;1,00000000
0,18534816;0,16932210;0,27343750;0,56640625;3,18097925;1,00000000
0,18541483;0,16932210;0,27343750;0,56609863;3,18097925;1,00000000
0,18548151;0,16916829;0,27312991;0,56609863;3,18097925;1,00000000
0,18554818;0,16932210;0,27282235;0,56594485;3,18097925;1,00000000
0,18561485;0,16932210;0,27282235;0,56579107;3,18097925;1,00000000
0,18568152;0,16947588;0,27312991;0,56548351;3,18036413;1,00000000
0,18574819;0,16947588;0,27282235;0,56548351;3,18005657;1,00000000
0,18581487;0,16947588;0,27251476;0,56548351;3,17974901;1,00000000
0,18588154;0,16947588;0,27251476;0,56548351;3,17944145;1,00000000
0,18594821;0,16947588;0,27220720;0,56548351;3,17944145;1,00000000
0,18601488;0,16947588;0,27189961;0,56517595;3,17944145;1,00000000
0,18608155;0,16947588;0,27159202;0,56517595;3,17944145;1,00000000
0,18614823;0,16947588;0,27159202;0,56486833;3,17974901;1,00000000
0,18621490;0,16947588;0,27189961;0,56486833;3,17974901;1,00000000
0,18628157;0,16947588;0,27159202;0,56486833;3,17913389;1,00000000
0,18634824;0,16947588;0,27128446;0,56486833;3,17882633;1,00000000
0,18641491;0,16947588;0,27097687;0,56502217;3,17913389;1,00000000
0,18648159;0,16947588;0,27066928;0,56502217;3,17913389;1,00000000
0,18654826;0,16947588;0,27036172;0,56517595;3,17913389;1,00000000
0,18661493;0,16947588;0,27036172;0,56532973;3,17913389;1,00000000
0,18668160;0,16962968;0,27005413;0,56548351;3,17944145;1,00000000
0,18674827;0,16978346;0,27005413;0,56579107;3,17974901;1,00000000
0,18681495;0,16978346;0,27005413;0,56594485;3,17944145;1,00000000
0,18688162;0,16978346;0,26974654;0,56609863;3,17944145;1,00000000
0,18694829;0,16978346;0,26974654;0,56656003;3,17913389;1,00000000
0,18701496;0,16978346;0,27005413;0,56671381;3,17944145;1,00000000
0,18708163;0,16978346;0,27005413;0,56686765;3,17944145;1,00000000
0,18714831;0,16978346;0,27005413;0,56732899;3,17974901;1,00000000
0,18721498;0,16978346;0,26974654;0,56763655;3,17974901;1,00000000
0,18728165;0,16978346;0,27005413;0,56794411;3,17974901;1,00000000
0,18734832;0,16978346;0,27036172;0,56840551;3,17974901;1,00000000
0,18741499;0,16978346;0,27036172;0,56886685;3,17944145;1,00000000
0,18748167;0,16978346;0,27036172;0,56917441;3,17974901;1,00000000
0,18754834;0,16978346;0,27036172;0,56963581;3,18005657;1,00000000
0,18761501;0,16978346;0,27005413;0,57009721;3,18005657;1,00000000
0,18768168;0,16978346;0,27005413;0,57055855;3,18005657;1,00000000
0,18774835;0,16978346;0,27036172;0,57086611;3,18005657;1,00000000
0,18781503;0,16993725;0,27005413;0,57148129;3,18036413;1,00000000
0,18788170;0,16993725;0,27036172;0,57194269;3,18067169;1,00000000
0,18794837;0,16993725;0,27036172;0,57271159;3,18067169;1,00000000
0,18801504;0,17009103;0,27036172;0,57332677;3,18097925;1,00000000
0,18808171;0,17009103;0,27036172;0,57378817;3,18128681;1,00000000
0,18814839;0,17009103;0,27036172;0,57424951;3,18128681;1,00000000
0,18821506;0,17024484;0,27066928;0,57486469;3,18128681;1,00000000
0,18828173;0,17024484;0,27036172;0,57547981;3,18128681;1,00000000
0,18834840;0,17024484;0,27066928;0,57594121;3,18159461;1,00000000
0,18841507;0,17024484;0,27066928;0,57655638;3,18220973;1,00000000
0,18848175;0,17024484;0,27097687;0,57701772;3,18282485;1,00000000
0,18854842;0,17024484;0,27097687;0,57732528;3,18282485;1,00000000
0,18861509;0,17024484;0,27128446;0,57778668;3,18282485;1,00000000
0,18868176;0,17024484;0,27159202;0,57840180;3,18282485;1,00000000
0,18874843;0,17024484;0,27189961;0,57901698;3,18282485;1,00000000
0,18881511;0,17039862;0,27189961;0,57947832;3,18251729;1,00000000
0,18888178;0,17039862;0,27189961;0,57993972;3,18282485;1,00000000
0,18894845;0,17039862;0,27220720;0,58040106;3,18282485;1,00000000
0,18901512;0,17039862;0,27220720;0,58086246;3,18313241;1,00000000
0,18908179;0,17039862;0,27251476;0,58132380;3,18343997;1,00000000
0,18914847;0,17039862;0,27282235;0,58163142;3,18374753;1,00000000
0,18921514;0,17039862;0,27312991;0,58209276;3,18374753;1,00000000
0,18928181;0,17039862;0,27343750;0,58255410;3,18374753;1,00000000
0,18934848;0,17039862;0,27374509;0,58270794;3,18405509;1,00000000
0,18941515;0,17039862;0,27405265;0,58286172;3,18405509;1,00000000
0,18948183;0,17055242;0,27405265;0,58316928;3,18436265;1,00000000
0,18954850;0,17055242;0,27405265;0,58332312;3,18467021;1,00000000
0,18961517;0,17055242;0,27436024;0,58347690;3,18467021;1,00000000
0,18968184;0,17055242;0,27436024;0,58363068;3,18467021;1,00000000
0,18974851;0,17055242;0,27436024;0,58378446;3,18467021;1,00000000
0,18981519;0,17070620;0,27436024;0,58409202;3,18528533;1,00000000
0,18988186;0,17085999;0,27436024;0,58424580;3,18528533;1,00000000
0,18994853;0,17085999;0,27436024;0,58455342;3,18528533;1,00000000
0,19001520;0,17085999;0,27436024;0,58470720;3,18559289;1,00000000
0,19008187;0,17085999;0,27436024;0,58470720;3,18528533;1,00000000
0,19014855;0,17085999;0,27436024;0,58470720;3,18528533;1,00000000
0,19021522;0,17085999;0,27436024;0,58470720;3,18528533;1,00000000
0,19028189;0,17085999;0,27436024;0,58501476;3,18528533;1,00000000
0,19034856;0,17085999;0,27436024;0,58516854;3,18528533;1,00000000
0,19041523;0,17085999;0,27436024;0,58516854;3,18528533;1,00000000
0,19048191;0,17085999;0,27436024;0,58516854;3,18528533;1,00000000
0,19054858;0,17085999;0,27405265;0,58516854;3,18467021;1,00000000
0,19061525;0,17085999;0,27374509;0,58516854;3,18467021;1,00000000
0,19068192;0,17085999;0,27374509;0,58516854;3,18467021;1,00000000
0,19074859;0,17085999;0,27374509;0,58516854;3,18467021;1,00000000
0,19081527;0,17101377;0,27374509;0,58516854;3,18467021;1,00000000
0,19088194;0,17101377;0,27343750;0,58516854;3,18467021;1,00000000
0,19094861;0,17101377;0,27343750;0,58501476;3,18467021;1,00000000
0,19101528;0,17101377;0,27343750;0,58486098;3,18436265;1,00000000
0,19108195;0,17101377;0,27374509;0,58470720;3,18405509;1,00000000
0,19114863;0,17101377;0,27374509;0,58470720;3,18436265;1,00000000
0,19121530;0,17101377;0,27374509;0,58470720;3,18467021;1,00000000
0,19128197;0,17101377;0,27374509;0,58455342;3,18528533;1,00000000
0,19134864;0,17085999;0,27374509;0,58439958;3,18528533;1,00000000
0,19141531;0,17085999;0,27374509;0,58439958;3,18528533;1,00000000
0,19148199;0,17085999;0,27374509;0,58424580;3,18467021;1,00000000
0,19154866;0,17085999;0,27405265;0,58424580;3,18436265;1,00000000
0,19161533;0,17070620;0,27374509;0,58409202;3,18436265;1,00000000
0,19168200;0,17070620;0,27374509;0,58393824;3,18405509;1,00000000
0,19174867;0,17055242;0,27343750;0,58363068;3,18405509;1,00000000
0,19181535;0,17055242;0,27312991;0,58332312;3,18405509;1,00000000
0,19188202;0,17055242;0,27282235;0,58332312;3,18405509;1,00000000
0,19194869;0,17039862;0,27282235;0,58316928;3,18374753;1,00000000
0,19201536;0,17039862;0,27312991;0,58301550;3,18374753;1,00000000
0,19208203;0,17039862;0,27312991;0,58286172;3,18374753;1,00000000
0,19214871;0,17024484;0,27312991;0,58270794;3,18343997;1,00000000
0,19221538;0,17024484;0,27282235;0,58240032;3,18343997;1,00000000
0,19228205;0,17024484;0,27282235;0,58209276;3,18374753;1,00000000
0,19234872;0,17024484;0,27251476;0,58178520;3,18374753;1,00000000
0,19241539;0,17024484;0,27220720;0,58163142;3,18374753;1,00000000
0,19248207;0,17024484;0,27220720;0,58132380;3,18374753;1,00000000
0,19254874;0,17024484;0,27220720;0,58117002;3,18374753;1,00000000
0,19261541;0,17024484;0,27251476;0,58101624;3,18374753;1,00000000
0,19268208;0,17024484;0,27220720;0,58086246;3,18374753;1,00000000
0,19274875;0,17024484;0,27220720;0,58070862;3,18405509;1,00000000
0,19281543;0,17009103;0,27189961;0,58040106;3,18436265;1,00000000
0,19288210;0,16993725;0,27159202;0,58009350;3,18436265;1,00000000
0,19294877;0,16993725;0,27128446;0,57978594;3,18436265;1,00000000
0,19301544;0,16978346;0,27128446;0,57947832;3,18436265;1,00000000
0,19308211;0,16962968;0,27128446;0,57932454;3,18436265;1,00000000
0,19314879;0,16962968;0,27097687;0,57917076;3,18436265;1,00000000
0,19321546;0,16947588;0,27097687;0,57886314;3,18436265;1,00000000
0,19328213;0,16932210;0,27128446;0,57870936;3,18467021;1,00000000
0,19334880;0,16932210;0,27097687;0,57855558;3,18528533;1,00000000
0,19341547;0,16932210;0,27097687;0,57824802;3,18528533;1,00000000
0,19348215;0,16932210;0,27066928;0,57794046;3,18528533;1,00000000
0,19354882;0,16932210;0,27066928;0,57763284;3,18528533;1,00000000
0,19361549;0,16916829;0,27066928;0,57732528;3,18528533;1,00000000
0,19368216;0,16916829;0,27036172;0,57701772;3,18528533;1,00000000
0,19374883;0,16916829;0,27036172;0,57671016;3,18559289;1,00000000
0,19381551;0,16916829;0,27036172;0,57655638;3,18559289;1,00000000
0,19388218;0,16916829;0,27005413;0,57624876;3,18590045;1,00000000
0,19394885;0,16916829;0,27036172;0,57609499;3,18620801;1,00000000
0,19401552;0,16901451;0,27005413;0,57578737;3,18620801;1,00000000
0,19408219;0,16901451;0,27005413;0,57563359;3,18620801;1,00000000
0,19414887;0,16886072;0,27005413;0,57532603;3,18620801;1,00000000
0,19421554;0,16886072;0,27036172;0,57501847;3,18651581;1,00000000
0,19428221;0,16886072;0,27036172;0,57471091;3,18620801;1,00000000
0,19434888;0,16886072;0,27036172;0,57440329;3,18620801;1,00000000
0,19441555;0,16870694;0,27036172;0,57440329;3,18651581;1,00000000
0,19448223;0,16870694;0,27036172;0,57424951;3,18682337;1,00000000
0,19454890;0,16886072;0,27036172;0,57409573;3,18682337;1,00000000
0,19461557;0,16886072;0,27036172;0,57409573;3,18743849;1,00000000
0,19468224;0,16886072;0,27036172;0,57409573;3,18774605;1,00000000
0,19474891;0,16870694;0,27005413;0,57378817;3,18774605;1,00000000
0,19481559;0,16855314;0,27036172;0,57378817;3,18743849;1,00000000
0,19488226;0,16839936;0,27005413;0,57378817;3,18743849;1,00000000
0,19494893;0,16839936;0,27036172;0,57378817;3,18743849;1,00000000
0,19501560;0,16824557;0,27036172;0,57378817;3,18774605;1,00000000
0,19508227;0,16809179;0,27036172;0,57378817;3,18805361;1,00000000
0,19514895;0,16809179;0,27005413;0,57378817;3,18836117;1,00000000
0,19521562;0,16809179;0,27005413;0,57378817;3,18836117;1,00000000
0,19528229;0,16793799;0,27005413;0,57378817;3,18805361;1,00000000
0,19534896;0,16809179;0,27005413;0,57378817;3,18774605;1,00000000
0,19541563;0,16809179;0,27036172;0,57363439;3,18743849;1,00000000
0,19548231;0,16809179;0,27066928;0,57363439;3,18805361;1,00000000
0,19554898;0,16809179;0,27066928;0,57363439;3,18836117;1,00000000
0,19561565;0,16793799;0,27066928;0,57363439;3,18866873;1,00000000
0,19568232;0,16809179;0,27066928;0,57394195;3,18897629;1,00000000
0,19574899;0,16809179;0,27066928;0,57409573;3,18897629;1,00000000
0,19581567;0,16793799;0,27097687;0,57440329;3,18897629;1,00000000
0,19588234;0,16778421;0,27128446;0,57455707;3,18866873;1,00000000
0,19594901;0,16793799;0,27159202;0,57455707;3,18836117;1,00000000
0,19601568;0,16793799;0,27189961;0,57471091;3,18805361;1,00000000
0,19608235;0,16793799;0,27220720;0,57501847;3,18805361;1,00000000
0,19614903;0,16793799;0,27220720;0,57517225;3,18836117;1,00000000
0,19621570;0,16793799;0,27220720;0,57547981;3,18836117;1,00000000
0,19628237;0,16793799;0,27220720;0,57563359;3,18836117;1,00000000
0,19634904;0,16778421;0,27220720;0,57594121;3,18866873;1,00000000
0,19641571;0,16778421;0,27220720;0,57624876;3,18897629;1,00000000
0,19648239;0,16763040;0,27251476;0,57640254;3,18866873;1,00000000
0,19654906;0,16747662;0,27282235;0,57655638;3,18866873;1,00000000
0,19661573;0,16747662;0,27312991;0,57686394;3,18866873;1,00000000
0,19668240;0,16747662;0,27343750;0,57732528;3,18866873;1,00000000
0,19674907;0,16747662;0,27343750;0,57763284;3,18866873;1,00000000
0,19681575;0,16747662;0,27343750;0,57794046;3,18866873;1,00000000
0,19688242;0,16763040;0,27343750;0,57824802;3,18836117;1,00000000
0,19694909;0,16763040;0,27343750;0,57855558;3,18836117;1,00000000
0,19701576;0,16763040;0,27343750;0,57886314;3,18805361;1,00000000
0,19708243;0,16763040;0,27374509;0,57901698;3,18774605;1,00000000
0,19714911;0,16763040;0,27374509;0,57932454;3,18743849;1,00000000
0,19721578;0,16763040;0,27374509;0,57947832;3,18713093;1,00000000
0,19728245;0,16763040;0,27374509;0,57963216;3,18682337;1,00000000
0,19734912;0,16747662;0,27343750;0,57993972;3,18651581;1,00000000
0,19741579;0,16732283;0,27312991;0,58024728;3,18651581;1,00000000
0,19748247;0,16732283;0,27312991;0,58055484;3,18651581;1,00000000
0,19754914;0,16732283;0,27282235;0,58086246;3,18620801;1,00000000
0,19761581;0,16732283;0,27312991;0,58101624;3,18590045;1,00000000
0,19768248;0,16732283;0,27312991;0,58132380;3,18528533;1,00000000
0,19774915;0,16732283;0,27282235;0,58163142;3,18436265;1,00000000
0,19781583;0,16716905;0,27282235;0,58193898;3,18436265;1,00000000
0,19788250;0,16716905;0,27251476;0,58240032;3,18436265;1,00000000
0,19794917;0,16716905;0,27251476;0,58270794;3,18436265;1,00000000
0,19801584;0,16732283;0,27220720;0,58286172;3,18405509;1,00000000
0,19808251;0,16732283;0,27251476;0,58316928;3,18374753;1,00000000
0,19814919;0,16732283;0,27251476;0,58347690;3,18313241;1,00000000
0,19821586;0,16732283;0,27251476;0,58363068;3,18251729;1,00000000
0,19828253;0,16747662;0,27251476;0,58393824;3,18220973;1,00000000
0,19834920;0,16732283;0,27251476;0,58424580;3,18220973;1,00000000
0,19841587;0,16716905;0,27220720;0,58455342;3,18220973;1,00000000
0,19848255;0,16716905;0,27220720;0,58486098;3,18190217;1,00000000
0,19854922;0,16701525;0,27189961;0,58501476;3,18190217;1,00000000
0,19861589;0,16701525;0,27189961;0,58516854;3,18159461;1,00000000
0,19868256;0,16686147;0,27189961;0,58547610;3,18097925;1,00000000
0,19874923;0,16670766;0,27189961;0,58562988;3,18067169;1,00000000
0,19881591;0,16655388;0,27159202;0,58593750;3,18036413;1,00000000
0,19888258;0,16640009;0,27159202;0,58609128;3,18036413;1,00000000
0,19894925;0,16624631;0,27128446;0,58639890;3,18005657;1,00000000
0,19901592;0,16640009;0,27097687;0,58670646;3,18005657;1,00000000
0,19908259;0,16640009;0,27097687;0,58701402;3,17974901;1,00000000
0,19914927;0,16624631;0,27097687;0,58732158;3,17944145;1,00000000
0,19921594;0,16609251;0,27066928;0,58747536;3,17944145;1,00000000
0,19928261;0,16609251;0,27036172;0,58778298;3,17913389;1,00000000
0,19934928;0,16609251;0,27005413;0,58793676;3,17882633;1,00000000
0,19941595;0,16609251;0,26974654;0,58824432;3,17882633;1,00000000
0,19948263;0,16593874;0,26943898;0,58839810;3,17882633;1,00000000
0,19954930;0,16578494;0,26943898;0,58855188;3,17851877;1,00000000
0,19961597;0,16578494;0,26943898;0,58885950;3,17821121;1,00000000
0,19968264;0,16563116;0,26913139;0,58916706;3,17821121;1,00000000
0,19974931;0,16563116;0,26882383;0,58932084;3,17851877;1,00000000
0,19981599;0,16563116;0,26851624;0,58947468;3,17851877;1,00000000
0,19988266;0,16547737;0,26851624;0,58993602;3,17851877;1,00000000
0,19994933;0,16547737;0,26882383;0,59024358;3,17851877;1,00000000
0,20001600;0,16547737;0,26882383;0,59055120;3,17821121;1,00000000
0,20008267;0,16547737;0,26882383;0,59070498;3,17882633;1,00000000
0,20014935;0,16532359;0,26913139;0,59085876;3,17913389;1,00000000
0,20021602;0,16516978;0,26913139;0,59101254;3,17882633;1,00000000
0,20028269;0,16501600;0,26882383;0,59101254;3,17882633;1,00000000
0,20034936;0,16486220;0,26851624;0,59132016;3,17882633;1,00000000
0,20041603;0,16470842;0,26882383;0,59147394;3,17882633;1,00000000
0,20048271;0,16455463;0,26882383;0,59162772;3,17913389;1,00000000
0,20054938;0,16470842;0,26882383;0,59178150;3,17913389;1,00000000
0,20061605;0,16470842;0,26882383;0,59193528;3,17944145;1,00000000
0,20068272;0,16470842;0,26913139;0,59193528;3,17944145;1,00000000
0,20074939;0,16470842;0,26913139;0,59208906;3,17944145;1,00000000
0,20081607;0,16470842;0,26943898;0,59208906;3,17944145;1,00000000
0,20088274;0,16455463;0,26943898;0,59224284;3,17944145;1,00000000
0,20094941;0,16455463;0,26943898;0,59224284;3,17974901;1,00000000
0,20101608;0,16455463;0,26943898;0,59224284;3,18005657;1,00000000
0,20108275;0,16455463;0,26943898;0,59208906;3,18036413;1,00000000
0,20114943;0,16440085;0,26943898;0,59208906;3,18036413;1,00000000
0,20121610;0,16424704;0,26974654;0,59193528;3,18036413;1,00000000
0,20128277;0,16440085;0,26974654;0,59193528;3,18036413;1,00000000
0,20134944;0,16455463;0,26974654;0,59193528;3,18036413;1,00000000
0,20141611;0,16455463;0,26974654;0,59178150;3,18036413;1,00000000
0,20148279;0,16455463;0,26974654;0,59162772;3,18036413;1,00000000
0,20154946;0,16470842;0,26974654;0,59147394;3,18097925;1,00000000
0,20161613;0,16470842;0,26974654;0,59132016;3,18128681;1,00000000
0,20168280;0,16455463;0,26974654;0,59101254;3,18128681;1,00000000
0,20174947;0,16470842;0,26943898;0,59085876;3,18128681;1,00000000
0,20181615;0,16455463;0,26974654;0,59085876;3,18128681;1,00000000
0,20188282;0,16470842;0,26974654;0,59055120;3,18128681;1,00000000
0,20194949;0,16470842;0,26943898;0,59024358;3,18128681;1,00000000
0,20201616;0,16486220;0,26943898;0,59008980;3,18128681;1,00000000
0,20208283;0,16486220;0,26974654;0,58978224;3,18128681;1,00000000
0,20214951;0,16486220;0,26974654;0,58932084;3,18159461;1,00000000
0,20221618;0,16486220;0,26974654;0,58901328;3,18190217;1,00000000
0,20228285;0,16486220;0,26974654;0,58870566;3,18190217;1,00000000
0,20234952;0,16470842;0,26974654;0,58839810;3,18220973;1,00000000
0,20241619;0,16486220;0,27005413;0,58809054;3,18251729;1,00000000
0,20248287;0,16486220;0,27036172;0,58778298;3,18282485;1,00000000
0,20254954;0,16501600;0,27066928;0,58716780;3,18282485;1,00000000
0,20261621;0,16516978;0,27066928;0,58686024;3,18282485;1,00000000
0,20268288;0,16516978;0,27066928;0,58655268;3,18282485;1,00000000
0,20274955;0,16501600;0,27066928;0,58624506;3,18313241;1,00000000
0,20281623;0,16516978;0,27097687;0,58578372;3,18343997;1,00000000
0,20288290;0,16516978;0,27097687;0,58532232;3,18374753;1,00000000
0,20294957;0,16516978;0,27097687;0,58486098;3,18374753;1,00000000
0,20301624;0,16532359;0,27128446;0,58439958;3,18374753;1,00000000
0,20308291;0,16532359;0,27128446;0,58409202;3,18374753;1,00000000
0,20314959;0,16547737;0,27159202;0,58378446;3,18374753;1,00000000
0,20321626;0,16547737;0,27159202;0,58347690;3,18343997;1,00000000
0,20328293;0,16547737;0,27159202;0,58301550;3,18313241;1,00000000
0,20334960;0,16547737;0,27159202;0,58255410;3,18374753;1,00000000
0,20341627;0,16563116;0,27159202;0,58209276;3,18343997;1,00000000
0,20348295;0,16563116;0,27159202;0,58178520;3,18343997;1,00000000
0,20354962;0,16578494;0,27159202;0,58132380;3,18343997;1,00000000
0,20361629;0,16593874;0,27159202;0,58101624;3,18343997;1,00000000
0,20368296;0,16609251;0,27128446;0,58070862;3,18343997;1,00000000
0,20374963;0,16609251;0,27128446;0,58040106;3,18343997;1,00000000
0,20381631;0,16593874;0,27097687;0,58009350;3,18343997;1,00000000
0,20388298;0,16593874;0,27066928;0,57978594;3,18343997;1,00000000
0,20394965;0,16609251;0,27066928;0,57947832;3,18343997;1,00000000
0,20401632;0,16624631;0,27066928;0,57901698;3,18343997;1,00000000
0,20408299;0,16624631;0,27066928;0,57870936;3,18343997;1,00000000
0,20414967;0,16624631;0,27066928;0,57840180;3,18343997;1,00000000
0,20421634;0,16624631;0,27066928;0,57794046;3,18343997;1,00000000
0,20428301;0,16624631;0,27097687;0,57763284;3,18343997;1,00000000
0,20434968;0,16640009;0,27097687;0,57732528;3,18343997;1,00000000
0,20441635;0,16655388;0,27097687;0,57686394;3,18343997;1,00000000
0,20448303;0,16670766;0,27097687;0,57640254;3,18374753;1,00000000
0,20454970;0,16670766;0,27128446;0,57624876;3,18374753;1,00000000
0,20461637;0,16670766;0,27128446;0,57578737;3,18374753;1,00000000
0,20468304;0,16670766;0,27159202;0,57547981;3,18374753;1,00000000
0,20474971;0,16670766;0,27189961;0,57517225;3,18374753;1,00000000
0,20481639;0,16670766;0,27159202;0,57486469;3,18374753;1,00000000
0,20488306;0,16686147;0,27189961;0,57455707;3,18343997;1,00000000
0,20494973;0,16686147;0,27189961;0,57424951;3,18282485;1,00000000
0,20501640;0,16686147;0,27220720;0,57394195;3,18313241;1,00000000
0,20508307;0,16701525;0,27251476;0,57363439;3,18313241;1,00000000
0,20514975;0,16701525;0,27251476;0,57332677;3,18313241;1,00000000
0,20521642;0,16716905;0,27282235;0,57301921;3,18313241;1,00000000
0,20528309;0,16716905;0,27282235;0,57255781;3,18313241;1,00000000
0,20534976;0,16716905;0,27282235;0,57225025;3,18343997;1,00000000
0,20541643;0,16716905;0,27251476;0,57194269;3,18282485;1,00000000
0,20548311;0,16716905;0,27251476;0,57163513;3,18220973;1,00000000
0,20554978;0,16716905;0,27220720;0,57148129;3,18190217;1,00000000
0,20561645;0,16716905;0,27251476;0,57132751;3,18220973;1,00000000
0,20568312;0,16732283;0,27220720;0,57117373;3,18220973;1,00000000
0,20574979;0,16732283;0,27189961;0,57086611;3,18220973;1,00000000
0,20581647;0,16747662;0,27159202;0,57071233;3,18220973;1,00000000
0,20588314;0,16732283;0,27159202;0,57055855;3,18251729;1,00000000
0,20594981;0,16732283;0,27128446;0,57040477;3,18282485;1,00000000
0,20601648;0,16732283;0,27097687;0,57025099;3,18251729;1,00000000
0,20608315;0,16747662;0,27097687;0,57025099;3,18190217;1,00000000
0,20614983;0,16763040;0,27097687;0,57025099;3,18128681;1,00000000
0,20621650;0,16763040;0,27066928;0,57040477;3,18097925;1,00000000
0,20628317;0,16763040;0,27066928;0,57040477;3,18097925;1,00000000
0,20634984;0,16763040;0,27036172;0,57040477;3,18097925;1,00000000
0,20641651;0,16763040;0,27005413;0,57040477;3,18097925;1,00000000
0,20648319;0,16763040;0,27005413;0,57055855;3,18128681;1,00000000
0,20654986;0,16763040;0,27005413;0,57071233;3,18128681;1,00000000
0,20661653;0,16763040;0,27036172;0,57086611;3,18067169;1,00000000
0,20668320;0,16763040;0,27005413;0,57101995;3,18067169;1,00000000
0,20674987;0,16763040;0,27036172;0,57117373;3,18067169;1,00000000
0,20681655;0,16763040;0,27005413;0,57148129;3,18067169;1,00000000
0,20688322;0,16763040;0,27005413;0,57163513;3,18067169;1,00000000
0,20694989;0,16747662;0,27005413;0,57194269;3,18067169;1,00000000
0,20701656;0,16747662;0,26974654;0,57225025;3,18067169;1,00000000
0,20708323;0,16747662;0,26943898;0,57271159;3,18067169;1,00000000
0,20714991;0,16747662;0,26974654;0,57301921;3,18128681;1,00000000
0,20721658;0,16747662;0,26974654;0,57332677;3,18097925;1,00000000
0,20728325;0,16763040;0,26974654;0,57363439;3,18067169;1,00000000
0,20734992;0,16763040;0,26974654;0,57378817;3,18067169;1,00000000
0,20741659;0,16763040;0,26974654;0,57409573;3,18067169;1,00000000
0,20748327;0,16763040;0,26974654;0,57455707;3,18067169;1,00000000
0,20754994;0,16763040;0,26943898;0,57486469;3,18097925;1,00000000
0,20761661;0,16763040;0,26943898;0,57532603;3,18128681;1,00000000
0,20768328;0,16763040;0,26974654;0,57578737;3,18159461;1,00000000
0,20774995;0,16763040;0,27005413;0,57624876;3,18190217;1,00000000
0,20781663;0,16763040;0,27036172;0,57655638;3,18190217;1,00000000
0,20788330;0,16763040;0,27036172;0,57701772;3,18190217;1,00000000
0,20794997;0,16763040;0,27036172;0,57747906;3,18190217;1,00000000
0,20801664;0,16763040;0,27066928;0,57794046;3,18190217;1,00000000
0,20808331;0,16763040;0,27036172;0,57840180;3,18220973;1,00000000
0,20814999;0,16763040;0,27036172;0,57901698;3,18251729;1,00000000
0,20821666;0,16763040;0,27005413;0,57932454;3,18282485;1,00000000
0,20828333;0,16763040;0,27036172;0,57963216;3,18313241;1,00000000
0,20835000;0,16763040;0,27005413;0,58009350;3,18313241;1,00000000
0,20841667;0,16763040;0,27036172;0,58055484;3,18313241;1,00000000
0,20848335;0,16763040;0,27066928;0,58086246;3,18313241;1,00000000
0,20855002;0,16763040;0,27097687;0,58147764;3,18343997;1,00000000
0,20861669;0,16763040;0,27066928;0,58178520;3,18374753;1,00000000
0,20868336;0,16763040;0,27066928;0,58209276;3,18405509;1,00000000
0,20875003;0,16763040;0,27066928;0,58240032;3,18436265;1,00000000
0,20881671;0,16763040;0,27097687;0,58286172;3,18467021;1,00000000
0,20888338;0,16763040;0,27097687;0,58332312;3,18528533;1,00000000
0,20895005;0,16763040;0,27128446;0,58363068;3,18528533;1,00000000
0,20901672;0,16778421;0,27159202;0,58393824;3,18559289;1,00000000
0,20908339;0,16778421;0,27128446;0,58424580;3,18590045;1,00000000
0,20915007;0,16793799;0,27159202;0,58470720;3,18620801;1,00000000
0,20921674;0,16809179;0,27189961;0,58501476;3,18651581;1,00000000
0,20928341;0,16809179;0,27220720;0,58547610;3,18682337;1,00000000
0,20935008;0,16809179;0,27220720;0,58593750;3,18682337;1,00000000
0,20941675;0,16809179;0,27251476;0,58624506;3,18682337;1,00000000
0,20948343;0,16809179;0,27282235;0,58655268;3,18682337;1,00000000
0,20955010;0,16809179;0,27312991;0,58686024;3,18682337;1,00000000
0,20961677;0,16809179;0,27312991;0,58701402;3,18682337;1,00000000
0,20968344;0,16809179;0,27282235;0,58716780;3,18713093;1,00000000
0,20975011;0,16809179;0,27282235;0,58732158;3,18713093;1,00000000
0,20981679;0,16809179;0,27312991;0,58747536;3,18713093;1,00000000
0,20988346;0,16824557;0,27343750;0,58778298;3,18682337;1,00000000
0,20995013;0,16839936;0,27374509;0,58809054;3,18682337;1,00000000
0,21001680;0,16839936;0,27405265;0,58824432;3,18682337;1,00000000
0,21008347;0,16839936;0,27405265;0,58824432;3,18651581;1,00000000
0,21015015;0,16839936;0,27405265;0,58824432;3,18651581;1,00000000
0,21021682;0,16839936;0,27436024;0,58824432;3,18651581;1,00000000
0,21028349;0,16839936;0,27405265;0,58824432;3,18620801;1,00000000
0,21035016;0,16855314;0,27374509;0,58824432;3,18620801;1,00000000
0,21041683;0,16855314;0,27374509;0,58824432;3,18590045;1,00000000
0,21048351;0,16855314;0,27374509;0,58824432;3,18590045;1,00000000
0,21055018;0,16855314;0,27405265;0,58824432;3,18559289;1,00000000
0,21061685;0,16870694;0,27436024;0,58824432;3,18559289;1,00000000
0,21068352;0,16870694;0,27405265;0,58824432;3,18559289;1,00000000
0,21075019;0,16870694;0,27405265;0,58824432;3,18559289;1,00000000
0,21081687;0,16870694;0,27405265;0,58824432;3,18528533;1,00000000
0,21088354;0,16870694;0,27374509;0,58824432;3,18467021;1,00000000
0,21095021;0,16870694;0,27374509;0,58809054;3,18436265;1,00000000
0,21101688;0,16870694;0,27374509;0,58809054;3,18436265;1,00000000
0,21108355;0,16886072;0,27374509;0,58793676;3,18436265;1,00000000
0,21115023;0,16886072;0,27374509;0,58793676;3,18436265;1,00000000
0,21121690;0,16886072;0,27374509;0,58793676;3,18436265;1,00000000
0,21128357;0,16886072;0,27343750;0,58793676;3,18405509;1,00000000
0,21135024;0,16886072;0,27343750;0,58778298;3,18405509;1,00000000
0,21141691;0,16886072;0,27312991;0,58762920;3,18405509;1,00000000
0,21148359;0,16886072;0,27282235;0,58747536;3,18405509;1,00000000
0,21155026;0,16886072;0,27251476;0,58732158;3,18405509;1,00000000
0,21161693;0,16870694;0,27282235;0,58701402;3,18405509;1,00000000
0,21168360;0,16870694;0,27282235;0,58686024;3,18374753;1,00000000
0,21175027;0,16870694;0,27282235;0,58655268;3,18343997;1,00000000
0,21181695;0,16870694;0,27282235;0,58655268;3,18343997;1,00000000
0,21188362;0,16870694;0,27251476;0,58639890;3,18374753;1,00000000
0,21195029;0,16870694;0,27282235;0,58609128;3,18374753;1,00000000
0,21201696;0,16870694;0,27282235;0,58593750;3,18374753;1,00000000
0,21208363;0,16870694;0,27282235;0,58562988;3,18374753;1,00000000
0,21215031;0,16886072;0,27282235;0,58532232;3,18374753;1,00000000
0,21221698;0,16870694;0,27282235;0,58501476;3,18343997;1,00000000
0,21228365;0,16870694;0,27282235;0,58470720;3,18343997;1,00000000
0,21235032;0,16870694;0,27282235;0,58455342;3,18374753;1,00000000
0,21241699;0,16855314;0,27282235;0,58439958;3,18405509;1,00000000
0,21248367;0,16855314;0,27251476;0,58409202;3,18436265;1,00000000
0,21255034;0,16855314;0,27220720;0,58393824;3,18436265;1,00000000
0,21261701;0,16855314;0,27220720;0,58363068;3,18467021;1,00000000
0,21268368;0,16855314;0,27251476;0,58332312;3,18436265;1,00000000
0,21275035;0,16839936;0,27251476;0,58286172;3,18405509;1,00000000
0,21281703;0,16839936;0,27251476;0,58255410;3,18405509;1,00000000
0,21288370;0,16839936;0,27220720;0,58209276;3,18405509;1,00000000
0,21295037;0,16839936;0,27189961;0,58193898;3,18436265;1,00000000
0,21301704;0,16824557;0,27189961;0,58163142;3,18467021;1,00000000
0,21308371;0,16824557;0,27189961;0,58132380;3,18528533;1,00000000
0,21315039;0,16824557;0,27159202;0,58086246;3,18528533;1,00000000
0,21321706;0,16824557;0,27159202;0,58055484;3,18528533;1,00000000
0,21328373;0,16824557;0,27189961;0,58009350;3,18528533;1,00000000
0,21335040;0,16824557;0,27189961;0,57993972;3,18528533;1,00000000
0,21341707;0,16824557;0,27189961;0,57963216;3,18467021;1,00000000
0,21348375;0,16824557;0,27189961;0,57932454;3,18467021;1,00000000
0,21355042;0,16824557;0,27159202;0,57917076;3,18528533;1,00000000
0,21361709;0,16824557;0,27128446;0,57886314;3,18528533;1,00000000
0,21368376;0,16824557;0,27097687;0,57855558;3,18528533;1,00000000
0,21375043;0,16824557;0,27097687;0,57824802;3,18528533;1,00000000
0,21381711;0,16824557;0,27128446;0,57794046;3,18528533;1,00000000
0,21388378;0,16824557;0,27128446;0,57763284;3,18528533;1,00000000
0,21395045;0,16809179;0,27159202;0,57732528;3,18559289;1,00000000
0,21401712;0,16793799;0,27159202;0,57701772;3,18528533;1,00000000
0,21408379;0,16793799;0,27128446;0,57686394;3,18559289;1,00000000
0,21415047;0,16778421;0,27097687;0,57655638;3,18590045;1,00000000
0,21421714;0,16793799;0,27066928;0,57624876;3,18620801;1,00000000
0,21428381;0,16778421;0,27036172;0,57594121;3,18620801;1,00000000
0,21435048;0,16778421;0,27005413;0,57594121;3,18620801;1,00000000
0,21441715;0,16778421;0,27005413;0,57578737;3,18651581;1,00000000
0,21448383;0,16778421;0,27005413;0,57563359;3,18651581;1,00000000
0,21455050;0,16778421;0,27005413;0,57532603;3,18651581;1,00000000
0,21461717;0,16778421;0,27036172;0,57501847;3,18682337;1,00000000
0,21468384;0,16778421;0,27005413;0,57501847;3,18713093;1,00000000
0,21475051;0,16778421;0,26974654;0,57486469;3,18743849;1,00000000
0,21481719;0,16778421;0,26974654;0,57471091;3,18774605;1,00000000
0,21488386;0,16778421;0,27005413;0,57471091;3,18805361;1,00000000
0,21495053;0,16763040;0,27005413;0,57455707;3,18774605;1,00000000
0,21501720;0,16763040;0,26974654;0,57455707;3,18774605;1,00000000
0,21508387;0,16747662;0,26974654;0,57455707;3,18774605;1,00000000
0,21515055;0,16747662;0,26943898;0,57440329;3,18774605;1,00000000
0,21521722;0,16732283;0,26943898;0,57440329;3,18805361;1,00000000
0,21528389;0,16732283;0,26974654;0,57440329;3,18836117;1,00000000
0,21535056;0,16716905;0,26943898;0,57440329;3,18897629;1,00000000
0,21541723;0,16716905;0,26943898;0,57440329;3,18897629;1,00000000
0,21548391;0,16716905;0,26943898;0,57440329;3,18866873;1,00000000
0,21555058;0,16732283;0,26974654;0,57440329;3,18866873;1,00000000
0,21561725;0,16732283;0,26974654;0,57455707;3,18836117;1,00000000
0,21568392;0,16716905;0,26974654;0,57471091;3,18836117;1,00000000
0,21575059;0,16716905;0,26974654;0,57471091;3,18866873;1,00000000
0,21581727;0,16716905;0,27005413;0,57501847;3,18897629;1,00000000
0,21588394;0,16732283;0,27036172;0,57501847;3,18928385;1,00000000
0,21595061;0,16747662;0,27036172;0,57532603;3,18959141;1,00000000
0,21601728;0,16747662;0,27036172;0,57532603;3,18959141;1,00000000
0,21608395;0,16732283;0,27036172;0,57532603;3,18928385;1,00000000
0,21615063;0,16716905;0,27036172;0,57547981;3,18928385;1,00000000
0,21621730;0,16716905;0,27036172;0,57578737;3,18928385;1,00000000
0,21628397;0,16732283;0,27036172;0,57594121;3,18928385;1,00000000
0,21635064;0,16732283;0,27036172;0,57609499;3,18959141;1,00000000
0,21641731;0,16747662;0,27066928;0,57640254;3,18989897;1,00000000
0,21648399;0,16763040;0,27066928;0,57655638;3,18989897;1,00000000
0,21655066;0,16763040;0,27097687;0,57671016;3,18959141;1,00000000
0,21661733;0,16763040;0,27066928;0,57686394;3,18928385;1,00000000
0,21668400;0,16763040;0,27066928;0,57701772;3,18897629;1,00000000
0,21675067;0,16763040;0,27097687;0,57717150;3,18897629;1,00000000
0,21681735;0,16763040;0,27128446;0,57747906;3,18866873;1,00000000
0,21688402;0,16763040;0,27128446;0,57778668;3,18866873;1,00000000
0,21695069;0,16763040;0,27159202;0,57778668;3,18866873;1,00000000
0,21701736;0,16763040;0,27128446;0,57794046;3,18866873;1,00000000
0,21708403;0,16778421;0,27097687;0,57809424;3,18836117;1,00000000
0,21715071;0,16793799;0,27097687;0,57840180;3,18774605;1,00000000
0,21721738;0,16793799;0,27097687;0,57855558;3,18713093;1,00000000
0,21728405;0,16809179;0,27097687;0,57886314;3,18743849;1,00000000
0,21735072;0,16809179;0,27097687;0,57917076;3,18743849;1,00000000
0,21741739;0,16809179;0,27097687;0,57932454;3,18743849;1,00000000
0,21748407;0,16809179;0,27066928;0,57963216;3,18743849;1,00000000
0,21755074;0,16824557;0,27066928;0,57993972;3,18713093;1,00000000
0,21761741;0,16809179;0,27097687;0,58024728;3,18682337;1,00000000
0,21768408;0,16809179;0,27097687;0,58040106;3,18620801;1,00000000
0,21775075;0,16824557;0,27066928;0,58055484;3,18590045;1,00000000
0,21781743;0,16824557;0,27097687;0,58070862;3,18590045;1,00000000
0,21788410;0,16839936;0,27066928;0,58101624;3,18590045;1,00000000
0,21795077;0,16839936;0,27097687;0,58117002;3,18590045;1,00000000
0,21801744;0,16839936;0,27066928;0,58132380;3,18559289;1,00000000
0,21808411;0,16839936;0,27036172;0,58147764;3,18528533;1,00000000
0,21815079;0,16824557;0,27005413;0,58178520;3,18467021;1,00000000
0,21821746;0,16839936;0,26974654;0,58193898;3,18436265;1,00000000
0,21828413;0,16839936;0,26943898;0,58224654;3,18405509;1,00000000
0,21835080;0,16839936;0,26943898;0,58240032;3,18405509;1,00000000
0,21841747;0,16839936;0,26913139;0,58255410;3,18374753;1,00000000
0,21848415;0,16855314;0,26913139;0,58286172;3,18374753;1,00000000
0,21855082;0,16839936;0,26913139;0,58316928;3,18343997;1,00000000
0,21861749;0,16824557;0,26913139;0,58347690;3,18313241;1,00000000
0,21868416;0,16824557;0,26882383;0,58378446;3,18313241;1,00000000
0,21875083;0,16824557;0,26851624;0,58409202;3,18282485;1,00000000
0,21881751;0,16824557;0,26851624;0,58439958;3,18251729;1,00000000
0,21888418;0,16824557;0,26820865;0,58439958;3,18220973;1,00000000
0,21895085;0,16809179;0,26820865;0,58470720;3,18190217;1,00000000
0,21901752;0,16778421;0,26820865;0,58486098;3,18128681;1,00000000
0,21908419;0,16763040;0,26790109;0,58501476;3,18097925;1,00000000
0,21915087;0,16747662;0,26759350;0,58532232;3,18097925;1,00000000
0,21921754;0,16732283;0,26759350;0,58562988;3,18097925;1,00000000
0,21928421;0,16732283;0,26759350;0,58593750;3,18097925;1,00000000
0,21935088;0,16732283;0,26759350;0,58609128;3,18067169;1,00000000
0,21941755;0,16732283;0,26759350;0,58624506;3,18036413;1,00000000
0,21948423;0,16716905;0,26728594;0,58639890;3,18005657;1,00000000
0,21955090;0,16716905;0,26697835;0,58655268;3,17974901;1,00000000
0,21961757;0,16701525;0,26667076;0,58686024;3,17974901;1,00000000
0,21968424;0,16686147;0,26697835;0,58701402;3,17974901;1,00000000
0,21975091;0,16686147;0,26667076;0,58716780;3,17974901;1,00000000
0,21981759;0,16686147;0,26636320;0,58732158;3,18005657;1,00000000
0,21988426;0,16670766;0,26605561;0,58747536;3,17974901;1,00000000
0,21995093;0,16670766;0,26636320;0,58762920;3,17944145;1,00000000
0,22001760;0,16670766;0,26636320;0,58778298;3,17944145;1,00000000
0,22008427;0,16655388;0,26605561;0,58793676;3,17944145;1,00000000
0,22015095;0,16655388;0,26605561;0,58809054;3,17944145;1,00000000
0,22021762;0,16655388;0,26574802;0,58809054;3,17974901;1,00000000
0,22028429;0,16655388;0,26574802;0,58809054;3,18005657;1,00000000
0,22035096;0,16655388;0,26574802;0,58824432;3,18036413;1,00000000
0,22041763;0,16655388;0,26574802;0,58855188;3,18005657;1,00000000
0,22048431;0,16655388;0,26605561;0,58870566;3,18036413;1,00000000
0,22055098;0,16670766;0,26605561;0,58870566;3,18036413;1,00000000
0,22061765;0,16655388;0,26605561;0,58885950;3,18036413;1,00000000
0,22068432;0,16655388;0,26605561;0,58901328;3,18036413;1,00000000
0,22075099;0,16640009;0,26636320;0,58901328;3,18067169;1,00000000
0,22081767;0,16624631;0,26667076;0,58901328;3,18067169;1,00000000
0,22088434;0,16624631;0,26667076;0,58901328;3,18067169;1,00000000
0,22095101;0,16624631;0,26697835;0,58901328;3,18097925;1,00000000
0,22101768;0,16609251;0,26728594;0,58901328;3,18097925;1,00000000
0,22108435;0,16609251;0,26759350;0,58901328;3,18097925;1,00000000
0,22115103;0,16624631;0,26728594;0,58901328;3,18128681;1,00000000
0,22121770;0,16640009;0,26759350;0,58885950;3,18128681;1,00000000
0,22128437;0,16655388;0,26728594;0,58870566;3,18128681;1,00000000
0,22135104;0,16670766;0,26697835;0,58870566;3,18159461;1,00000000
0,22141771;0,16655388;0,26697835;0,58855188;3,18159461;1,00000000
0,22148439;0,16655388;0,26697835;0,58839810;3,18159461;1,00000000
0,22155106;0,16640009;0,26697835;0,58824432;3,18159461;1,00000000
0,22161773;0,16655388;0,26697835;0,58793676;3,18159461;1,00000000
0,22168440;0,16670766;0,26728594;0,58778298;3,18190217;1,00000000
0,22175107;0,16686147;0,26697835;0,58762920;3,18220973;1,00000000
0,22181775;0,16701525;0,26667076;0,58732158;3,18251729;1,00000000
0,22188442;0,16716905;0,26697835;0,58732158;3,18251729;1,00000000
0,22195109;0,16701525;0,26667076;0,58686024;3,18251729;1,00000000
0,22201776;0,16701525;0,26636320;0,58670646;3,18282485;1,00000000
0,22208443;0,16701525;0,26636320;0,58639890;3,18282485;1,00000000
0,22215111;0,16701525;0,26636320;0,58609128;3,18282485;1,00000000
0,22221778;0,16716905;0,26636320;0,58578372;3,18313241;1,00000000
0,22228445;0,16716905;0,26605561;0,58562988;3,18343997;1,00000000
0,22235112;0,16701525;0,26574802;0,58532232;3,18343997;1,00000000
0,22241779;0,16701525;0,26574802;0,58501476;3,18313241;1,00000000
0,22248447;0,16716905;0,26605561;0,58470720;3,18343997;1,00000000
0,22255114;0,16716905;0,26636320;0,58439958;3,18374753;1,00000000
0,22261781;0,16716905;0,26667076;0,58409202;3,18405509;1,00000000
0,22268448;0,16732283;0,26667076;0,58378446;3,18436265;1,00000000
0,22275115;0,16716905;0,26667076;0,58347690;3,18436265;1,00000000
0,22281783;0,16732283;0,26697835;0,58316928;3,18436265;1,00000000
0,22288450;0,16732283;0,26728594;0,58270794;3,18436265;1,00000000
0,22295117;0,16732283;0,26697835;0,58240032;3,18405509;1,00000000
0,22301784;0,16747662;0,26728594;0,58209276;3,18374753;1,00000000
0,22308451;0,16747662;0,26728594;0,58178520;3,18436265;1,00000000
0,22315119;0,16747662;0,26728594;0,58147764;3,18528533;1,00000000
0,22321786;0,16732283;0,26728594;0,58101624;3,18559289;1,00000000
0,22328453;0,16747662;0,26728594;0,58055484;3,18559289;1,00000000
0,22335120;0,16747662;0,26728594;0,58009350;3,18559289;1,00000000
0,22341787;0,16747662;0,26728594;0,57963216;3,18559289;1,00000000
0,22348455;0,16763040;0,26728594;0,57947832;3,18559289;1,00000000
0,22355122;0,16778421;0,26728594;0,57917076;3,18528533;1,00000000
0,22361789;0,16763040;0,26728594;0,57886314;3,18467021;1,00000000
0,22368456;0,16763040;0,26728594;0,57855558;3,18559289;1,00000000
0,22375123;0,16778421;0,26759350;0,57824802;3,18559289;1,00000000
0,22381791;0,16778421;0,26728594;0,57778668;3,18559289;1,00000000
0,22388458;0,16793799;0,26759350;0,57717150;3,18559289;1,00000000
0,22395125;0,16793799;0,26759350;0,57686394;3,18559289;1,00000000
0,22401792;0,16793799;0,26759350;0,57640254;3,18559289;1,00000000
0,22408459;0,16809179;0,26790109;0,57594121;3,18590045;1,00000000
0,22415127;0,16809179;0,26820865;0,57563359;3,18590045;1,00000000
0,22421794;0,16809179;0,26820865;0,57532603;3,18528533;1,00000000
0,22428461;0,16824557;0,26790109;0,57501847;3,18559289;1,00000000
0,22435128;0,16809179;0,26790109;0,57471091;3,18590045;1,00000000
0,22441795;0,16809179;0,26790109;0,57440329;3,18590045;1,00000000
0,22448463;0,16809179;0,26790109;0,57409573;3,18590045;1,00000000
0,22455130;0,16809179;0,26820865;0,57378817;3,18590045;1,00000000
0,22461797;0,16809179;0,26851624;0,57348061;3,18559289;1,00000000
0,22468464;0,16824557;0,26882383;0,57301921;3,18590045;1,00000000
0,22475131;0,16824557;0,26851624;0,57255781;3,18528533;1,00000000
0,22481799;0,16839936;0,26820865;0,57194269;3,18467021;1,00000000
0,22488466;0,16855314;0,26820865;0,57178891;3,18467021;1,00000000
0,22495133;0,16855314;0,26820865;0,57132751;3,18467021;1,00000000
0,22501800;0,16855314;0,26820865;0,57086611;3,18467021;1,00000000
0,22508467;0,16870694;0,26820865;0,57071233;3,18528533;1,00000000
0,22515135;0,16855314;0,26820865;0,57055855;3,18559289;1,00000000
0,22521802;0,16855314;0,26820865;0,57009721;3,18528533;1,00000000
0,22528469;0,16855314;0,26851624;0,56994343;3,18436265;1,00000000
0,22535136;0,16855314;0,26851624;0,56978959;3,18405509;1,00000000
0,22541803;0,16855314;0,26851624;0,56963581;3,18405509;1,00000000
0,22548471;0,16855314;0,26820865;0,56948203;3,18405509;1,00000000
0,22555138;0,16855314;0,26790109;0,56932825;3,18405509;1,00000000
0,22561805;0,16855314;0,26759350;0,56902063;3,18405509;1,00000000
0,22568472;0,16855314;0,26759350;0,56886685;3,18405509;1,00000000
0,22575139;0,16855314;0,26790109;0,56871307;3,18405509;1,00000000
0,22581807;0,16870694;0,26759350;0,56855929;3,18343997;1,00000000
0,22588474;0,16870694;0,26759350;0,56840551;3,18313241;1,00000000
0,22595141;0,16870694;0,26759350;0,56825173;3,18282485;1,00000000
0,22601808;0,16870694;0,26759350;0,56809795;3,18282485;1,00000000
0,22608475;0,16870694;0,26728594;0,56825173;3,18282485;1,00000000
0,22615143;0,16870694;0,26728594;0,56825173;3,18251729;1,00000000
0,22621810;0,16855314;0,26697835;0,56809795;3,18251729;1,00000000
0,22628477;0,16855314;0,26667076;0,56809795;3,18251729;1,00000000
0,22635144;0,16855314;0,26636320;0,56809795;3,18190217;1,00000000
0,22641811;0,16855314;0,26605561;0,56809795;3,18190217;1,00000000
0,22648479;0,16855314;0,26605561;0,56825173;3,18190217;1,00000000
0,22655146;0,16855314;0,26574802;0,56825173;3,18190217;1,00000000
0,22661813;0,16855314;0,26544046;0,56840551;3,18190217;1,00000000
0,22668480;0,16855314;0,26544046;0,56855929;3,18190217;1,00000000
0,22675147;0,16855314;0,26544046;0,56871307;3,18190217;1,00000000
0,22681815;0,16855314;0,26574802;0,56886685;3,18220973;1,00000000
0,22688482;0,16855314;0,26544046;0,56902063;3,18251729;1,00000000
0,22695149;0,16839936;0,26544046;0,56917441;3,18251729;1,00000000
0,22701816;0,16839936;0,26513287;0,56932825;3,18251729;1,00000000
0,22708483;0,16839936;0,26513287;0,56948203;3,18251729;1,00000000
0,22715151;0,16839936;0,26544046;0,57009721;3,18282485;1,00000000
0,22721818;0,16839936;0,26544046;0,57040477;3,18282485;1,00000000
0,22728485;0,16839936;0,26544046;0,57071233;3,18282485;1,00000000
0,22735152;0,16839936;0,26544046;0,57117373;3,18313241;1,00000000
0,22741819;0,16839936;0,26544046;0,57163513;3,18343997;1,00000000
0,22748487;0,16839936;0,26544046;0,57194269;3,18343997;1,00000000
0,22755154;0,16839936;0,26544046;0,57225025;3,18343997;1,00000000
0,22761821;0,16839936;0,26513287;0,57286543;3,18374753;1,00000000
0,22768488;0,16824557;0,26513287;0,57332677;3,18374753;1,00000000
0,22775155;0,16824557;0,26513287;0,57378817;3,18374753;1,00000000
0,22781823;0,16824557;0,26544046;0,57424951;3,18405509;1,00000000
0,22788490;0,16824557;0,26544046;0,57471091;3,18436265;1,00000000
0,22795157;0,16809179;0,26544046;0,57517225;3,18528533;1,00000000
0,22801824;0,16809179;0,26574802;0,57563359;3,18528533;1,00000000
0,22808491;0,16809179;0,26574802;0,57609499;3,18528533;1,00000000
0,22815159;0,16809179;0,26605561;0,57671016;3,18528533;1,00000000
0,22821826;0,16809179;0,26605561;0,57717150;3,18528533;1,00000000
0,22828493;0,16793799;0,26636320;0,57763284;3,18528533;1,00000000
0,22835160;0,16778421;0,26667076;0,57809424;3,18559289;1,00000000
0,22841827;0,16778421;0,26667076;0,57870936;3,18620801;1,00000000
0,22848495;0,16778421;0,26697835;0,57932454;3,18651581;1,00000000
0,22855162;0,16778421;0,26697835;0,57963216;3,18682337;1,00000000
0,22861829;0,16778421;0,26728594;0,58009350;3,18682337;1,00000000
0,22868496;0,16778421;0,26728594;0,58055484;3,18682337;1,00000000
0,22875163;0,16778421;0,26759350;0,58086246;3,18682337;1,00000000
0,22881831;0,16778421;0,26790109;0,58147764;3,18713093;1,00000000
0,22888498;0,16763040;0,26820865;0,58178520;3,18743849;1,00000000
0,22895165;0,16763040;0,26851624;0,58209276;3,18774605;1,00000000
0,22901832;0,16763040;0,26851624;0,58255410;3,18774605;1,00000000
0,22908499;0,16763040;0,26851624;0,58286172;3,18805361;1,00000000
0,22915167;0,16763040;0,26851624;0,58332312;3,18836117;1,00000000
0,22921834;0,16747662;0,26882383;0,58378446;3,18836117;1,00000000
0,22928501;0,16763040;0,26913139;0,58424580;3,18866873;1,00000000
0,22935168;0,16763040;0,26943898;0,58455342;3,18866873;1,00000000
0,22941835;0,16763040;0,26974654;0,58486098;3,18866873;1,00000000
0,22948503;0,16763040;0,27005413;0,58516854;3,18897629;1,00000000
0,22955170;0,16763040;0,27005413;0,58547610;3,18897629;1,00000000
0,22961837;0,16778421;0,27036172;0,58562988;3,18928385;1,00000000
0,22968504;0,16778421;0,27036172;0,58593750;3,18866873;1,00000000
0,22975171;0,16778421;0,27005413;0,58624506;3,18866873;1,00000000
0,22981839;0,16778421;0,27036172;0,58655268;3,18897629;1,00000000
0,22988506;0,16778421;0,27036172;0,58655268;3,18897629;1,00000000
0,22995173;0,16793799;0,27036172;0,58686024;3,18897629;1,00000000
0,23001840;0,16793799;0,27036172;0,58701402;3,18897629;1,00000000
0,23008507;0,16793799;0,27005413;0,58732158;3,18897629;1,00000000
0,23015175;0,16793799;0,26974654;0,58732158;3,18897629;1,00000000
0,23021842;0,16793799;0,26974654;0,58747536;3,18897629;1,00000000
0,23028509;0,16793799;0,26943898;0,58747536;3,18897629;1,00000000
0,23035176;0,16793799;0,26943898;0,58762920;3,18897629;1,00000000
0,23041843;0,16793799;0,26943898;0,58762920;3,18897629;1,00000000
0,23048511;0,16793799;0,26974654;0,58762920;3,18897629;1,00000000
0,23055178;0,16793799;0,27005413;0,58747536;3,18866873;1,00000000
0,23061845;0,16793799;0,27036172;0,58747536;3,18866873;1,00000000
0,23068512;0,16793799;0,27036172;0,58747536;3,18866873;1,00000000
0,23075179;0,16793799;0,27036172;0,58747536;3,18866873;1,00000000
0,23081847;0,16793799;0,27005413;0,58747536;3,18866873;1,00000000
0,23088514;0,16793799;0,26974654;0,58732158;3,18866873;1,00000000
0,23095181;0,16793799;0,26974654;0,58716780;3,18866873;1,00000000
0,23101848;0,16793799;0,26974654;0,58716780;3,18836117;1,00000000
0,23108515;0,16793799;0,27005413;0,58701402;3,18866873;1,00000000
0,23115183;0,16793799;0,27005413;0,58686024;3,18836117;1,00000000
0,23121850;0,16793799;0,27005413;0,58686024;3,18836117;1,00000000
0,23128517;0,16778421;0,27005413;0,58686024;3,18836117;1,00000000
0,23135184;0,16778421;0,27005413;0,58686024;3,18836117;1,00000000
0,23141851;0,16778421;0,27005413;0,58670646;3,18836117;1,00000000
0,23148519;0,16778421;0,27036172;0,58639890;3,18805361;1,00000000
0,23155186;0,16778421;0,27036172;0,58609128;3,18836117;1,00000000
0,23161853;0,16778421;0,27066928;0,58609128;3,18836117;1,00000000
0,23168520;0,16778421;0,27066928;0,58593750;3,18836117;1,00000000
0,23175187;0,16778421;0,27066928;0,58562988;3,18836117;1,00000000
0,23181855;0,16778421;0,27066928;0,58562988;3,18836117;1,00000000
0,23188522;0,16778421;0,27066928;0,58547610;3,18836117;1,00000000
0,23195189;0,16778421;0,27066928;0,58516854;3,18805361;1,00000000
0,23201856;0,16778421;0,27066928;0,58486098;3,18805361;1,00000000
0,23208523;0,16778421;0,27066928;0,58455342;3,18805361;1,00000000
0,23215191;0,16778421;0,27097687;0,58424580;3,18805361;1,00000000
0,23221858;0,16763040;0,27128446;0,58393824;3,18805361;1,00000000
0,23228525;0,16763040;0,27128446;0,58363068;3,18805361;1,00000000
0,23235192;0,16763040;0,27097687;0,58332312;3,18836117;1,00000000
0,23241859;0,16763040;0,27097687;0,58301550;3,18774605;1,00000000
0,23248527;0,16763040;0,27066928;0,58270794;3,18743849;1,00000000
0,23255194;0,16763040;0,27066928;0,58240032;3,18774605;1,00000000
0,23261861;0,16747662;0,27036172;0,58209276;3,18774605;1,00000000
0,23268528;0,16747662;0,27066928;0,58178520;3,18805361;1,00000000
0,23275195;0,16732283;0,27097687;0,58147764;3,18805361;1,00000000
0,23281863;0,16732283;0,27097687;0,58132380;3,18805361;1,00000000
0,23288530;0,16732283;0,27066928;0,58101624;3,18805361;1,00000000
0,23295197;0,16716905;0,27066928;0,58086246;3,18805361;1,00000000
0,23301864;0,16686147;0,27066928;0,58040106;3,18774605;1,00000000
0,23308531;0,16670766;0,27066928;0,58009350;3,18805361;1,00000000
0,23315199;0,16670766;0,27066928;0,57993972;3,18836117;1,00000000
0,23321866;0,16670766;0,27097687;0,57963216;3,18836117;1,00000000
0,23328533;0,16670766;0,27128446;0,57932454;3,18836117;1,00000000
0,23335200;0,16655388;0,27128446;0,57917076;3,18866873;1,00000000
0,23341867;0,16640009;0,27128446;0,57870936;3,18866873;1,00000000
0,23348535;0,16624631;0,27128446;0,57840180;3,18866873;1,00000000
0,23355202;0,16609251;0,27128446;0,57794046;3,18866873;1,00000000
0,23361869;0,16593874;0,27097687;0,57763284;3,18897629;1,00000000
0,23368536;0,16593874;0,27097687;0,57747906;3,18928385;1,00000000
0,23375203;0,16593874;0,27097687;0,57717150;3,18959141;1,00000000
0,23381871;0,16593874;0,27066928;0,57686394;3,18928385;1,00000000
0,23388538;0,16593874;0,27066928;0,57671016;3,18928385;1,00000000
0,23395205;0,16593874;0,27066928;0,57640254;3,18928385;1,00000000
0,23401872;0,16593874;0,27066928;0,57624876;3,18928385;1,00000000
0,23408539;0,16578494;0,27097687;0,57594121;3,18928385;1,00000000
0,23415207;0,16563116;0,27097687;0,57578737;3,18959141;1,00000000
0,23421874;0,16547737;0,27097687;0,57547981;3,19020653;1,00000000
0,23428541;0,16547737;0,27097687;0,57532603;3,19020653;1,00000000
0,23435208;0,16532359;0,27128446;0,57501847;3,19020653;1,00000000
0,23441875;0,16532359;0,27159202;0,57471091;3,19020653;1,00000000
0,23448543;0,16532359;0,27189961;0,57440329;3,19020653;1,00000000
0,23455210;0,16532359;0,27189961;0,57409573;3,19020653;1,00000000
0,23461877;0,16516978;0,27159202;0,57394195;3,19020653;1,00000000
0,23468544;0,16516978;0,27128446;0,57363439;3,19020653;1,00000000
0,23475211;0,16501600;0,27097687;0,57363439;3,19020653;1,00000000
0,23481879;0,16486220;0,27128446;0,57348061;3,19051409;1,00000000
0,23488546;0,16486220;0,27097687;0,57332677;3,19051409;1,00000000
0,23495213;0,16470842;0,27128446;0,57301921;3,19051409;1,00000000
0,23501880;0,16470842;0,27097687;0,57286543;3,19051409;1,00000000
0,23508547;0,16455463;0,27128446;0,57271159;3,19082165;1,00000000
0,23515215;0,16440085;0,27128446;0,57271159;3,19082165;1,00000000
0,23521882;0,16440085;0,27128446;0,57271159;3,19051409;1,00000000
0,23528549;0,16424704;0,27159202;0,57271159;3,19082165;1,00000000
0,23535216;0,16440085;0,27159202;0,57286543;3,19112968;1,00000000
0,23541883;0,16440085;0,27159202;0,57286543;3,19112968;1,00000000
0,23548551;0,16440085;0,27189961;0,57286543;3,19143724;1,00000000
0,23555218;0,16440085;0,27220720;0,57286543;3,19143724;1,00000000
0,23561885;0,16440085;0,27220720;0,57286543;3,19143724;1,00000000
0,23568552;0,16440085;0,27220720;0,57286543;3,19143724;1,00000000
0,23575219;0,16455463;0,27251476;0,57286543;3,19143724;1,00000000
0,23581887;0,16455463;0,27282235;0,57301921;3,19143724;1,00000000
0,23588554;0,16440085;0,27312991;0,57301921;3,19174480;1,00000000
0,23595221;0,16440085;0,27312991;0,57332677;3,19205236;1,00000000
0,23601888;0,16440085;0,27343750;0,57348061;3,19235992;1,00000000
0,23608555;0,16455463;0,27343750;0,57378817;3,19266748;1,00000000
0,23615223;0,16455463;0,27343750;0,57394195;3,19266748;1,00000000
0,23621890;0,16455463;0,27374509;0,57409573;3,19297504;1,00000000
0,23628557;0,16455463;0,27374509;0,57424951;3,19266748;1,00000000
0,23635224;0,16440085;0,27343750;0,57424951;3,19235992;1,00000000
0,23641891;0,16440085;0,27343750;0,57440329;3,19235992;1,00000000
0,23648559;0,16440085;0,27343750;0,57471091;3,19235992;1,00000000
0,23655226;0,16440085;0,27343750;0,57517225;3,19235992;1,00000000
0,23661893;0,16455463;0,27374509;0,57547981;3,19235992;1,00000000
0,23668560;0,16470842;0,27405265;0,57578737;3,19235992;1,00000000
0,23675227;0,16486220;0,27405265;0,57609499;3,19235992;1,00000000
0,23681895;0,16486220;0,27405265;0,57624876;3,19205236;1,00000000
0,23688562;0,16501600;0,27405265;0,57655638;3,19143724;1,00000000
0,23695229;0,16501600;0,27405265;0,57686394;3,19143724;1,00000000
0,23701896;0,16501600;0,27405265;0,57717150;3,19112968;1,00000000
0,23708563;0,16516978;0,27405265;0,57747906;3,19112968;1,00000000
0,23715231;0,16532359;0,27405265;0,57778668;3,19112968;1,00000000
0,23721898;0,16547737;0,27405265;0,57809424;3,19112968;1,00000000
0,23728565;0,16547737;0,27436024;0,57840180;3,19082165;1,00000000
0,23735232;0,16547737;0,27405265;0,57886314;3,19082165;1,00000000
0,23741899;0,16547737;0,27374509;0,57917076;3,19020653;1,00000000
0,23748567;0,16563116;0,27374509;0,57917076;3,18989897;1,00000000
0,23755234;0,16547737;0,27343750;0,57947832;3,18959141;1,00000000
0,23761901;0,16547737;0,27374509;0,57978594;3,18959141;1,00000000
0,23768568;0,16547737;0,27374509;0,57993972;3,18959141;1,00000000
0,23775235;0,16547737;0,27405265;0,58009350;3,18959141;1,00000000
0,23781903;0,16563116;0,27405265;0,58040106;3,18928385;1,00000000
0,23788570;0,16563116;0,27374509;0,58055484;3,18897629;1,00000000
0,23795237;0,16563116;0,27405265;0,58070862;3,18866873;1,00000000
0,23801904;0,16578494;0,27374509;0,58086246;3,18836117;1,00000000
0,23808571;0,16578494;0,27343750;0,58101624;3,18805361;1,00000000
0,23815239;0,16578494;0,27312991;0,58117002;3,18774605;1,00000000
0,23821906;0,16563116;0,27312991;0,58132380;3,18713093;1,00000000
0,23828573;0,16547737;0,27282235;0,58163142;3,18713093;1,00000000
0,23835240;0,16547737;0,27312991;0,58193898;3,18713093;1,00000000
0,23841907;0,16532359;0,27312991;0,58193898;3,18620801;1,00000000
0,23848575;0,16547737;0,27282235;0,58224654;3,18590045;1,00000000
0,23855242;0,16547737;0,27251476;0,58255410;3,18559289;1,00000000
0,23861909;0,16547737;0,27251476;0,58286172;3,18528533;1,00000000
0,23868576;0,16547737;0,27251476;0,58316928;3,18467021;1,00000000
0,23875243;0,16532359;0,27220720;0,58347690;3,18405509;1,00000000
0,23881911;0,16516978;0,27251476;0,58363068;3,18374753;1,00000000
0,23888578;0,16501600;0,27251476;0,58393824;3,18343997;1,00000000
0,23895245;0,16486220;0,27220720;0,58393824;3,18343997;1,00000000
0,23901912;0,16501600;0,27220720;0,58424580;3,18313241;1,00000000
0,23908579;0,16516978;0,27220720;0,58439958;3,18282485;1,00000000
0,23915247;0,16516978;0,27189961;0,58455342;3,18282485;1,00000000
0,23921914;0,16501600;0,27159202;0,58470720;3,18282485;1,00000000
0,23928581;0,16486220;0,27159202;0,58486098;3,18251729;1,00000000
0,23935248;0,16470842;0,27159202;0,58486098;3,18220973;1,00000000
0,23941915;0,16470842;0,27159202;0,58516854;3,18220973;1,00000000
0,23948583;0,16470842;0,27159202;0,58532232;3,18220973;1,00000000
0,23955250;0,16455463;0,27128446;0,58547610;3,18190217;1,00000000
0,23961917;0,16455463;0,27097687;0,58562988;3,18190217;1,00000000
0,23968584;0,16455463;0,27066928;0,58578372;3,18159461;1,00000000
0,23975251;0,16455463;0,27066928;0,58593750;3,18128681;1,00000000
0,23981919;0,16455463;0,27066928;0,58609128;3,18128681;1,00000000
0,23988586;0,16440085;0,27036172;0,58624506;3,18128681;1,00000000
0,23995253;0,16424704;0,27005413;0,58639890;3,18159461;1,00000000
0,24001920;0,16424704;0,27005413;0,58655268;3,18190217;1,00000000
0,24008587;0,16409326;0,26974654;0,58670646;3,18190217;1,00000000
0,24015255;0,16409326;0,27005413;0,58686024;3,18159461;1,00000000
0,24021922;0,16393946;0,26974654;0,58686024;3,18128681;1,00000000
0,24028589;0,16409326;0,26974654;0,58701402;3,18128681;1,00000000
0,24035256;0,16409326;0,26974654;0,58716780;3,18159461;1,00000000
0,24041923;0,16424704;0,26974654;0,58732158;3,18159461;1,00000000
0,24048591;0,16440085;0,27005413;0,58747536;3,18190217;1,00000000
0,24055258;0,16440085;0,27036172;0,58747536;3,18220973;1,00000000
0,24061925;0,16424704;0,27036172;0,58747536;3,18251729;1,00000000
0,24068592;0,16424704;0,27005413;0,58732158;3,18251729;1,00000000
0,24075259;0,16424704;0,27005413;0,58732158;3,18220973;1,00000000
0,24081927;0,16409326;0,27005413;0,58732158;3,18220973;1,00000000
0,24088594;0,16424704;0,27036172;0,58747536;3,18220973;1,00000000
0,24095261;0,16409326;0,27036172;0,58762920;3,18251729;1,00000000
0,24101928;0,16424704;0,27036172;0,58747536;3,18282485;1,00000000
0,24108595;0,16440085;0,27066928;0,58732158;3,18313241;1,00000000
0,24115263;0,16440085;0,27036172;0,58716780;3,18313241;1,00000000
0,24121930;0,16440085;0,27036172;0,58701402;3,18282485;1,00000000
0,24128597;0,16440085;0,27005413;0,58701402;3,18313241;1,00000000
0,24135264;0,16424704;0,27005413;0,58686024;3,18313241;1,00000000
0,24141931;0,16424704;0,27005413;0,58670646;3,18313241;1,00000000
0,24148599;0,16440085;0,27005413;0,58655268;3,18343997;1,00000000
0,24155266;0,16440085;0,27036172;0,58639890;3,18374753;1,00000000
0,24161933;0,16440085;0,27005413;0,58609128;3,18405509;1,00000000
0,24168600;0,16455463;0,27005413;0,58593750;3,18405509;1,00000000
0,24175267;0,16455463;0,27005413;0,58578372;3,18374753;1,00000000
0,24181935;0,16470842;0,27005413;0,58562988;3,18405509;1,00000000
0,24188602;0,16470842;0,27036172;0,58547610;3,18436265;1,00000000
0,24195269;0,16455463;0,27005413;0,58532232;3,18436265;1,00000000
0,24201936;0,16440085;0,27036172;0,58516854;3,18467021;1,00000000
0,24208603;0,16455463;0,27036172;0,58501476;3,18528533;1,00000000
0,24215271;0,16440085;0,27036172;0,58470720;3,18467021;1,00000000
0,24221938;0,16455463;0,27066928;0,58439958;3,18436265;1,00000000
0,24228605;0,16470842;0,27066928;0,58424580;3,18467021;1,00000000
0,24235272;0,16486220;0,27036172;0,58393824;3,18528533;1,00000000
0,24241939;0,16501600;0,27036172;0,58363068;3,18528533;1,00000000
0,24248607;0,16501600;0,27036172;0,58332312;3,18528533;1,00000000
0,24255274;0,16516978;0,27036172;0,58301550;3,18528533;1,00000000
0,24261941;0,16516978;0,27066928;0,58286172;3,18528533;1,00000000
0,24268608;0,16532359;0,27066928;0,58255410;3,18528533;1,00000000
0,24275275;0,16532359;0,27097687;0,58224654;3,18528533;1,00000000
0,24281943;0,16532359;0,27097687;0,58193898;3,18467021;1,00000000
0,24288610;0,16516978;0,27097687;0,58163142;3,18528533;1,00000000
0,24295277;0,16532359;0,27066928;0,58132380;3,18528533;1,00000000
0,24301944;0,16547737;0,27066928;0,58101624;3,18528533;1,00000000
0,24308611;0,16547737;0,27036172;0,58070862;3,18528533;1,00000000
0,24315279;0,16563116;0,27036172;0,58024728;3,18528533;1,00000000
0,24321946;0,16578494;0,27066928;0,57978594;3,18528533;1,00000000
0,24328613;0,16578494;0,27097687;0,57932454;3,18528533;1,00000000
0,24335280;0,16593874;0,27097687;0,57886314;3,18467021;1,00000000
0,24341947;0,16593874;0,27097687;0,57840180;3,18528533;1,00000000
0,24348615;0,16609251;0,27097687;0,57794046;3,18528533;1,00000000
0,24355282;0,16609251;0,27066928;0,57747906;3,18528533;1,00000000
0,24361949;0,16624631;0,27066928;0,57717150;3,18528533;1,00000000
0,24368616;0,16640009;0,27097687;0,57686394;3,18528533;1,00000000
0,24375283;0,16640009;0,27097687;0,57655638;3,18528533;1,00000000
0,24381951;0,16655388;0,27128446;0,57609499;3,18528533;1,00000000
0,24388618;0,16655388;0,27128446;0,57563359;3,18467021;1,00000000
0,24395285;0,16655388;0,27128446;0,57532603;3,18436265;1,00000000
0,24401952;0,16670766;0,27097687;0,57501847;3,18467021;1,00000000
0,24408619;0,16686147;0,27128446;0,57471091;3,18528533;1,00000000
0,24415287;0,16686147;0,27097687;0,57440329;3,18528533;1,00000000
0,24421954;0,16701525;0,27097687;0,57378817;3,18528533;1,00000000
0,24428621;0,16701525;0,27097687;0,57348061;3,18528533;1,00000000
0,24435288;0,16716905;0,27097687;0,57332677;3,18559289;1,00000000
0,24441955;0,16716905;0,27097687;0,57286543;3,18467021;1,00000000
0,24448623;0,16732283;0,27128446;0,57240403;3,18405509;1,00000000
0,24455290;0,16747662;0,27159202;0,57209647;3,18436265;1,00000000
0,24461957;0,16763040;0,27159202;0,57194269;3,18467021;1,00000000
0,24468624;0,16763040;0,27189961;0,57132751;3,18467021;1,00000000
0,24475291;0,16778421;0,27159202;0,57101995;3,18467021;1,00000000
0,24481959;0,16778421;0,27159202;0,57055855;3,18467021;1,00000000
0,24488626;0,16793799;0,27159202;0,57025099;3,18467021;1,00000000
0,24495293;0,16809179;0,27189961;0,56994343;3,18467021;1,00000000
0,24501960;0,16839936;0,27220720;0,56948203;3,18436265;1,00000000
0,24508627;0,16855314;0,27220720;0,56932825;3,18467021;1,00000000
0,24515295;0,16855314;0,27220720;0,56902063;3,18467021;1,00000000
0,24521962;0,16870694;0,27220720;0,56871307;3,18467021;1,00000000
0,24528629;0,16886072;0,27251476;0,56840551;3,18467021;1,00000000
0,24535296;0,16901451;0,27220720;0,56809795;3,18467021;1,00000000
0,24541963;0,16916829;0,27189961;0,56779033;3,18405509;1,00000000
0,24548631;0,16932210;0,27189961;0,56748277;3,18374753;1,00000000
0,24555298;0,16932210;0,27159202;0,56717521;3,18343997;1,00000000
0,24561965;0,16932210;0,27159202;0,56702143;3,18313241;1,00000000
0,24568632;0,16932210;0,27128446;0,56702143;3,18313241;1,00000000
0,24575299;0,16932210;0,27097687;0,56686765;3,18313241;1,00000000
0,24581967;0,16932210;0,27066928;0,56686765;3,18343997;1,00000000
0,24588634;0,16932210;0,27036172;0,56656003;3,18374753;1,00000000
0,24595301;0,16947588;0,27005413;0,56640625;3,18313241;1,00000000
0,24601968;0,16947588;0,27005413;0,56640625;3,18251729;1,00000000
0,24608635;0,16947588;0,26974654;0,56640625;3,18251729;1,00000000
0,24615303;0,16947588;0,26943898;0,56640625;3,18220973;1,00000000
0,24621970;0,16947588;0,26913139;0,56625247;3,18190217;1,00000000
0,24628637;0,16947588;0,26882383;0,56625247;3,18220973;1,00000000
0,24635304;0,16947588;0,26882383;0,56625247;3,18220973;1,00000000
0,24641971;0,16947588;0,26851624;0,56625247;3,18220973;1,00000000
0,24648639;0,16962968;0,26820865;0,56625247;3,18190217;1,00000000
0,24655306;0,16962968;0,26790109;0,56625247;3,18128681;1,00000000
0,24661973;0,16962968;0,26790109;0,56640625;3,18128681;1,00000000
0,24668640;0,16947588;0,26790109;0,56656003;3,18097925;1,00000000
0,24675307;0,16962968;0,26790109;0,56671381;3,18128681;1,00000000
0,24681975;0,16962968;0,26820865;0,56686765;3,18159461;1,00000000
0,24688642;0,16962968;0,26790109;0,56702143;3,18190217;1,00000000
0,24695309;0,16962968;0,26820865;0,56732899;3,18220973;1,00000000
0,24701976;0,16947588;0,26851624;0,56748277;3,18190217;1,00000000
0,24708643;0,16947588;0,26882383;0,56763655;3,18190217;1,00000000
0,24715311;0,16947588;0,26882383;0,56779033;3,18190217;1,00000000
0,24721978;0,16947588;0,26913139;0,56809795;3,18190217;1,00000000
0,24728645;0,16947588;0,26913139;0,56840551;3,18220973;1,00000000
0,24735312;0,16947588;0,26913139;0,56886685;3,18251729;1,00000000
0,24741979;0,16947588;0,26882383;0,56917441;3,18282485;1,00000000
0,24748647;0,16947588;0,26882383;0,56963581;3,18282485;1,00000000
0,24755314;0,16947588;0,26882383;0,56994343;3,18282485;1,00000000
0,24761981;0,16947588;0,26882383;0,57040477;3,18282485;1,00000000
0,24768648;0,16947588;0,26851624;0,57071233;3,18282485;1,00000000
0,24775315;0,16947588;0,26851624;0,57117373;3,18343997;1,00000000
0,24781983;0,16947588;0,26851624;0,57163513;3,18374753;1,00000000
0,24788650;0,16947588;0,26851624;0,57225025;3,18405509;1,00000000
0,24795317;0,16947588;0,26882383;0,57286543;3,18436265;1,00000000
0,24801984;0,16947588;0,26882383;0,57332677;3,18436265;1,00000000
0,24808651;0,16947588;0,26851624;0,57378817;3,18436265;1,00000000
0,24815319;0,16947588;0,26851624;0,57440329;3,18467021;1,00000000
0,24821986;0,16947588;0,26851624;0,57471091;3,18559289;1,00000000
0,24828653;0,16947588;0,26882383;0,57501847;3,18590045;1,00000000
0,24835320;0,16947588;0,26882383;0,57547981;3,18620801;1,00000000
0,24841987;0,16947588;0,26882383;0,57578737;3,18620801;1,00000000
0,24848655;0,16947588;0,26913139;0,57624876;3,18620801;1,00000000
0,24855322;0,16947588;0,26913139;0,57671016;3,18620801;1,00000000
0,24861989;0,16947588;0,26943898;0,57732528;3,18590045;1,00000000
0,24868656;0,16947588;0,26943898;0,57763284;3,18620801;1,00000000
0,24875323;0,16947588;0,26943898;0,57824802;3,18651581;1,00000000
0,24881991;0,16947588;0,26974654;0,57870936;3,18682337;1,00000000
0,24888658;0,16947588;0,27005413;0,57901698;3,18713093;1,00000000
0,24895325;0,16947588;0,27036172;0,57932454;3,18682337;1,00000000
0,24901992;0,16947588;0,27005413;0,57978594;3,18682337;1,00000000
0,24908659;0,16947588;0,27036172;0,58024728;3,18713093;1,00000000
0,24915327;0,16947588;0,27066928;0,58070862;3,18713093;1,00000000
0,24921994;0,16947588;0,27066928;0,58117002;3,18713093;1,00000000
0,24928661;0,16947588;0,27066928;0,58163142;3,18713093;1,00000000
0,24935328;0,16947588;0,27097687;0,58209276;3,18713093;1,00000000
0,24941995;0,16962968;0,27128446;0,58240032;3,18682337;1,00000000
0,24948663;0,16962968;0,27128446;0,58270794;3,18682337;1,00000000
0,24955330;0,16962968;0,27159202;0,58301550;3,18682337;1,00000000
0,24961997;0,16978346;0,27189961;0,58332312;3,18682337;1,00000000
0,24968664;0,16993725;0,27220720;0,58363068;3,18682337;1,00000000
0,24975331;0,16993725;0,27220720;0,58393824;3,18682337;1,00000000
0,24981999;0,17009103;0,27220720;0,58424580;3,18682337;1,00000000
0,24988666;0,17024484;0,27251476;0,58439958;3,18682337;1,00000000
0,24995333;0,17024484;0,27282235;0,58439958;3,18682337;1,00000000
0,25002000;0,17024484;0,27251476;0,58439958;3,18651581;1,00000000
0,25008667;0,17039862;0,27251476;0,58470720;3,18651581;1,00000000
0,25015335;0,17055242;0,27251476;0,58486098;3,18651581;1,00000000
0,25022002;0,17055242;0,27282235;0,58486098;3,18651581;1,00000000
0,25028669;0,17055242;0,27251476;0,58486098;3,18651581;1,00000000
0,25035336;0,17055242;0,27220720;0,58486098;3,18651581;1,00000000
0,25042003;0,17070620;0,27251476;0,58486098;3,18620801;1,00000000
0,25048671;0,17085999;0,27282235;0,58501476;3,18590045;1,00000000
0,25055338;0,17085999;0,27251476;0,58501476;3,18559289;1,00000000
0,25062005;0,17085999;0,27251476;0,58516854;3,18528533;1,00000000
0,25068672;0,17101377;0,27251476;0,58532232;3,18467021;1,00000000
0,25075339;0,17101377;0,27251476;0,58516854;3,18467021;1,00000000
0,25082007;0,17101377;0,27251476;0,58516854;3,18467021;1,00000000
0,25088674;0,17101377;0,27282235;0,58501476;3,18528533;1,00000000
0,25095341;0,17116757;0,27282235;0,58486098;3,18528533;1,00000000
0,25102008;0,17116757;0,27282235;0,58486098;3,18467021;1,00000000
0,25108675;0,17116757;0,27251476;0,58486098;3,18467021;1,00000000
0,25115343;0,17116757;0,27220720;0,58486098;3,18467021;1,00000000
0,25122010;0,17116757;0,27220720;0,58470720;3,18467021;1,00000000
0,25128677;0,17116757;0,27220720;0,58470720;3,18436265;1,00000000
0,25135344;0,17101377;0,27189961;0,58455342;3,18467021;1,00000000
0,25142011;0,17101377;0,27159202;0,58439958;3,18436265;1,00000000
0,25148679;0,17101377;0,27159202;0,58439958;3,18405509;1,00000000
0,25155346;0,17101377;0,27128446;0,58439958;3,18405509;1,00000000
0,25162013;0,17101377;0,27128446;0,58424580;3,18405509;1,00000000
0,25168680;0,17101377;0,27128446;0,58409202;3,18405509;1,00000000
0,25175347;0,17101377;0,27128446;0,58393824;3,18405509;1,00000000
0,25182015;0,17101377;0,27159202;0,58363068;3,18436265;1,00000000
0,25188682;0,17101377;0,27128446;0,58347690;3,18436265;1,00000000
0,25195349;0,17101377;0,27128446;0,58332312;3,18436265;1,00000000
0,25202016;0,17101377;0,27097687;0,58332312;3,18436265;1,00000000
0,25208683;0,17101377;0,27097687;0,58316928;3,18436265;1,00000000
0,25215351;0,17101377;0,27066928;0,58316928;3,18405509;1,00000000
0,25222018;0,17101377;0,27066928;0,58286172;3,18405509;1,00000000
0,25228685;0,17101377;0,27066928;0,58255410;3,18436265;1,00000000
0,25235352;0,17101377;0,27036172;0,58224654;3,18436265;1,00000000
0,25242019;0,17085999;0,27066928;0,58178520;3,18436265;1,00000000
0,25248687;0,17070620;0,27066928;0,58147764;3,18436265;1,00000000
0,25255354;0,17055242;0,27036172;0,58132380;3,18436265;1,00000000
0,25262021;0,17039862;0,27036172;0,58101624;3,18436265;1,00000000
0,25268688;0,17024484;0,27005413;0,58070862;3,18436265;1,00000000
0,25275355;0,17024484;0,26974654;0,58040106;3,18436265;1,00000000
0,25282023;0,17009103;0,26943898;0,58009350;3,18436265;1,00000000
0,25288690;0,17009103;0,26943898;0,57978594;3,18467021;1,00000000
0,25295357;0,17009103;0,26913139;0,57963216;3,18467021;1,00000000
0,25302024;0,17009103;0,26913139;0,57932454;3,18467021;1,00000000
0,25308691;0,17009103;0,26913139;0,57901698;3,18528533;1,00000000
0,25315359;0,17009103;0,26913139;0,57855558;3,18559289;1,00000000
0,25322026;0,17009103;0,26943898;0,57840180;3,18590045;1,00000000
0,25328693;0,17009103;0,26913139;0,57809424;3,18528533;1,00000000
0,25335360;0,17009103;0,26882383;0,57778668;3,18559289;1,00000000
0,25342027;0,17009103;0,26882383;0,57747906;3,18590045;1,00000000
0,25348695;0,17009103;0,26913139;0,57732528;3,18620801;1,00000000
0,25355362;0,17009103;0,26913139;0,57701772;3,18620801;1,00000000
0,25362029;0,17009103;0,26943898;0,57655638;3,18620801;1,00000000
0,25368696;0,16993725;0,26913139;0,57624876;3,18620801;1,00000000
0,25375363;0,16978346;0,26882383;0,57594121;3,18590045;1,00000000
0,25382031;0,16978346;0,26882383;0,57563359;3,18559289;1,00000000
0,25388698;0,16978346;0,26882383;0,57547981;3,18590045;1,00000000
0,25395365;0,16962968;0,26882383;0,57501847;3,18620801;1,00000000
0,25402032;0,16962968;0,26913139;0,57471091;3,18651581;1,00000000
0,25408699;0,16962968;0,26882383;0,57424951;3,18682337;1,00000000
0,25415367;0,16947588;0,26913139;0,57378817;3,18682337;1,00000000
0,25422034;0,16932210;0,26913139;0,57348061;3,18713093;1,00000000
0,25428701;0,16916829;0,26913139;0,57317299;3,18682337;1,00000000
0,25435368;0,16901451;0,26882383;0,57301921;3,18651581;1,00000000
0,25442035;0,16901451;0,26882383;0,57271159;3,18590045;1,00000000
0,25448703;0,16901451;0,26913139;0,57240403;3,18620801;1,00000000
0,25455370;0,16886072;0,26913139;0,57225025;3,18651581;1,00000000
0,25462037;0,16886072;0,26913139;0,57194269;3,18682337;1,00000000
0,25468704;0,16870694;0,26913139;0,57163513;3,18682337;1,00000000
0,25475371;0,16870694;0,26943898;0,57148129;3,18682337;1,00000000
0,25482039;0,16855314;0,26913139;0,57132751;3,18682337;1,00000000
0,25488706;0,16839936;0,26882383;0,57101995;3,18651581;1,00000000
0,25495373;0,16839936;0,26882383;0,57101995;3,18620801;1,00000000
0,25502040;0,16839936;0,26851624;0,57101995;3,18620801;1,00000000
0,25508707;0,16824557;0,26882383;0,57101995;3,18651581;1,00000000
0,25515375;0,16839936;0,26882383;0,57101995;3,18682337;1,00000000
0,25522042;0,16824557;0,26882383;0,57101995;3,18713093;1,00000000
0,25528709;0,16824557;0,26882383;0,57117373;3,18743849;1,00000000
0,25535376;0,16824557;0,26882383;0,57117373;3,18743849;1,00000000
0,25542043;0,16809179;0,26882383;0,57117373;3,18713093;1,00000000
0,25548711;0,16809179;0,26913139;0,57132751;3,18743849;1,00000000
0,25555378;0,16809179;0,26913139;0,57132751;3,18774605;1,00000000
0,25562045;0,16809179;0,26943898;0,57132751;3,18805361;1,00000000
0,25568712;0,16809179;0,26974654;0,57132751;3,18836117;1,00000000
0,25575379;0,16793799;0,26974654;0,57148129;3,18866873;1,00000000
0,25582047;0,16809179;0,27005413;0,57148129;3,18897629;1,00000000
0,25588714;0,16809179;0,26974654;0,57148129;3,18897629;1,00000000
0,25595381;0,16809179;0,26974654;0,57148129;3,18928385;1,00000000
0,25602048;0,16793799;0,26974654;0,57194269;3,18897629;1,00000000
0,25608715;0,16778421;0,26974654;0,57209647;3,18897629;1,00000000
0,25615383;0,16778421;0,27005413;0,57240403;3,18928385;1,00000000
0,25622050;0,16778421;0,27036172;0,57271159;3,18928385;1,00000000
0,25628717;0,16778421;0,27036172;0,57301921;3,18928385;1,00000000
0,25635384;0,16778421;0,27036172;0,57332677;3,18928385;1,00000000
0,25642051;0,16778421;0,27066928;0,57363439;3,18928385;1,00000000
0,25648719;0,16778421;0,27097687;0,57378817;3,18959141;1,00000000
0,25655386;0,16778421;0,27097687;0,57409573;3,18928385;1,00000000
0,25662053;0,16778421;0,27097687;0,57440329;3,18928385;1,00000000
0,25668720;0,16778421;0,27128446;0,57471091;3,18928385;1,00000000
0,25675387;0,16778421;0,27128446;0,57501847;3,18928385;1,00000000
0,25682055;0,16763040;0,27128446;0,57517225;3,18928385;1,00000000
0,25688722;0,16763040;0,27159202;0,57547981;3,18928385;1,00000000
0,25695389;0,16763040;0,27159202;0,57563359;3,18928385;1,00000000
0,25702056;0,16778421;0,27159202;0,57594121;3,18897629;1,00000000
0,25708723;0,16778421;0,27159202;0,57624876;3,18836117;1,00000000
0,25715391;0,16778421;0,27159202;0,57655638;3,18805361;1,00000000
0,25722058;0,16778421;0,27128446;0,57686394;3,18774605;1,00000000
0,25728725;0,16778421;0,27128446;0,57717150;3,18774605;1,00000000
0,25735392;0,16763040;0,27128446;0,57732528;3,18774605;1,00000000
0,25742059;0,16747662;0,27159202;0,57763284;3,18743849;1,00000000
0,25748727;0,16732283;0,27159202;0,57778668;3,18743849;1,00000000
0,25755394;0,16716905;0,27128446;0,57809424;3,18713093;1,00000000
0,25762061;0,16701525;0,27097687;0,57840180;3,18651581;1,00000000
0,25768728;0,16716905;0,27066928;0,57870936;3,18590045;1,00000000
0,25775395;0,16732283;0,27097687;0,57901698;3,18559289;1,00000000
0,25782063;0,16732283;0,27097687;0,57932454;3,18559289;1,00000000
0,25788730;0,16732283;0,27097687;0,57963216;3,18559289;1,00000000
0,25795397;0,16732283;0,27097687;0,57978594;3,18559289;1,00000000
0,25802064;0,16747662;0,27097687;0,58009350;3,18528533;1,00000000
0,25808731;0,16747662;0,27097687;0,58040106;3,18467021;1,00000000
0,25815399;0,16732283;0,27066928;0,58070862;3,18436265;1,00000000
0,25822066;0,16716905;0,27066928;0,58101624;3,18374753;1,00000000
0,25828733;0,16732283;0,27036172;0,58132380;3,18343997;1,00000000
0,25835400;0,16747662;0,27066928;0,58147764;3,18313241;1,00000000
0,25842067;0,16763040;0,27066928;0,58178520;3,18282485;1,00000000
0,25848735;0,16778421;0,27066928;0,58209276;3,18282485;1,00000000
0,25855402;0,16778421;0,27097687;0,58240032;3,18251729;1,00000000
0,25862069;0,16778421;0,27066928;0,58270794;3,18220973;1,00000000
0,25868736;0,16778421;0,27066928;0,58286172;3,18190217;1,00000000
0,25875403;0,16763040;0,27036172;0,58301550;3,18159461;1,00000000
0,25882071;0,16763040;0,27005413;0,58332312;3,18128681;1,00000000
0,25888738;0,16747662;0,27005413;0,58363068;3,18097925;1,00000000
0,25895405;0,16732283;0,26974654;0,58393824;3,18067169;1,00000000
0,25902072;0,16732283;0,26974654;0,58393824;3,18067169;1,00000000
0,25908739;0,16732283;0,26943898;0,58409202;3,18036413;1,00000000
0,25915407;0,16716905;0,26943898;0,58439958;3,18005657;1,00000000
0,25922074;0,16732283;0,26913139;0,58470720;3,17974901;1,00000000
0,25928741;0,16716905;0,26882383;0,58486098;3,17944145;1,00000000
0,25935408;0,16701525;0,26851624;0,58501476;3,17944145;1,00000000
0,25942075;0,16686147;0,26851624;0,58532232;3,17944145;1,00000000
0,25948743;0,16670766;0,26820865;0,58547610;3,17944145;1,00000000
0,25955410;0,16670766;0,26820865;0,58562988;3,17944145;1,00000000
0,25962077;0,16655388;0,26851624;0,58593750;3,17974901;1,00000000
0,25968744;0,16655388;0,26820865;0,58593750;3,18005657;1,00000000
0,25975411;0,16640009;0,26820865;0,58624506;3,18005657;1,00000000
0,25982079;0,16640009;0,26790109;0,58655268;3,18005657;1,00000000
0,25988746;0,16640009;0,26759350;0,58670646;3,18005657;1,00000000
0,25995413;0,16640009;0,26759350;0,58686024;3,18036413;1,00000000
0,26002080;0,16640009;0,26759350;0,58701402;3,18067169;1,00000000
0,26008747;0,16640009;0,26790109;0,58716780;3,18097925;1,00000000
0,26015415;0,16640009;0,26790109;0,58732158;3,18097925;1,00000000
0,26022082;0,16624631;0,26820865;0,58747536;3,18097925;1,00000000
0,26028749;0,16609251;0,26820865;0,58762920;3,18097925;1,00000000
0,26035416;0,16609251;0,26820865;0,58778298;3,18067169;1,00000000
0,26042083;0,16609251;0,26851624;0,58793676;3,18097925;1,00000000
0,26048751;0,16624631;0,26851624;0,58809054;3,18097925;1,00000000
0,26055418;0,16624631;0,26882383;0,58824432;3,18128681;1,00000000
0,26062085;0,16624631;0,26913139;0,58839810;3,18128681;1,00000000
0,26068752;0,16609251;0,26913139;0,58839810;3,18128681;1,00000000
0,26075419;0,16609251;0,26913139;0,58824432;3,18128681;1,00000000
0,26082087;0,16624631;0,26913139;0,58824432;3,18128681;1,00000000
0,26088754;0,16609251;0,26913139;0,58824432;3,18128681;1,00000000
0,26095421;0,16609251;0,26913139;0,58839810;3,18159461;1,00000000
0,26102088;0,16609251;0,26913139;0,58824432;3,18190217;1,00000000
0,26108755;0,16609251;0,26943898;0,58824432;3,18190217;1,00000000
0,26115423;0,16593874;0,26913139;0,58809054;3,18190217;1,00000000
0,26122090;0,16593874;0,26943898;0,58793676;3,18190217;1,00000000
0,26128757;0,16593874;0,26943898;0,58778298;3,18190217;1,00000000
0,26135424;0,16609251;0,26974654;0,58762920;3,18190217;1,00000000
0,26142091;0,16593874;0,26943898;0,58747536;3,18159461;1,00000000
0,26148759;0,16593874;0,26943898;0,58732158;3,18220973;1,00000000
0,26155426;0,16593874;0,26913139;0,58701402;3,18251729;1,00000000
0,26162093;0,16593874;0,26913139;0,58686024;3,18251729;1,00000000
0,26168760;0,16578494;0,26913139;0,58655268;3,18251729;1,00000000
0,26175427;0,16593874;0,26882383;0,58639890;3,18251729;1,00000000
0,26182095;0,16578494;0,26913139;0,58624506;3,18282485;1,00000000
0,26188762;0,16593874;0,26943898;0,58609128;3,18313241;1,00000000
0,26195429;0,16593874;0,26943898;0,58578372;3,18313241;1,00000000
0,26202096;0,16593874;0,26913139;0,58547610;3,18282485;1,00000000
0,26208763;0,16578494;0,26913139;0,58532232;3,18282485;1,00000000
0,26215431;0,16578494;0,26882383;0,58501476;3,18282485;1,00000000
0,26222098;0,16578494;0,26851624;0,58470720;3,18313241;1,00000000
0,26228765;0,16578494;0,26851624;0,58439958;3,18343997;1,00000000
0,26235432;0,16578494;0,26851624;0,58424580;3,18374753;1,00000000
0,26242099;0,16578494;0,26851624;0,58393824;3,18343997;1,00000000
0,26248767;0,16593874;0,26851624;0,58363068;3,18374753;1,00000000
0,26255434;0,16578494;0,26851624;0,58332312;3,18374753;1,00000000
0,26262101;0,16593874;0,26851624;0,58316928;3,18374753;1,00000000
0,26268768;0,16609251;0,26851624;0,58301550;3,18374753;1,00000000
0,26275435;0,16624631;0,26882383;0,58255410;3,18374753;1,00000000
0,26282103;0,16624631;0,26882383;0,58224654;3,18405509;1,00000000
0,26288770;0,16640009;0,26913139;0,58193898;3,18405509;1,00000000
0,26295437;0,16640009;0,26943898;0,58163142;3,18374753;1,00000000
0,26302104;0,16655388;0,26974654;0,58132380;3,18405509;1,00000000
0,26308771;0,16655388;0,26943898;0,58086246;3,18436265;1,00000000
0,26315439;0,16655388;0,26943898;0,58040106;3,18436265;1,00000000
0,26322106;0,16670766;0,26943898;0,57993972;3,18436265;1,00000000
0,26328773;0,16686147;0,26943898;0,57963216;3,18436265;1,00000000
0,26335440;0,16701525;0,26974654;0,57917076;3,18436265;1,00000000
0,26342107;0,16701525;0,26974654;0,57870936;3,18436265;1,00000000
0,26348775;0,16701525;0,26974654;0,57840180;3,18436265;1,00000000
0,26355442;0,16686147;0,27005413;0,57809424;3,18467021;1,00000000
0,26362109;0,16701525;0,27036172;0,57763284;3,18528533;1,00000000
0,26368776;0,16701525;0,27036172;0,57732528;3,18528533;1,00000000
0,26375443;0,16701525;0,27005413;0,57686394;3,18559289;1,00000000
0,26382111;0,16701525;0,27036172;0,57655638;3,18559289;1,00000000
0,26388778;0,16716905;0,27005413;0,57609499;3,18559289;1,00000000
0,26395445;0,16732283;0,27036172;0,57578737;3,18528533;1,00000000
0,26402112;0,16732283;0,27005413;0,57547981;3,18467021;1,00000000
0,26408779;0,16732283;0,27005413;0,57517225;3,18528533;1,00000000
0,26415447;0,16732283;0,27005413;0,57486469;3,18559289;1,00000000
0,26422114;0,16732283;0,27005413;0,57455707;3,18559289;1,00000000
0,26428781;0,16747662;0,26974654;0,57424951;3,18559289;1,00000000
0,26435448;0,16763040;0,26974654;0,57394195;3,18559289;1,00000000
0,26442115;0,16778421;0,27005413;0,57348061;3,18528533;1,00000000
0,26448783;0,16793799;0,27005413;0,57317299;3,18467021;1,00000000
0,26455450;0,16793799;0,27036172;0,57271159;3,18467021;1,00000000
0,26462117;0,16793799;0,27005413;0,57240403;3,18467021;1,00000000
0,26468784;0,16793799;0,27005413;0,57209647;3,18528533;1,00000000
0,26475451;0,16793799;0,27005413;0,57163513;3,18467021;1,00000000
0,26482119;0,16809179;0,27005413;0,57117373;3,18436265;1,00000000
0,26488786;0,16824557;0,27005413;0,57086611;3,18405509;1,00000000
0,26495453;0,16824557;0,27005413;0,57055855;3,18374753;1,00000000
0,26502120;0,16839936;0,27005413;0,57025099;3,18343997;1,00000000
0,26508787;0,16839936;0,27005413;0,56994343;3,18343997;1,00000000
0,26515455;0,16839936;0,27036172;0,56978959;3,18343997;1,00000000
0,26522122;0,16839936;0,27036172;0,56948203;3,18343997;1,00000000
0,26528789;0,16839936;0,27036172;0,56932825;3,18313241;1,00000000
0,26535456;0,16839936;0,27005413;0,56917441;3,18282485;1,00000000
0,26542123;0,16839936;0,27005413;0,56886685;3,18251729;1,00000000
0,26548791;0,16839936;0,27005413;0,56871307;3,18251729;1,00000000
0,26555458;0,16839936;0,27005413;0,56855929;3,18251729;1,00000000
0,26562125;0,16839936;0,27005413;0,56840551;3,18251729;1,00000000
0,26568792;0,16839936;0,27005413;0,56809795;3,18282485;1,00000000
0,26575459;0,16855314;0,27005413;0,56809795;3,18251729;1,00000000
0,26582127;0,16855314;0,26974654;0,56794411;3,18220973;1,00000000
0,26588794;0,16855314;0,26974654;0,56794411;3,18190217;1,00000000
0,26595461;0,16855314;0,26943898;0,56794411;3,18159461;1,00000000
0,26602128;0,16855314;0,26913139;0,56779033;3,18190217;1,00000000
0,26608795;0,16855314;0,26943898;0,56779033;3,18190217;1,00000000
0,26615463;0,16855314;0,26913139;0,56779033;3,18220973;1,00000000
0,26622130;0,16855314;0,26913139;0,56763655;3,18251729;1,00000000
0,26628797;0,16855314;0,26913139;0,56763655;3,18220973;1,00000000
0,26635464;0,16855314;0,26882383;0,56763655;3,18190217;1,00000000
0,26642131;0,16855314;0,26882383;0,56779033;3,18190217;1,00000000
0,26648799;0,16839936;0,26882383;0,56794411;3,18190217;1,00000000
0,26655466;0,16839936;0,26913139;0,56809795;3,18220973;1,00000000
0,26662133;0,16839936;0,26913139;0,56825173;3,18251729;1,00000000
0,26668800;0,16824557;0,26882383;0,56840551;3,18251729;1,00000000
0,26675467;0,16809179;0,26851624;0,56855929;3,18251729;1,00000000
0,26682135;0,16809179;0,26851624;0,56871307;3,18282485;1,00000000
0,26688802;0,16809179;0,26851624;0,56902063;3,18251729;1,00000000
0,26695469;0,16793799;0,26820865;0,56917441;3,18251729;1,00000000
0,26702136;0,16793799;0,26820865;0,56948203;3,18251729;1,00000000
0,26708803;0,16793799;0,26820865;0,56994343;3,18282485;1,00000000
0,26715471;0,16793799;0,26851624;0,57025099;3,18282485;1,00000000
0,26722138;0,16793799;0,26882383;0,57071233;3,18282485;1,00000000
0,26728805;0,16793799;0,26851624;0,57101995;3,18282485;1,00000000
0,26735472;0,16793799;0,26882383;0,57132751;3,18313241;1,00000000
0,26742139;0,16793799;0,26913139;0,57163513;3,18343997;1,00000000
0,26748807;0,16778421;0,26913139;0,57209647;3,18313241;1,00000000
0,26755474;0,16778421;0,26913139;0,57255781;3,18343997;1,00000000
0,26762141;0,16778421;0,26913139;0,57301921;3,18374753;1,00000000
0,26768808;0,16778421;0,26913139;0,57348061;3,18405509;1,00000000
0,26775475;0,16778421;0,26913139;0,57394195;3,18436265;1,00000000
0,26782143;0,16778421;0,26913139;0,57455707;3,18436265;1,00000000
0,26788810;0,16778421;0,26913139;0,57501847;3,18436265;1,00000000
0,26795477;0,16778421;0,26913139;0,57563359;3,18467021;1,00000000
0,26802144;0,16763040;0,26882383;0,57609499;3,18528533;1,00000000
0,26808811;0,16763040;0,26882383;0,57655638;3,18590045;1,00000000
0,26815479;0,16763040;0,26913139;0,57701772;3,18590045;1,00000000
0,26822146;0,16763040;0,26943898;0,57747906;3,18590045;1,00000000
0,26828813;0,16763040;0,26943898;0,57809424;3,18590045;1,00000000
0,26835480;0,16763040;0,26943898;0,57855558;3,18620801;1,00000000
0,26842147;0,16778421;0,26974654;0,57917076;3,18651581;1,00000000
0,26848815;0,16778421;0,26974654;0,57978594;3,18713093;1,00000000
0,26855482;0,16778421;0,26974654;0,58024728;3,18774605;1,00000000
0,26862149;0,16778421;0,26974654;0,58055484;3,18805361;1,00000000
0,26868816;0,16778421;0,26974654;0,58101624;3,18805361;1,00000000
0,26875483;0,16778421;0,27005413;0,58132380;3,18805361;1,00000000
0,26882151;0,16778421;0,27005413;0,58193898;3,18805361;1,00000000
0,26888818;0,16778421;0,27005413;0,58240032;3,18836117;1,00000000
0,26895485;0,16778421;0,27036172;0,58301550;3,18866873;1,00000000
0,26902152;0,16778421;0,27066928;0,58347690;3,18897629;1,00000000
0,26908819;0,16778421;0,27097687;0,58378446;3,18928385;1,00000000
0,26915487;0,16778421;0,27128446;0,58424580;3,18928385;1,00000000
0,26922154;0,16778421;0,27128446;0,58455342;3,18928385;1,00000000
0,26928821;0,16778421;0,27159202;0,58501476;3,18928385;1,00000000
0,26935488;0,16778421;0,27189961;0,58532232;3,18928385;1,00000000
0,26942155;0,16778421;0,27220720;0,58562988;3,18928385;1,00000000
0,26948823;0,16778421;0,27189961;0,58593750;3,18928385;1,00000000
0,26955490;0,16778421;0,27220720;0,58624506;3,18959141;1,00000000
0,26962157;0,16793799;0,27251476;0,58639890;3,18959141;1,00000000
0,26968824;0,16793799;0,27251476;0,58670646;3,18959141;1,00000000
0,26975491;0,16809179;0,27251476;0,58701402;3,18959141;1,00000000
0,26982159;0,16809179;0,27282235;0,58716780;3,18959141;1,00000000
0,26988826;0,16809179;0,27312991;0,58747536;3,18959141;1,00000000
0,26995493;0,16809179;0,27312991;0,58762920;3,18959141;1,00000000
0,27002160;0,16809179;0,27312991;0,58762920;3,18959141;1,00000000
0,27008827;0,16809179;0,27312991;0,58778298;3,18928385;1,00000000
0,27015495;0,16824557;0,27282235;0,58778298;3,18897629;1,00000000
0,27022162;0,16824557;0,27282235;0,58793676;3,18866873;1,00000000
0,27028829;0,16824557;0,27251476;0,58793676;3,18836117;1,00000000
0,27035496;0,16824557;0,27251476;0,58809054;3,18866873;1,00000000
0,27042163;0,16824557;0,27251476;0,58809054;3,18866873;1,00000000
0,27048831;0,16824557;0,27282235;0,58824432;3,18866873;1,00000000
0,27055498;0,16824557;0,27251476;0,58824432;3,18836117;1,00000000
0,27062165;0,16824557;0,27251476;0,58824432;3,18805361;1,00000000
0,27068832;0,16824557;0,27220720;0,58824432;3,18774605;1,00000000
0,27075499;0,16839936;0,27220720;0,58809054;3,18743849;1,00000000
0,27082167;0,16839936;0,27220720;0,58793676;3,18774605;1,00000000
0,27088834;0,16824557;0,27189961;0,58793676;3,18805361;1,00000000
0,27095501;0,16824557;0,27189961;0,58793676;3,18805361;1,00000000
0,27102168;0,16824557;0,27189961;0,58809054;3,18805361;1,00000000
0,27108835;0,16824557;0,27189961;0,58809054;3,18774605;1,00000000
0,27115503;0,16824557;0,27220720;0,58809054;3,18774605;1,00000000
0,27122170;0,16824557;0,27220720;0,58809054;3,18774605;1,00000000
0,27128837;0,16824557;0,27220720;0,58809054;3,18743849;1,00000000
0,27135504;0,16809179;0,27220720;0,58809054;3,18774605;1,00000000
0,27142171;0,16809179;0,27220720;0,58793676;3,18805361;1,00000000
0,27148839;0,16793799;0,27220720;0,58778298;3,18836117;1,00000000
0,27155506;0,16793799;0,27189961;0,58778298;3,18805361;1,00000000
0,27162173;0,16793799;0,27189961;0,58778298;3,18805361;1,00000000
0,27168840;0,16793799;0,27189961;0,58778298;3,18805361;1,00000000
0,27175507;0,16793799;0,27189961;0,58762920;3,18805361;1,00000000
0,27182175;0,16793799;0,27189961;0,58747536;3,18805361;1,00000000
0,27188842;0,16778421;0,27189961;0,58716780;3,18805361;1,00000000
0,27195509;0,16778421;0,27189961;0,58716780;3,18805361;1,00000000
0,27202176;0,16778421;0,27189961;0,58686024;3,18836117;1,00000000
0,27208843;0,16778421;0,27189961;0,58670646;3,18836117;1,00000000
0,27215511;0,16778421;0,27159202;0,58639890;3,18836117;1,00000000
0,27222178;0,16763040;0,27159202;0,58609128;3,18836117;1,00000000
0,27228845;0,16763040;0,27159202;0,58578372;3,18836117;1,00000000
0,27235512;0,16778421;0,27189961;0,58532232;3,18836117;1,00000000
0,27242179;0,16778421;0,27189961;0,58501476;3,18836117;1,00000000
0,27248847;0,16778421;0,27159202;0,58470720;3,18836117;1,00000000
0,27255514;0,16778421;0,27128446;0,58455342;3,18866873;1,00000000
0,27262181;0,16763040;0,27128446;0,58424580;3,18866873;1,00000000
0,27268848;0,16747662;0,27097687;0,58409202;3,18866873;1,00000000
0,27275515;0,16747662;0,27097687;0,58378446;3,18866873;1,00000000
0,27282183;0,16747662;0,27066928;0,58332312;3,18866873;1,00000000
0,27288850;0,16732283;0,27036172;0,58316928;3,18866873;1,00000000
0,27295517;0,16732283;0,27036172;0,58301550;3,18836117;1,00000000
0,27302184;0,16732283;0,27036172;0,58286172;3,18805361;1,00000000
0,27308851;0,16747662;0,27036172;0,58255410;3,18805361;1,00000000
0,27315519;0,16747662;0,27036172;0,58240032;3,18836117;1,00000000
0,27322186;0,16732283;0,27005413;0,58193898;3,18836117;1,00000000
0,27328853;0,16732283;0,27005413;0,58163142;3,18836117;1,00000000
0,27335520;0,16732283;0,27005413;0,58117002;3,18836117;1,00000000
0,27342187;0,16732283;0,27036172;0,58086246;3,18836117;1,00000000
0,27348855;0,16732283;0,27005413;0,58055484;3,18836117;1,00000000
0,27355522;0,16732283;0,26974654;0,58024728;3,18774605;1,00000000
0,27362189;0,16732283;0,26974654;0,57993972;3,18805361;1,00000000
0,27368856;0,16732283;0,26974654;0,57963216;3,18836117;1,00000000
0,27375523;0,16732283;0,26974654;0,57932454;3,18836117;1,00000000
0,27382191;0,16732283;0,26974654;0,57901698;3,18836117;1,00000000
0,27388858;0,16732283;0,26943898;0,57886314;3,18866873;1,00000000
0,27395525;0,16732283;0,26943898;0,57855558;3,18836117;1,00000000
0,27402192;0,16732283;0,26974654;0,57840180;3,18836117;1,00000000
0,27408859;0,16716905;0,27005413;0,57809424;3,18836117;1,00000000
0,27415527;0,16716905;0,27005413;0,57778668;3,18866873;1,00000000
0,27422194;0,16716905;0,27005413;0,57747906;3,18897629;1,00000000
0,27428861;0,16732283;0,27005413;0,57717150;3,18928385;1,00000000
0,27435528;0,16732283;0,27005413;0,57686394;3,18959141;1,00000000
0,27442195;0,16732283;0,27005413;0,57671016;3,18959141;1,00000000
0,27448863;0,16732283;0,27005413;0,57655638;3,18959141;1,00000000
0,27455530;0,16732283;0,26974654;0,57640254;3,18959141;1,00000000
0,27462197;0,16732283;0,27005413;0,57624876;3,18959141;1,00000000
0,27468864;0,16732283;0,27005413;0,57609499;3,18989897;1,00000000
0,27475531;0,16716905;0,27005413;0,57594121;3,19020653;1,00000000
0,27482199;0,16701525;0,26974654;0,57594121;3,19051409;1,00000000
0,27488866;0,16701525;0,26943898;0,57578737;3,19051409;1,00000000
0,27495533;0,16701525;0,26943898;0,57563359;3,19051409;1,00000000
0,27502200;0,16686147;0,26943898;0,57547981;3,19051409;1,00000000
0,27508867;0,16670766;0,26913139;0,57532603;3,19051409;1,00000000
0,27515535;0,16655388;0,26913139;0,57532603;3,19051409;1,00000000
0,27522202;0,16655388;0,26913139;0,57532603;3,19051409;1,00000000
0,27528869;0,16655388;0,26913139;0,57532603;3,19082165;1,00000000
0,27535536;0,16640009;0,26913139;0,57532603;3,19143724;1,00000000
0,27542203;0,16624631;0,26882383;0,57547981;3,19143724;1,00000000
0,27548871;0,16609251;0,26913139;0,57547981;3,19143724;1,00000000
0,27555538;0,16609251;0,26943898;0,57547981;3,19112968;1,00000000
0,27562205;0,16593874;0,26913139;0,57563359;3,19112968;1,00000000
0,27568872;0,16593874;0,26913139;0,57578737;3,19112968;1,00000000
0,27575539;0,16593874;0,26943898;0,57594121;3,19112968;1,00000000
0,27582207;0,16609251;0,26943898;0,57624876;3,19143724;1,00000000
0,27588874;0,16609251;0,26943898;0,57640254;3,19174480;1,00000000
0,27595541;0,16609251;0,26943898;0,57640254;3,19205236;1,00000000
0,27602208;0,16609251;0,26943898;0,57640254;3,19174480;1,00000000
0,27608875;0,16609251;0,26943898;0,57655638;3,19174480;1,00000000
0,27615543;0,16609251;0,26943898;0,57686394;3,19143724;1,00000000
0,27622210;0,16609251;0,26974654;0,57701772;3,19143724;1,00000000
0,27628877;0,16609251;0,27005413;0,57717150;3,19174480;1,00000000
0,27635544;0,16609251;0,27005413;0,57732528;3,19205236;1,00000000
0,27642211;0,16609251;0,27005413;0,57763284;3,19205236;1,00000000
0,27648879;0,16609251;0,27005413;0,57778668;3,19235992;1,00000000
0,27655546;0,16609251;0,27005413;0,57794046;3,19205236;1,00000000
0,27662213;0,16609251;0,27036172;0,57809424;3,19174480;1,00000000
0,27668880;0,16609251;0,27005413;0,57824802;3,19143724;1,00000000
0,27675547;0,16624631;0,27036172;0,57855558;3,19112968;1,00000000
0,27682215;0,16624631;0,27036172;0,57870936;3,19112968;1,00000000
0,27688882;0,16640009;0,27036172;0,57870936;3,19112968;1,00000000
0,27695549;0,16655388;0,27036172;0,57901698;3,19112968;1,00000000
0,27702216;0,16655388;0,27036172;0,57932454;3,19051409;1,00000000
0,27708883;0,16640009;0,27036172;0,57963216;3,18989897;1,00000000
0,27715551;0,16624631;0,27036172;0,57993972;3,18928385;1,00000000
0,27722218;0,16624631;0,27066928;0,58009350;3,18897629;1,00000000
0,27728885;0,16640009;0,27066928;0,58040106;3,18897629;1,00000000
0,27735552;0,16640009;0,27066928;0,58070862;3,18897629;1,00000000
0,27742219;0,16640009;0,27036172;0,58101624;3,18897629;1,00000000
0,27748887;0,16640009;0,27005413;0,58132380;3,18866873;1,00000000
0,27755554;0,16624631;0,27005413;0,58163142;3,18836117;1,00000000
0,27762221;0,16624631;0,26974654;0,58193898;3,18774605;1,00000000
0,27768888;0,16624631;0,26943898;0,58224654;3,18743849;1,00000000
0,27775555;0,16640009;0,26974654;0,58240032;3,18713093;1,00000000
0,27782223;0,16640009;0,26943898;0,58270794;3,18713093;1,00000000
0,27788890;0,16640009;0,26974654;0,58286172;3,18713093;1,00000000
0,27795557;0,16640009;0,26943898;0,58316928;3,18682337;1,00000000
0,27802224;0,16640009;0,26943898;0,58332312;3,18651581;1,00000000
0,27808891;0,16640009;0,26943898;0,58363068;3,18620801;1,00000000
0,27815559;0,16640009;0,26913139;0,58378446;3,18559289;1,00000000
0,27822226;0,16655388;0,26913139;0,58409202;3,18528533;1,00000000
0,27828893;0,16655388;0,26882383;0,58439958;3,18467021;1,00000000
0,27835560;0,16640009;0,26851624;0,58470720;3,18436265;1,00000000
0,27842227;0,16624631;0,26851624;0,58516854;3,18405509;1,00000000
0,27848895;0,16624631;0,26851624;0,58532232;3,18374753;1,00000000
0,27855562;0,16640009;0,26851624;0,58562988;3,18343997;1,00000000
0,27862229;0,16624631;0,26851624;0,58609128;3,18343997;1,00000000
0,27868896;0,16624631;0,26820865;0,58624506;3,18343997;1,00000000
0,27875563;0,16624631;0,26820865;0,58655268;3,18343997;1,00000000
0,27882231;0,16609251;0,26820865;0,58686024;3,18313241;1,00000000
0,27888898;0,16624631;0,26790109;0,58701402;3,18251729;1,00000000
0,27895565;0,16624631;0,26759350;0,58716780;3,18190217;1,00000000
0,27902232;0,16624631;0,26759350;0,58747536;3,18128681;1,00000000
0,27908899;0,16609251;0,26759350;0,58778298;3,18128681;1,00000000
0,27915567;0,16593874;0,26728594;0,58793676;3,18128681;1,00000000
0,27922234;0,16578494;0,26728594;0,58809054;3,18128681;1,00000000
0,27928901;0,16578494;0,26728594;0,58824432;3,18097925;1,00000000
0,27935568;0,16563116;0,26697835;0,58839810;3,18067169;1,00000000
0,27942235;0,16547737;0,26667076;0,58839810;3,18005657;1,00000000
0,27948903;0,16547737;0,26667076;0,58855188;3,18036413;1,00000000
0,27955570;0,16532359;0,26667076;0,58870566;3,18036413;1,00000000
0,27962237;0,16532359;0,26697835;0,58885950;3,18036413;1,00000000
0,27968904;0,16516978;0,26697835;0,58885950;3,18036413;1,00000000
0,27975571;0,16501600;0,26697835;0,58885950;3,18036413;1,00000000
0,27982239;0,16501600;0,26667076;0,58901328;3,18067169;1,00000000
0,27988906;0,16501600;0,26667076;0,58916706;3,18067169;1,00000000
0,27995573;0,16486220;0,26636320;0,58916706;3,18036413;1,00000000
0,28002240;0,16486220;0,26605561;0,58932084;3,18036413;1,00000000
0,28008907;0,16470842;0,26574802;0,58947468;3,18036413;1,00000000
0,28015575;0,16486220;0,26605561;0,58978224;3,18036413;1,00000000
0,28022242;0,16501600;0,26636320;0,58993602;3,18067169;1,00000000
0,28028909;0,16486220;0,26667076;0,59008980;3,18097925;1,00000000
0,28035576;0,16470842;0,26697835;0,59024358;3,18128681;1,00000000
0,28042243;0,16455463;0,26667076;0,59039736;3,18097925;1,00000000
0,28048911;0,16470842;0,26667076;0,59055120;3,18097925;1,00000000
0,28055578;0,16470842;0,26697835;0,59070498;3,18097925;1,00000000
0,28062245;0,16470842;0,26667076;0,59070498;3,18097925;1,00000000
0,28068912;0,16455463;0,26667076;0,59085876;3,18128681;1,00000000
0,28075579;0,16455463;0,26697835;0,59085876;3,18159461;1,00000000
0,28082247;0,16470842;0,26697835;0,59101254;3,18128681;1,00000000
0,28088914;0,16455463;0,26667076;0,59101254;3,18128681;1,00000000
0,28095581;0,16440085;0,26667076;0,59101254;3,18128681;1,00000000
0,28102248;0,16424704;0,26667076;0,59085876;3,18159461;1,00000000
0,28108915;0,16424704;0,26667076;0,59070498;3,18190217;1,00000000
0,28115583;0,16440085;0,26636320;0,59055120;3,18220973;1,00000000
0,28122250;0,16440085;0,26636320;0,59039736;3,18220973;1,00000000
0,28128917;0,16440085;0,26636320;0,59024358;3,18220973;1,00000000
0,28135584;0,16440085;0,26636320;0,59008980;3,18220973;1,00000000
0,28142251;0,16424704;0,26636320;0,58993602;3,18220973;1,00000000
0,28148919;0,16424704;0,26605561;0,58978224;3,18220973;1,00000000
0,28155586;0,16409326;0,26605561;0,58947468;3,18251729;1,00000000
0,28162253;0,16424704;0,26574802;0,58932084;3,18282485;1,00000000
0,28168920;0,16440085;0,26605561;0,58916706;3,18313241;1,00000000
0,28175587;0,16455463;0,26574802;0,58916706;3,18282485;1,00000000
0,28182255;0,16455463;0,26574802;0,58901328;3,18313241;1,00000000
0,28188922;0,16455463;0,26605561;0,58901328;3,18313241;1,00000000
0,28195589;0,16440085;0,26636320;0,58870566;3,18313241;1,00000000
0,28202256;0,16440085;0,26636320;0,58839810;3,18313241;1,00000000
0,28208923;0,16440085;0,26605561;0,58809054;3,18343997;1,00000000
0,28215591;0,16455463;0,26605561;0,58793676;3,18374753;1,00000000
0,28222258;0,16455463;0,26605561;0,58732158;3,18374753;1,00000000
0,28228925;0,16455463;0,26605561;0,58701402;3,18343997;1,00000000
0,28235592;0,16470842;0,26605561;0,58670646;3,18343997;1,00000000
0,28242259;0,16486220;0,26636320;0,58639890;3,18374753;1,00000000
0,28248927;0,16501600;0,26636320;0,58609128;3,18405509;1,00000000
0,28255594;0,16501600;0,26636320;0,58578372;3,18405509;1,00000000
0,28262261;0,16516978;0,26636320;0,58532232;3,18436265;1,00000000
0,28268928;0,16516978;0,26605561;0,58501476;3,18436265;1,00000000
0,28275595;0,16532359;0,26574802;0,58470720;3,18405509;1,00000000
0,28282263;0,16532359;0,26544046;0,58424580;3,18405509;1,00000000
0,28288930;0,16532359;0,26574802;0,58378446;3,18405509;1,00000000
0,28295597;0,16547737;0,26574802;0,58332312;3,18405509;1,00000000
0,28302264;0,16563116;0,26605561;0,58301550;3,18436265;1,00000000
0,28308931;0,16563116;0,26605561;0,58270794;3,18467021;1,00000000
0,28315599;0,16563116;0,26605561;0,58224654;3,18436265;1,00000000
0,28322266;0,16563116;0,26636320;0,58178520;3,18374753;1,00000000
0,28328933;0,16578494;0,26605561;0,58147764;3,18343997;1,00000000
0,28335600;0,16578494;0,26574802;0,58101624;3,18374753;1,00000000
0,28342267;0,16593874;0,26574802;0,58055484;3,18405509;1,00000000
0,28348935;0,16609251;0,26574802;0,58009350;3,18405509;1,00000000
0,28355602;0,16609251;0,26574802;0,57963216;3,18405509;1,00000000
0,28362269;0,16609251;0,26544046;0,57932454;3,18405509;1,00000000
0,28368936;0,16609251;0,26544046;0,57901698;3,18436265;1,00000000
0,28375603;0,16609251;0,26544046;0,57855558;3,18436265;1,00000000
0,28382271;0,16624631;0,26574802;0,57809424;3,18436265;1,00000000
0,28388938;0,16640009;0,26544046;0,57778668;3,18405509;1,00000000
0,28395605;0,16640009;0,26513287;0,57717150;3,18436265;1,00000000
0,28402272;0,16640009;0,26513287;0,57686394;3,18436265;1,00000000
0,28408939;0,16655388;0,26482528;0,57640254;3,18436265;1,00000000
0,28415607;0,16655388;0,26482528;0,57594121;3,18467021;1,00000000
0,28422274;0,16655388;0,26482528;0,57547981;3,18436265;1,00000000
0,28428941;0,16670766;0,26482528;0,57501847;3,18436265;1,00000000
0,28435608;0,16670766;0,26482528;0,57471091;3,18436265;1,00000000
0,28442275;0,16670766;0,26482528;0,57440329;3,18405509;1,00000000
0,28448943;0,16670766;0,26482528;0,57409573;3,18374753;1,00000000
0,28455610;0,16670766;0,26451772;0,57378817;3,18405509;1,00000000
0,28462277;0,16670766;0,26451772;0,57332677;3,18405509;1,00000000
0,28468944;0,16670766;0,26451772;0,57286543;3,18436265;1,00000000
0,28475611;0,16670766;0,26451772;0,57255781;3,18405509;1,00000000
0,28482279;0,16670766;0,26451772;0,57194269;3,18374753;1,00000000
0,28488946;0,16670766;0,26482528;0,57163513;3,18374753;1,00000000
0,28495613;0,16686147;0,26482528;0,57132751;3,18374753;1,00000000
0,28502280;0,16686147;0,26482528;0,57101995;3,18343997;1,00000000
0,28508947;0,16686147;0,26513287;0,57071233;3,18313241;1,00000000
0,28515615;0,16686147;0,26513287;0,57025099;3,18313241;1,00000000
0,28522282;0,16686147;0,26482528;0,56994343;3,18313241;1,00000000
0,28528949;0,16686147;0,26482528;0,56963581;3,18343997;1,00000000
0,28535616;0,16686147;0,26482528;0,56917441;3,18343997;1,00000000
0,28542283;0,16686147;0,26482528;0,56886685;3,18313241;1,00000000
0,28548951;0,16686147;0,26451772;0,56855929;3,18282485;1,00000000
0,28555618;0,16686147;0,26482528;0,56825173;3,18251729;1,00000000
0,28562285;0,16701525;0,26451772;0,56794411;3,18220973;1,00000000
0,28568952;0,16701525;0,26482528;0,56794411;3,18190217;1,00000000
0,28575619;0,16701525;0,26482528;0,56779033;3,18159461;1,00000000
0,28582287;0,16701525;0,26451772;0,56763655;3,18159461;1,00000000
0,28588954;0,16701525;0,26482528;0,56732899;3,18159461;1,00000000
0,28595621;0,16701525;0,26451772;0,56717521;3,18128681;1,00000000
0,28602288;0,16701525;0,26451772;0,56686765;3,18097925;1,00000000
0,28608955;0,16701525;0,26451772;0,56686765;3,18097925;1,00000000
0,28615623;0,16686147;0,26451772;0,56671381;3,18097925;1,00000000
0,28622290;0,16686147;0,26421013;0,56656003;3,18097925;1,00000000
0,28628957;0,16686147;0,26421013;0,56656003;3,18097925;1,00000000
0,28635624;0,16686147;0,26421013;0,56656003;3,18097925;1,00000000
0,28642291;0,16686147;0,26390257;0,56671381;3,18097925;1,00000000
0,28648959;0,16686147;0,26359499;0,56686765;3,18097925;1,00000000
0,28655626;0,16686147;0,26390257;0,56702143;3,18097925;1,00000000
0,28662293;0,16686147;0,26359499;0,56717521;3,18097925;1,00000000
0,28668960;0,16655388;0,26328740;0,56717521;3,18067169;1,00000000
0,28675627;0,16655388;0,26328740;0,56732899;3,18067169;1,00000000
0,28682295;0,16655388;0,26328740;0,56748277;3,18067169;1,00000000
0,28688962;0,16655388;0,26328740;0,56779033;3,18067169;1,00000000
0,28695629;0,16655388;0,26328740;0,56794411;3,18067169;1,00000000
0,28702296;0,16655388;0,26297984;0,56809795;3,18067169;1,00000000
0,28708963;0,16655388;0,26328740;0,56840551;3,18097925;1,00000000
0,28715631;0,16655388;0,26328740;0,56855929;3,18097925;1,00000000
0,28722298;0,16640009;0,26328740;0,56902063;3,18097925;1,00000000
0,28728965;0,16640009;0,26359499;0,56932825;3,18097925;1,00000000
0,28735632;0,16640009;0,26359499;0,56978959;3,18097925;1,00000000
0,28742299;0,16640009;0,26359499;0,57009721;3,18097925;1,00000000
0,28748967;0,16640009;0,26359499;0,57040477;3,18097925;1,00000000
0,28755634;0,16640009;0,26328740;0,57071233;3,18097925;1,00000000
0,28762301;0,16655388;0,26359499;0,57101995;3,18159461;1,00000000
0,28768968;0,16655388;0,26359499;0,57132751;3,18190217;1,00000000
0,28775635;0,16655388;0,26359499;0,57163513;3,18220973;1,00000000
0,28782303;0,16640009;0,26390257;0,57225025;3,18251729;1,00000000
0,28788970;0,16640009;0,26421013;0,57271159;3,18251729;1,00000000
0,28795637;0,16640009;0,26451772;0,57317299;3,18282485;1,00000000
0,28802304;0,16640009;0,26482528;0,57363439;3,18282485;1,00000000
0,28808971;0,16640009;0,26513287;0,57394195;3,18313241;1,00000000
0,28815639;0,16640009;0,26513287;0,57440329;3,18374753;1,00000000
0,28822306;0,16640009;0,26513287;0,57486469;3,18374753;1,00000000
0,28828973;0,16640009;0,26513287;0,57532603;3,18374753;1,00000000
0,28835640;0,16640009;0,26513287;0,57578737;3,18374753;1,00000000
0,28842307;0,16655388;0,26544046;0,57624876;3,18374753;1,00000000
0,28848975;0,16655388;0,26574802;0,57671016;3,18405509;1,00000000
0,28855642;0,16670766;0,26605561;0,57732528;3,18436265;1,00000000
0,28862309;0,16670766;0,26605561;0,57763284;3,18528533;1,00000000
0,28868976;0,16686147;0,26636320;0,57809424;3,18559289;1,00000000
0,28875643;0,16686147;0,26667076;0,57840180;3,18559289;1,00000000
0,28882311;0,16686147;0,26636320;0,57870936;3,18559289;1,00000000
0,28888978;0,16686147;0,26636320;0,57932454;3,18559289;1,00000000
0,28895645;0,16701525;0,26636320;0,57978594;3,18559289;1,00000000
0,28902312;0,16701525;0,26667076;0,58009350;3,18620801;1,00000000
0,28908979;0,16701525;0,26697835;0,58055484;3,18620801;1,00000000
0,28915647;0,16716905;0,26728594;0,58086246;3,18651581;1,00000000
0,28922314;0,16716905;0,26759350;0,58132380;3,18682337;1,00000000
0,28928981;0,16716905;0,26790109;0,58163142;3,18682337;1,00000000
0,28935648;0,16716905;0,26820865;0,58209276;3,18682337;1,00000000
0,28942315;0,16716905;0,26790109;0,58240032;3,18682337;1,00000000
0,28948983;0,16716905;0,26820865;0,58286172;3,18682337;1,00000000
0,28955650;0,16716905;0,26820865;0,58316928;3,18713093;1,00000000
0,28962317;0,16716905;0,26851624;0,58332312;3,18743849;1,00000000
0,28968984;0,16716905;0,26882383;0,58363068;3,18743849;1,00000000
0,28975651;0,16716905;0,26913139;0,58378446;3,18713093;1,00000000
0,28982319;0,16716905;0,26913139;0,58409202;3,18713093;1,00000000
0,28988986;0,16716905;0,26943898;0,58439958;3,18713093;1,00000000
0,28995653;0,16716905;0,26943898;0,58455342;3,18713093;1,00000000
0,29002320;0,16716905;0,26943898;0,58470720;3,18743849;1,00000000
0,29008987;0,16716905;0,26943898;0,58486098;3,18743849;1,00000000
0,29015655;0,16716905;0,26974654;0,58486098;3,18774605;1,00000000
0,29022322;0,16732283;0,27005413;0,58501476;3,18774605;1,00000000
0,29028989;0,16732283;0,27036172;0,58516854;3,18743849;1,00000000
0,29035656;0,16732283;0,27005413;0,58516854;3,18713093;1,00000000
0,29042323;0,16732283;0,27005413;0,58532232;3,18682337;1,00000000
0,29048991;0,16732283;0,26974654;0,58532232;3,18682337;1,00000000
0,29055658;0,16732283;0,26974654;0,58532232;3,18682337;1,00000000
0,29062325;0,16732283;0,26974654;0,58532232;3,18713093;1,00000000
0,29068992;0,16732283;0,26974654;0,58532232;3,18713093;1,00000000
0,29075659;0,16716905;0,26974654;0,58532232;3,18713093;1,00000000
0,29082327;0,16716905;0,26974654;0,58532232;3,18682337;1,00000000
0,29088994;0,16716905;0,27005413;0,58532232;3,18651581;1,00000000
0,29095661;0,16716905;0,27005413;0,58532232;3,18590045;1,00000000
0,29102328;0,16716905;0,27005413;0,58532232;3,18620801;1,00000000
0,29108995;0,16716905;0,26974654;0,58532232;3,18620801;1,00000000
0,29115663;0,16732283;0,26943898;0,58532232;3,18620801;1,00000000
0,29122330;0,16732283;0,26943898;0,58532232;3,18620801;1,00000000
0,29128997;0,16732283;0,26943898;0,58516854;3,18620801;1,00000000
0,29135664;0,16716905;0,26974654;0,58501476;3,18590045;1,00000000
0,29142331;0,16716905;0,26974654;0,58501476;3,18528533;1,00000000
0,29148999;0,16732283;0,26943898;0,58501476;3,18528533;1,00000000
0,29155666;0,16732283;0,26913139;0,58486098;3,18528533;1,00000000
0,29162333;0,16732283;0,26913139;0,58470720;3,18528533;1,00000000
0,29169000;0,16732283;0,26913139;0,58439958;3,18528533;1,00000000
0,29175667;0,16732283;0,26943898;0,58409202;3,18528533;1,00000000
0,29182335;0,16732283;0,26943898;0,58378446;3,18467021;1,00000000
0,29189002;0,16747662;0,26943898;0,58347690;3,18467021;1,00000000
0,29195669;0,16732283;0,26943898;0,58316928;3,18467021;1,00000000
0,29202336;0,16732283;0,26913139;0,58286172;3,18467021;1,00000000
0,29209004;0,16732283;0,26882383;0,58270794;3,18467021;1,00000000
0,29215671;0,16732283;0,26913139;0,58240032;3,18467021;1,00000000
0,29222338;0,16732283;0,26943898;0,58209276;3,18467021;1,00000000
0,29229005;0,16732283;0,26943898;0,58178520;3,18467021;1,00000000
0,29235672;0,16732283;0,26943898;0,58147764;3,18467021;1,00000000
0,29242340;0,16732283;0,26974654;0,58117002;3,18436265;1,00000000
0,29249007;0,16732283;0,26974654;0,58070862;3,18467021;1,00000000
0,29255674;0,16732283;0,26974654;0,58040106;3,18528533;1,00000000
0,29262341;0,16716905;0,26943898;0,58024728;3,18559289;1,00000000
0,29269008;0,16716905;0,26943898;0,57978594;3,18559289;1,00000000
0,29275676;0,16716905;0,26943898;0,57947832;3,18559289;1,00000000
0,29282343;0,16716905;0,26913139;0,57917076;3,18559289;1,00000000
0,29289010;0,16701525;0,26913139;0,57886314;3,18559289;1,00000000
0,29295677;0,16686147;0,26943898;0,57840180;3,18559289;1,00000000
0,29302344;0,16686147;0,26943898;0,57809424;3,18559289;1,00000000
0,29309012;0,16686147;0,26974654;0,57778668;3,18620801;1,00000000
0,29315679;0,16686147;0,26974654;0,57763284;3,18590045;1,00000000
0,29322346;0,16686147;0,26974654;0,57717150;3,18620801;1,00000000
0,29329013;0,16686147;0,26943898;0,57671016;3,18620801;1,00000000
0,29335680;0,16670766;0,26913139;0,57640254;3,18620801;1,00000000
0,29342348;0,16670766;0,26913139;0,57624876;3,18620801;1,00000000
0,29349015;0,16686147;0,26913139;0,57594121;3,18620801;1,00000000
0,29355682;0,16701525;0,26943898;0,57563359;3,18590045;1,00000000
0,29362349;0,16701525;0,26974654;0,57547981;3,18590045;1,00000000
0,29369016;0,16701525;0,26943898;0,57532603;3,18590045;1,00000000
0,29375684;0,16701525;0,26943898;0,57501847;3,18559289;1,00000000
0,29382351;0,16686147;0,26913139;0,57471091;3,18559289;1,00000000
0,29389018;0,16686147;0,26913139;0,57440329;3,18559289;1,00000000
0,29395685;0,16670766;0,26913139;0,57424951;3,18559289;1,00000000
0,29402352;0,16655388;0,26913139;0,57394195;3,18590045;1,00000000
0,29409020;0,16655388;0,26943898;0,57363439;3,18620801;1,00000000
0,29415687;0,16655388;0,26974654;0,57332677;3,18651581;1,00000000
0,29422354;0,16655388;0,26943898;0,57301921;3,18651581;1,00000000
0,29429021;0,16655388;0,26943898;0,57286543;3,18682337;1,00000000
0,29435688;0,16640009;0,26913139;0,57271159;3,18682337;1,00000000
0,29442356;0,16655388;0,26913139;0,57255781;3,18682337;1,00000000
0,29449023;0,16655388;0,26913139;0,57240403;3,18682337;1,00000000
0,29455690;0,16640009;0,26943898;0,57209647;3,18682337;1,00000000
0,29462357;0,16640009;0,26974654;0,57178891;3,18713093;1,00000000
0,29469024;0,16624631;0,26974654;0,57163513;3,18774605;1,00000000
0,29475692;0,16624631;0,26974654;0,57148129;3,18774605;1,00000000
0,29482359;0,16609251;0,26943898;0,57148129;3,18774605;1,00000000
0,29489026;0,16593874;0,26974654;0,57132751;3,18774605;1,00000000
0,29495693;0,16578494;0,26943898;0,57132751;3,18743849;1,00000000
0,29502360;0,16578494;0,26943898;0,57132751;3,18743849;1,00000000
0,29509028;0,16593874;0,26913139;0,57132751;3,18743849;1,00000000
0,29515695;0,16593874;0,26913139;0,57132751;3,18743849;1,00000000
0,29522362;0,16578494;0,26943898;0,57132751;3,18805361;1,00000000
0,29529029;0,16563116;0,26974654;0,57132751;3,18866873;1,00000000
0,29535696;0,16563116;0,26974654;0,57132751;3,18866873;1,00000000
0,29542364;0,16563116;0,27005413;0,57132751;3,18866873;1,00000000
0,29549031;0,16563116;0,27005413;0,57117373;3,18897629;1,00000000
0,29555698;0,16578494;0,27005413;0,57117373;3,18897629;1,00000000
0,29562365;0,16563116;0,27036172;0,57132751;3,18897629;1,00000000
0,29569032;0,16563116;0,27066928;0,57132751;3,18897629;1,00000000
0,29575700;0,16563116;0,27066928;0,57163513;3,18897629;1,00000000
0,29582367;0,16563116;0,27097687;0,57178891;3,18897629;1,00000000
0,29589034;0,16563116;0,27097687;0,57178891;3,18928385;1,00000000
0,29595701;0,16563116;0,27128446;0,57178891;3,18928385;1,00000000
0,29602368;0,16547737;0,27159202;0,57225025;3,18928385;1,00000000
0,29609036;0,16532359;0,27128446;0,57240403;3,18928385;1,00000000
0,29615703;0,16532359;0,27128446;0,57255781;3,18928385;1,00000000
0,29622370;0,16547737;0,27159202;0,57286543;3,18928385;1,00000000
0,29629037;0,16547737;0,27159202;0,57317299;3,18928385;1,00000000
0,29635704;0,16547737;0,27189961;0,57332677;3,18928385;1,00000000
0,29642372;0,16547737;0,27189961;0,57363439;3,18959141;1,00000000
0,29649039;0,16547737;0,27189961;0,57394195;3,18959141;1,00000000
0,29655706;0,16547737;0,27220720;0,57409573;3,18928385;1,00000000
0,29662373;0,16547737;0,27220720;0,57440329;3,18897629;1,00000000
0,29669040;0,16547737;0,27189961;0,57471091;3,18897629;1,00000000
0,29675708;0,16547737;0,27189961;0,57486469;3,18897629;1,00000000
0,29682375;0,16547737;0,27189961;0,57501847;3,18897629;1,00000000
0,29689042;0,16547737;0,27220720;0,57532603;3,18866873;1,00000000
0,29695709;0,16547737;0,27251476;0,57563359;3,18836117;1,00000000
0,29702376;0,16547737;0,27282235;0,57578737;3,18866873;1,00000000
0,29709044;0,16563116;0,27312991;0,57594121;3,18836117;1,00000000
0,29715711;0,16578494;0,27312991;0,57624876;3,18805361;1,00000000
0,29722378;0,16563116;0,27282235;0,57640254;3,18805361;1,00000000
0,29729045;0,16563116;0,27251476;0,57671016;3,18774605;1,00000000
0,29735712;0,16563116;0,27251476;0,57701772;3,18743849;1,00000000
0,29742380;0,16563116;0,27220720;0,57732528;3,18713093;1,00000000
0,29749047;0,16563116;0,27220720;0,57763284;3,18713093;1,00000000
0,29755714;0,16547737;0,27189961;0,57794046;3,18682337;1,00000000
0,29762381;0,16563116;0,27159202;0,57824802;3,18651581;1,00000000
0,29769048;0,16578494;0,27159202;0,57840180;3,18620801;1,00000000
0,29775716;0,16593874;0,27159202;0,57870936;3,18590045;1,00000000
0,29782383;0,16593874;0,27159202;0,57886314;3,18559289;1,00000000
0,29789050;0,16593874;0,27159202;0,57901698;3,18559289;1,00000000
0,29795717;0,16593874;0,27189961;0,57917076;3,18559289;1,00000000
0,29802384;0,16609251;0,27189961;0,57947832;3,18559289;1,00000000
0,29809052;0,16609251;0,27159202;0,57978594;3,18528533;1,00000000
0,29815719;0,16609251;0,27159202;0,58009350;3,18436265;1,00000000
0,29822386;0,16593874;0,27159202;0,58040106;3,18374753;1,00000000
0,29829053;0,16609251;0,27128446;0,58070862;3,18313241;1,00000000
0,29835720;0,16609251;0,27128446;0,58101624;3,18282485;1,00000000
0,29842388;0,16593874;0,27128446;0,58132380;3,18251729;1,00000000
0,29849055;0,16609251;0,27128446;0,58163142;3,18251729;1,00000000
0,29855722;0,16593874;0,27128446;0,58178520;3,18251729;1,00000000
0,29862389;0,16593874;0,27159202;0,58193898;3,18220973;1,00000000
0,29869056;0,16578494;0,27189961;0,58224654;3,18159461;1,00000000
0,29875724;0,16563116;0,27159202;0,58255410;3,18097925;1,00000000
0,29882391;0,16547737;0,27159202;0,58270794;3,18067169;1,00000000
0,29889058;0,16563116;0,27189961;0,58286172;3,18067169;1,00000000
0,29895725;0,16547737;0,27159202;0,58301550;3,18067169;1,00000000
0,29902392;0,16547737;0,27128446;0,58332312;3,18067169;1,00000000
0,29909060;0,16547737;0,27128446;0,58363068;3,18067169;1,00000000
0,29915727;0,16532359;0,27128446;0,58393824;3,18036413;1,00000000
0,29922394;0,16516978;0,27159202;0,58409202;3,17974901;1,00000000
0,29929061;0,16516978;0,27128446;0,58455342;3,17944145;1,00000000
0,29935728;0,16532359;0,27097687;0,58470720;3,17944145;1,00000000
0,29942396;0,16516978;0,27097687;0,58486098;3,17944145;1,00000000
0,29949063;0,16501600;0,27066928;0,58501476;3,17913389;1,00000000
0,29955730;0,16486220;0,27066928;0,58532232;3,17882633;1,00000000
0,29962397;0,16501600;0,27066928;0,58547610;3,17913389;1,00000000
0,29969064;0,16501600;0,27036172;0,58562988;3,17913389;1,00000000
0,29975732;0,16501600;0,27066928;0,58578372;3,17913389;1,00000000
0,29982399;0,16486220;0,27066928;0,58593750;3,17913389;1,00000000
0,29989066;0,16486220;0,27066928;0,58609128;3,17913389;1,00000000
0,29995733;0,16501600;0,27066928;0,58624506;3,17913389;1,00000000
0,30002400;0,16486220;0,27066928;0,58639890;3,17944145;1,00000000
0,30009068;0,16470842;0,27066928;0,58639890;3,17944145;1,00000000
0,30015735;0,16470842;0,27066928;0,58655268;3,17913389;1,00000000
0,30022402;0,16486220;0,27066928;0,58670646;3,17944145;1,00000000
0,30029069;0,16501600;0,27066928;0,58686024;3,17974901;1,00000000
0,30035736;0,16501600;0,27097687;0,58701402;3,17974901;1,00000000
0,30042404;0,16516978;0,27128446;0,58716780;3,17974901;1,00000000
0,30049071;0,16501600;0,27159202;0,58732158;3,17974901;1,00000000
0,30055738;0,16486220;0,27159202;0,58732158;3,18005657;1,00000000
0,30062405;0,16486220;0,27128446;0,58747536;3,18005657;1,00000000
0,30069072;0,16501600;0,27128446;0,58732158;3,18005657;1,00000000
0,30075740;0,16501600;0,27097687;0,58716780;3,17974901;1,00000000
0,30082407;0,16516978;0,27128446;0,58732158;3,18005657;1,00000000
0,30089074;0,16501600;0,27128446;0,58747536;3,18005657;1,00000000
0,30095741;0,16486220;0,27159202;0,58747536;3,18036413;1,00000000
0,30102408;0,16501600;0,27189961;0,58762920;3,18067169;1,00000000
0,30109076;0,16516978;0,27189961;0,58747536;3,18097925;1,00000000
0,30115743;0,16501600;0,27189961;0,58762920;3,18097925;1,00000000
0,30122410;0,16501600;0,27189961;0,58747536;3,18067169;1,00000000
0,30129077;0,16501600;0,27189961;0,58747536;3,18097925;1,00000000
0,30135744;0,16501600;0,27189961;0,58732158;3,18128681;1,00000000
0,30142412;0,16516978;0,27220720;0,58716780;3,18128681;1,00000000
0,30149079;0,16532359;0,27220720;0,58701402;3,18159461;1,00000000
0,30155746;0,16532359;0,27220720;0,58686024;3,18190217;1,00000000
0,30162413;0,16532359;0,27220720;0,58670646;3,18190217;1,00000000
0,30169080;0,16532359;0,27189961;0,58655268;3,18190217;1,00000000
0,30175748;0,16532359;0,27189961;0,58639890;3,18159461;1,00000000
0,30182415;0,16547737;0,27220720;0,58609128;3,18190217;1,00000000
0,30189082;0,16547737;0,27251476;0,58593750;3,18251729;1,00000000
0,30195749;0,16547737;0,27251476;0,58562988;3,18282485;1,00000000
0,30202416;0,16532359;0,27282235;0,58532232;3,18282485;1,00000000
0,30209084;0,16547737;0,27282235;0,58501476;3,18282485;1,00000000
0,30215751;0,16547737;0,27251476;0,58470720;3,18282485;1,00000000
0,30222418;0,16563116;0,27251476;0,58455342;3,18251729;1,00000000
0,30229085;0,16578494;0,27251476;0,58424580;3,18282485;1,00000000
0,30235752;0,16578494;0,27220720;0,58393824;3,18282485;1,00000000
0,30242420;0,16578494;0,27251476;0,58378446;3,18313241;1,00000000
0,30249087;0,16593874;0,27251476;0,58347690;3,18313241;1,00000000
0,30255754;0,16609251;0,27282235;0,58316928;3,18313241;1,00000000
0,30262421;0,16624631;0,27251476;0,58301550;3,18313241;1,00000000
0,30269088;0,16609251;0,27251476;0,58270794;3,18313241;1,00000000
0,30275756;0,16624631;0,27251476;0,58224654;3,18313241;1,00000000
0,30282423;0,16640009;0,27282235;0,58193898;3,18343997;1,00000000
0,30289090;0,16640009;0,27312991;0,58147764;3,18374753;1,00000000
0,30295757;0,16655388;0,27282235;0,58117002;3,18374753;1,00000000
0,30302424;0,16655388;0,27282235;0,58086246;3,18374753;1,00000000
0,30309092;0,16670766;0,27282235;0,58055484;3,18374753;1,00000000
0,30315759;0,16686147;0,27282235;0,58009350;3,18343997;1,00000000
0,30322426;0,16701525;0,27282235;0,57978594;3,18313241;1,00000000
0,30329093;0,16716905;0,27312991;0,57947832;3,18343997;1,00000000
0,30335760;0,16716905;0,27312991;0,57901698;3,18313241;1,00000000
0,30342428;0,16716905;0,27312991;0,57870936;3,18313241;1,00000000
0,30349095;0,16732283;0,27343750;0,57824802;3,18313241;1,00000000
0,30355762;0,16732283;0,27343750;0,57794046;3,18313241;1,00000000
0,30362429;0,16747662;0,27343750;0,57763284;3,18313241;1,00000000
0,30369096;0,16763040;0,27343750;0,57717150;3,18282485;1,00000000
0,30375764;0,16778421;0,27343750;0,57686394;3,18313241;1,00000000
0,30382431;0,16778421;0,27343750;0,57640254;3,18343997;1,00000000
0,30389098;0,16793799;0,27343750;0,57609499;3,18343997;1,00000000
0,30395765;0,16793799;0,27343750;0,57578737;3,18343997;1,00000000
0,30402432;0,16793799;0,27312991;0,57547981;3,18343997;1,00000000
0,30409100;0,16793799;0,27343750;0,57517225;3,18343997;1,00000000
0,30415767;0,16809179;0,27343750;0,57486469;3,18343997;1,00000000
0,30422434;0,16809179;0,27374509;0,57455707;3,18405509;1,00000000
0,30429101;0,16824557;0,27405265;0,57409573;3,18405509;1,00000000
0,30435768;0,16824557;0,27405265;0,57363439;3,18405509;1,00000000
0,30442436;0,16824557;0,27405265;0,57317299;3,18405509;1,00000000
0,30449103;0,16824557;0,27436024;0,57271159;3,18405509;1,00000000
0,30455770;0,16839936;0,27466780;0,57240403;3,18405509;1,00000000
0,30462437;0,16839936;0,27466780;0,57194269;3,18405509;1,00000000
0,30469104;0,16824557;0,27466780;0,57163513;3,18374753;1,00000000
0,30475772;0,16824557;0,27497539;0,57132751;3,18374753;1,00000000
0,30482439;0,16824557;0,27528298;0,57117373;3,18405509;1,00000000
0,30489106;0,16824557;0,27528298;0,57101995;3,18374753;1,00000000
0,30495773;0,16824557;0,27497539;0,57086611;3,18343997;1,00000000
0,30502440;0,16824557;0,27497539;0,57055855;3,18313241;1,00000000
0,30509108;0,16824557;0,27497539;0,57025099;3,18313241;1,00000000
0,30515775;0,16824557;0,27466780;0,57009721;3,18282485;1,00000000
0,30522442;0,16824557;0,27436024;0,56978959;3,18251729;1,00000000
0,30529109;0,16824557;0,27436024;0,56963581;3,18251729;1,00000000
0,30535776;0,16824557;0,27436024;0,56948203;3,18282485;1,00000000
0,30542444;0,16824557;0,27436024;0,56917441;3,18251729;1,00000000
0,30549111;0,16824557;0,27405265;0,56886685;3,18251729;1,00000000
0,30555778;0,16824557;0,27374509;0,56855929;3,18220973;1,00000000
0,30562445;0,16824557;0,27374509;0,56840551;3,18190217;1,00000000
0,30569112;0,16824557;0,27405265;0,56825173;3,18159461;1,00000000
0,30575780;0,16824557;0,27405265;0,56794411;3,18159461;1,00000000
0,30582447;0,16824557;0,27405265;0,56779033;3,18190217;1,00000000
0,30589114;0,16824557;0,27405265;0,56763655;3,18220973;1,00000000
0,30595781;0,16824557;0,27374509;0,56732899;3,18220973;1,00000000
0,30602448;0,16824557;0,27374509;0,56717521;3,18220973;1,00000000
0,30609116;0,16824557;0,27343750;0,56702143;3,18190217;1,00000000
0,30615783;0,16839936;0,27343750;0,56702143;3,18190217;1,00000000
0,30622450;0,16824557;0,27312991;0,56702143;3,18159461;1,00000000
0,30629117;0,16824557;0,27312991;0,56702143;3,18128681;1,00000000
0,30635784;0,16824557;0,27312991;0,56717521;3,18159461;1,00000000
0,30642452;0,16824557;0,27282235;0,56717521;3,18128681;1,00000000
0,30649119;0,16809179;0,27312991;0,56732899;3,18097925;1,00000000
0,30655786;0,16809179;0,27282235;0,56732899;3,18067169;1,00000000
0,30662453;0,16809179;0,27282235;0,56748277;3,18067169;1,00000000
0,30669120;0,16809179;0,27251476;0,56763655;3,18036413;1,00000000
0,30675788;0,16824557;0,27220720;0,56779033;3,18036413;1,00000000
0,30682455;0,16824557;0,27220720;0,56794411;3,18067169;1,00000000
0,30689122;0,16824557;0,27220720;0,56809795;3,18097925;1,00000000
0,30695789;0,16824557;0,27220720;0,56825173;3,18128681;1,00000000
0,30702456;0,16824557;0,27251476;0,56840551;3,18097925;1,00000000
0,30709124;0,16824557;0,27251476;0,56855929;3,18067169;1,00000000
0,30715791;0,16824557;0,27251476;0,56886685;3,18067169;1,00000000
0,30722458;0,16824557;0,27251476;0,56932825;3,18067169;1,00000000
0,30729125;0,16809179;0,27220720;0,56948203;3,18067169;1,00000000
0,30735792;0,16809179;0,27220720;0,56994343;3,18097925;1,00000000
0,30742460;0,16809179;0,27251476;0,57025099;3,18128681;1,00000000
0,30749127;0,16809179;0,27282235;0,57055855;3,18190217;1,00000000
0,30755794;0,16809179;0,27312991;0,57086611;3,18159461;1,00000000
0,30762461;0,16809179;0,27312991;0,57132751;3,18128681;1,00000000
0,30769128;0,16793799;0,27312991;0,57178891;3,18128681;1,00000000
0,30775796;0,16793799;0,27343750;0,57240403;3,18128681;1,00000000
0,30782463;0,16809179;0,27343750;0,57286543;3,18128681;1,00000000
0,30789130;0,16809179;0,27343750;0,57332677;3,18159461;1,00000000
0,30795797;0,16809179;0,27343750;0,57378817;3,18220973;1,00000000
0,30802464;0,16793799;0,27343750;0,57424951;3,18282485;1,00000000
0,30809132;0,16793799;0,27343750;0,57471091;3,18313241;1,00000000
0,30815799;0,16793799;0,27343750;0,57501847;3,18282485;1,00000000
0,30822466;0,16778421;0,27374509;0,57547981;3,18282485;1,00000000
0,30829133;0,16793799;0,27405265;0,57594121;3,18282485;1,00000000
0,30835800;0,16793799;0,27436024;0,57655638;3,18282485;1,00000000
0,30842468;0,16793799;0,27436024;0,57717150;3,18343997;1,00000000
0,30849135;0,16793799;0,27466780;0,57763284;3,18405509;1,00000000
0,30855802;0,16778421;0,27497539;0,57809424;3,18436265;1,00000000
0,30862469;0,16778421;0,27528298;0,57855558;3,18467021;1,00000000
0,30869136;0,16763040;0,27528298;0,57901698;3,18528533;1,00000000
0,30875804;0,16763040;0,27528298;0,57947832;3,18528533;1,00000000
0,30882471;0,16763040;0,27528298;0,57993972;3,18528533;1,00000000
0,30889138;0,16763040;0,27528298;0,58040106;3,18559289;1,00000000
0,30895805;0,16747662;0,27559054;0,58086246;3,18559289;1,00000000
0,30902472;0,16763040;0,27589813;0,58132380;3,18559289;1,00000000
0,30909140;0,16763040;0,27620572;0,58178520;3,18559289;1,00000000
0,30915807;0,16763040;0,27651328;0,58224654;3,18590045;1,00000000
0,30922474;0,16763040;0,27651328;0,58270794;3,18620801;1,00000000
0,30929141;0,16763040;0,27651328;0,58316928;3,18651581;1,00000000
0,30935808;0,16763040;0,27682087;0,58363068;3,18651581;1,00000000
0,30942476;0,16763040;0,27682087;0,58393824;3,18651581;1,00000000
0,30949143;0,16763040;0,27682087;0,58439958;3,18651581;1,00000000
0,30955810;0,16778421;0,27743602;0,58470720;3,18651581;1,00000000
0,30962477;0,16778421;0,27743602;0,58516854;3,18651581;1,00000000
0,30969144;0,16793799;0,27774361;0,58547610;3,18651581;1,00000000
0,30975812;0,16793799;0,27774361;0,58578372;3,18651581;1,00000000
0,30982479;0,16793799;0,27774361;0,58593750;3,18651581;1,00000000
0,30989146;0,16809179;0,27805117;0,58639890;3,18620801;1,00000000
0,30995813;0,16809179;0,27805117;0,58639890;3,18620801;1,00000000
0,31002480;0,16809179;0,27774361;0,58670646;3,18620801;1,00000000
0,31009148;0,16809179;0,27805117;0,58701402;3,18620801;1,00000000
0,31015815;0,16824557;0,27805117;0,58716780;3,18590045;1,00000000
0,31022482;0,16824557;0,27835876;0,58716780;3,18620801;1,00000000
0,31029149;0,16824557;0,27835876;0,58732158;3,18620801;1,00000000
0,31035816;0,16824557;0,27835876;0,58747536;3,18620801;1,00000000
0,31042484;0,16824557;0,27835876;0,58747536;3,18590045;1,00000000
0,31049151;0,16824557;0,27866635;0,58747536;3,18590045;1,00000000
0,31055818;0,16809179;0,27866635;0,58747536;3,18590045;1,00000000
0,31062485;0,16793799;0,27835876;0,58747536;3,18590045;1,00000000
0,31069152;0,16793799;0,27805117;0,58747536;3,18620801;1,00000000
0,31075820;0,16793799;0,27805117;0,58747536;3,18651581;1,00000000
0,31082487;0,16793799;0,27835876;0,58747536;3,18651581;1,00000000
0,31089154;0,16809179;0,27835876;0,58747536;3,18651581;1,00000000
0,31095821;0,16809179;0,27835876;0,58747536;3,18651581;1,00000000
0,31102488;0,16824557;0,27835876;0,58732158;3,18651581;1,00000000
0,31109156;0,16824557;0,27835876;0,58732158;3,18620801;1,00000000
0,31115823;0,16824557;0,27805117;0,58732158;3,18620801;1,00000000
0,31122490;0,16824557;0,27774361;0,58716780;3,18590045;1,00000000
0,31129157;0,16824557;0,27774361;0,58701402;3,18590045;1,00000000
0,31135824;0,16824557;0,27743602;0,58686024;3,18590045;1,00000000
0,31142492;0,16824557;0,27774361;0,58670646;3,18590045;1,00000000
0,31149159;0,16809179;0,27743602;0,58655268;3,18590045;1,00000000
0,31155826;0,16809179;0,27743602;0,58624506;3,18590045;1,00000000
0,31162493;0,16809179;0,27743602;0,58609128;3,18590045;1,00000000
0,31169160;0,16809179;0,27682087;0,58578372;3,18590045;1,00000000
0,31175828;0,16809179;0,27682087;0,58562988;3,18559289;1,00000000
0,31182495;0,16809179;0,27743602;0,58532232;3,18590045;1,00000000
0,31189162;0,16809179;0,27774361;0,58501476;3,18620801;1,00000000
0,31195829;0,16809179;0,27743602;0,58486098;3,18620801;1,00000000
0,31202496;0,16809179;0,27743602;0,58455342;3,18651581;1,00000000
0,31209164;0,16809179;0,27743602;0,58424580;3,18651581;1,00000000
0,31215831;0,16793799;0,27743602;0,58393824;3,18651581;1,00000000
0,31222498;0,16809179;0,27743602;0,58363068;3,18651581;1,00000000
0,31229165;0,16809179;0,27743602;0,58332312;3,18651581;1,00000000
0,31235832;0,16809179;0,27743602;0,58316928;3,18620801;1,00000000
0,31242500;0,16809179;0,27743602;0,58286172;3,18651581;1,00000000
0,31249167;0,16809179;0,27682087;0,58270794;3,18682337;1,00000000
0,31255834;0,16809179;0,27651328;0,58255410;3,18682337;1,00000000
0,31262501;0,16793799;0,27651328;0,58224654;3,18682337;1,00000000
0,31269168;0,16793799;0,27651328;0,58178520;3,18682337;1,00000000
0,31275836;0,16793799;0,27620572;0,58147764;3,18682337;1,00000000
0,31282503;0,16778421;0,27620572;0,58101624;3,18682337;1,00000000
0,31289170;0,16778421;0,27589813;0,58055484;3,18682337;1,00000000
0,31295837;0,16778421;0,27620572;0,58040106;3,18682337;1,00000000
0,31302504;0,16763040;0,27589813;0,58024728;3,18743849;1,00000000
0,31309172;0,16763040;0,27559054;0,57993972;3,18743849;1,00000000
0,31315839;0,16763040;0,27559054;0,57947832;3,18774605;1,00000000
0,31322506;0,16778421;0,27559054;0,57917076;3,18743849;1,00000000
0,31329173;0,16778421;0,27559054;0,57886314;3,18743849;1,00000000
0,31335840;0,16778421;0,27559054;0,57855558;3,18743849;1,00000000
0,31342508;0,16778421;0,27559054;0,57840180;3,18743849;1,00000000
0,31349175;0,16778421;0,27559054;0,57809424;3,18713093;1,00000000
0,31355842;0,16778421;0,27559054;0,57763284;3,18774605;1,00000000
0,31362509;0,16793799;0,27528298;0,57747906;3,18774605;1,00000000
0,31369176;0,16793799;0,27528298;0,57701772;3,18774605;1,00000000
0,31375844;0,16793799;0,27559054;0,57671016;3,18774605;1,00000000
0,31382511;0,16793799;0,27559054;0,57655638;3,18774605;1,00000000
0,31389178;0,16793799;0,27559054;0,57640254;3,18774605;1,00000000
0,31395845;0,16778421;0,27559054;0,57609499;3,18774605;1,00000000
0,31402512;0,16778421;0,27528298;0,57578737;3,18774605;1,00000000
0,31409180;0,16763040;0,27528298;0,57563359;3,18774605;1,00000000
0,31415847;0,16747662;0,27528298;0,57547981;3,18774605;1,00000000
0,31422514;0,16732283;0,27528298;0,57517225;3,18774605;1,00000000
0,31429181;0,16747662;0,27559054;0,57517225;3,18774605;1,00000000
0,31435848;0,16732283;0,27589813;0,57486469;3,18774605;1,00000000
0,31442516;0,16732283;0,27559054;0,57455707;3,18774605;1,00000000
0,31449183;0,16732283;0,27589813;0,57424951;3,18774605;1,00000000
0,31455850;0,16732283;0,27589813;0,57394195;3,18774605;1,00000000
0,31462517;0,16732283;0,27620572;0,57378817;3,18774605;1,00000000
0,31469184;0,16732283;0,27651328;0,57363439;3,18774605;1,00000000
0,31475852;0,16716905;0,27651328;0,57348061;3,18805361;1,00000000
0,31482519;0,16716905;0,27651328;0,57332677;3,18805361;1,00000000
0,31489186;0,16716905;0,27620572;0,57317299;3,18805361;1,00000000
0,31495853;0,16701525;0,27620572;0,57317299;3,18805361;1,00000000
0,31502520;0,16701525;0,27620572;0,57317299;3,18805361;1,00000000
0,31509188;0,16701525;0,27620572;0,57317299;3,18836117;1,00000000
0,31515855;0,16701525;0,27620572;0,57317299;3,18805361;1,00000000
0,31522522;0,16701525;0,27651328;0,57317299;3,18836117;1,00000000
0,31529189;0,16701525;0,27651328;0,57317299;3,18836117;1,00000000
0,31535856;0,16686147;0,27651328;0,57317299;3,18866873;1,00000000
0,31542524;0,16686147;0,27651328;0,57317299;3,18897629;1,00000000
0,31549191;0,16686147;0,27682087;0,57317299;3,18928385;1,00000000
0,31555858;0,16670766;0,27682087;0,57317299;3,18928385;1,00000000
0,31562525;0,16670766;0,27743602;0,57348061;3,18928385;1,00000000
0,31569192;0,16670766;0,27743602;0,57363439;3,18928385;1,00000000
0,31575860;0,16686147;0,27743602;0,57363439;3,18928385;1,00000000
0,31582527;0,16686147;0,27743602;0,57378817;3,18959141;1,00000000
0,31589194;0,16686147;0,27743602;0,57378817;3,18989897;1,00000000
0,31595861;0,16686147;0,27682087;0,57409573;3,18989897;1,00000000
0,31602528;0,16686147;0,27682087;0,57424951;3,18989897;1,00000000
0,31609196;0,16686147;0,27682087;0,57424951;3,18989897;1,00000000
0,31615863;0,16686147;0,27682087;0,57424951;3,18989897;1,00000000
0,31622530;0,16686147;0,27743602;0,57440329;3,18959141;1,00000000
0,31629197;0,16686147;0,27743602;0,57471091;3,18959141;1,00000000
0,31635864;0,16686147;0,27774361;0,57471091;3,18959141;1,00000000
0,31642532;0,16670766;0,27805117;0,57501847;3,18959141;1,00000000
0,31649199;0,16670766;0,27835876;0,57532603;3,18959141;1,00000000
0,31655866;0,16670766;0,27835876;0,57563359;3,18959141;1,00000000
0,31662533;0,16670766;0,27835876;0,57578737;3,18959141;1,00000000
0,31669200;0,16655388;0,27835876;0,57594121;3,18928385;1,00000000
0,31675868;0,16640009;0,27866635;0,57609499;3,18897629;1,00000000
0,31682535;0,16655388;0,27866635;0,57640254;3,18866873;1,00000000
0,31689202;0,16655388;0,27866635;0,57671016;3,18836117;1,00000000
0,31695869;0,16655388;0,27897391;0,57701772;3,18836117;1,00000000
0,31702536;0,16640009;0,27866635;0,57732528;3,18836117;1,00000000
0,31709204;0,16640009;0,27835876;0,57763284;3,18805361;1,00000000
0,31715871;0,16640009;0,27835876;0,57794046;3,18774605;1,00000000
0,31722538;0,16640009;0,27866635;0,57824802;3,18774605;1,00000000
0,31729205;0,16640009;0,27835876;0,57855558;3,18774605;1,00000000
0,31735872;0,16624631;0,27835876;0,57886314;3,18743849;1,00000000
0,31742540;0,16609251;0,27805117;0,57901698;3,18713093;1,00000000
0,31749207;0,16609251;0,27774361;0,57932454;3,18682337;1,00000000
0,31755874;0,16624631;0,27743602;0,57963216;3,18682337;1,00000000
0,31762541;0,16624631;0,27743602;0,57993972;3,18651581;1,00000000
0,31769208;0,16640009;0,27774361;0,58024728;3,18651581;1,00000000
0,31775876;0,16640009;0,27774361;0,58070862;3,18651581;1,00000000
0,31782543;0,16640009;0,27805117;0,58101624;3,18651581;1,00000000
0,31789210;0,16640009;0,27805117;0,58132380;3,18590045;1,00000000
0,31795877;0,16640009;0,27774361;0,58163142;3,18559289;1,00000000
0,31802544;0,16655388;0,27774361;0,58193898;3,18467021;1,00000000
0,31809212;0,16640009;0,27743602;0,58209276;3,18405509;1,00000000
0,31815879;0,16640009;0,27743602;0,58240032;3,18374753;1,00000000
0,31822546;0,16655388;0,27743602;0,58255410;3,18374753;1,00000000
0,31829213;0,16655388;0,27743602;0,58286172;3,18374753;1,00000000
0,31835880;0,16670766;0,27682087;0,58301550;3,18374753;1,00000000
0,31842548;0,16655388;0,27682087;0,58332312;3,18282485;1,00000000
0,31849215;0,16640009;0,27651328;0,58363068;3,18251729;1,00000000
0,31855882;0,16640009;0,27651328;0,58393824;3,18190217;1,00000000
0,31862549;0,16640009;0,27620572;0,58409202;3,18128681;1,00000000
0,31869216;0,16655388;0,27620572;0,58439958;3,18097925;1,00000000
0,31875884;0,16655388;0,27620572;0,58455342;3,18097925;1,00000000
0,31882551;0,16655388;0,27620572;0,58470720;3,18097925;1,00000000
0,31889218;0,16640009;0,27589813;0,58501476;3,18097925;1,00000000
0,31895885;0,16640009;0,27559054;0,58516854;3,18067169;1,00000000
0,31902552;0,16640009;0,27528298;0,58547610;3,18036413;1,00000000
0,31909220;0,16655388;0,27497539;0,58578372;3,18005657;1,00000000
0,31915887;0,16640009;0,27466780;0,58609128;3,17974901;1,00000000
0,31922554;0,16640009;0,27466780;0,58624506;3,17944145;1,00000000
0,31929221;0,16624631;0,27466780;0,58655268;3,17913389;1,00000000
0,31935888;0,16609251;0,27466780;0,58670646;3,17882633;1,00000000
0,31942556;0,16609251;0,27466780;0,58686024;3,17851877;1,00000000
0,31949223;0,16609251;0,27436024;0,58701402;3,17821121;1,00000000
0,31955890;0,16593874;0,27436024;0,58716780;3,17821121;1,00000000
0,31962557;0,16578494;0,27436024;0,58747536;3,17851877;1,00000000
0,31969224;0,16563116;0,27436024;0,58747536;3,17821121;1,00000000
0,31975892;0,16563116;0,27436024;0,58762920;3,17821121;1,00000000
0,31982559;0,16547737;0,27405265;0,58778298;3,17821121;1,00000000
0,31989226;0,16532359;0,27374509;0,58809054;3,17821121;1,00000000
0,31995893;0,16532359;0,27374509;0,58839810;3,17790365;1,00000000
0,32002560;0,16532359;0,27374509;0,58870566;3,17821121;1,00000000
0,32009228;0,16532359;0,27374509;0,58885950;3,17851877;1,00000000
0,32015895;0,16516978;0,27343750;0,58901328;3,17882633;1,00000000
0,32022562;0,16516978;0,27343750;0,58916706;3,17882633;1,00000000
0,32029229;0,16516978;0,27312991;0,58932084;3,17882633;1,00000000
0,32035896;0,16516978;0,27312991;0,58962846;3,17851877;1,00000000
0,32042564;0,16516978;0,27312991;0,58978224;3,17882633;1,00000000
0,32049231;0,16516978;0,27282235;0,58978224;3,17882633;1,00000000
0,32055898;0,16501600;0,27282235;0,58993602;3,17913389;1,00000000
0,32062565;0,16501600;0,27312991;0,58993602;3,17944145;1,00000000
0,32069232;0,16501600;0,27312991;0,58993602;3,17944145;1,00000000
0,32075900;0,16501600;0,27343750;0,59008980;3,17944145;1,00000000
0,32082567;0,16516978;0,27374509;0,59024358;3,17944145;1,00000000
0,32089234;0,16532359;0,27343750;0,59039736;3,17944145;1,00000000
0,32095901;0,16532359;0,27343750;0,59024358;3,17974901;1,00000000
0,32102568;0,16547737;0,27312991;0,59024358;3,18005657;1,00000000
0,32109236;0,16547737;0,27343750;0,59024358;3,18036413;1,00000000
0,32115903;0,16563116;0,27343750;0,59024358;3,18036413;1,00000000
0,32122570;0,16547737;0,27343750;0,59008980;3,18005657;1,00000000
0,32129237;0,16547737;0,27312991;0,58993602;3,17974901;1,00000000
0,32135904;0,16532359;0,27282235;0,58993602;3,17974901;1,00000000
0,32142572;0,16547737;0,27282235;0,59008980;3,18005657;1,00000000
0,32149239;0,16547737;0,27312991;0,58993602;3,18036413;1,00000000
0,32155906;0,16563116;0,27282235;0,58978224;3,18067169;1,00000000
0,32162573;0,16563116;0,27282235;0,58962846;3,18067169;1,00000000
0,32169240;0,16563116;0,27312991;0,58932084;3,18067169;1,00000000
0,32175908;0,16578494;0,27312991;0,58916706;3,18067169;1,00000000
0,32182575;0,16593874;0,27282235;0,58901328;3,18067169;1,00000000
0,32189242;0,16593874;0,27251476;0,58870566;3,18036413;1,00000000
0,32195909;0,16593874;0,27220720;0,58839810;3,18097925;1,00000000
0,32202576;0,16609251;0,27220720;0,58809054;3,18159461;1,00000000
0,32209244;0,16609251;0,27189961;0,58778298;3,18159461;1,00000000
0,32215911;0,16624631;0,27189961;0,58747536;3,18159461;1,00000000
0,32222578;0,16640009;0,27220720;0,58716780;3,18159461;1,00000000
0,32229245;0,16655388;0,27251476;0,58686024;3,18159461;1,00000000
0,32235912;0,16655388;0,27220720;0,58655268;3,18159461;1,00000000
0,32242580;0,16670766;0,27189961;0,58624506;3,18159461;1,00000000
0,32249247;0,16670766;0,27189961;0,58593750;3,18220973;1,00000000
0,32255914;0,16670766;0,27189961;0,58562988;3,18220973;1,00000000
0,32262581;0,16670766;0,27220720;0,58532232;3,18220973;1,00000000
0,32269248;0,16670766;0,27189961;0,58486098;3,18220973;1,00000000
0,32275916;0,16686147;0,27189961;0,58455342;3,18220973;1,00000000
0,32282583;0,16686147;0,27189961;0,58424580;3,18220973;1,00000000
0,32289250;0,16701525;0,27159202;0,58393824;3,18220973;1,00000000
0,32295917;0,16701525;0,27159202;0,58363068;3,18190217;1,00000000
0,32302584;0,16716905;0,27189961;0,58332312;3,18190217;1,00000000
0,32309252;0,16732283;0,27220720;0,58301550;3,18190217;1,00000000
0,32315919;0,16747662;0,27251476;0,58270794;3,18190217;1,00000000
0,32322586;0,16747662;0,27251476;0,58224654;3,18190217;1,00000000
0,32329253;0,16747662;0,27251476;0,58178520;3,18190217;1,00000000
0,32335920;0,16747662;0,27251476;0,58147764;3,18190217;1,00000000
0,32342588;0,16747662;0,27251476;0,58101624;3,18159461;1,00000000
0,32349255;0,16763040;0,27282235;0,58055484;3,18190217;1,00000000
0,32355922;0,16778421;0,27282235;0,58009350;3,18220973;1,00000000
0,32362589;0,16778421;0,27282235;0,57963216;3,18251729;1,00000000
0,32369256;0,16793799;0,27282235;0,57917076;3,18251729;1,00000000
0,32375924;0,16793799;0,27312991;0,57886314;3,18251729;1,00000000
0,32382591;0,16778421;0,27343750;0,57855558;3,18251729;1,00000000
0,32389258;0,16778421;0,27312991;0,57809424;3,18251729;1,00000000
0,32395925;0,16793799;0,27312991;0,57778668;3,18220973;1,00000000
0,32402592;0,16793799;0,27282235;0,57747906;3,18190217;1,00000000
0,32409260;0,16809179;0,27251476;0,57717150;3,18220973;1,00000000
0,32415927;0,16809179;0,27251476;0,57686394;3,18251729;1,00000000
0,32422594;0,16809179;0,27251476;0,57640254;3,18251729;1,00000000
0,32429261;0,16809179;0,27251476;0,57594121;3,18282485;1,00000000
0,32435928;0,16809179;0,27251476;0,57563359;3,18282485;1,00000000
0,32442596;0,16824557;0,27251476;0,57517225;3,18282485;1,00000000
0,32449263;0,16824557;0,27251476;0,57486469;3,18282485;1,00000000
0,32455930;0,16824557;0,27220720;0,57471091;3,18251729;1,00000000
0,32462597;0,16824557;0,27189961;0,57440329;3,18282485;1,00000000
0,32469264;0,16839936;0,27189961;0,57409573;3,18313241;1,00000000
0,32475932;0,16855314;0,27189961;0,57363439;3,18313241;1,00000000
0,32482599;0,16870694;0,27189961;0,57332677;3,18343997;1,00000000
0,32489266;0,16870694;0,27189961;0,57286543;3,18313241;1,00000000
0,32495933;0,16886072;0,27159202;0,57240403;3,18313241;1,00000000
0,32502600;0,16886072;0,27159202;0,57194269;3,18282485;1,00000000
0,32509268;0,16901451;0,27189961;0,57148129;3,18251729;1,00000000
0,32515935;0,16901451;0,27189961;0,57117373;3,18220973;1,00000000
0,32522602;0,16901451;0,27189961;0,57101995;3,18251729;1,00000000
0,32529269;0,16901451;0,27159202;0,57071233;3,18282485;1,00000000
0,32535936;0,16886072;0,27128446;0,57040477;3,18313241;1,00000000
0,32542604;0,16886072;0,27097687;0,57009721;3,18282485;1,00000000
0,32549271;0,16886072;0,27066928;0,56978959;3,18220973;1,00000000
0,32555938;0,16886072;0,27036172;0,56948203;3,18159461;1,00000000
0,32562605;0,16886072;0,27036172;0,56917441;3,18128681;1,00000000
0,32569272;0,16886072;0,27005413;0,56886685;3,18097925;1,00000000
0,32575940;0,16901451;0,27005413;0,56871307;3,18067169;1,00000000
0,32582607;0,16901451;0,26974654;0,56855929;3,18067169;1,00000000
0,32589274;0,16901451;0,26943898;0,56855929;3,18067169;1,00000000
0,32595941;0,16901451;0,26974654;0,56855929;3,18067169;1,00000000
0,32602608;0,16901451;0,26974654;0,56855929;3,18067169;1,00000000
0,32609276;0,16901451;0,26974654;0,56840551;3,18036413;1,00000000
0,32615943;0,16901451;0,26943898;0,56840551;3,18005657;1,00000000
0,32622610;0,16916829;0,26913139;0,56840551;3,17974901;1,00000000
0,32629277;0,16916829;0,26882383;0,56840551;3,17944145;1,00000000
0,32635944;0,16916829;0,26851624;0,56840551;3,17913389;1,00000000
0,32642612;0,16916829;0,26851624;0,56840551;3,17913389;1,00000000
0,32649279;0,16916829;0,26882383;0,56855929;3,17944145;1,00000000
0,32655946;0,16916829;0,26851624;0,56855929;3,17974901;1,00000000
0,32662613;0,16901451;0,26820865;0,56871307;3,17944145;1,00000000
0,32669280;0,16901451;0,26820865;0,56871307;3,17913389;1,00000000
0,32675948;0,16886072;0,26790109;0,56886685;3,17913389;1,00000000
0,32682615;0,16886072;0,26790109;0,56917441;3,17913389;1,00000000
0,32689282;0,16886072;0,26790109;0,56948203;3,17913389;1,00000000
0,32695949;0,16870694;0,26790109;0,56963581;3,17944145;1,00000000
0,32702616;0,16870694;0,26820865;0,56994343;3,17944145;1,00000000
0,32709284;0,16870694;0,26851624;0,57009721;3,17974901;1,00000000
0,32715951;0,16870694;0,26851624;0,57025099;3,18005657;1,00000000
0,32722618;0,16855314;0,26820865;0,57055855;3,18005657;1,00000000
0,32729285;0,16870694;0,26820865;0,57101995;3,18005657;1,00000000
0,32735952;0,16870694;0,26820865;0,57132751;3,18005657;1,00000000
0,32742620;0,16870694;0,26820865;0,57163513;3,18005657;1,00000000
0,32749287;0,16870694;0,26820865;0,57225025;3,18036413;1,00000000
0,32755954;0,16870694;0,26820865;0,57271159;3,18067169;1,00000000
0,32762621;0,16870694;0,26851624;0,57301921;3,18097925;1,00000000
0,32769288;0,16870694;0,26882383;0,57332677;3,18067169;1,00000000
0,32775956;0,16870694;0,26913139;0,57363439;3,18067169;1,00000000
0,32782623;0,16870694;0,26913139;0,57409573;3,18067169;1,00000000
0,32789290;0,16870694;0,26882383;0,57455707;3,18097925;1,00000000
0,32795957;0,16855314;0,26882383;0,57501847;3,18097925;1,00000000
0,32802624;0,16855314;0,26882383;0,57547981;3,18097925;1,00000000
0,32809292;0,16839936;0,26882383;0,57609499;3,18128681;1,00000000
0,32815959;0,16824557;0,26913139;0,57640254;3,18159461;1,00000000
0,32822626;0,16824557;0,26943898;0,57686394;3,18190217;1,00000000
0,32829293;0,16824557;0,26974654;0,57747906;3,18220973;1,00000000
0,32835960;0,16824557;0,27005413;0,57809424;3,18251729;1,00000000
0,32842628;0,16824557;0,27036172;0,57870936;3,18251729;1,00000000
0,32849295;0,16824557;0,27036172;0,57917076;3,18251729;1,00000000
0,32855962;0,16824557;0,27036172;0,57963216;3,18251729;1,00000000
0,32862629;0,16824557;0,27036172;0,58024728;3,18282485;1,00000000
0,32869296;0,16824557;0,27036172;0,58086246;3,18313241;1,00000000
0,32875964;0,16824557;0,27066928;0,58147764;3,18343997;1,00000000
0,32882631;0,16824557;0,27097687;0,58178520;3,18343997;1,00000000
0,32889298;0,16824557;0,27097687;0,58240032;3,18343997;1,00000000
0,32895965;0,16824557;0,27097687;0,58286172;3,18343997;1,00000000
0,32902632;0,16824557;0,27097687;0,58332312;3,18343997;1,00000000
0,32909300;0,16824557;0,27128446;0,58378446;3,18343997;1,00000000
0,32915967;0,16824557;0,27159202;0,58424580;3,18374753;1,00000000
0,32922634;0,16824557;0,27189961;0,58470720;3,18405509;1,00000000
0,32929301;0,16809179;0,27220720;0,58516854;3,18436265;1,00000000
0,32935968;0,16809179;0,27220720;0,58562988;3,18405509;1,00000000
0,32942636;0,16809179;0,27220720;0,58593750;3,18405509;1,00000000
0,32949303;0,16824557;0,27251476;0,58639890;3,18374753;1,00000000
0,32955970;0,16824557;0,27282235;0,58655268;3,18374753;1,00000000
0,32962637;0,16824557;0,27312991;0,58686024;3,18374753;1,00000000
0,32969304;0,16824557;0,27312991;0,58716780;3,18405509;1,00000000
0,32975972;0,16824557;0,27282235;0,58747536;3,18436265;1,00000000
0,32982639;0,16824557;0,27312991;0,58762920;3,18436265;1,00000000
0,32989306;0,16824557;0,27343750;0,58778298;3,18467021;1,00000000
0,32995973;0,16839936;0,27374509;0,58809054;3,18436265;1,00000000
0,33002640;0,16839936;0,27374509;0,58824432;3,18405509;1,00000000
0,33009308;0,16839936;0,27374509;0,58839810;3,18374753;1,00000000
0,33015975;0,16855314;0,27405265;0,58855188;3,18405509;1,00000000
0,33022642;0,16870694;0,27405265;0,58885950;3,18405509;1,00000000
0,33029309;0,16855314;0,27436024;0,58885950;3,18436265;1,00000000
0,33035976;0,16855314;0,27405265;0,58885950;3,18436265;1,00000000
0,33042644;0,16855314;0,27405265;0,58885950;3,18436265;1,00000000
0,33049311;0,16855314;0,27405265;0,58885950;3,18405509;1,00000000
0,33055978;0,16855314;0,27405265;0,58885950;3,18374753;1,00000000
0,33062645;0,16855314;0,27436024;0,58901328;3,18313241;1,00000000
0,33069312;0,16839936;0,27466780;0,58901328;3,18343997;1,00000000
0,33075980;0,16839936;0,27466780;0,58916706;3,18374753;1,00000000
0,33082647;0,16839936;0,27466780;0,58947468;3,18374753;1,00000000
0,33089314;0,16839936;0,27466780;0,58916706;3,18374753;1,00000000
0,33095981;0,16839936;0,27466780;0,58916706;3,18343997;1,00000000
0,33102648;0,16839936;0,27436024;0,58916706;3,18343997;1,00000000
0,33109316;0,16839936;0,27436024;0,58901328;3,18313241;1,00000000
0,33115983;0,16855314;0,27405265;0,58885950;3,18282485;1,00000000
0,33122650;0,16855314;0,27374509;0,58885950;3,18313241;1,00000000
0,33129317;0,16855314;0,27374509;0,58870566;3,18343997;1,00000000
0,33135984;0,16839936;0,27343750;0,58839810;3,18343997;1,00000000
0,33142652;0,16839936;0,27312991;0,58824432;3,18313241;1,00000000
0,33149319;0,16839936;0,27312991;0,58824432;3,18313241;1,00000000
0,33155986;0,16839936;0,27282235;0,58824432;3,18313241;1,00000000
0,33162653;0,16839936;0,27312991;0,58809054;3,18313241;1,00000000
0,33169320;0,16839936;0,27282235;0,58778298;3,18343997;1,00000000
0,33175988;0,16824557;0,27282235;0,58747536;3,18374753;1,00000000
0,33182655;0,16824557;0,27282235;0,58732158;3,18343997;1,00000000
0,33189322;0,16809179;0,27251476;0,58701402;3,18343997;1,00000000
0,33195989;0,16809179;0,27251476;0,58686024;3,18343997;1,00000000
0,33202656;0,16809179;0,27251476;0,58655268;3,18343997;1,00000000
0,33209324;0,16809179;0,27251476;0,58624506;3,18343997;1,00000000
0,33215991;0,16793799;0,27251476;0,58593750;3,18313241;1,00000000
0,33222658;0,16793799;0,27251476;0,58578372;3,18343997;1,00000000
0,33229325;0,16793799;0,27251476;0,58562988;3,18343997;1,00000000
0,33235992;0,16793799;0,27251476;0,58532232;3,18374753;1,00000000
0,33242660;0,16793799;0,27251476;0,58516854;3,18374753;1,00000000
0,33249327;0,16778421;0,27282235;0,58486098;3,18374753;1,00000000
0,33255994;0,16778421;0,27251476;0,58455342;3,18374753;1,00000000
0,33262661;0,16778421;0,27282235;0,58424580;3,18374753;1,00000000
0,33269328;0,16763040;0,27251476;0,58378446;3,18374753;1,00000000
0,33275996;0,16763040;0,27220720;0,58347690;3,18374753;1,00000000
0,33282663;0,16747662;0,27220720;0,58332312;3,18405509;1,00000000
0,33289330;0,16732283;0,27220720;0,58301550;3,18405509;1,00000000
0,33295997;0,16732283;0,27220720;0,58270794;3,18405509;1,00000000
0,33302664;0,16716905;0,27220720;0,58224654;3,18405509;1,00000000
0,33309332;0,16716905;0,27220720;0,58193898;3,18405509;1,00000000
0,33315999;0,16701525;0,27220720;0,58163142;3,18405509;1,00000000
0,33322666;0,16701525;0,27251476;0,58132380;3,18374753;1,00000000
0,33329333;0,16701525;0,27220720;0,58101624;3,18374753;1,00000000
0,33336000;0,16701525;0,27189961;0,58055484;3,18405509;1,00000000
0,33342668;0,16701525;0,27159202;0,58040106;3,18436265;1,00000000
0,33349335;0,16701525;0,27128446;0,58009350;3,18436265;1,00000000
0,33356002;0,16701525;0,27097687;0,57978594;3,18467021;1,00000000
0,33362669;0,16701525;0,27128446;0,57932454;3,18467021;1,00000000
0,33369336;0,16701525;0,27159202;0,57901698;3,18467021;1,00000000
0,33376004;0,16701525;0,27159202;0,57886314;3,18467021;1,00000000
0,33382671;0,16701525;0,27128446;0,57870936;3,18467021;1,00000000
0,33389338;0,16686147;0,27128446;0,57840180;3,18528533;1,00000000
0,33396005;0,16686147;0,27128446;0,57809424;3,18559289;1,00000000
0,33402672;0,16670766;0,27097687;0,57778668;3,18590045;1,00000000
0,33409340;0,16670766;0,27097687;0,57747906;3,18590045;1,00000000
0,33416007;0,16670766;0,27128446;0,57717150;3,18590045;1,00000000
0,33422674;0,16670766;0,27128446;0,57701772;3,18590045;1,00000000
0,33429341;0,16670766;0,27128446;0,57686394;3,18590045;1,00000000
0,33436008;0,16655388;0,27159202;0,57655638;3,18590045;1,00000000
0,33442676;0,16655388;0,27159202;0,57624876;3,18620801;1,00000000
0,33449343;0,16655388;0,27189961;0,57609499;3,18651581;1,00000000
0,33456010;0,16640009;0,27189961;0,57578737;3,18651581;1,00000000
0,33462677;0,16624631;0,27189961;0,57563359;3,18651581;1,00000000
0,33469344;0,16624631;0,27159202;0,57547981;3,18651581;1,00000000
0,33476012;0,16609251;0,27128446;0,57517225;3,18651581;1,00000000
0,33482679;0,16593874;0,27159202;0,57501847;3,18651581;1,00000000
0,33489346;0,16593874;0,27159202;0,57501847;3,18651581;1,00000000
0,33496013;0,16578494;0,27159202;0,57471091;3,18682337;1,00000000
0,33502680;0,16578494;0,27159202;0,57455707;3,18743849;1,00000000
0,33509348;0,16563116;0,27159202;0,57455707;3,18774605;1,00000000
0,33516015;0,16563116;0,27159202;0,57455707;3,18774605;1,00000000
0,33522682;0,16547737;0,27189961;0,57455707;3,18774605;1,00000000
0,33529349;0,16532359;0,27220720;0,57471091;3,18774605;1,00000000
0,33536016;0,16532359;0,27251476;0,57471091;3,18774605;1,00000000
0,33542684;0,16516978;0,27251476;0,57486469;3,18774605;1,00000000
0,33549351;0,16516978;0,27251476;0,57486469;3,18836117;1,00000000
0,33556018;0,16516978;0,27251476;0,57486469;3,18836117;1,00000000
0,33562685;0,16501600;0,27220720;0,57486469;3,18836117;1,00000000
0,33569352;0,16501600;0,27220720;0,57501847;3,18866873;1,00000000
0,33576020;0,16486220;0,27220720;0,57517225;3,18866873;1,00000000
0,33582687;0,16486220;0,27251476;0,57547981;3,18866873;1,00000000
0,33589354;0,16486220;0,27282235;0,57578737;3,18866873;1,00000000
0,33596021;0,16486220;0,27312991;0,57578737;3,18866873;1,00000000
0,33602688;0,16486220;0,27343750;0,57609499;3,18866873;1,00000000
0,33609356;0,16486220;0,27343750;0,57624876;3,18897629;1,00000000
0,33616023;0,16470842;0,27374509;0,57640254;3,18897629;1,00000000
0,33622690;0,16470842;0,27374509;0,57655638;3,18897629;1,00000000
0,33629357;0,16486220;0,27374509;0,57671016;3,18897629;1,00000000
0,33636024;0,16486220;0,27374509;0,57671016;3,18928385;1,00000000
0,33642692;0,16486220;0,27405265;0,57686394;3,18928385;1,00000000
0,33649359;0,16486220;0,27436024;0,57717150;3,18928385;1,00000000
0,33656026;0,16486220;0,27466780;0,57747906;3,18928385;1,00000000
0,33662693;0,16486220;0,27466780;0,57763284;3,18928385;1,00000000
0,33669360;0,16486220;0,27466780;0,57778668;3,18928385;1,00000000
0,33676028;0,16486220;0,27466780;0,57809424;3,18928385;1,00000000
0,33682695;0,16486220;0,27466780;0,57840180;3,18897629;1,00000000
0,33689362;0,16501600;0,27497539;0,57870936;3,18866873;1,00000000
0,33696029;0,16516978;0,27497539;0,57886314;3,18866873;1,00000000
0,33702696;0,16532359;0,27466780;0,57917076;3,18866873;1,00000000
0,33709364;0,16532359;0,27497539;0,57932454;3,18836117;1,00000000
0,33716031;0,16532359;0,27497539;0,57963216;3,18805361;1,00000000
0,33722698;0,16547737;0,27497539;0,57993972;3,18805361;1,00000000
0,33729365;0,16532359;0,27466780;0,58009350;3,18774605;1,00000000
0,33736032;0,16532359;0,27497539;0,58040106;3,18743849;1,00000000
0,33742700;0,16532359;0,27466780;0,58070862;3,18713093;1,00000000
0,33749367;0,16532359;0,27497539;0,58101624;3,18682337;1,00000000
0,33756034;0,16547737;0,27528298;0,58132380;3,18682337;1,00000000
0,33762701;0,16563116;0,27497539;0,58163142;3,18651581;1,00000000
0,33769368;0,16578494;0,27497539;0,58193898;3,18620801;1,00000000
0,33776036;0,16563116;0,27497539;0,58209276;3,18620801;1,00000000
0,33782703;0,16547737;0,27497539;0,58240032;3,18620801;1,00000000
0,33789370;0,16532359;0,27466780;0,58255410;3,18590045;1,00000000
0,33796037;0,16532359;0,27497539;0,58270794;3,18528533;1,00000000
0,33802704;0,16532359;0,27497539;0,58301550;3,18436265;1,00000000
0,33809372;0,16532359;0,27497539;0,58316928;3,18405509;1,00000000
0,33816039;0,16547737;0,27497539;0,58332312;3,18343997;1,00000000
0,33822706;0,16532359;0,27497539;0,58347690;3,18343997;1,00000000
0,33829373;0,16532359;0,27466780;0,58378446;3,18343997;1,00000000
0,33836040;0,16532359;0,27466780;0,58409202;3,18343997;1,00000000
0,33842708;0,16532359;0,27466780;0,58424580;3,18313241;1,00000000
0,33849375;0,16532359;0,27436024;0,58439958;3,18251729;1,00000000
0,33856042;0,16532359;0,27405265;0,58455342;3,18190217;1,00000000
0,33862709;0,16532359;0,27405265;0,58486098;3,18128681;1,00000000
0,33869376;0,16516978;0,27374509;0,58516854;3,18128681;1,00000000
0,33876044;0,16532359;0,27343750;0,58547610;3,18128681;1,00000000
0,33882711;0,16532359;0,27312991;0,58578372;3,18128681;1,00000000
0,33889378;0,16516978;0,27312991;0,58609128;3,18128681;1,00000000
0,33896045;0,16516978;0,27312991;0,58639890;3,18128681;1,00000000
0,33902712;0,16516978;0,27312991;0,58655268;3,18067169;1,00000000
0,33909380;0,16501600;0,27312991;0,58686024;3,18036413;1,00000000
0,33916047;0,16501600;0,27312991;0,58701402;3,18005657;1,00000000
0,33922714;0,16486220;0,27282235;0,58732158;3,18005657;1,00000000
0,33929381;0,16470842;0,27251476;0,58747536;3,18005657;1,00000000
0,33936048;0,16455463;0,27220720;0,58778298;3,18005657;1,00000000
0,33942716;0,16455463;0,27220720;0,58809054;3,18005657;1,00000000
0,33949383;0,16440085;0,27220720;0,58824432;3,17974901;1,00000000
0,33956050;0,16440085;0,27220720;0,58839810;3,17944145;1,00000000
0,33962717;0,16440085;0,27220720;0,58855188;3,17944145;1,00000000
0,33969384;0,16440085;0,27189961;0,58870566;3,17944145;1,00000000
0,33976052;0,16440085;0,27189961;0,58885950;3,17974901;1,00000000
0,33982719;0,16424704;0,27159202;0,58901328;3,17974901;1,00000000
0,33989386;0,16409326;0,27128446;0,58916706;3,17974901;1,00000000
0,33996053;0,16393946;0,27128446;0,58947468;3,17944145;1,00000000
0,34002720;0,16393946;0,27128446;0,58962846;3,17944145;1,00000000
0,34009388;0,16378568;0,27128446;0,58993602;3,17944145;1,00000000
0,34016055;0,16363189;0,27097687;0,59008980;3,17974901;1,00000000
0,34022722;0,16363189;0,27097687;0,59024358;3,18005657;1,00000000
0,34029389;0,16347811;0,27097687;0,59055120;3,18036413;1,00000000
0,34036056;0,16347811;0,27128446;0,59070498;3,18036413;1,00000000
0,34042724;0,16347811;0,27128446;0,59070498;3,18036413;1,00000000
0,34049391;0,16363189;0,27097687;0,59085876;3,18036413;1,00000000
0,34056058;0,16347811;0,27066928;0,59101254;3,18036413;1,00000000
0,34062725;0,16332431;0,27036172;0,59116638;3,18067169;1,00000000
0,34069392;0,16347811;0,27036172;0,59132016;3,18097925;1,00000000
0,34076060;0,16332431;0,27036172;0,59147394;3,18128681;1,00000000
0,34082727;0,16347811;0,27036172;0,59147394;3,18159461;1,00000000
0,34089394;0,16347811;0,27036172;0,59132016;3,18159461;1,00000000
0,34096061;0,16363189;0,27036172;0,59147394;3,18159461;1,00000000
0,34102728;0,16347811;0,27036172;0,59132016;3,18159461;1,00000000
0,34109396;0,16347811;0,27036172;0,59132016;3,18159461;1,00000000
0,34116063;0,16332431;0,27066928;0,59116638;3,18190217;1,00000000
0,34122730;0,16332431;0,27066928;0,59101254;3,18220973;1,00000000
0,34129397;0,16347811;0,27066928;0,59101254;3,18251729;1,00000000
0,34136064;0,16363189;0,27066928;0,59085876;3,18220973;1,00000000
0,34142732;0,16378568;0,27097687;0,59070498;3,18220973;1,00000000
0,34149399;0,16363189;0,27097687;0,59055120;3,18220973;1,00000000
0,34156066;0,16363189;0,27097687;0,59039736;3,18220973;1,00000000
0,34162733;0,16378568;0,27097687;0,59008980;3,18220973;1,00000000
0,34169400;0,16393946;0,27097687;0,58993602;3,18251729;1,00000000
0,34176068;0,16378568;0,27097687;0,58962846;3,18251729;1,00000000
0,34182735;0,16378568;0,27128446;0,58947468;3,18251729;1,00000000
0,34189402;0,16363189;0,27097687;0,58901328;3,18220973;1,00000000
0,34196069;0,16378568;0,27128446;0,58885950;3,18251729;1,00000000
0,34202736;0,16378568;0,27128446;0,58870566;3,18282485;1,00000000
0,34209404;0,16393946;0,27128446;0,58855188;3,18313241;1,00000000
0,34216071;0,16409326;0,27097687;0,58824432;3,18343997;1,00000000
0,34222738;0,16424704;0,27066928;0,58793676;3,18343997;1,00000000
0,34229405;0,16440085;0,27066928;0,58747536;3,18343997;1,00000000
0,34236072;0,16455463;0,27066928;0,58716780;3,18313241;1,00000000
0,34242740;0,16455463;0,27066928;0,58686024;3,18282485;1,00000000
0,34249407;0,16455463;0,27097687;0,58655268;3,18313241;1,00000000
0,34256074;0,16470842;0,27128446;0,58624506;3,18374753;1,00000000
0,34262741;0,16486220;0,27159202;0,58593750;3,18436265;1,00000000
0,34269408;0,16486220;0,27128446;0,58562988;3,18436265;1,00000000
0,34276076;0,16501600;0,27128446;0,58532232;3,18436265;1,00000000
0,34282743;0,16516978;0,27128446;0,58501476;3,18436265;1,00000000
0,34289410;0,16516978;0,27128446;0,58470720;3,18436265;1,00000000
0,34296077;0,16532359;0,27159202;0,58439958;3,18467021;1,00000000
0,34302744;0,16547737;0,27128446;0,58409202;3,18528533;1,00000000
0,34309412;0,16547737;0,27097687;0,58363068;3,18528533;1,00000000
0,34316079;0,16547737;0,27097687;0,58332312;3,18559289;1,00000000
0,34322746;0,16547737;0,27128446;0,58301550;3,18590045;1,00000000
0,34329413;0,16547737;0,27128446;0,58255410;3,18590045;1,00000000
0,34336080;0,16563116;0,27128446;0,58209276;3,18590045;1,00000000
0,34342748;0,16563116;0,27128446;0,58163142;3,18590045;1,00000000
0,34349415;0,16578494;0,27128446;0,58117002;3,18620801;1,00000000
0,34356082;0,16578494;0,27097687;0,58086246;3,18620801;1,00000000
0,34362749;0,16593874;0,27128446;0,58040106;3,18590045;1,00000000
0,34369416;0,16593874;0,27159202;0,57993972;3,18620801;1,00000000
0,34376084;0,16593874;0,27159202;0,57963216;3,18651581;1,00000000
0,34382751;0,16609251;0,27159202;0,57917076;3,18651581;1,00000000
0,34389418;0,16624631;0,27159202;0,57870936;3,18651581;1,00000000
0,34396085;0,16624631;0,27159202;0,57824802;3,18651581;1,00000000
0,34402752;0,16640009;0,27159202;0,57763284;3,18620801;1,00000000
0,34409420;0,16640009;0,27159202;0,57717150;3,18620801;1,00000000
0,34416087;0,16640009;0,27159202;0,57686394;3,18590045;1,00000000
0,34422754;0,16655388;0,27159202;0,57655638;3,18559289;1,00000000
0,34429421;0,16655388;0,27159202;0,57624876;3,18559289;1,00000000
0,34436088;0,16655388;0,27159202;0,57578737;3,18559289;1,00000000
0,34442756;0,16670766;0,27189961;0,57547981;3,18559289;1,00000000
0,34449423;0,16686147;0,27189961;0,57517225;3,18559289;1,00000000
0,34456090;0,16701525;0,27189961;0,57471091;3,18559289;1,00000000
0,34462757;0,16701525;0,27189961;0,57424951;3,18528533;1,00000000
0,34469424;0,16701525;0,27189961;0,57394195;3,18467021;1,00000000
0,34476092;0,16701525;0,27159202;0,57363439;3,18528533;1,00000000
0,34482759;0,16701525;0,27128446;0,57332677;3,18528533;1,00000000
0,34489426;0,16701525;0,27128446;0,57286543;3,18559289;1,00000000
0,34496093;0,16701525;0,27159202;0,57255781;3,18559289;1,00000000
0,34502760;0,16701525;0,27159202;0,57225025;3,18528533;1,00000000
0,34509428;0,16701525;0,27189961;0,57178891;3,18528533;1,00000000
0,34516095;0,16701525;0,27189961;0,57132751;3,18467021;1,00000000
0,34522762;0,16716905;0,27189961;0,57117373;3,18436265;1,00000000
0,34529429;0,16716905;0,27189961;0,57071233;3,18405509;1,00000000
0,34536096;0,16716905;0,27189961;0,57040477;3,18405509;1,00000000
0,34542764;0,16716905;0,27159202;0,57009721;3,18436265;1,00000000
0,34549431;0,16716905;0,27128446;0,56963581;3,18405509;1,00000000
0,34556098;0,16716905;0,27097687;0,56932825;3,18374753;1,00000000
0,34562765;0,16716905;0,27097687;0,56902063;3,18374753;1,00000000
0,34569432;0,16732283;0,27097687;0,56886685;3,18343997;1,00000000
0,34576100;0,16732283;0,27066928;0,56855929;3,18313241;1,00000000
0,34582767;0,16732283;0,27036172;0,56825173;3,18282485;1,00000000
0,34589434;0,16732283;0,27005413;0,56809795;3,18282485;1,00000000
0,34596101;0,16732283;0,26974654;0,56794411;3,18282485;1,00000000
0,34602768;0,16732283;0,26943898;0,56794411;3,18313241;1,00000000
0,34609436;0,16732283;0,26943898;0,56779033;3,18282485;1,00000000
0,34616103;0,16732283;0,26913139;0,56779033;3,18251729;1,00000000
0,34622770;0,16747662;0,26913139;0,56779033;3,18220973;1,00000000
0,34629437;0,16747662;0,26882383;0,56779033;3,18190217;1,00000000
0,34636104;0,16747662;0,26882383;0,56779033;3,18159461;1,00000000
0,34642772;0,16747662;0,26851624;0,56779033;3,18190217;1,00000000
0,34649439;0,16747662;0,26851624;0,56779033;3,18190217;1,00000000
0,34656106;0,16732283;0,26851624;0,56779033;3,18251729;1,00000000
0,34662773;0,16732283;0,26851624;0,56794411;3,18251729;1,00000000
0,34669440;0,16732283;0,26820865;0,56794411;3,18220973;1,00000000
0,34676108;0,16732283;0,26820865;0,56809795;3,18190217;1,00000000
0,34682775;0,16732283;0,26820865;0,56825173;3,18128681;1,00000000
0,34689442;0,16732283;0,26790109;0,56871307;3,18128681;1,00000000
0,34696109;0,16747662;0,26759350;0,56917441;3,18097925;1,00000000
0,34702776;0,16732283;0,26759350;0,56932825;3,18128681;1,00000000
0,34709444;0,16732283;0,26728594;0,56948203;3,18159461;1,00000000
0,34716111;0,16732283;0,26728594;0,56963581;3,18159461;1,00000000
0,34722778;0,16732283;0,26697835;0,56994343;3,18190217;1,00000000
0,34729445;0,16716905;0,26697835;0,57009721;3,18159461;1,00000000
0,34736112;0,16716905;0,26667076;0,57055855;3,18159461;1,00000000
0,34742780;0,16716905;0,26697835;0,57101995;3,18159461;1,00000000
0,34749447;0,16716905;0,26697835;0,57132751;3,18159461;1,00000000
0,34756114;0,16716905;0,26667076;0,57194269;3,18190217;1,00000000
0,34762781;0,16716905;0,26697835;0,57240403;3,18220973;1,00000000
0,34769448;0,16716905;0,26697835;0,57286543;3,18251729;1,00000000
0,34776116;0,16716905;0,26667076;0,57332677;3,18282485;1,00000000
0,34782783;0,16716905;0,26697835;0,57363439;3,18282485;1,00000000
0,34789450;0,16716905;0,26697835;0,57394195;3,18251729;1,00000000
0,34796117;0,16716905;0,26728594;0,57440329;3,18251729;1,00000000
0,34802784;0,16716905;0,26728594;0,57486469;3,18282485;1,00000000
0,34809452;0,16716905;0,26728594;0,57532603;3,18282485;1,00000000
0,34816119;0,16716905;0,26759350;0,57594121;3,18313241;1,00000000
0,34822786;0,16716905;0,26759350;0,57655638;3,18343997;1,00000000
0,34829453;0,16716905;0,26759350;0,57686394;3,18374753;1,00000000
0,34836120;0,16716905;0,26790109;0,57747906;3,18405509;1,00000000
0,34842788;0,16716905;0,26790109;0,57794046;3,18405509;1,00000000
0,34849455;0,16716905;0,26790109;0,57840180;3,18436265;1,00000000
0,34856122;0,16716905;0,26790109;0,57870936;3,18436265;1,00000000
0,34862789;0,16716905;0,26820865;0,57901698;3,18436265;1,00000000
0,34869456;0,16732283;0,26790109;0,57947832;3,18436265;1,00000000
0,34876124;0,16732283;0,26820865;0,57993972;3,18436265;1,00000000
0,34882791;0,16732283;0,26820865;0,58055484;3,18467021;1,00000000
0,34889458;0,16732283;0,26851624;0,58101624;3,18559289;1,00000000
0,34896125;0,16732283;0,26882383;0,58147764;3,18590045;1,00000000
0,34902792;0,16732283;0,26913139;0,58193898;3,18590045;1,00000000
0,34909460;0,16732283;0,26943898;0,58240032;3,18590045;1,00000000
0,34916127;0,16732283;0,26943898;0,58286172;3,18590045;1,00000000
0,34922794;0,16747662;0,26974654;0,58332312;3,18590045;1,00000000
0,34929461;0,16747662;0,27005413;0,58363068;3,18590045;1,00000000
0,34936128;0,16747662;0,27005413;0,58393824;3,18590045;1,00000000
0,34942796;0,16747662;0,27036172;0,58439958;3,18620801;1,00000000
0,34949463;0,16763040;0,27066928;0,58455342;3,18651581;1,00000000
0,34956130;0,16778421;0,27066928;0,58486098;3,18620801;1,00000000
0,34962797;0,16778421;0,27066928;0,58516854;3,18620801;1,00000000
0,34969464;0,16778421;0,27066928;0,58562988;3,18620801;1,00000000
0,34976132;0,16793799;0,27066928;0,58593750;3,18620801;1,00000000
0,34982799;0,16793799;0,27097687;0,58624506;3,18620801;1,00000000
0,34989466;0,16793799;0,27066928;0,58639890;3,18620801;1,00000000
0,34996133;0,16809179;0,27097687;0,58655268;3,18620801;1,00000000
0,35002800;0,16809179;0,27097687;0,58686024;3,18620801;1,00000000
0,35009468;0,16809179;0,27097687;0,58716780;3,18590045;1,00000000
0,35016135;0,16809179;0,27097687;0,58732158;3,18559289;1,00000000
0,35022802;0,16824557;0,27097687;0,58747536;3,18559289;1,00000000
0,35029469;0,16824557;0,27066928;0,58762920;3,18590045;1,00000000
0,35036136;0,16824557;0,27066928;0,58762920;3,18620801;1,00000000
0,35042804;0,16824557;0,27097687;0,58778298;3,18620801;1,00000000
0,35049471;0,16824557;0,27097687;0,58778298;3,18620801;1,00000000
0,35056138;0,16809179;0,27097687;0,58762920;3,18620801;1,00000000
0,35062805;0,16809179;0,27128446;0,58762920;3,18559289;1,00000000
0,35069472;0,16809179;0,27097687;0,58762920;3,18528533;1,00000000
0,35076140;0,16809179;0,27066928;0,58762920;3,18467021;1,00000000
0,35082807;0,16809179;0,27066928;0,58762920;3,18467021;1,00000000
0,35089474;0,16809179;0,27066928;0,58762920;3,18467021;1,00000000
0,35096141;0,16809179;0,27066928;0,58762920;3,18467021;1,00000000
0,35102808;0,16809179;0,27097687;0,58747536;3,18467021;1,00000000
0,35109476;0,16793799;0,27097687;0,58747536;3,18405509;1,00000000
0,35116143;0,16778421;0,27128446;0,58732158;3,18405509;1,00000000
0,35122810;0,16763040;0,27097687;0,58732158;3,18405509;1,00000000
0,35129477;0,16763040;0,27066928;0,58701402;3,18405509;1,00000000
0,35136144;0,16763040;0,27036172;0,58686024;3,18405509;1,00000000
0,35142812;0,16763040;0,27005413;0,58670646;3,18405509;1,00000000
0,35149479;0,16763040;0,27005413;0,58655268;3,18405509;1,00000000
0,35156146;0,16763040;0,26974654;0,58639890;3,18374753;1,00000000
0,35162813;0,16763040;0,27005413;0,58639890;3,18405509;1,00000000
0,35169480;0,16763040;0,27036172;0,58609128;3,18405509;1,00000000
0,35176148;0,16763040;0,27036172;0,58578372;3,18405509;1,00000000
0,35182815;0,16763040;0,27066928;0,58562988;3,18405509;1,00000000
0,35189482;0,16763040;0,27036172;0,58532232;3,18405509;1,00000000
0,35196149;0,16763040;0,27036172;0,58501476;3,18405509;1,00000000
0,35202816;0,16763040;0,27005413;0,58501476;3,18374753;1,00000000
0,35209484;0,16763040;0,27036172;0,58486098;3,18343997;1,00000000
0,35216151;0,16763040;0,27036172;0,58439958;3,18343997;1,00000000
0,35222818;0,16778421;0,27066928;0,58409202;3,18374753;1,00000000
0,35229485;0,16778421;0,27036172;0,58393824;3,18374753;1,00000000
0,35236152;0,16778421;0,27005413;0,58363068;3,18374753;1,00000000
0,35242820;0,16778421;0,26974654;0,58332312;3,18374753;1,00000000
0,35249487;0,16778421;0,26974654;0,58286172;3,18343997;1,00000000
0,35256154;0,16778421;0,26943898;0,58255410;3,18343997;1,00000000
0,35262821;0,16778421;0,26943898;0,58240032;3,18374753;1,00000000
0,35269488;0,16778421;0,26974654;0,58224654;3,18405509;1,00000000
0,35276156;0,16778421;0,26974654;0,58209276;3,18405509;1,00000000
0,35282823;0,16778421;0,26974654;0,58163142;3,18436265;1,00000000
0,35289490;0,16778421;0,26974654;0,58132380;3,18467021;1,00000000
0,35296157;0,16778421;0,26943898;0,58101624;3,18467021;1,00000000
0,35302824;0,16778421;0,26913139;0,58086246;3,18467021;1,00000000
0,35309492;0,16778421;0,26913139;0,58055484;3,18467021;1,00000000
0,35316159;0,16778421;0,26913139;0,58024728;3,18436265;1,00000000
0,35322826;0,16778421;0,26913139;0,57993972;3,18467021;1,00000000
0,35329493;0,16778421;0,26913139;0,57947832;3,18528533;1,00000000
0,35336160;0,16763040;0,26913139;0,57917076;3,18590045;1,00000000
0,35342828;0,16763040;0,26943898;0,57901698;3,18559289;1,00000000
0,35349495;0,16763040;0,26913139;0,57886314;3,18559289;1,00000000
0,35356162;0,16763040;0,26882383;0,57855558;3,18559289;1,00000000
0,35362829;0,16778421;0,26882383;0,57824802;3,18559289;1,00000000
0,35369496;0,16778421;0,26882383;0,57809424;3,18559289;1,00000000
0,35376164;0,16778421;0,26851624;0,57778668;3,18528533;1,00000000
0,35382831;0,16778421;0,26882383;0,57747906;3,18559289;1,00000000
0,35389498;0,16778421;0,26882383;0,57717150;3,18559289;1,00000000
0,35396165;0,16763040;0,26851624;0,57686394;3,18559289;1,00000000
0,35402832;0,16747662;0,26851624;0,57655638;3,18559289;1,00000000
0,35409500;0,16747662;0,26851624;0,57624876;3,18559289;1,00000000
0,35416167;0,16732283;0,26820865;0,57594121;3,18559289;1,00000000
0,35422834;0,16732283;0,26820865;0,57563359;3,18559289;1,00000000
0,35429501;0,16716905;0,26851624;0,57532603;3,18528533;1,00000000
0,35436168;0,16716905;0,26882383;0,57517225;3,18559289;1,00000000
0,35442836;0,16716905;0,26882383;0,57486469;3,18559289;1,00000000
0,35449503;0,16701525;0,26913139;0,57455707;3,18559289;1,00000000
0,35456170;0,16701525;0,26882383;0,57424951;3,18559289;1,00000000
0,35462837;0,16686147;0,26851624;0,57409573;3,18559289;1,00000000
0,35469504;0,16670766;0,26851624;0,57394195;3,18559289;1,00000000
0,35476172;0,16655388;0,26820865;0,57378817;3,18559289;1,00000000
0,35482839;0,16655388;0,26820865;0,57378817;3,18559289;1,00000000
0,35489506;0,16655388;0,26820865;0,57363439;3,18590045;1,00000000
0,35496173;0,16655388;0,26820865;0,57363439;3,18590045;1,00000000
0,35502840;0,16640009;0,26820865;0,57363439;3,18590045;1,00000000
0,35509508;0,16624631;0,26851624;0,57363439;3,18620801;1,00000000
0,35516175;0,16609251;0,26851624;0,57363439;3,18620801;1,00000000
0,35522842;0,16593874;0,26820865;0,57363439;3,18651581;1,00000000
0,35529509;0,16593874;0,26790109;0,57363439;3,18651581;1,00000000
0,35536176;0,16593874;0,26820865;0,57363439;3,18651581;1,00000000
0,35542844;0,16609251;0,26851624;0,57378817;3,18682337;1,00000000
0,35549511;0,16609251;0,26851624;0,57378817;3,18682337;1,00000000
0,35556178;0,16593874;0,26882383;0,57378817;3,18682337;1,00000000
0,35562845;0,16593874;0,26913139;0,57409573;3,18713093;1,00000000
0,35569512;0,16593874;0,26943898;0,57409573;3,18743849;1,00000000
0,35576180;0,16609251;0,26943898;0,57424951;3,18743849;1,00000000
0,35582847;0,16593874;0,26943898;0,57440329;3,18743849;1,00000000
0,35589514;0,16578494;0,26943898;0,57440329;3,18743849;1,00000000
0,35596181;0,16578494;0,26974654;0,57440329;3,18743849;1,00000000
0,35602848;0,16578494;0,27005413;0,57440329;3,18713093;1,00000000
0,35609516;0,16593874;0,27036172;0,57455707;3,18713093;1,00000000
0,35616183;0,16593874;0,27066928;0,57471091;3,18682337;1,00000000
0,35622850;0,16593874;0,27097687;0,57501847;3,18713093;1,00000000
0,35629517;0,16593874;0,27128446;0,57517225;3,18713093;1,00000000
0,35636184;0,16593874;0,27128446;0,57547981;3,18713093;1,00000000
0,35642852;0,16593874;0,27159202;0,57563359;3,18713093;1,00000000
0,35649519;0,16609251;0,27159202;0,57578737;3,18713093;1,00000000
0,35656186;0,16609251;0,27159202;0,57594121;3,18743849;1,00000000
0,35662853;0,16624631;0,27159202;0,57624876;3,18713093;1,00000000
0,35669520;0,16624631;0,27159202;0,57655638;3,18713093;1,00000000
0,35676188;0,16640009;0,27189961;0,57671016;3,18682337;1,00000000
0,35682855;0,16640009;0,27189961;0,57701772;3,18651581;1,00000000
0,35689522;0,16655388;0,27189961;0,57732528;3,18651581;1,00000000
0,35696189;0,16655388;0,27189961;0,57747906;3,18620801;1,00000000
0,35702856;0,16655388;0,27189961;0,57778668;3,18620801;1,00000000
0,35709524;0,16655388;0,27189961;0,57809424;3,18620801;1,00000000
0,35716191;0,16670766;0,27159202;0,57824802;3,18590045;1,00000000
0,35722858;0,16670766;0,27189961;0,57855558;3,18528533;1,00000000
0,35729525;0,16655388;0,27189961;0,57886314;3,18436265;1,00000000
0,35736192;0,16655388;0,27159202;0,57917076;3,18405509;1,00000000
0,35742860;0,16655388;0,27128446;0,57947832;3,18405509;1,00000000
0,35749527;0,16670766;0,27128446;0,57978594;3,18405509;1,00000000
0,35756194;0,16655388;0,27159202;0,58009350;3,18405509;1,00000000
0,35762861;0,16670766;0,27159202;0,58024728;3,18405509;1,00000000
0,35769528;0,16670766;0,27189961;0,58040106;3,18374753;1,00000000
0,35776196;0,16655388;0,27189961;0,58070862;3,18313241;1,00000000
0,35782863;0,16670766;0,27220720;0,58086246;3,18251729;1,00000000
0,35789530;0,16655388;0,27220720;0,58117002;3,18190217;1,00000000
0,35796197;0,16655388;0,27189961;0,58147764;3,18159461;1,00000000
0,35802864;0,16655388;0,27189961;0,58178520;3,18128681;1,00000000
0,35809532;0,16670766;0,27159202;0,58209276;3,18128681;1,00000000
0,35816199;0,16670766;0,27159202;0,58240032;3,18128681;1,00000000
0,35822866;0,16686147;0,27128446;0,58286172;3,18097925;1,00000000
0,35829533;0,16686147;0,27128446;0,58316928;3,18067169;1,00000000
0,35836200;0,16686147;0,27128446;0,58332312;3,18005657;1,00000000
0,35842868;0,16686147;0,27128446;0,58363068;3,18005657;1,00000000
0,35849535;0,16670766;0,27097687;0,58393824;3,17974901;1,00000000
0,35856202;0,16670766;0,27066928;0,58409202;3,17974901;1,00000000
0,35862869;0,16686147;0,27066928;0,58439958;3,17974901;1,00000000
0,35869536;0,16670766;0,27066928;0,58470720;3,17974901;1,00000000
0,35876204;0,16655388;0,27066928;0,58501476;3,17944145;1,00000000
0,35882871;0,16655388;0,27066928;0,58516854;3,17913389;1,00000000
0,35889538;0,16655388;0,27036172;0,58532232;3,17882633;1,00000000
0,35896205;0,16655388;0,27066928;0,58547610;3,17851877;1,00000000
0,35902872;0,16640009;0,27036172;0,58562988;3,17851877;1,00000000
0,35909540;0,16624631;0,27036172;0,58578372;3,17821121;1,00000000
0,35916207;0,16609251;0,27005413;0,58609128;3,17790365;1,00000000
0,35922874;0,16593874;0,27005413;0,58624506;3,17759609;1,00000000
0,35929541;0,16593874;0,27005413;0,58639890;3,17759609;1,00000000
0,35936208;0,16578494;0,27005413;0,58670646;3,17728853;1,00000000
0,35942876;0,16563116;0,27005413;0,58686024;3,17728853;1,00000000
0,35949543;0,16563116;0,27005413;0,58701402;3,17728853;1,00000000
0,35956210;0,16563116;0,27005413;0,58716780;3,17728853;1,00000000
0,35962877;0,16563116;0,26974654;0,58732158;3,17698097;1,00000000
0,35969544;0,16547737;0,26943898;0,58747536;3,17667341;1,00000000
0,35976212;0,16563116;0,26943898;0,58762920;3,17667341;1,00000000
0,35982879;0,16547737;0,26943898;0,58778298;3,17698097;1,00000000
0,35989546;0,16532359;0,26974654;0,58793676;3,17698097;1,00000000
0,35996213;0,16532359;0,27005413;0,58809054;3,17698097;1,00000000
0,36002880;0,16516978;0,26974654;0,58809054;3,17667341;1,00000000
0,36009548;0,16501600;0,27005413;0,58809054;3,17636538;1,00000000
0,36016215;0,16501600;0,27036172;0,58824432;3,17636538;1,00000000
0,36022882;0,16501600;0,27036172;0,58839810;3,17667341;1,00000000
0,36029549;0,16501600;0,27005413;0,58839810;3,17698097;1,00000000
0,36036216;0,16486220;0,27036172;0,58855188;3,17728853;1,00000000
0,36042884;0,16470842;0,27066928;0,58870566;3,17728853;1,00000000
0,36049551;0,16470842;0,27066928;0,58885950;3,17728853;1,00000000
0,36056218;0,16470842;0,27066928;0,58885950;3,17698097;1,00000000
0,36062885;0,16470842;0,27097687;0,58885950;3,17667341;1,00000000
0,36069552;0,16455463;0,27097687;0,58916706;3,17667341;1,00000000
0,36076220;0,16470842;0,27066928;0,58947468;3,17698097;1,00000000
0,36082887;0,16486220;0,27066928;0,58916706;3,17728853;1,00000000
0,36089554;0,16470842;0,27066928;0,58916706;3,17728853;1,00000000
0,36096221;0,16455463;0,27066928;0,58901328;3,17728853;1,00000000
0,36102888;0,16455463;0,27066928;0,58901328;3,17728853;1,00000000
0,36109556;0,16440085;0,27036172;0,58901328;3,17790365;1,00000000
0,36116223;0,16440085;0,27036172;0,58901328;3,17821121;1,00000000
0,36122890;0,16440085;0,27005413;0,58885950;3,17851877;1,00000000
0,36129557;0,16440085;0,26974654;0,58870566;3,17882633;1,00000000
0,36136224;0,16440085;0,26974654;0,58870566;3,17882633;1,00000000
0,36142892;0,16440085;0,26943898;0,58870566;3,17882633;1,00000000
0,36149559;0,16424704;0,26913139;0,58855188;3,17882633;1,00000000
0,36156226;0,16424704;0,26913139;0,58839810;3,17882633;1,00000000
0,36162893;0,16409326;0,26943898;0,58824432;3,17882633;1,00000000
0,36169560;0,16424704;0,26943898;0,58809054;3,17913389;1,00000000
0,36176228;0,16440085;0,26943898;0,58793676;3,17944145;1,00000000
0,36182895;0,16455463;0,26974654;0,58778298;3,17944145;1,00000000
0,36189562;0,16455463;0,27005413;0,58762920;3,17944145;1,00000000
0,36196229;0,16470842;0,27036172;0,58747536;3,17913389;1,00000000
0,36202896;0,16486220;0,27005413;0,58716780;3,17913389;1,00000000
0,36209564;0,16486220;0,27036172;0,58686024;3,17944145;1,00000000
0,36216231;0,16501600;0,27036172;0,58655268;3,17974901;1,00000000
0,36222898;0,16516978;0,27066928;0,58639890;3,18005657;1,00000000
0,36229565;0,16532359;0,27066928;0,58609128;3,18005657;1,00000000
0,36236232;0,16547737;0,27036172;0,58593750;3,18005657;1,00000000
0,36242900;0,16547737;0,27036172;0,58562988;3,18005657;1,00000000
0,36249567;0,16563116;0,27036172;0,58532232;3,17974901;1,00000000
0,36256234;0,16578494;0,27036172;0,58516854;3,18005657;1,00000000
0,36262901;0,16578494;0,27036172;0,58486098;3,18036413;1,00000000
0,36269568;0,16593874;0,27066928;0,58455342;3,18067169;1,00000000
0,36276236;0,16578494;0,27066928;0,58424580;3,18067169;1,00000000
0,36282903;0,16578494;0,27097687;0,58393824;3,18067169;1,00000000
0,36289570;0,16593874;0,27128446;0,58378446;3,18067169;1,00000000
0,36296237;0,16609251;0,27128446;0,58347690;3,18067169;1,00000000
0,36302904;0,16624631;0,27128446;0,58301550;3,18067169;1,00000000
0,36309572;0,16624631;0,27128446;0,58255410;3,18036413;1,00000000
0,36316239;0,16624631;0,27159202;0,58224654;3,18097925;1,00000000
0,36322906;0,16640009;0,27159202;0,58178520;3,18159461;1,00000000
0,36329573;0,16624631;0,27128446;0,58132380;3,18190217;1,00000000
0,36336240;0,16624631;0,27128446;0,58086246;3,18190217;1,00000000
0,36342908;0,16640009;0,27128446;0,58040106;3,18190217;1,00000000
0,36349575;0,16640009;0,27128446;0,58009350;3,18190217;1,00000000
0,36356242;0,16655388;0,27097687;0,57963216;3,18190217;1,00000000
0,36362909;0,16670766;0,27066928;0,57932454;3,18159461;1,00000000
0,36369576;0,16670766;0,27036172;0,57901698;3,18190217;1,00000000
0,36376244;0,16686147;0,27066928;0,57855558;3,18220973;1,00000000
0,36382911;0,16686147;0,27066928;0,57809424;3,18251729;1,00000000
0,36389578;0,16686147;0,27066928;0,57778668;3,18282485;1,00000000
0,36396245;0,16701525;0,27097687;0,57717150;3,18282485;1,00000000
0,36402912;0,16686147;0,27128446;0,57671016;3,18282485;1,00000000
0,36409580;0,16686147;0,27128446;0,57640254;3,18282485;1,00000000
0,36416247;0,16701525;0,27128446;0,57609499;3,18313241;1,00000000
0,36422914;0,16716905;0,27128446;0,57578737;3,18343997;1,00000000
0,36429581;0,16716905;0,27159202;0,57532603;3,18282485;1,00000000
0,36436248;0,16716905;0,27159202;0,57501847;3,18282485;1,00000000
0,36442916;0,16716905;0,27189961;0,57455707;3,18282485;1,00000000
0,36449583;0,16716905;0,27189961;0,57409573;3,18282485;1,00000000
0,36456250;0,16716905;0,27189961;0,57378817;3,18282485;1,00000000
0,36462917;0,16716905;0,27220720;0,57332677;3,18282485;1,00000000
0,36469584;0,16732283;0,27189961;0,57286543;3,18282485;1,00000000
0,36476252;0,16732283;0,27159202;0,57240403;3,18251729;1,00000000
0,36482919;0,16732283;0,27159202;0,57209647;3,18220973;1,00000000
0,36489586;0,16747662;0,27159202;0,57194269;3,18220973;1,00000000
0,36496253;0,16747662;0,27159202;0,57148129;3,18251729;1,00000000
0,36502920;0,16747662;0,27159202;0,57132751;3,18251729;1,00000000
0,36509588;0,16747662;0,27159202;0,57101995;3,18251729;1,00000000
0,36516255;0,16747662;0,27159202;0,57071233;3,18282485;1,00000000
0,36522922;0,16747662;0,27159202;0,57040477;3,18282485;1,00000000
0,36529589;0,16747662;0,27159202;0,56994343;3,18251729;1,00000000
0,36536256;0,16747662;0,27189961;0,56978959;3,18220973;1,00000000
0,36542924;0,16747662;0,27189961;0,56948203;3,18190217;1,00000000
0,36549591;0,16747662;0,27189961;0,56932825;3,18190217;1,00000000
0,36556258;0,16747662;0,27189961;0,56932825;3,18190217;1,00000000
0,36562925;0,16747662;0,27189961;0,56917441;3,18220973;1,00000000
0,36569592;0,16747662;0,27159202;0,56902063;3,18251729;1,00000000
0,36576260;0,16732283;0,27159202;0,56902063;3,18220973;1,00000000
0,36582927;0,16732283;0,27128446;0,56886685;3,18220973;1,00000000
0,36589594;0,16732283;0,27097687;0,56871307;3,18190217;1,00000000
0,36596261;0,16732283;0,27066928;0,56855929;3,18159461;1,00000000
0,36602928;0,16732283;0,27066928;0,56855929;3,18128681;1,00000000
0,36609596;0,16732283;0,27066928;0,56855929;3,18159461;1,00000000
0,36616263;0,16732283;0,27066928;0,56840551;3,18190217;1,00000000
0,36622930;0,16732283;0,27066928;0,56840551;3,18220973;1,00000000
0,36629597;0,16716905;0,27036172;0,56840551;3,18190217;1,00000000
0,36636264;0,16716905;0,27005413;0,56840551;3,18159461;1,00000000
0,36642932;0,16716905;0,26974654;0,56840551;3,18159461;1,00000000
0,36649599;0,16701525;0,26943898;0,56840551;3,18128681;1,00000000
0,36656266;0,16686147;0,26943898;0,56855929;3,18097925;1,00000000
0,36662933;0,16686147;0,26913139;0,56886685;3,18128681;1,00000000
0,36669600;0,16686147;0,26913139;0,56886685;3,18128681;1,00000000
0,36676268;0,16686147;0,26913139;0,56886685;3,18159461;1,00000000
0,36682935;0,16686147;0,26913139;0,56902063;3,18190217;1,00000000
0,36689602;0,16686147;0,26882383;0,56932825;3,18159461;1,00000000
0,36696269;0,16686147;0,26882383;0,56948203;3,18159461;1,00000000
0,36702936;0,16686147;0,26882383;0,56963581;3,18159461;1,00000000
0,36709604;0,16686147;0,26882383;0,56978959;3,18159461;1,00000000
0,36716271;0,16686147;0,26913139;0,57009721;3,18190217;1,00000000
0,36722938;0,16686147;0,26943898;0,57025099;3,18220973;1,00000000
0,36729605;0,16686147;0,26974654;0,57071233;3,18220973;1,00000000
0,36736272;0,16686147;0,26974654;0,57117373;3,18251729;1,00000000
0,36742940;0,16686147;0,26974654;0,57148129;3,18251729;1,00000000
0,36749607;0,16701525;0,26974654;0,57194269;3,18251729;1,00000000
0,36756274;0,16701525;0,26974654;0,57225025;3,18251729;1,00000000
0,36762941;0,16716905;0,26974654;0,57286543;3,18251729;1,00000000
0,36769608;0,16716905;0,26974654;0,57332677;3,18282485;1,00000000
0,36776276;0,16716905;0,26974654;0,57378817;3,18313241;1,00000000
0,36782943;0,16716905;0,26974654;0,57424951;3,18343997;1,00000000
0,36789610;0,16716905;0,27005413;0,57471091;3,18374753;1,00000000
0,36796277;0,16716905;0,27005413;0,57501847;3,18405509;1,00000000
0,36802944;0,16716905;0,26974654;0,57547981;3,18405509;1,00000000
0,36809612;0,16716905;0,26974654;0,57609499;3,18405509;1,00000000
0,36816279;0,16732283;0,26974654;0,57640254;3,18436265;1,00000000
0,36822946;0,16747662;0,26974654;0,57701772;3,18467021;1,00000000
0,36829613;0,16763040;0,27005413;0,57732528;3,18528533;1,00000000
0,36836280;0,16763040;0,27036172;0,57794046;3,18559289;1,00000000
0,36842948;0,16763040;0,27066928;0,57824802;3,18590045;1,00000000
0,36849615;0,16763040;0,27097687;0,57870936;3,18590045;1,00000000
0,36856282;0,16763040;0,27066928;0,57917076;3,18590045;1,00000000
0,36862949;0,16763040;0,27066928;0,57978594;3,18620801;1,00000000
0,36869616;0,16763040;0,27036172;0,58024728;3,18620801;1,00000000
0,36876284;0,16747662;0,27036172;0,58086246;3,18620801;1,00000000
0,36882951;0,16747662;0,27066928;0,58132380;3,18651581;1,00000000
0,36889618;0,16747662;0,27066928;0,58178520;3,18682337;1,00000000
0,36896285;0,16747662;0,27097687;0,58224654;3,18713093;1,00000000
0,36902952;0,16763040;0,27097687;0,58270794;3,18743849;1,00000000
0,36909620;0,16763040;0,27128446;0,58301550;3,18774605;1,00000000
0,36916287;0,16763040;0,27128446;0,58332312;3,18774605;1,00000000
0,36922954;0,16763040;0,27128446;0,58378446;3,18774605;1,00000000
0,36929621;0,16747662;0,27128446;0,58409202;3,18774605;1,00000000
0,36936288;0,16747662;0,27159202;0,58424580;3,18774605;1,00000000
0,36942956;0,16747662;0,27189961;0,58455342;3,18805361;1,00000000
0,36949623;0,16747662;0,27220720;0,58486098;3,18805361;1,00000000
0,36956290;0,16747662;0,27220720;0,58532232;3,18866873;1,00000000
0,36962957;0,16763040;0,27251476;0,58562988;3,18866873;1,00000000
0,36969624;0,16763040;0,27282235;0,58578372;3,18836117;1,00000000
0,36976292;0,16763040;0,27282235;0,58593750;3,18836117;1,00000000
0,36982959;0,16778421;0,27312991;0,58609128;3,18836117;1,00000000
0,36989626;0,16778421;0,27312991;0,58624506;3,18836117;1,00000000
0,36996293;0,16778421;0,27312991;0,58639890;3,18805361;1,00000000
0,37002960;0,16778421;0,27343750;0,58655268;3,18805361;1,00000000
0,37009628;0,16778421;0,27343750;0,58655268;3,18774605;1,00000000
0,37016295;0,16778421;0,27312991;0,58670646;3,18743849;1,00000000
0,37022962;0,16778421;0,27312991;0,58686024;3,18743849;1,00000000
0,37029629;0,16778421;0,27282235;0,58701402;3,18743849;1,00000000
0,37036296;0,16778421;0,27282235;0,58716780;3,18743849;1,00000000
0,37042964;0,16778421;0,27282235;0,58732158;3,18713093;1,00000000
0,37049631;0,16778421;0,27251476;0,58716780;3,18743849;1,00000000
0,37056298;0,16778421;0,27251476;0,58716780;3,18713093;1,00000000
0,37062965;0,16778421;0,27251476;0,58716780;3,18682337;1,00000000
0,37069632;0,16763040;0,27220720;0,58716780;3,18651581;1,00000000
0,37076300;0,16763040;0,27220720;0,58716780;3,18651581;1,00000000
0,37082967;0,16763040;0,27220720;0,58716780;3,18651581;1,00000000
0,37089634;0,16778421;0,27189961;0,58716780;3,18651581;1,00000000
0,37096301;0,16778421;0,27189961;0,58701402;3,18682337;1,00000000
0,37102968;0,16778421;0,27220720;0,58686024;3,18682337;1,00000000
0,37109636;0,16778421;0,27220720;0,58670646;3,18651581;1,00000000
0,37116303;0,16763040;0,27220720;0,58670646;3,18620801;1,00000000
0,37122970;0,16763040;0,27220720;0,58670646;3,18620801;1,00000000
0,37129637;0,16763040;0,27220720;0,58670646;3,18620801;1,00000000
0,37136304;0,16763040;0,27189961;0,58670646;3,18620801;1,00000000
0,37142972;0,16763040;0,27159202;0,58670646;3,18620801;1,00000000
0,37149639;0,16763040;0,27128446;0,58655268;3,18651581;1,00000000
0,37156306;0,16763040;0,27097687;0,58655268;3,18682337;1,00000000
0,37162973;0,16763040;0,27128446;0,58655268;3,18682337;1,00000000
0,37169640;0,16763040;0,27128446;0,58624506;3,18682337;1,00000000
0,37176308;0,16763040;0,27128446;0,58609128;3,18682337;1,00000000
0,37182975;0,16763040;0,27128446;0,58578372;3,18682337;1,00000000
0,37189642;0,16763040;0,27097687;0,58547610;3,18682337;1,00000000
0,37196309;0,16763040;0,27066928;0,58516854;3,18651581;1,00000000
0,37202976;0,16763040;0,27066928;0,58486098;3,18651581;1,00000000
0,37209644;0,16763040;0,27036172;0,58455342;3,18682337;1,00000000
0,37216311;0,16763040;0,27036172;0,58439958;3,18682337;1,00000000
0,37222978;0,16763040;0,27066928;0,58424580;3,18682337;1,00000000
0,37229645;0,16763040;0,27066928;0,58393824;3,18682337;1,00000000
0,37236312;0,16763040;0,27066928;0,58378446;3,18682337;1,00000000
0,37242980;0,16763040;0,27036172;0,58347690;3,18682337;1,00000000
0,37249647;0,16747662;0,27005413;0,58301550;3,18651581;1,00000000
0,37256314;0,16732283;0,27005413;0,58270794;3,18651581;1,00000000
0,37262981;0,16732283;0,27005413;0,58255410;3,18682337;1,00000000
0,37269648;0,16732283;0,27005413;0,58224654;3,18682337;1,00000000
0,37276316;0,16716905;0,27005413;0,58209276;3,18682337;1,00000000
0,37282983;0,16701525;0,27036172;0,58178520;3,18682337;1,00000000
0,37289650;0,16701525;0,27036172;0,58132380;3,18682337;1,00000000
0,37296317;0,16701525;0,27036172;0,58117002;3,18713093;1,00000000
0,37302984;0,16701525;0,27036172;0,58101624;3,18713093;1,00000000
0,37309652;0,16686147;0,27005413;0,58070862;3,18743849;1,00000000
0,37316319;0,16670766;0,27005413;0,58055484;3,18774605;1,00000000
0,37322986;0,16670766;0,26974654;0,58024728;3,18805361;1,00000000
0,37329653;0,16670766;0,26974654;0,57993972;3,18805361;1,00000000
0,37336320;0,16670766;0,26943898;0,57963216;3,18805361;1,00000000
0,37342988;0,16670766;0,26943898;0,57932454;3,18836117;1,00000000
0,37349655;0,16670766;0,26913139;0,57901698;3,18836117;1,00000000
0,37356322;0,16670766;0,26943898;0,57870936;3,18836117;1,00000000
0,37362989;0,16670766;0,26943898;0,57855558;3,18805361;1,00000000
0,37369656;0,16655388;0,26943898;0,57824802;3,18836117;1,00000000
0,37376324;0,16655388;0,26974654;0,57794046;3,18836117;1,00000000
0,37382991;0,16640009;0,26974654;0,57778668;3,18866873;1,00000000
0,37389658;0,16640009;0,26974654;0,57747906;3,18836117;1,00000000
0,37396325;0,16624631;0,26974654;0,57717150;3,18836117;1,00000000
0,37402992;0,16624631;0,27005413;0,57701772;3,18836117;1,00000000
0,37409660;0,16624631;0,27005413;0,57671016;3,18836117;1,00000000
0,37416327;0,16624631;0,27036172;0,57640254;3,18836117;1,00000000
0,37422994;0,16609251;0,27036172;0,57609499;3,18866873;1,00000000
0,37429661;0,16609251;0,27005413;0,57578737;3,18897629;1,00000000
0,37436328;0,16593874;0,26974654;0,57547981;3,18928385;1,00000000
0,37442996;0,16593874;0,27005413;0,57517225;3,18897629;1,00000000
0,37449663;0,16593874;0,27005413;0,57501847;3,18866873;1,00000000
0,37456330;0,16578494;0,26974654;0,57486469;3,18866873;1,00000000
0,37462997;0,16578494;0,26943898;0,57471091;3,18866873;1,00000000
0,37469664;0,16578494;0,26943898;0,57471091;3,18866873;1,00000000
0,37476332;0,16578494;0,26913139;0,57455707;3,18866873;1,00000000
0,37482999;0,16578494;0,26913139;0,57440329;3,18928385;1,00000000
0,37489666;0,16563116;0,26913139;0,57440329;3,18959141;1,00000000
0,37496333;0,16563116;0,26882383;0,57424951;3,18959141;1,00000000
0,37503000;0,16563116;0,26882383;0,57424951;3,18959141;1,00000000
0,37509668;0,16547737;0,26882383;0,57409573;3,18989897;1,00000000
0,37516335;0,16532359;0,26882383;0,57409573;3,18989897;1,00000000
0,37523002;0,16532359;0,26913139;0,57394195;3,18989897;1,00000000
0,37529669;0,16516978;0,26913139;0,57378817;3,18989897;1,00000000
0,37536336;0,16516978;0,26943898;0,57394195;3,18989897;1,00000000
0,37543004;0,16501600;0,26974654;0,57394195;3,19020653;1,00000000
0,37549671;0,16486220;0,26943898;0,57394195;3,18989897;1,00000000
0,37556338;0,16486220;0,26943898;0,57394195;3,18989897;1,00000000
0,37563005;0,16486220;0,26974654;0,57424951;3,18959141;1,00000000
0,37569672;0,16486220;0,26943898;0,57424951;3,18959141;1,00000000
0,37576340;0,16486220;0,26943898;0,57424951;3,18959141;1,00000000
0,37583007;0,16501600;0,26943898;0,57440329;3,18959141;1,00000000
0,37589674;0,16501600;0,26943898;0,57455707;3,18989897;1,00000000
0,37596341;0,16501600;0,26974654;0,57471091;3,19020653;1,00000000
0,37603008;0,16501600;0,26943898;0,57501847;3,19051409;1,00000000
0,37609676;0,16501600;0,26974654;0,57517225;3,19020653;1,00000000
0,37616343;0,16501600;0,27005413;0,57532603;3,19020653;1,00000000
0,37623010;0,16501600;0,27036172;0,57547981;3,19020653;1,00000000
0,37629677;0,16501600;0,27036172;0,57563359;3,19020653;1,00000000
0,37636344;0,16486220;0,27036172;0,57578737;3,19020653;1,00000000
0,37643012;0,16486220;0,27066928;0,57594121;3,19051409;1,00000000
0,37649679;0,16486220;0,27066928;0,57609499;3,19020653;1,00000000
0,37656346;0,16486220;0,27066928;0,57640254;3,18989897;1,00000000
0,37663013;0,16501600;0,27036172;0,57671016;3,18989897;1,00000000
0,37669680;0,16486220;0,27066928;0,57701772;3,18989897;1,00000000
0,37676348;0,16501600;0,27066928;0,57732528;3,18989897;1,00000000
0,37683015;0,16501600;0,27097687;0,57763284;3,18989897;1,00000000
0,37689682;0,16501600;0,27097687;0,57778668;3,18959141;1,00000000
0,37696349;0,16501600;0,27066928;0,57794046;3,18959141;1,00000000
0,37703016;0,16501600;0,27036172;0,57824802;3,18928385;1,00000000
0,37709684;0,16501600;0,27066928;0,57855558;3,18897629;1,00000000
0,37716351;0,16501600;0,27036172;0,57886314;3,18866873;1,00000000
0,37723018;0,16516978;0,27005413;0,57917076;3,18866873;1,00000000
0,37729685;0,16516978;0,27005413;0,57947832;3,18836117;1,00000000
0,37736352;0,16516978;0,27005413;0,57978594;3,18805361;1,00000000
0,37743020;0,16532359;0,26974654;0,58009350;3,18774605;1,00000000
0,37749687;0,16532359;0,26974654;0,58040106;3,18774605;1,00000000
0,37756354;0,16532359;0,26974654;0,58055484;3,18774605;1,00000000
0,37763021;0,16516978;0,26943898;0,58101624;3,18743849;1,00000000
0,37769688;0,16516978;0,26943898;0,58132380;3,18713093;1,00000000
0,37776356;0,16516978;0,26913139;0,58147764;3,18682337;1,00000000
0,37783023;0,16501600;0,26913139;0,58163142;3,18620801;1,00000000
0,37789690;0,16486220;0,26882383;0,58209276;3,18590045;1,00000000
0,37796357;0,16501600;0,26882383;0,58240032;3,18590045;1,00000000
0,37803024;0,16501600;0,26882383;0,58286172;3,18590045;1,00000000
0,37809692;0,16516978;0,26913139;0,58301550;3,18590045;1,00000000
0,37816359;0,16516978;0,26943898;0,58332312;3,18559289;1,00000000
0,37823026;0,16516978;0,26913139;0,58363068;3,18467021;1,00000000
0,37829693;0,16532359;0,26913139;0,58393824;3,18405509;1,00000000
0,37836360;0,16516978;0,26943898;0,58424580;3,18374753;1,00000000
0,37843028;0,16516978;0,26943898;0,58424580;3,18343997;1,00000000
0,37849695;0,16516978;0,26943898;0,58439958;3,18343997;1,00000000
0,37856362;0,16516978;0,26943898;0,58470720;3,18343997;1,00000000
0,37863029;0,16501600;0,26943898;0,58501476;3,18343997;1,00000000
0,37869696;0,16501600;0,26913139;0,58532232;3,18343997;1,00000000
0,37876364;0,16501600;0,26882383;0,58562988;3,18282485;1,00000000
0,37883031;0,16486220;0,26882383;0,58578372;3,18220973;1,00000000
0,37889698;0,16486220;0,26851624;0,58609128;3,18220973;1,00000000
0,37896365;0,16486220;0,26820865;0,58624506;3,18190217;1,00000000
0,37903032;0,16470842;0,26790109;0,58639890;3,18190217;1,00000000
0,37909700;0,16455463;0,26790109;0,58655268;3,18190217;1,00000000
0,37916367;0,16455463;0,26759350;0,58670646;3,18190217;1,00000000
0,37923034;0,16440085;0,26728594;0,58686024;3,18159461;1,00000000
0,37929701;0,16424704;0,26697835;0,58701402;3,18097925;1,00000000
0,37936368;0,16424704;0,26667076;0,58716780;3,18097925;1,00000000
0,37943036;0,16409326;0,26667076;0,58747536;3,18097925;1,00000000
0,37949703;0,16409326;0,26636320;0,58778298;3,18097925;1,00000000
0,37956370;0,16393946;0,26636320;0,58793676;3,18097925;1,00000000
0,37963037;0,16378568;0,26636320;0,58809054;3,18128681;1,00000000
0,37969704;0,16378568;0,26636320;0,58809054;3,18097925;1,00000000
0,37976372;0,16363189;0,26605561;0,58824432;3,18067169;1,00000000
0,37983039;0,16363189;0,26636320;0,58839810;3,18067169;1,00000000
0,37989706;0,16363189;0,26605561;0,58855188;3,18067169;1,00000000
0,37996373;0,16347811;0,26574802;0,58855188;3,18067169;1,00000000
0,38003040;0,16332431;0,26574802;0,58885950;3,18067169;1,00000000
0,38009708;0,16317053;0,26574802;0,58901328;3,18097925;1,00000000
0,38016375;0,16332431;0,26605561;0,58916706;3,18128681;1,00000000
0,38023042;0,16332431;0,26574802;0,58932084;3,18097925;1,00000000
0,38029709;0,16332431;0,26605561;0,58947468;3,18067169;1,00000000
0,38036376;0,16347811;0,26605561;0,58962846;3,18036413;1,00000000
0,38043044;0,16347811;0,26636320;0,58993602;3,18036413;1,00000000
0,38049711;0,16347811;0,26636320;0,59008980;3,18036413;1,00000000
0,38056378;0,16347811;0,26636320;0,59008980;3,18067169;1,00000000
0,38063045;0,16347811;0,26667076;0,59024358;3,18097925;1,00000000
0,38069712;0,16347811;0,26697835;0,59024358;3,18128681;1,00000000
0,38076380;0,16347811;0,26728594;0,59024358;3,18128681;1,00000000
0,38083047;0,16347811;0,26728594;0,59039736;3,18128681;1,00000000
0,38089714;0,16363189;0,26759350;0,59039736;3,18128681;1,00000000
0,38096381;0,16378568;0,26759350;0,59024358;3,18128681;1,00000000
0,38103048;0,16378568;0,26728594;0,59024358;3,18128681;1,00000000
0,38109716;0,16378568;0,26728594;0,59008980;3,18159461;1,00000000
0,38116383;0,16393946;0,26728594;0,59008980;3,18190217;1,00000000
0,38123050;0,16393946;0,26728594;0,59008980;3,18159461;1,00000000
0,38129717;0,16393946;0,26728594;0,58993602;3,18128681;1,00000000
0,38136384;0,16378568;0,26697835;0,58962846;3,18159461;1,00000000
0,38143052;0,16378568;0,26697835;0,58947468;3,18220973;1,00000000
0,38149719;0,16378568;0,26697835;0,58932084;3,18220973;1,00000000
0,38156386;0,16393946;0,26697835;0,58932084;3,18251729;1,00000000
0,38163053;0,16409326;0,26728594;0,58916706;3,18282485;1,00000000
0,38169720;0,16409326;0,26728594;0,58901328;3,18282485;1,00000000
0,38176388;0,16409326;0,26759350;0,58885950;3,18282485;1,00000000
0,38183055;0,16424704;0,26759350;0,58870566;3,18313241;1,00000000
0,38189722;0,16440085;0,26759350;0,58839810;3,18343997;1,00000000
0,38196389;0,16440085;0,26759350;0,58809054;3,18374753;1,00000000
0,38203056;0,16440085;0,26759350;0,58778298;3,18405509;1,00000000
0,38209724;0,16455463;0,26728594;0,58762920;3,18436265;1,00000000
0,38216391;0,16455463;0,26759350;0,58732158;3,18436265;1,00000000
0,38223058;0,16470842;0,26790109;0,58716780;3,18405509;1,00000000
0,38229725;0,16470842;0,26759350;0,58686024;3,18405509;1,00000000
0,38236392;0,16470842;0,26759350;0,58670646;3,18405509;1,00000000
0,38243060;0,16470842;0,26728594;0,58639890;3,18436265;1,00000000
0,38249727;0,16486220;0,26728594;0,58609128;3,18467021;1,00000000
0,38256394;0,16501600;0,26728594;0,58578372;3,18467021;1,00000000
0,38263061;0,16516978;0,26759350;0,58532232;3,18467021;1,00000000
0,38269728;0,16532359;0,26790109;0,58501476;3,18436265;1,00000000
0,38276396;0,16547737;0,26790109;0,58470720;3,18405509;1,00000000
0,38283063;0,16563116;0,26790109;0,58424580;3,18436265;1,00000000
0,38289730;0,16578494;0,26820865;0,58393824;3,18436265;1,00000000
0,38296397;0,16593874;0,26851624;0,58347690;3,18467021;1,00000000
0,38303064;0,16593874;0,26851624;0,58316928;3,18467021;1,00000000
0,38309732;0,16609251;0,26820865;0,58286172;3,18467021;1,00000000
0,38316399;0,16609251;0,26790109;0,58240032;3,18436265;1,00000000
0,38323066;0,16624631;0,26790109;0,58209276;3,18405509;1,00000000
0,38329733;0,16640009;0,26790109;0,58163142;3,18374753;1,00000000
0,38336400;0,16655388;0,26790109;0,58117002;3,18436265;1,00000000
0,38343068;0,16655388;0,26790109;0,58070862;3,18528533;1,00000000
0,38349735;0,16670766;0,26820865;0,58040106;3,18528533;1,00000000
0,38356402;0,16686147;0,26820865;0,58009350;3,18528533;1,00000000
0,38363069;0,16686147;0,26820865;0,57963216;3,18528533;1,00000000
0,38369736;0,16701525;0,26851624;0,57901698;3,18528533;1,00000000
0,38376404;0,16701525;0,26882383;0,57886314;3,18528533;1,00000000
0,38383071;0,16701525;0,26882383;0,57855558;3,18467021;1,00000000
0,38389738;0,16701525;0,26882383;0,57824802;3,18467021;1,00000000
0,38396405;0,16701525;0,26882383;0,57763284;3,18467021;1,00000000
0,38403072;0,16716905;0,26913139;0,57732528;3,18467021;1,00000000
0,38409740;0,16732283;0,26913139;0,57701772;3,18467021;1,00000000
0,38416407;0,16747662;0,26913139;0,57671016;3,18467021;1,00000000
0,38423074;0,16763040;0,26913139;0,57624876;3,18467021;1,00000000
0,38429741;0,16778421;0,26913139;0,57594121;3,18467021;1,00000000
0,38436408;0,16793799;0,26913139;0,57547981;3,18528533;1,00000000
0,38443076;0,16793799;0,26943898;0,57501847;3,18436265;1,00000000
0,38449743;0,16809179;0,26943898;0,57471091;3,18436265;1,00000000
0,38456410;0,16809179;0,26913139;0,57440329;3,18436265;1,00000000
0,38463077;0,16809179;0,26913139;0,57424951;3,18436265;1,00000000
0,38469744;0,16824557;0,26913139;0,57394195;3,18436265;1,00000000
0,38476412;0,16824557;0,26913139;0,57348061;3,18436265;1,00000000
0,38483079;0,16839936;0,26913139;0,57317299;3,18436265;1,00000000
0,38489746;0,16855314;0,26943898;0,57286543;3,18436265;1,00000000
0,38496413;0,16855314;0,26913139;0,57255781;3,18436265;1,00000000
0,38503080;0,16870694;0,26943898;0,57225025;3,18374753;1,00000000
0,38509748;0,16870694;0,26943898;0,57194269;3,18343997;1,00000000
0,38516415;0,16870694;0,26913139;0,57163513;3,18343997;1,00000000
0,38523082;0,16870694;0,26913139;0,57148129;3,18343997;1,00000000
0,38529749;0,16870694;0,26882383;0,57117373;3,18313241;1,00000000
0,38536416;0,16870694;0,26851624;0,57101995;3,18282485;1,00000000
0,38543084;0,16870694;0,26820865;0,57071233;3,18251729;1,00000000
0,38549751;0,16870694;0,26820865;0,57055855;3,18251729;1,00000000
0,38556418;0,16870694;0,26790109;0,57055855;3,18220973;1,00000000
0,38563085;0,16870694;0,26790109;0,57055855;3,18220973;1,00000000
0,38569752;0,16870694;0,26790109;0,57025099;3,18220973;1,00000000
0,38576420;0,16870694;0,26790109;0,56994343;3,18220973;1,00000000
0,38583087;0,16901451;0,26759350;0,56963581;3,18220973;1,00000000
0,38589754;0,16901451;0,26728594;0,56963581;3,18190217;1,00000000
0,38596421;0,16901451;0,26697835;0,56948203;3,18190217;1,00000000
0,38603088;0,16901451;0,26697835;0,56948203;3,18190217;1,00000000
0,38609756;0,16886072;0,26667076;0,56948203;3,18128681;1,00000000
0,38616423;0,16901451;0,26667076;0,56948203;3,18128681;1,00000000
0,38623090;0,16901451;0,26636320;0,56948203;3,18128681;1,00000000
0,38629757;0,16901451;0,26605561;0,56948203;3,18128681;1,00000000
0,38636424;0,16901451;0,26574802;0,56963581;3,18128681;1,00000000
0,38643092;0,16901451;0,26544046;0,56978959;3,18128681;1,00000000
0,38649759;0,16901451;0,26544046;0,56978959;3,18097925;1,00000000
0,38656426;0,16901451;0,26544046;0,56994343;3,18128681;1,00000000
0,38663093;0,16901451;0,26544046;0,56994343;3,18067169;1,00000000
0,38669760;0,16886072;0,26513287;0,57009721;3,18036413;1,00000000
0,38676428;0,16886072;0,26513287;0,57025099;3,18067169;1,00000000
0,38683095;0,16886072;0,26513287;0,57040477;3,18067169;1,00000000
0,38689762;0,16870694;0,26513287;0,57071233;3,18067169;1,00000000
0,38696429;0,16870694;0,26513287;0,57101995;3,18067169;1,00000000
0,38703096;0,16870694;0,26513287;0,57132751;3,18067169;1,00000000
0,38709764;0,16870694;0,26482528;0,57148129;3,18097925;1,00000000
0,38716431;0,16870694;0,26482528;0,57178891;3,18128681;1,00000000
0,38723098;0,16870694;0,26513287;0,57209647;3,18128681;1,00000000
0,38729765;0,16886072;0,26513287;0,57240403;3,18097925;1,00000000
0,38736432;0,16886072;0,26513287;0,57271159;3,18097925;1,00000000
0,38743100;0,16886072;0,26513287;0,57317299;3,18097925;1,00000000
0,38749767;0,16886072;0,26513287;0,57348061;3,18097925;1,00000000
0,38756434;0,16886072;0,26513287;0,57394195;3,18097925;1,00000000
0,38763101;0,16886072;0,26544046;0,57424951;3,18159461;1,00000000
0,38769768;0,16886072;0,26574802;0,57471091;3,18220973;1,00000000
0,38776436;0,16886072;0,26605561;0,57501847;3,18282485;1,00000000
0,38783103;0,16886072;0,26605561;0,57532603;3,18282485;1,00000000
0,38789770;0,16870694;0,26605561;0,57578737;3,18282485;1,00000000
0,38796437;0,16855314;0,26605561;0,57624876;3,18282485;1,00000000
0,38803104;0,16855314;0,26636320;0,57671016;3,18282485;1,00000000
0,38809772;0,16855314;0,26605561;0,57732528;3,18313241;1,00000000
0,38816439;0,16855314;0,26636320;0,57794046;3,18343997;1,00000000
0,38823106;0,16855314;0,26667076;0,57824802;3,18405509;1,00000000
0,38829773;0,16855314;0,26697835;0,57855558;3,18436265;1,00000000
0,38836440;0,16855314;0,26697835;0,57886314;3,18467021;1,00000000
0,38843108;0,16855314;0,26697835;0,57932454;3,18436265;1,00000000
0,38849775;0,16855314;0,26697835;0,57963216;3,18436265;1,00000000
0,38856442;0,16855314;0,26697835;0,58009350;3,18436265;1,00000000
0,38863109;0,16855314;0,26697835;0,58055484;3,18436265;1,00000000
0,38869776;0,16855314;0,26697835;0,58101624;3,18528533;1,00000000
0,38876444;0,16855314;0,26728594;0,58147764;3,18559289;1,00000000
0,38883111;0,16855314;0,26759350;0,58193898;3,18590045;1,00000000
0,38889778;0,16855314;0,26790109;0,58240032;3,18620801;1,00000000
0,38896445;0,16855314;0,26820865;0,58286172;3,18651581;1,00000000
0,38903112;0,16855314;0,26851624;0,58332312;3,18651581;1,00000000
0,38909780;0,16855314;0,26851624;0,58378446;3,18682337;1,00000000
0,38916447;0,16855314;0,26882383;0,58424580;3,18682337;1,00000000
0,38923114;0,16855314;0,26882383;0,58470720;3,18713093;1,00000000
0,38929781;0,16855314;0,26882383;0,58486098;3,18713093;1,00000000
0,38936448;0,16855314;0,26913139;0,58532232;3,18743849;1,00000000
0,38943116;0,16855314;0,26943898;0,58562988;3,18774605;1,00000000
0,38949783;0,16855314;0,26943898;0,58593750;3,18805361;1,00000000
0,38956450;0,16855314;0,26974654;0,58639890;3,18805361;1,00000000
0,38963117;0,16870694;0,27005413;0,58686024;3,18836117;1,00000000
0,38969784;0,16870694;0,27005413;0,58701402;3,18836117;1,00000000
0,38976452;0,16870694;0,27005413;0,58716780;3,18836117;1,00000000
0,38983119;0,16870694;0,27005413;0,58732158;3,18836117;1,00000000
0,38989786;0,16870694;0,26974654;0,58747536;3,18866873;1,00000000
0,38996453;0,16870694;0,26974654;0,58778298;3,18836117;1,00000000
0,39003120;0,16870694;0,26974654;0,58778298;3,18805361;1,00000000
0,39009788;0,16870694;0,26943898;0,58778298;3,18805361;1,00000000
0,39016455;0,16886072;0,26943898;0,58793676;3,18805361;1,00000000
0,39023122;0,16886072;0,26943898;0,58793676;3,18805361;1,00000000
0,39029789;0,16886072;0,26943898;0,58793676;3,18805361;1,00000000
0,39036456;0,16886072;0,26913139;0,58793676;3,18805361;1,00000000
0,39043124;0,16886072;0,26943898;0,58793676;3,18774605;1,00000000
0,39049791;0,16886072;0,26974654;0,58793676;3,18713093;1,00000000
0,39056458;0,16886072;0,27005413;0,58793676;3,18713093;1,00000000
0,39063125;0,16870694;0,26974654;0,58793676;3,18713093;1,00000000
0,39069792;0,16870694;0,26974654;0,58793676;3,18713093;1,00000000
0,39076460;0,16870694;0,26974654;0,58793676;3,18713093;1,00000000
0,39083127;0,16870694;0,26974654;0,58793676;3,18713093;1,00000000
0,39089794;0,16870694;0,26943898;0,58793676;3,18682337;1,00000000
0,39096461;0,16870694;0,26943898;0,58793676;3,18713093;1,00000000
0,39103128;0,16870694;0,26943898;0,58778298;3,18682337;1,00000000
0,39109796;0,16870694;0,26913139;0,58778298;3,18682337;1,00000000
0,39116463;0,16870694;0,26913139;0,58762920;3,18682337;1,00000000
0,39123130;0,16855314;0,26882383;0,58747536;3,18682337;1,00000000
0,39129797;0,16855314;0,26882383;0,58747536;3,18682337;1,00000000
0,39136464;0,16855314;0,26913139;0,58732158;3,18682337;1,00000000
0,39143132;0,16870694;0,26943898;0,58716780;3,18682337;1,00000000
0,39149799;0,16870694;0,26943898;0,58701402;3,18713093;1,00000000
0,39156466;0,16870694;0,26943898;0,58686024;3,18743849;1,00000000
0,39163133;0,16870694;0,26943898;0,58655268;3,18743849;1,00000000
0,39169800;0,16855314;0,26943898;0,58624506;3,18743849;1,00000000
0,39176468;0,16839936;0,26943898;0,58609128;3,18743849;1,00000000
0,39183135;0,16839936;0,26943898;0,58593750;3,18743849;1,00000000
0,39189802;0,16839936;0,26943898;0,58562988;3,18713093;1,00000000
0,39196469;0,16839936;0,26913139;0,58532232;3,18713093;1,00000000
0,39203136;0,16839936;0,26943898;0,58501476;3,18743849;1,00000000
0,39209804;0,16839936;0,26974654;0,58470720;3,18774605;1,00000000
0,39216471;0,16839936;0,26974654;0,58439958;3,18774605;1,00000000
0,39223138;0,16839936;0,26974654;0,58424580;3,18774605;1,00000000
0,39229805;0,16839936;0,26943898;0,58393824;3,18743849;1,00000000
0,39236472;0,16839936;0,26943898;0,58378446;3,18743849;1,00000000
0,39243140;0,16839936;0,26943898;0,58332312;3,18743849;1,00000000
0,39249807;0,16839936;0,26913139;0,58301550;3,18743849;1,00000000
0,39256474;0,16839936;0,26943898;0,58270794;3,18774605;1,00000000
0,39263141;0,16839936;0,26974654;0,58255410;3,18836117;1,00000000
0,39269808;0,16839936;0,26943898;0,58209276;3,18866873;1,00000000
0,39276476;0,16824557;0,26943898;0,58193898;3,18866873;1,00000000
0,39283143;0,16824557;0,26943898;0,58163142;3,18866873;1,00000000
0,39289810;0,16809179;0,26974654;0,58117002;3,18866873;1,00000000
0,39296477;0,16809179;0,26974654;0,58101624;3,18866873;1,00000000
0,39303144;0,16809179;0,26943898;0,58086246;3,18866873;1,00000000
0,39309812;0,16809179;0,26974654;0,58040106;3,18866873;1,00000000
0,39316479;0,16809179;0,26974654;0,58024728;3,18928385;1,00000000
0,39323146;0,16809179;0,26943898;0,57993972;3,18928385;1,00000000
0,39329813;0,16809179;0,26943898;0,57963216;3,18928385;1,00000000
0,39336480;0,16809179;0,26943898;0,57932454;3,18928385;1,00000000
0,39343148;0,16793799;0,26943898;0,57917076;3,18928385;1,00000000
0,39349815;0,16793799;0,26943898;0,57886314;3,18928385;1,00000000
0,39356482;0,16793799;0,26974654;0,57870936;3,18959141;1,00000000
0,39363149;0,16793799;0,27005413;0,57840180;3,18959141;1,00000000
0,39369816;0,16778421;0,27036172;0,57809424;3,18959141;1,00000000
0,39376484;0,16778421;0,27005413;0,57778668;3,18959141;1,00000000
0,39383151;0,16763040;0,27005413;0,57747906;3,18959141;1,00000000
0,39389818;0,16747662;0,26974654;0,57717150;3,18959141;1,00000000
0,39396485;0,16747662;0,26974654;0,57701772;3,18989897;1,00000000
0,39403152;0,16747662;0,27005413;0,57686394;3,18989897;1,00000000
0,39409820;0,16747662;0,27005413;0,57655638;3,19020653;1,00000000
0,39416487;0,16747662;0,26974654;0,57624876;3,19051409;1,00000000
0,39423154;0,16747662;0,26974654;0,57594121;3,19082165;1,00000000
0,39429821;0,16732283;0,26974654;0,57578737;3,19082165;1,00000000
0,39436488;0,16732283;0,26943898;0,57547981;3,19082165;1,00000000
0,39443156;0,16732283;0,26943898;0,57517225;3,19112968;1,00000000
0,39449823;0,16716905;0,26943898;0,57486469;3,19082165;1,00000000
0,39456490;0,16716905;0,26913139;0,57471091;3,19082165;1,00000000
0,39463157;0,16716905;0,26913139;0,57455707;3,19082165;1,00000000
0,39469824;0,16716905;0,26943898;0,57424951;3,19112968;1,00000000
0,39476492;0,16716905;0,26943898;0,57394195;3,19143724;1,00000000
0,39483159;0,16716905;0,26974654;0,57378817;3,19174480;1,00000000
0,39489826;0,16716905;0,26974654;0,57363439;3,19235992;1,00000000
0,39496493;0,16716905;0,27005413;0,57348061;3,19205236;1,00000000
0,39503160;0,16701525;0,27036172;0,57317299;3,19174480;1,00000000
0,39509828;0,16701525;0,27036172;0,57286543;3,19174480;1,00000000
0,39516495;0,16686147;0,27005413;0,57271159;3,19174480;1,00000000
0,39523162;0,16686147;0,27005413;0,57271159;3,19174480;1,00000000
0,39529829;0,16686147;0,27036172;0,57271159;3,19205236;1,00000000
0,39536496;0,16670766;0,27066928;0,57271159;3,19235992;1,00000000
0,39543164;0,16686147;0,27036172;0,57271159;3,19205236;1,00000000
0,39549831;0,16686147;0,27036172;0,57286543;3,19205236;1,00000000
0,39556498;0,16670766;0,27066928;0,57286543;3,19205236;1,00000000
0,39563165;0,16670766;0,27066928;0,57301921;3,19205236;1,00000000
0,39569832;0,16670766;0,27097687;0,57301921;3,19205236;1,00000000
0,39576500;0,16686147;0,27128446;0,57317299;3,19205236;1,00000000
0,39583167;0,16670766;0,27128446;0,57317299;3,19235992;1,00000000
0,39589834;0,16670766;0,27097687;0,57332677;3,19266748;1,00000000
0,39596501;0,16655388;0,27128446;0,57332677;3,19297504;1,00000000
0,39603168;0,16655388;0,27159202;0,57348061;3,19297504;1,00000000
0,39609836;0,16670766;0,27189961;0,57378817;3,19266748;1,00000000
0,39616503;0,16670766;0,27220720;0,57394195;3,19266748;1,00000000
0,39623170;0,16670766;0,27251476;0,57424951;3,19266748;1,00000000
0,39629837;0,16670766;0,27251476;0,57455707;3,19266748;1,00000000
0,39636504;0,16670766;0,27251476;0,57486469;3,19297504;1,00000000
0,39643172;0,16655388;0,27282235;0,57501847;3,19297504;1,00000000
0,39649839;0,16655388;0,27312991;0,57517225;3,19328260;1,00000000
0,39656506;0,16640009;0,27312991;0,57532603;3,19297504;1,00000000
0,39663173;0,16640009;0,27312991;0,57563359;3,19266748;1,00000000
0,39669840;0,16640009;0,27312991;0,57594121;3,19235992;1,00000000
0,39676508;0,16640009;0,27312991;0,57640254;3,19266748;1,00000000
0,39683175;0,16640009;0,27343750;0,57671016;3,19266748;1,00000000
0,39689842;0,16640009;0,27312991;0,57686394;3,19266748;1,00000000
0,39696509;0,16640009;0,27343750;0,57717150;3,19266748;1,00000000
0,39703176;0,16640009;0,27343750;0,57747906;3,19266748;1,00000000
0,39709844;0,16640009;0,27374509;0,57747906;3,19266748;1,00000000
0,39716511;0,16640009;0,27374509;0,57778668;3,19205236;1,00000000
0,39723178;0,16624631;0,27343750;0,57809424;3,19143724;1,00000000
0,39729845;0,16624631;0,27374509;0,57840180;3,19143724;1,00000000
0,39736512;0,16609251;0,27374509;0,57870936;3,19143724;1,00000000
0,39743180;0,16593874;0,27374509;0,57886314;3,19143724;1,00000000
0,39749847;0,16609251;0,27374509;0,57917076;3,19143724;1,00000000
0,39756514;0,16609251;0,27343750;0,57947832;3,19143724;1,00000000
0,39763181;0,16609251;0,27343750;0,57978594;3,19112968;1,00000000
0,39769848;0,16593874;0,27312991;0,57993972;3,19051409;1,00000000
0,39776516;0,16593874;0,27312991;0,58024728;3,18989897;1,00000000
0,39783183;0,16593874;0,27282235;0,58055484;3,18928385;1,00000000
0,39789850;0,16578494;0,27251476;0,58086246;3,18928385;1,00000000
0,39796517;0,16563116;0,27220720;0,58117002;3,18928385;1,00000000
0,39803184;0,16547737;0,27220720;0,58147764;3,18928385;1,00000000
0,39809852;0,16532359;0,27251476;0,58178520;3,18928385;1,00000000
0,39816519;0,16532359;0,27220720;0,58209276;3,18897629;1,00000000
0,39823186;0,16516978;0,27189961;0,58224654;3,18866873;1,00000000
0,39829853;0,16516978;0,27189961;0,58240032;3,18836117;1,00000000
0,39836520;0,16501600;0,27189961;0,58270794;3,18805361;1,00000000
0,39843188;0,16516978;0,27189961;0,58301550;3,18774605;1,00000000
0,39849855;0,16516978;0,27189961;0,58332312;3,18713093;1,00000000
0,39856522;0,16516978;0,27159202;0,58363068;3,18713093;1,00000000
0,39863189;0,16516978;0,27159202;0,58363068;3,18682337;1,00000000
0,39869856;0,16516978;0,27128446;0,58378446;3,18651581;1,00000000
0,39876524;0,16532359;0,27097687;0,58393824;3,18651581;1,00000000
0,39883191;0,16532359;0,27066928;0,58424580;3,18620801;1,00000000
0,39889858;0,16532359;0,27066928;0,58439958;3,18590045;1,00000000
0,39896525;0,16516978;0,27097687;0,58470720;3,18559289;1,00000000
0,39903192;0,16501600;0,27066928;0,58486098;3,18528533;1,00000000
0,39909860;0,16501600;0,27036172;0,58501476;3,18467021;1,00000000
0,39916527;0,16486220;0,27066928;0,58516854;3,18436265;1,00000000
0,39923194;0,16486220;0,27036172;0,58532232;3,18405509;1,00000000
0,39929861;0,16470842;0,27005413;0,58532232;3,18374753;1,00000000
0,39936528;0,16470842;0,27005413;0,58547610;3,18374753;1,00000000
0,39943196;0,16470842;0,27005413;0,58562988;3,18374753;1,00000000
0,39949863;0,16470842;0,27005413;0,58593750;3,18343997;1,00000000
0,39956530;0,16455463;0,26974654;0,58609128;3,18343997;1,00000000
0,39963197;0,16440085;0,26974654;0,58624506;3,18343997;1,00000000
0,39969864;0,16424704;0,26974654;0,58639890;3,18374753;1,00000000
0,39976532;0,16409326;0,26943898;0,58655268;3,18343997;1,00000000
0,39983199;0,16393946;0,26974654;0,58670646;3,18343997;1,00000000
0,39989866;0,16393946;0,26974654;0,58686024;3,18343997;1,00000000
0,39996533;0,16378568;0,26943898;0,58701402;3,18343997;1,00000000
0,40003200;0,16378568;0,26913139;0,58716780;3,18313241;1,00000000
0,40009868;0,16393946;0,26943898;0,58732158;3,18343997;1,00000000
0,40016535;0,16378568;0,26943898;0,58732158;3,18374753;1,00000000
0,40023202;0,16378568;0,26943898;0,58747536;3,18405509;1,00000000
0,40029869;0,16378568;0,26913139;0,58778298;3,18436265;1,00000000
0,40036536;0,16378568;0,26913139;0,58793676;3,18436265;1,00000000
0,40043204;0,16378568;0,26943898;0,58809054;3,18405509;1,00000000
0,40049871;0,16378568;0,26943898;0,58809054;3,18374753;1,00000000
0,40056538;0,16363189;0,26913139;0,58809054;3,18405509;1,00000000
0,40063205;0,16363189;0,26943898;0,58809054;3,18436265;1,00000000
0,40069872;0,16363189;0,26913139;0,58824432;3,18467021;1,00000000
0,40076540;0,16363189;0,26913139;0,58839810;3,18528533;1,00000000
0,40083207;0,16363189;0,26913139;0,58839810;3,18528533;1,00000000
0,40089874;0,16363189;0,26913139;0,58839810;3,18528533;1,00000000
0,40096541;0,16378568;0,26943898;0,58839810;3,18467021;1,00000000
0,40103208;0,16378568;0,26943898;0,58839810;3,18528533;1,00000000
0,40109876;0,16363189;0,26913139;0,58824432;3,18559289;1,00000000
0,40116543;0,16347811;0,26882383;0,58824432;3,18590045;1,00000000
0,40123210;0,16347811;0,26913139;0,58809054;3,18620801;1,00000000
0,40129877;0,16347811;0,26882383;0,58793676;3,18620801;1,00000000
0,40136544;0,16332431;0,26851624;0,58793676;3,18620801;1,00000000
0,40143212;0,16332431;0,26851624;0,58793676;3,18590045;1,00000000
0,40149879;0,16332431;0,26851624;0,58778298;3,18620801;1,00000000
0,40156546;0,16317053;0,26851624;0,58762920;3,18651581;1,00000000
0,40163213;0,16317053;0,26851624;0,58747536;3,18682337;1,00000000
0,40169880;0,16317053;0,26882383;0,58716780;3,18713093;1,00000000
0,40176548;0,16301674;0,26882383;0,58686024;3,18743849;1,00000000
0,40183215;0,16317053;0,26882383;0,58670646;3,18743849;1,00000000
0,40189882;0,16301674;0,26913139;0,58655268;3,18743849;1,00000000
0,40196549;0,16286296;0,26882383;0,58624506;3,18743849;1,00000000
0,40203216;0,16301674;0,26913139;0,58593750;3,18713093;1,00000000
0,40209884;0,16301674;0,26882383;0,58562988;3,18743849;1,00000000
0,40216551;0,16317053;0,26882383;0,58532232;3,18805361;1,00000000
0,40223218;0,16317053;0,26882383;0,58501476;3,18836117;1,00000000
0,40229885;0,16317053;0,26882383;0,58470720;3,18866873;1,00000000
0,40236552;0,16332431;0,26913139;0,58439958;3,18866873;1,00000000
0,40243220;0,16332431;0,26913139;0,58409202;3,18866873;1,00000000
0,40249887;0,16347811;0,26943898;0,58378446;3,18866873;1,00000000
0,40256554;0,16363189;0,26913139;0,58347690;3,18836117;1,00000000
0,40263221;0,16378568;0,26943898;0,58301550;3,18897629;1,00000000
0,40269888;0,16393946;0,26943898;0,58255410;3,18928385;1,00000000
0,40276556;0,16409326;0,26974654;0,58224654;3,18959141;1,00000000
0,40283223;0,16424704;0,26974654;0,58193898;3,18959141;1,00000000
0,40289890;0,16424704;0,26974654;0,58163142;3,18959141;1,00000000
0,40296557;0,16424704;0,26974654;0,58117002;3,18959141;1,00000000
0,40303224;0,16440085;0,27005413;0,58086246;3,18928385;1,00000000
0,40309892;0,16455463;0,27005413;0,58040106;3,18897629;1,00000000
0,40316559;0,16455463;0,27005413;0,57993972;3,18928385;1,00000000
0,40323226;0,16455463;0,26974654;0,57947832;3,18897629;1,00000000
0,40329893;0,16470842;0,27005413;0,57886314;3,18897629;1,00000000
0,40336560;0,16470842;0,27005413;0,57840180;3,18897629;1,00000000
0,40343228;0,16470842;0,27036172;0,57809424;3,18897629;1,00000000
0,40349895;0,16486220;0,27036172;0,57763284;3,18897629;1,00000000
0,40356562;0,16486220;0,27036172;0,57717150;3,18897629;1,00000000
0,40363229;0,16486220;0,27036172;0,57671016;3,18866873;1,00000000
0,40369896;0,16501600;0,27066928;0,57640254;3,18928385;1,00000000
0,40376564;0,16516978;0,27066928;0,57609499;3,18989897;1,00000000
0,40383231;0,16532359;0,27066928;0,57563359;3,18989897;1,00000000
0,40389898;0,16532359;0,27036172;0,57532603;3,18989897;1,00000000
0,40396565;0,16547737;0,27036172;0,57486469;3,18989897;1,00000000
0,40403232;0,16547737;0,27066928;0,57455707;3,18989897;1,00000000
0,40409900;0,16547737;0,27036172;0,57409573;3,18989897;1,00000000
0,40416567;0,16563116;0,27066928;0,57378817;3,18989897;1,00000000
0,40423234;0,16563116;0,27097687;0,57348061;3,19020653;1,00000000
0,40429901;0,16578494;0,27066928;0,57301921;3,19051409;1,00000000
0,40436568;0,16563116;0,27097687;0,57271159;3,19082165;1,00000000
0,40443236;0,16563116;0,27097687;0,57225025;3,19082165;1,00000000
0,40449903;0,16563116;0,27097687;0,57178891;3,19082165;1,00000000
0,40456570;0,16563116;0,27097687;0,57132751;3,19082165;1,00000000
0,40463237;0,16563116;0,27128446;0,57101995;3,19082165;1,00000000
0,40469904;0,16578494;0,27128446;0,57071233;3,19051409;1,00000000
0,40476572;0,16578494;0,27097687;0,57025099;3,18989897;1,00000000
0,40483239;0,16593874;0,27097687;0,57009721;3,18959141;1,00000000
0,40489906;0,16609251;0,27128446;0,56994343;3,18959141;1,00000000
0,40496573;0,16624631;0,27128446;0,56963581;3,18959141;1,00000000
0,40503240;0,16640009;0,27128446;0,56932825;3,18959141;1,00000000
0,40509908;0,16655388;0,27097687;0,56902063;3,18959141;1,00000000
0,40516575;0,16655388;0,27097687;0,56855929;3,18959141;1,00000000
0,40523242;0,16655388;0,27097687;0,56825173;3,18989897;1,00000000
0,40529909;0,16670766;0,27097687;0,56809795;3,18928385;1,00000000
0,40536576;0,16670766;0,27066928;0,56794411;3,18866873;1,00000000
0,40543244;0,16686147;0,27066928;0,56779033;3,18836117;1,00000000
0,40549911;0,16701525;0,27066928;0,56748277;3,18866873;1,00000000
0,40556578;0,16701525;0,27097687;0,56732899;3,18866873;1,00000000
0,40563245;0,16701525;0,27097687;0,56717521;3,18866873;1,00000000
0,40569912;0,16701525;0,27097687;0,56686765;3,18866873;1,00000000
0,40576580;0,16701525;0,27066928;0,56671381;3,18836117;1,00000000
0,40583247;0,16701525;0,27066928;0,56656003;3,18836117;1,00000000
0,40589914;0,16701525;0,27036172;0,56640625;3,18774605;1,00000000
0,40596581;0,16701525;0,27036172;0,56640625;3,18743849;1,00000000
0,40603248;0,16701525;0,27005413;0,56640625;3,18713093;1,00000000
0,40609916;0,16716905;0,26974654;0,56640625;3,18713093;1,00000000
0,40616583;0,16716905;0,26974654;0,56640625;3,18713093;1,00000000
0,40623250;0,16716905;0,26974654;0,56640625;3,18713093;1,00000000
0,40629917;0,16716905;0,26974654;0,56625247;3,18682337;1,00000000
0,40636584;0,16732283;0,26943898;0,56640625;3,18713093;1,00000000
0,40643252;0,16732283;0,26913139;0,56640625;3,18651581;1,00000000
0,40649919;0,16747662;0,26882383;0,56640625;3,18620801;1,00000000
0,40656586;0,16747662;0,26882383;0,56656003;3,18590045;1,00000000
0,40663253;0,16763040;0,26851624;0,56656003;3,18590045;1,00000000
0,40669920;0,16763040;0,26820865;0,56656003;3,18590045;1,00000000
0,40676588;0,16763040;0,26820865;0,56671381;3,18590045;1,00000000
0,40683255;0,16763040;0,26790109;0,56686765;3,18620801;1,00000000
0,40689922;0,16763040;0,26759350;0,56702143;3,18651581;1,00000000
0,40696589;0,16763040;0,26759350;0,56717521;3,18651581;1,00000000
0,40703256;0,16763040;0,26759350;0,56732899;3,18682337;1,00000000
0,40709924;0,16763040;0,26759350;0,56763655;3,18682337;1,00000000
0,40716591;0,16763040;0,26759350;0,56794411;3,18682337;1,00000000
0,40723258;0,16763040;0,26759350;0,56825173;3,18682337;1,00000000
0,40729925;0,16763040;0,26728594;0,56855929;3,18682337;1,00000000
0,40736592;0,16778421;0,26728594;0,56902063;3,18713093;1,00000000
0,40743260;0,16763040;0,26759350;0,56932825;3,18743849;1,00000000
0,40749927;0,16763040;0,26759350;0,56978959;3,18743849;1,00000000
0,40756594;0,16763040;0,26759350;0,57009721;3,18774605;1,00000000
0,40763261;0,16778421;0,26728594;0,57055855;3,18774605;1,00000000
0,40769928;0,16778421;0,26728594;0,57101995;3,18774605;1,00000000
0,40776596;0,16778421;0,26728594;0,57148129;3,18774605;1,00000000
0,40783263;0,16778421;0,26728594;0,57194269;3,18774605;1,00000000
0,40789930;0,16778421;0,26728594;0,57240403;3,18805361;1,00000000
0,40796597;0,16778421;0,26728594;0,57286543;3,18866873;1,00000000
0,40803264;0,16778421;0,26728594;0,57317299;3,18897629;1,00000000
0,40809932;0,16778421;0,26759350;0,57378817;3,18928385;1,00000000
0,40816599;0,16778421;0,26759350;0,57409573;3,18928385;1,00000000
0,40823266;0,16778421;0,26790109;0,57471091;3,18928385;1,00000000
0,40829933;0,16793799;0,26790109;0,57532603;3,18928385;1,00000000
0,40836600;0,16793799;0,26820865;0,57563359;3,18928385;1,00000000
0,40843268;0,16793799;0,26820865;0,57624876;3,18959141;1,00000000
0,40849935;0,16778421;0,26820865;0,57671016;3,18989897;1,00000000
0,40856602;0,16778421;0,26790109;0,57701772;3,19020653;1,00000000
0,40863269;0,16793799;0,26820865;0,57747906;3,19051409;1,00000000
0,40869936;0,16793799;0,26820865;0,57794046;3,19051409;1,00000000
0,40876604;0,16809179;0,26851624;0,57840180;3,19051409;1,00000000
0,40883271;0,16809179;0,26851624;0,57886314;3,19051409;1,00000000
0,40889938;0,16809179;0,26882383;0,57932454;3,19082165;1,00000000
0,40896605;0,16809179;0,26882383;0,57978594;3,19112968;1,00000000
0,40903272;0,16809179;0,26913139;0,58024728;3,19143724;1,00000000
0,40909940;0,16824557;0,26913139;0,58070862;3,19174480;1,00000000
0,40916607;0,16824557;0,26882383;0,58117002;3,19174480;1,00000000
0,40923274;0,16824557;0,26882383;0,58163142;3,19174480;1,00000000
0,40929941;0,16824557;0,26913139;0,58193898;3,19174480;1,00000000
0,40936608;0,16824557;0,26943898;0,58240032;3,19205236;1,00000000
0,40943276;0,16824557;0,26974654;0,58270794;3,19205236;1,00000000
0,40949943;0,16824557;0,26974654;0,58316928;3,19205236;1,00000000
0,40956610;0,16824557;0,27005413;0,58347690;3,19205236;1,00000000
0,40963277;0,16824557;0,27005413;0,58378446;3,19235992;1,00000000
0,40969944;0,16839936;0,26974654;0,58409202;3,19205236;1,00000000
0,40976612;0,16839936;0,26974654;0,58439958;3,19174480;1,00000000
0,40983279;0,16839936;0,26974654;0,58455342;3,19174480;1,00000000
0,40989946;0,16839936;0,26974654;0,58470720;3,19174480;1,00000000
0,40996613;0,16839936;0,26974654;0,58501476;3,19174480;1,00000000
0,41003280;0,16855314;0,27005413;0,58501476;3,19174480;1,00000000
0,41009948;0,16855314;0,27005413;0,58501476;3,19174480;1,00000000
0,41016615;0,16855314;0,26974654;0,58516854;3,19174480;1,00000000
0,41023282;0,16839936;0,26943898;0,58516854;3,19143724;1,00000000
0,41029949;0,16839936;0,26974654;0,58532232;3,19112968;1,00000000
0,41036616;0,16839936;0,26943898;0,58532232;3,19082165;1,00000000
0,41043284;0,16839936;0,26974654;0,58547610;3,19082165;1,00000000
0,41049951;0,16855314;0,27005413;0,58547610;3,19082165;1,00000000
0,41056618;0,16855314;0,27005413;0,58562988;3,19082165;1,00000000
0,41063285;0,16855314;0,26974654;0,58562988;3,19082165;1,00000000
0,41069952;0,16855314;0,26943898;0,58562988;3,19112968;1,00000000
0,41076620;0,16855314;0,26913139;0,58562988;3,19112968;1,00000000
0,41083287;0,16855314;0,26913139;0,58562988;3,19082165;1,00000000
0,41089954;0,16855314;0,26943898;0,58547610;3,19082165;1,00000000
0,41096621;0,16855314;0,26943898;0,58547610;3,19082165;1,00000000
0,41103288;0,16855314;0,26943898;0,58532232;3,19051409;1,00000000
0,41109956;0,16855314;0,26913139;0,58516854;3,19051409;1,00000000
0,41116623;0,16855314;0,26913139;0,58516854;3,19051409;1,00000000
0,41123290;0,16855314;0,26913139;0,58501476;3,19020653;1,00000000
0,41129957;0,16855314;0,26913139;0,58501476;3,18989897;1,00000000
0,41136624;0,16855314;0,26943898;0,58470720;3,18989897;1,00000000
0,41143292;0,16855314;0,26943898;0,58470720;3,18989897;1,00000000
0,41149959;0,16855314;0,26943898;0,58470720;3,18959141;1,00000000
0,41156626;0,16855314;0,26974654;0,58470720;3,18989897;1,00000000
0,41163293;0,16855314;0,27005413;0,58439958;3,18989897;1,00000000
0,41169960;0,16855314;0,27005413;0,58424580;3,18959141;1,00000000
0,41176628;0,16855314;0,26974654;0,58424580;3,18959141;1,00000000
0,41183295;0,16855314;0,26943898;0,58424580;3,18959141;1,00000000
0,41189962;0,16839936;0,26913139;0,58393824;3,18959141;1,00000000
0,41196629;0,16839936;0,26913139;0,58393824;3,18928385;1,00000000
0,41203296;0,16839936;0,26882383;0,58378446;3,18959141;1,00000000
0,41209964;0,16839936;0,26882383;0,58363068;3,18989897;1,00000000
0,41216631;0,16839936;0,26913139;0,58347690;3,18959141;1,00000000
0,41223298;0,16824557;0,26913139;0,58347690;3,18928385;1,00000000
0,41229965;0,16824557;0,26882383;0,58332312;3,18928385;1,00000000
0,41236632;0,16824557;0,26882383;0,58316928;3,18928385;1,00000000
0,41243300;0,16824557;0,26851624;0,58286172;3,18928385;1,00000000
0,41249967;0,16809179;0,26851624;0,58270794;3,18989897;1,00000000
0,41256634;0,16809179;0,26851624;0,58240032;3,19020653;1,00000000
0,41263301;0,16809179;0,26851624;0,58209276;3,18989897;1,00000000
0,41269968;0,16809179;0,26882383;0,58163142;3,18989897;1,00000000
0,41276636;0,16809179;0,26851624;0,58147764;3,18989897;1,00000000
0,41283303;0,16793799;0,26820865;0,58101624;3,18989897;1,00000000
0,41289970;0,16793799;0,26820865;0,58086246;3,18989897;1,00000000
0,41296637;0,16793799;0,26851624;0,58055484;3,18989897;1,00000000
0,41303304;0,16793799;0,26820865;0,58024728;3,18959141;1,00000000
0,41309972;0,16793799;0,26790109;0,57993972;3,18959141;1,00000000
0,41316639;0,16778421;0,26759350;0,57947832;3,18989897;1,00000000
0,41323306;0,16778421;0,26759350;0,57932454;3,18989897;1,00000000
0,41329973;0,16778421;0,26759350;0,57901698;3,18989897;1,00000000
0,41336640;0,16778421;0,26759350;0,57870936;3,18989897;1,00000000
0,41343308;0,16778421;0,26759350;0,57840180;3,18989897;1,00000000
0,41349975;0,16778421;0,26759350;0,57824802;3,19020653;1,00000000
0,41356642;0,16763040;0,26728594;0,57794046;3,18959141;1,00000000
0,41363309;0,16778421;0,26759350;0,57763284;3,18989897;1,00000000
0,41369976;0,16778421;0,26790109;0,57732528;3,19020653;1,00000000
0,41376644;0,16778421;0,26820865;0,57701772;3,19020653;1,00000000
0,41383311;0,16778421;0,26820865;0,57671016;3,19020653;1,00000000
0,41389978;0,16778421;0,26820865;0,57640254;3,19020653;1,00000000
0,41396645;0,16778421;0,26820865;0,57609499;3,19020653;1,00000000
0,41403312;0,16778421;0,26790109;0,57578737;3,19020653;1,00000000
0,41409980;0,16778421;0,26790109;0,57547981;3,19051409;1,00000000
0,41416647;0,16778421;0,26759350;0,57532603;3,19051409;1,00000000
0,41423314;0,16778421;0,26759350;0,57501847;3,19082165;1,00000000
0,41429981;0,16778421;0,26759350;0,57471091;3,19112968;1,00000000
0,41436648;0,16778421;0,26759350;0,57440329;3,19112968;1,00000000
0,41443316;0,16778421;0,26728594;0,57409573;3,19112968;1,00000000
0,41449983;0,16778421;0,26728594;0,57394195;3,19143724;1,00000000
0,41456650;0,16763040;0,26697835;0,57363439;3,19143724;1,00000000
0,41463317;0,16747662;0,26697835;0,57348061;3,19143724;1,00000000
0,41469984;0,16747662;0,26728594;0,57317299;3,19143724;1,00000000
0,41476652;0,16747662;0,26759350;0,57301921;3,19174480;1,00000000
0,41483319;0,16747662;0,26728594;0,57286543;3,19205236;1,00000000
0,41489986;0,16747662;0,26728594;0,57255781;3,19235992;1,00000000
0,41496653;0,16747662;0,26728594;0,57240403;3,19235992;1,00000000
0,41503320;0,16747662;0,26728594;0,57240403;3,19266748;1,00000000
0,41509988;0,16747662;0,26728594;0,57225025;3,19235992;1,00000000
0,41516655;0,16747662;0,26697835;0,57225025;3,19235992;1,00000000
0,41523322;0,16747662;0,26697835;0,57225025;3,19235992;1,00000000
0,41529989;0,16747662;0,26728594;0,57225025;3,19235992;1,00000000
0,41536656;0,16732283;0,26759350;0,57225025;3,19266748;1,00000000
0,41543324;0,16732283;0,26790109;0,57225025;3,19297504;1,00000000
0,41549991;0,16716905;0,26820865;0,57225025;3,19359016;1,00000000
0,41556658;0,16732283;0,26851624;0,57225025;3,19389772;1,00000000
0,41563325;0,16732283;0,26851624;0,57225025;3,19359016;1,00000000
0,41569992;0,16716905;0,26820865;0,57240403;3,19359016;1,00000000
0,41576660;0,16701525;0,26851624;0,57255781;3,19359016;1,00000000
0,41583327;0,16686147;0,26851624;0,57271159;3,19359016;1,00000000
0,41589994;0,16670766;0,26851624;0,57271159;3,19389772;1,00000000
0,41596661;0,16655388;0,26882383;0,57286543;3,19420528;1,00000000
0,41603328;0,16655388;0,26851624;0,57301921;3,19420528;1,00000000
0,41609996;0,16655388;0,26882383;0,57317299;3,19389772;1,00000000
0,41616663;0,16670766;0,26913139;0,57348061;3,19359016;1,00000000
0,41623330;0,16670766;0,26882383;0,57363439;3,19328260;1,00000000
0,41629997;0,16686147;0,26882383;0,57394195;3,19359016;1,00000000
0,41636664;0,16686147;0,26882383;0,57409573;3,19389772;1,00000000
0,41643332;0,16701525;0,26913139;0,57440329;3,19389772;1,00000000
0,41649999;0,16716905;0,26913139;0,57455707;3,19389772;1,00000000
0,41656666;0,16716905;0,26913139;0,57455707;3,19389772;1,00000000
0,41663333;0,16732283;0,26943898;0,57486469;3,19389772;1,00000000
0,41670000;0,16732283;0,26974654;0,57517225;3,19359016;1,00000000
0,41676668;0,16732283;0,26974654;0,57547981;3,19297504;1,00000000
0,41683335;0,16732283;0,26974654;0,57578737;3,19297504;1,00000000
0,41690002;0,16732283;0,26943898;0,57609499;3,19266748;1,00000000
0,41696669;0,16732283;0,26943898;0,57640254;3,19266748;1,00000000
0,41703336;0,16732283;0,26974654;0,57671016;3,19266748;1,00000000
0,41710004;0,16732283;0,26974654;0,57701772;3,19266748;1,00000000
0,41716671;0,16716905;0,26943898;0,57732528;3,19235992;1,00000000
0,41723338;0,16732283;0,26943898;0,57763284;3,19174480;1,00000000
0,41730005;0,16732283;0,26974654;0,57794046;3,19112968;1,00000000
0,41736672;0,16716905;0,27005413;0,57794046;3,19051409;1,00000000
0,41743340;0,16701525;0,26974654;0,57824802;3,19051409;1,00000000
0,41750007;0,16686147;0,26943898;0,57855558;3,19051409;1,00000000
0,41756674;0,16686147;0,26943898;0,57886314;3,19051409;1,00000000
0,41763341;0,16686147;0,26943898;0,57917076;3,19020653;1,00000000
0,41770008;0,16701525;0,26943898;0,57947832;3,18959141;1,00000000
0,41776676;0,16716905;0,26943898;0,57963216;3,18897629;1,00000000
0,41783343;0,16716905;0,26943898;0,57978594;3,18836117;1,00000000
0,41790010;0,16716905;0,26943898;0,57993972;3,18805361;1,00000000
0,41796677;0,16716905;0,26913139;0,58009350;3,18805361;1,00000000
0,41803344;0,16716905;0,26913139;0,58040106;3,18805361;1,00000000
0,41810012;0,16732283;0,26913139;0,58070862;3,18805361;1,00000000
0,41816679;0,16747662;0,26913139;0,58101624;3,18774605;1,00000000
0,41823346;0,16763040;0,26943898;0,58117002;3,18743849;1,00000000
0,41830013;0,16763040;0,26913139;0,58147764;3,18682337;1,00000000
0,41836680;0,16747662;0,26913139;0,58178520;3,18651581;1,00000000
0,41843348;0,16763040;0,26913139;0,58193898;3,18651581;1,00000000
0,41850015;0,16763040;0,26882383;0,58209276;3,18651581;1,00000000
0,41856682;0,16778421;0,26882383;0,58240032;3,18651581;1,00000000
0,41863349;0,16778421;0,26882383;0,58255410;3,18620801;1,00000000
0,41870016;0,16778421;0,26882383;0,58286172;3,18590045;1,00000000
0,41876684;0,16793799;0,26851624;0,58316928;3,18528533;1,00000000
0,41883351;0,16793799;0,26882383;0,58347690;3,18436265;1,00000000
0,41890018;0,16778421;0,26851624;0,58363068;3,18405509;1,00000000
0,41896685;0,16778421;0,26820865;0,58378446;3,18405509;1,00000000
0,41903352;0,16778421;0,26820865;0,58393824;3,18405509;1,00000000
0,41910020;0,16763040;0,26790109;0,58409202;3,18405509;1,00000000
0,41916687;0,16747662;0,26790109;0,58424580;3,18405509;1,00000000
0,41923354;0,16732283;0,26790109;0,58439958;3,18374753;1,00000000
0,41930021;0,16747662;0,26790109;0,58455342;3,18313241;1,00000000
0,41936688;0,16747662;0,26790109;0,58486098;3,18251729;1,00000000
0,41943356;0,16732283;0,26759350;0,58516854;3,18251729;1,00000000
0,41950023;0,16732283;0,26790109;0,58547610;3,18251729;1,00000000
0,41956690;0,16716905;0,26759350;0,58562988;3,18251729;1,00000000
0,41963357;0,16701525;0,26759350;0,58593750;3,18251729;1,00000000
0,41970024;0,16686147;0,26728594;0,58609128;3,18220973;1,00000000
0,41976692;0,16670766;0,26728594;0,58624506;3,18220973;1,00000000
0,41983359;0,16655388;0,26697835;0,58639890;3,18190217;1,00000000
0,41990026;0,16640009;0,26697835;0,58655268;3,18190217;1,00000000
0,41996693;0,16640009;0,26728594;0,58686024;3,18190217;1,00000000
0,42003360;0,16640009;0,26728594;0,58701402;3,18190217;1,00000000
0,42010028;0,16640009;0,26697835;0,58716780;3,18190217;1,00000000
0,42016695;0,16640009;0,26667076;0,58732158;3,18220973;1,00000000
0,42023362;0,16640009;0,26667076;0,58747536;3,18251729;1,00000000
0,42030029;0,16624631;0,26667076;0,58762920;3,18313241;1,00000000
0,42036696;0,16624631;0,26667076;0,58793676;3,18313241;1,00000000
0,42043364;0,16624631;0,26697835;0,58809054;3,18313241;1,00000000
0,42050031;0,16624631;0,26697835;0,58809054;3,18343997;1,00000000
0,42056698;0,16624631;0,26728594;0,58824432;3,18374753;1,00000000
0,42063365;0,16624631;0,26697835;0,58839810;3,18374753;1,00000000
0,42070032;0,16640009;0,26667076;0,58855188;3,18405509;1,00000000
0,42076700;0,16640009;0,26636320;0,58839810;3,18374753;1,00000000
0,42083367;0,16624631;0,26636320;0,58839810;3,18343997;1,00000000
0,42090034;0,16624631;0,26605561;0,58855188;3,18343997;1,00000000
0,42096701;0,16640009;0,26605561;0,58839810;3,18343997;1,00000000
0,42103368;0,16640009;0,26605561;0,58839810;3,18374753;1,00000000
0,42110036;0,16640009;0,26605561;0,58839810;3,18405509;1,00000000
0,42116703;0,16655388;0,26636320;0,58824432;3,18436265;1,00000000
0,42123370;0,16655388;0,26636320;0,58809054;3,18436265;1,00000000
0,42130037;0,16655388;0,26605561;0,58793676;3,18405509;1,00000000
0,42136704;0,16640009;0,26636320;0,58778298;3,18405509;1,00000000
0,42143372;0,16655388;0,26605561;0,58762920;3,18405509;1,00000000
0,42150039;0,16655388;0,26636320;0,58747536;3,18405509;1,00000000
0,42156706;0,16670766;0,26667076;0,58732158;3,18436265;1,00000000
0,42163373;0,16686147;0,26667076;0,58716780;3,18467021;1,00000000
0,42170040;0,16701525;0,26667076;0,58701402;3,18528533;1,00000000
0,42176708;0,16686147;0,26667076;0,58686024;3,18528533;1,00000000
0,42183375;0,16701525;0,26697835;0,58670646;3,18559289;1,00000000
0,42190042;0,16686147;0,26697835;0,58639890;3,18559289;1,00000000
0,42196709;0,16686147;0,26667076;0,58609128;3,18559289;1,00000000
0,42203376;0,16701525;0,26697835;0,58578372;3,18559289;1,00000000
0,42210044;0,16701525;0,26728594;0,58547610;3,18559289;1,00000000
0,42216711;0,16686147;0,26728594;0,58532232;3,18590045;1,00000000
0,42223378;0,16701525;0,26759350;0,58516854;3,18590045;1,00000000
0,42230045;0,16716905;0,26728594;0,58486098;3,18559289;1,00000000
0,42236712;0,16716905;0,26697835;0,58455342;3,18590045;1,00000000
0,42243380;0,16716905;0,26728594;0,58424580;3,18620801;1,00000000
0,42250047;0,16701525;0,26759350;0,58393824;3,18651581;1,00000000
0,42256714;0,16686147;0,26759350;0,58363068;3,18682337;1,00000000
0,42263381;0,16701525;0,26759350;0,58332312;3,18682337;1,00000000
0,42270048;0,16716905;0,26790109;0,58301550;3,18682337;1,00000000
0,42276716;0,16732283;0,26820865;0,58270794;3,18682337;1,00000000
0,42283383;0,16747662;0,26851624;0,58240032;3,18682337;1,00000000
0,42290050;0,16747662;0,26820865;0,58209276;3,18651581;1,00000000
0,42296717;0,16747662;0,26851624;0,58163142;3,18682337;1,00000000
0,42303384;0,16763040;0,26820865;0,58117002;3,18713093;1,00000000
0,42310052;0,16763040;0,26851624;0,58086246;3,18713093;1,00000000
0,42316719;0,16763040;0,26882383;0,58055484;3,18713093;1,00000000
0,42323386;0,16778421;0,26882383;0,58009350;3,18713093;1,00000000
0,42330053;0,16778421;0,26851624;0,57963216;3,18713093;1,00000000
0,42336720;0,16778421;0,26851624;0,57932454;3,18743849;1,00000000
0,42343388;0,16763040;0,26851624;0,57886314;3,18713093;1,00000000
0,42350055;0,16778421;0,26851624;0,57840180;3,18743849;1,00000000
0,42356722;0,16778421;0,26851624;0,57809424;3,18743849;1,00000000
0,42363389;0,16778421;0,26882383;0,57778668;3,18743849;1,00000000
0,42370056;0,16763040;0,26882383;0,57747906;3,18743849;1,00000000
0,42376724;0,16778421;0,26882383;0,57701772;3,18743849;1,00000000
0,42383391;0,16793799;0,26882383;0,57655638;3,18743849;1,00000000
0,42390058;0,16793799;0,26913139;0,57624876;3,18743849;1,00000000
0,42396725;0,16793799;0,26913139;0,57578737;3,18713093;1,00000000
0,42403392;0,16809179;0,26943898;0,57547981;3,18682337;1,00000000
0,42410060;0,16809179;0,26943898;0,57517225;3,18682337;1,00000000
0,42416727;0,16824557;0,26974654;0,57486469;3,18682337;1,00000000
0,42423394;0,16839936;0,26974654;0,57440329;3,18682337;1,00000000
0,42430061;0,16855314;0,27005413;0,57409573;3,18682337;1,00000000
0,42436728;0,16855314;0,27036172;0,57378817;3,18682337;1,00000000
0,42443396;0,16839936;0,27036172;0,57332677;3,18651581;1,00000000
0,42450063;0,16855314;0,27036172;0,57301921;3,18620801;1,00000000
0,42456730;0,16855314;0,27005413;0,57255781;3,18651581;1,00000000
0,42463397;0,16855314;0,26974654;0,57225025;3,18651581;1,00000000
0,42470064;0,16839936;0,27005413;0,57163513;3,18651581;1,00000000
0,42476732;0,16839936;0,27036172;0,57117373;3,18651581;1,00000000
0,42483399;0,16855314;0,27036172;0,57086611;3,18651581;1,00000000
0,42490066;0,16870694;0,27066928;0,57055855;3,18620801;1,00000000
0,42496733;0,16886072;0,27066928;0,57009721;3,18590045;1,00000000
0,42503400;0,16886072;0,27066928;0,56978959;3,18559289;1,00000000
0,42510068;0,16886072;0,27066928;0,56963581;3,18528533;1,00000000
0,42516735;0,16886072;0,27066928;0,56932825;3,18528533;1,00000000
0,42523402;0,16901451;0,27066928;0,56902063;3,18528533;1,00000000
0,42530069;0,16901451;0,27036172;0,56871307;3,18559289;1,00000000
0,42536736;0,16901451;0,27036172;0,56840551;3,18559289;1,00000000
0,42543404;0,16901451;0,27036172;0,56825173;3,18528533;1,00000000
0,42550071;0,16901451;0,27036172;0,56794411;3,18467021;1,00000000
0,42556738;0,16916829;0,27005413;0,56779033;3,18436265;1,00000000
0,42563405;0,16916829;0,27005413;0,56763655;3,18405509;1,00000000
0,42570072;0,16916829;0,26974654;0,56732899;3,18374753;1,00000000
0,42576740;0,16901451;0,26974654;0,56717521;3,18374753;1,00000000
0,42583407;0,16901451;0,26943898;0,56702143;3,18405509;1,00000000
0,42590074;0,16901451;0,26974654;0,56671381;3,18436265;1,00000000
0,42596741;0,16901451;0,26943898;0,56656003;3,18374753;1,00000000
0,42603408;0,16916829;0,26974654;0,56656003;3,18343997;1,00000000
0,42610076;0,16916829;0,26943898;0,56640625;3,18313241;1,00000000
0,42616743;0,16901451;0,26913139;0,56640625;3,18282485;1,00000000
0,42623410;0,16901451;0,26943898;0,56640625;3,18282485;1,00000000
0,42630077;0,16901451;0,26943898;0,56625247;3,18282485;1,00000000
0,42636744;0,16901451;0,26913139;0,56625247;3,18313241;1,00000000
0,42643412;0,16901451;0,26882383;0,56625247;3,18343997;1,00000000
0,42650079;0,16901451;0,26851624;0,56625247;3,18313241;1,00000000
0,42656746;0,16901451;0,26851624;0,56625247;3,18282485;1,00000000
0,42663413;0,16901451;0,26851624;0,56640625;3,18282485;1,00000000
0,42670080;0,16901451;0,26820865;0,56656003;3,18251729;1,00000000
0,42676748;0,16886072;0,26820865;0,56656003;3,18251729;1,00000000
0,42683415;0,16886072;0,26851624;0,56686765;3,18282485;1,00000000
0,42690082;0,16886072;0,26851624;0,56702143;3,18282485;1,00000000
0,42696749;0,16886072;0,26851624;0,56732899;3,18313241;1,00000000
0,42703416;0,16886072;0,26820865;0,56748277;3,18343997;1,00000000
0,42710084;0,16886072;0,26820865;0,56779033;3,18313241;1,00000000
0,42716751;0,16870694;0,26851624;0,56809795;3,18313241;1,00000000
0,42723418;0,16870694;0,26851624;0,56840551;3,18282485;1,00000000
0,42730085;0,16886072;0,26882383;0,56886685;3,18282485;1,00000000
0,42736752;0,16886072;0,26851624;0,56932825;3,18313241;1,00000000
0,42743420;0,16870694;0,26882383;0,56978959;3,18343997;1,00000000
0,42750087;0,16870694;0,26851624;0,57009721;3,18343997;1,00000000
0,42756754;0,16870694;0,26820865;0,57040477;3,18374753;1,00000000
0,42763421;0,16870694;0,26820865;0,57086611;3,18374753;1,00000000
0,42770088;0,16870694;0,26820865;0,57117373;3,18374753;1,00000000
0,42776756;0,16870694;0,26820865;0,57148129;3,18374753;1,00000000
0,42783423;0,16870694;0,26820865;0,57194269;3,18374753;1,00000000
0,42790090;0,16870694;0,26820865;0,57255781;3,18405509;1,00000000
0,42796757;0,16870694;0,26790109;0,57317299;3,18436265;1,00000000
0,42803424;0,16870694;0,26790109;0,57348061;3,18436265;1,00000000
0,42810092;0,16870694;0,26790109;0,57394195;3,18467021;1,00000000
0,42816759;0,16870694;0,26820865;0,57455707;3,18528533;1,00000000
0,42823426;0,16870694;0,26851624;0,57501847;3,18528533;1,00000000
0,42830093;0,16870694;0,26882383;0,57563359;3,18559289;1,00000000
0,42836760;0,16870694;0,26913139;0,57609499;3,18590045;1,00000000
0,42843428;0,16870694;0,26882383;0,57671016;3,18590045;1,00000000
0,42850095;0,16870694;0,26882383;0,57717150;3,18620801;1,00000000
0,42856762;0,16870694;0,26913139;0,57763284;3,18620801;1,00000000
0,42863429;0,16855314;0,26913139;0,57809424;3,18651581;1,00000000
0,42870096;0,16855314;0,26913139;0,57870936;3,18682337;1,00000000
0,42876764;0,16855314;0,26913139;0,57917076;3,18713093;1,00000000
0,42883431;0,16855314;0,26943898;0,57947832;3,18713093;1,00000000
0,42890098;0,16855314;0,26974654;0,57978594;3,18713093;1,00000000
0,42896765;0,16870694;0,26974654;0,58040106;3,18713093;1,00000000
0,42903432;0,16870694;0,27005413;0,58070862;3,18713093;1,00000000
0,42910100;0,16870694;0,27005413;0,58101624;3,18743849;1,00000000
0,42916767;0,16870694;0,26974654;0,58147764;3,18774605;1,00000000
0,42923434;0,16870694;0,26974654;0,58193898;3,18836117;1,00000000
0,42930101;0,16886072;0,27005413;0,58209276;3,18836117;1,00000000
0,42936768;0,16886072;0,27036172;0,58224654;3,18836117;1,00000000
0,42943436;0,16901451;0,27036172;0,58240032;3,18836117;1,00000000
0,42950103;0,16901451;0,27036172;0,58270794;3,18836117;1,00000000
0,42956770;0,16901451;0,27036172;0,58286172;3,18805361;1,00000000
0,42963437;0,16901451;0,27066928;0,58332312;3,18805361;1,00000000
0,42970104;0,16901451;0,27036172;0,58363068;3,18836117;1,00000000
0,42976772;0,16901451;0,27036172;0,58393824;3,18866873;1,00000000
0,42983439;0,16901451;0,27036172;0,58393824;3,18866873;1,00000000
0,42990106;0,16901451;0,27066928;0,58424580;3,18836117;1,00000000
0,42996773;0,16916829;0,27097687;0,58439958;3,18836117;1,00000000
0,43003440;0,16916829;0,27066928;0,58470720;3,18836117;1,00000000
0,43010108;0,16932210;0,27066928;0,58501476;3,18836117;1,00000000
0,43016775;0,16932210;0,27066928;0,58516854;3,18866873;1,00000000
0,43023442;0,16932210;0,27097687;0,58532232;3,18866873;1,00000000
0,43030109;0,16932210;0,27066928;0,58532232;3,18866873;1,00000000
0,43036776;0,16932210;0,27036172;0,58532232;3,18836117;1,00000000
0,43043444;0,16932210;0,27066928;0,58532232;3,18805361;1,00000000
0,43050111;0,16932210;0,27097687;0,58532232;3,18774605;1,00000000
0,43056778;0,16932210;0,27097687;0,58532232;3,18743849;1,00000000
0,43063445;0,16947588;0,27097687;0,58532232;3,18743849;1,00000000
0,43070112;0,16947588;0,27066928;0,58532232;3,18743849;1,00000000
0,43076780;0,16947588;0,27036172;0,58532232;3,18743849;1,00000000
0,43083447;0,16947588;0,27005413;0,58532232;3,18743849;1,00000000
0,43090114;0,16947588;0,27005413;0,58532232;3,18743849;1,00000000
0,43096781;0,16947588;0,26974654;0,58532232;3,18713093;1,00000000
0,43103448;0,16932210;0,27005413;0,58532232;3,18682337;1,00000000
0,43110116;0,16932210;0,27005413;0,58532232;3,18682337;1,00000000
0,43116783;0,16932210;0,27005413;0,58532232;3,18651581;1,00000000
0,43123450;0,16932210;0,27005413;0,58532232;3,18651581;1,00000000
0,43130117;0,16932210;0,27005413;0,58516854;3,18651581;1,00000000
0,43136784;0,16932210;0,27005413;0,58501476;3,18651581;1,00000000
0,43143452;0,16932210;0,27005413;0,58486098;3,18620801;1,00000000
0,43150119;0,16932210;0,27036172;0,58470720;3,18590045;1,00000000
0,43156786;0,16932210;0,27066928;0,58470720;3,18559289;1,00000000
0,43163453;0,16932210;0,27066928;0,58455342;3,18559289;1,00000000
0,43170120;0,16932210;0,27097687;0,58439958;3,18559289;1,00000000
0,43176788;0,16947588;0,27066928;0,58424580;3,18559289;1,00000000
0,43183455;0,16947588;0,27036172;0,58424580;3,18559289;1,00000000
0,43190122;0,16932210;0,27066928;0,58409202;3,18528533;1,00000000
0,43196789;0,16932210;0,27097687;0,58393824;3,18528533;1,00000000
0,43203456;0,16932210;0,27097687;0,58378446;3,18528533;1,00000000
0,43210124;0,16932210;0,27097687;0,58347690;3,18467021;1,00000000
0,43216791;0,16932210;0,27128446;0,58332312;3,18528533;1,00000000
0,43223458;0,16932210;0,27128446;0,58301550;3,18528533;1,00000000
0,43230125;0,16932210;0,27128446;0,58270794;3,18528533;1,00000000
0,43236792;0,16932210;0,27097687;0,58255410;3,18467021;1,00000000
0,43243460;0,16932210;0,27066928;0,58224654;3,18467021;1,00000000
0,43250127;0,16932210;0,27036172;0,58193898;3,18467021;1,00000000
0,43256794;0,16932210;0,27036172;0,58163142;3,18436265;1,00000000
0,43263461;0,16916829;0,27036172;0,58147764;3,18436265;1,00000000
0,43270128;0,16916829;0,27066928;0,58117002;3,18467021;1,00000000
0,43276796;0,16916829;0,27066928;0,58086246;3,18436265;1,00000000
0,43283463;0,16916829;0,27036172;0,58055484;3,18405509;1,00000000
0,43290130;0,16916829;0,27036172;0,58040106;3,18374753;1,00000000
0,43296797;0,16916829;0,27036172;0,58009350;3,18374753;1,00000000
0,43303464;0,16916829;0,27036172;0,57978594;3,18374753;1,00000000
0,43310132;0,16916829;0,27066928;0,57947832;3,18374753;1,00000000
0,43316799;0,16916829;0,27066928;0,57932454;3,18405509;1,00000000
0,43323466;0,16901451;0,27066928;0,57886314;3,18436265;1,00000000
0,43330133;0,16901451;0,27097687;0,57840180;3,18467021;1,00000000
0,43336800;0,16901451;0,27097687;0,57809424;3,18467021;1,00000000
0,43343468;0,16901451;0,27097687;0,57794046;3,18467021;1,00000000
0,43350135;0,16886072;0,27066928;0,57763284;3,18467021;1,00000000
0,43356802;0,16855314;0,27066928;0,57747906;3,18467021;1,00000000
0,43363469;0,16855314;0,27066928;0,57732528;3,18467021;1,00000000
0,43370136;0,16839936;0,27036172;0,57701772;3,18436265;1,00000000
0,43376804;0,16839936;0,27005413;0,57671016;3,18467021;1,00000000
0,43383471;0,16839936;0,26974654;0,57640254;3,18467021;1,00000000
0,43390138;0,16855314;0,26974654;0,57609499;3,18528533;1,00000000
0,43396805;0,16855314;0,26974654;0,57578737;3,18559289;1,00000000
0,43403472;0,16839936;0,26974654;0,57547981;3,18559289;1,00000000
0,43410140;0,16839936;0,26943898;0,57517225;3,18559289;1,00000000
0,43416807;0,16824557;0,26943898;0,57486469;3,18559289;1,00000000
0,43423474;0,16824557;0,26943898;0,57471091;3,18559289;1,00000000
0,43430141;0,16809179;0,26974654;0,57440329;3,18559289;1,00000000
0,43436808;0,16809179;0,26943898;0,57409573;3,18559289;1,00000000
0,43443476;0,16809179;0,26943898;0,57394195;3,18590045;1,00000000
0,43450143;0,16809179;0,26943898;0,57363439;3,18590045;1,00000000
0,43456810;0,16809179;0,26943898;0,57332677;3,18590045;1,00000000
0,43463477;0,16809179;0,26943898;0,57317299;3,18590045;1,00000000
0,43470144;0,16809179;0,26974654;0,57286543;3,18590045;1,00000000
0,43476812;0,16793799;0,26974654;0,57271159;3,18620801;1,00000000
0,43483479;0,16778421;0,26974654;0,57255781;3,18620801;1,00000000
0,43490146;0,16763040;0,26974654;0,57255781;3,18651581;1,00000000
0,43496813;0,16763040;0,26974654;0,57255781;3,18682337;1,00000000
0,43503480;0,16763040;0,26974654;0,57255781;3,18682337;1,00000000
0,43510148;0,16747662;0,26943898;0,57240403;3,18682337;1,00000000
0,43516815;0,16732283;0,26974654;0,57240403;3,18682337;1,00000000
0,43523482;0,16716905;0,26974654;0,57240403;3,18682337;1,00000000
0,43530149;0,16701525;0,26943898;0,57240403;3,18651581;1,00000000
0,43536816;0,16686147;0,26943898;0,57240403;3,18651581;1,00000000
0,43543484;0,16686147;0,26974654;0,57240403;3,18651581;1,00000000
0,43550151;0,16670766;0,27005413;0,57240403;3,18651581;1,00000000
0,43556818;0,16655388;0,27005413;0,57240403;3,18651581;1,00000000
0,43563485;0,16640009;0,26974654;0,57240403;3,18651581;1,00000000
0,43570152;0,16640009;0,26974654;0,57255781;3,18651581;1,00000000
0,43576820;0,16624631;0,26974654;0,57271159;3,18651581;1,00000000
0,43583487;0,16609251;0,26974654;0,57286543;3,18682337;1,00000000
0,43590154;0,16624631;0,26943898;0,57286543;3,18682337;1,00000000
0,43596821;0,16640009;0,26974654;0,57317299;3,18682337;1,00000000
0,43603488;0,16655388;0,27005413;0,57348061;3,18682337;1,00000000
0,43610156;0,16655388;0,27036172;0,57378817;3,18682337;1,00000000
0,43616823;0,16670766;0,27066928;0,57394195;3,18682337;1,00000000
0,43623490;0,16670766;0,27097687;0,57424951;3,18682337;1,00000000
0,43630157;0,16670766;0,27097687;0,57440329;3,18682337;1,00000000
0,43636824;0,16655388;0,27128446;0,57471091;3,18743849;1,00000000
0,43643492;0,16655388;0,27128446;0,57486469;3,18743849;1,00000000
0,43650159;0,16670766;0,27159202;0,57501847;3,18713093;1,00000000
0,43656826;0,16686147;0,27159202;0,57517225;3,18713093;1,00000000
0,43663493;0,16686147;0,27189961;0,57532603;3,18713093;1,00000000
0,43670160;0,16670766;0,27189961;0,57547981;3,18713093;1,00000000
0,43676828;0,16670766;0,27189961;0,57578737;3,18713093;1,00000000
0,43683495;0,16670766;0,27189961;0,57594121;3,18682337;1,00000000
0,43690162;0,16670766;0,27189961;0,57609499;3,18682337;1,00000000
0,43696829;0,16670766;0,27189961;0,57640254;3,18713093;1,00000000
0,43703496;0,16655388;0,27189961;0,57640254;3,18682337;1,00000000
0,43710164;0,16655388;0,27220720;0,57671016;3,18682337;1,00000000
0,43716831;0,16640009;0,27220720;0,57686394;3,18682337;1,00000000
0,43723498;0,16640009;0,27251476;0,57717150;3,18651581;1,00000000
0,43730165;0,16655388;0,27251476;0,57732528;3,18620801;1,00000000
0,43736832;0,16655388;0,27251476;0,57747906;3,18590045;1,00000000
0,43743500;0,16640009;0,27220720;0,57778668;3,18590045;1,00000000
0,43750167;0,16655388;0,27220720;0,57794046;3,18559289;1,00000000
0,43756834;0,16655388;0,27220720;0,57824802;3,18467021;1,00000000
0,43763501;0,16640009;0,27220720;0,57855558;3,18405509;1,00000000
0,43770168;0,16640009;0,27220720;0,57870936;3,18405509;1,00000000
0,43776836;0,16624631;0,27251476;0,57901698;3,18374753;1,00000000
0,43783503;0,16609251;0,27282235;0,57947832;3,18374753;1,00000000
0,43790170;0,16609251;0,27312991;0,57963216;3,18374753;1,00000000
0,43796837;0,16609251;0,27312991;0,57978594;3,18374753;1,00000000
0,43803504;0,16593874;0,27312991;0,58009350;3,18313241;1,00000000
0,43810172;0,16593874;0,27312991;0,58024728;3,18251729;1,00000000
0,43816839;0,16593874;0,27312991;0,58040106;3,18190217;1,00000000
0,43823506;0,16593874;0,27312991;0,58070862;3,18128681;1,00000000
0,43830173;0,16578494;0,27312991;0,58117002;3,18097925;1,00000000
0,43836840;0,16578494;0,27312991;0,58147764;3,18067169;1,00000000
0,43843508;0,16578494;0,27282235;0,58178520;3,18067169;1,00000000
0,43850175;0,16563116;0,27282235;0,58209276;3,18067169;1,00000000
0,43856842;0,16563116;0,27251476;0,58240032;3,18067169;1,00000000
0,43863509;0,16563116;0,27220720;0,58270794;3,18005657;1,00000000
0,43870176;0,16563116;0,27251476;0,58301550;3,17944145;1,00000000
0,43876844;0,16547737;0,27220720;0,58332312;3,17882633;1,00000000
0,43883511;0,16547737;0,27189961;0,58363068;3,17851877;1,00000000
0,43890178;0,16532359;0,27159202;0,58378446;3,17851877;1,00000000
0,43896845;0,16532359;0,27128446;0,58409202;3,17851877;1,00000000
0,43903512;0,16516978;0,27128446;0,58439958;3,17851877;1,00000000
0,43910180;0,16501600;0,27097687;0,58455342;3,17851877;1,00000000
0,43916847;0,16486220;0,27066928;0,58470720;3,17821121;1,00000000
0,43923514;0,16486220;0,27066928;0,58501476;3,17759609;1,00000000
0,43930181;0,16470842;0,27036172;0,58532232;3,17728853;1,00000000
0,43936848;0,16455463;0,27036172;0,58547610;3,17728853;1,00000000
0,43943516;0,16440085;0,27066928;0,58578372;3,17728853;1,00000000
0,43950183;0,16440085;0,27036172;0,58609128;3,17728853;1,00000000
0,43956850;0,16440085;0,27005413;0,58639890;3,17698097;1,00000000
0,43963517;0,16440085;0,27005413;0,58655268;3,17667341;1,00000000
0,43970184;0,16424704;0,26974654;0,58686024;3,17636538;1,00000000
0,43976852;0,16409326;0,26943898;0,58716780;3,17636538;1,00000000
0,43983519;0,16409326;0,26913139;0,58732158;3,17636538;1,00000000
0,43990186;0,16393946;0,26913139;0,58732158;3,17636538;1,00000000
0,43996853;0,16393946;0,26943898;0,58747536;3,17667341;1,00000000
0,44003520;0,16393946;0,26913139;0,58762920;3,17698097;1,00000000
0,44010188;0,16393946;0,26943898;0,58778298;3,17698097;1,00000000
0,44016855;0,16393946;0,26913139;0,58778298;3,17698097;1,00000000
0,44023522;0,16378568;0,26882383;0,58778298;3,17698097;1,00000000
0,44030189;0,16363189;0,26913139;0,58793676;3,17728853;1,00000000
0,44036856;0,16363189;0,26943898;0,58809054;3,17759609;1,00000000
0,44043524;0,16363189;0,26943898;0,58809054;3,17759609;1,00000000
0,44050191;0,16378568;0,26943898;0,58824432;3,17790365;1,00000000
0,44056858;0,16363189;0,26974654;0,58839810;3,17790365;1,00000000
0,44063525;0,16363189;0,27005413;0,58839810;3,17790365;1,00000000
0,44070192;0,16363189;0,27005413;0,58839810;3,17790365;1,00000000
0,44076860;0,16363189;0,27005413;0,58839810;3,17790365;1,00000000
0,44083527;0,16363189;0,27036172;0,58855188;3,17821121;1,00000000
0,44090194;0,16347811;0,27005413;0,58870566;3,17851877;1,00000000
0,44096861;0,16347811;0,27005413;0,58870566;3,17851877;1,00000000
0,44103528;0,16347811;0,27036172;0,58870566;3,17882633;1,00000000
0,44110196;0,16332431;0,27036172;0,58855188;3,17882633;1,00000000
0,44116863;0,16332431;0,27036172;0,58839810;3,17882633;1,00000000
0,44123530;0,16332431;0,27005413;0,58839810;3,17882633;1,00000000
0,44130197;0,16332431;0,27005413;0,58855188;3,17882633;1,00000000
0,44136864;0,16332431;0,26974654;0,58839810;3,17913389;1,00000000
0,44143532;0,16332431;0,26943898;0,58824432;3,17944145;1,00000000
0,44150199;0,16332431;0,26943898;0,58809054;3,17974901;1,00000000
0,44156866;0,16332431;0,26913139;0,58793676;3,17974901;1,00000000
0,44163533;0,16332431;0,26943898;0,58778298;3,17974901;1,00000000
0,44170200;0,16347811;0,26974654;0,58762920;3,17974901;1,00000000
0,44176868;0,16347811;0,26943898;0,58747536;3,18005657;1,00000000
0,44183535;0,16347811;0,26943898;0,58732158;3,18036413;1,00000000
0,44190202;0,16347811;0,26974654;0,58701402;3,18067169;1,00000000
0,44196869;0,16347811;0,26943898;0,58686024;3,18097925;1,00000000
0,44203536;0,16347811;0,26913139;0,58670646;3,18097925;1,00000000
0,44210204;0,16363189;0,26913139;0,58639890;3,18097925;1,00000000
0,44216871;0,16363189;0,26943898;0,58609128;3,18097925;1,00000000
0,44223538;0,16378568;0,26943898;0,58593750;3,18097925;1,00000000
0,44230205;0,16378568;0,26943898;0,58562988;3,18128681;1,00000000
0,44236872;0,16393946;0,26943898;0,58532232;3,18097925;1,00000000
0,44243540;0,16409326;0,26943898;0,58501476;3,18097925;1,00000000
0,44250207;0,16424704;0,26913139;0,58470720;3,18128681;1,00000000
0,44256874;0,16424704;0,26913139;0,58439958;3,18128681;1,00000000
0,44263541;0,16440085;0,26943898;0,58409202;3,18128681;1,00000000
0,44270208;0,16455463;0,26974654;0,58378446;3,18128681;1,00000000
0,44276876;0,16455463;0,27005413;0,58347690;3,18159461;1,00000000
0,44283543;0,16470842;0,27005413;0,58316928;3,18190217;1,00000000
0,44290210;0,16486220;0,27005413;0,58286172;3,18128681;1,00000000
0,44296877;0,16501600;0,26974654;0,58255410;3,18097925;1,00000000
0,44303544;0,16501600;0,26974654;0,58224654;3,18128681;1,00000000
0,44310212;0,16486220;0,26943898;0,58178520;3,18128681;1,00000000
0,44316879;0,16486220;0,26943898;0,58147764;3,18128681;1,00000000
0,44323546;0,16501600;0,26974654;0,58101624;3,18128681;1,00000000
0,44330213;0,16516978;0,26974654;0,58070862;3,18159461;1,00000000
0,44336880;0,16532359;0,26974654;0,58040106;3,18128681;1,00000000
0,44343548;0,16532359;0,27005413;0,58009350;3,18097925;1,00000000
0,44350215;0,16547737;0,27005413;0,57978594;3,18067169;1,00000000
0,44356882;0,16547737;0,27005413;0,57947832;3,18097925;1,00000000
0,44363549;0,16547737;0,26974654;0,57901698;3,18128681;1,00000000
0,44370216;0,16563116;0,26974654;0,57870936;3,18128681;1,00000000
0,44376884;0,16563116;0,27005413;0,57824802;3,18159461;1,00000000
0,44383551;0,16578494;0,27036172;0,57778668;3,18159461;1,00000000
0,44390218;0,16593874;0,27036172;0,57732528;3,18159461;1,00000000
0,44396885;0,16609251;0,27066928;0,57701772;3,18159461;1,00000000
0,44403552;0,16624631;0,27097687;0,57655638;3,18128681;1,00000000
0,44410220;0,16624631;0,27128446;0,57609499;3,18097925;1,00000000
0,44416887;0,16624631;0,27128446;0,57578737;3,18159461;1,00000000
0,44423554;0,16640009;0,27097687;0,57547981;3,18159461;1,00000000
0,44430221;0,16640009;0,27128446;0,57517225;3,18190217;1,00000000
0,44436888;0,16655388;0,27128446;0,57471091;3,18190217;1,00000000
0,44443556;0,16655388;0,27159202;0,57424951;3,18190217;1,00000000
0,44450223;0,16686147;0,27128446;0,57378817;3,18190217;1,00000000
0,44456890;0,16686147;0,27128446;0,57348061;3,18190217;1,00000000
0,44463557;0,16701525;0,27159202;0,57317299;3,18159461;1,00000000
0,44470224;0,16701525;0,27159202;0,57271159;3,18159461;1,00000000
0,44476892;0,16701525;0,27189961;0,57225025;3,18190217;1,00000000
0,44483559;0,16716905;0,27220720;0,57209647;3,18159461;1,00000000
0,44490226;0,16716905;0,27251476;0,57163513;3,18159461;1,00000000
0,44496893;0,16716905;0,27251476;0,57132751;3,18159461;1,00000000
0,44503560;0,16716905;0,27251476;0,57101995;3,18128681;1,00000000
0,44510228;0,16732283;0,27251476;0,57071233;3,18128681;1,00000000
0,44516895;0,16732283;0,27251476;0,57055855;3,18097925;1,00000000
0,44523562;0,16747662;0,27220720;0,57025099;3,18097925;1,00000000
0,44530229;0,16763040;0,27220720;0,56994343;3,18067169;1,00000000
0,44536896;0,16778421;0,27189961;0,56963581;3,18067169;1,00000000
0,44543564;0,16778421;0,27189961;0,56932825;3,18067169;1,00000000
0,44550231;0,16778421;0,27189961;0,56902063;3,18067169;1,00000000
0,44556898;0,16778421;0,27189961;0,56871307;3,18036413;1,00000000
0,44563565;0,16778421;0,27159202;0,56840551;3,18036413;1,00000000
0,44570232;0,16793799;0,27128446;0,56809795;3,18036413;1,00000000
0,44576900;0,16793799;0,27097687;0,56779033;3,18005657;1,00000000
0,44583567;0,16793799;0,27128446;0,56763655;3,18005657;1,00000000
0,44590234;0,16793799;0,27097687;0,56748277;3,18005657;1,00000000
0,44596901;0,16793799;0,27097687;0,56732899;3,18005657;1,00000000
0,44603568;0,16793799;0,27097687;0,56717521;3,18005657;1,00000000
0,44610236;0,16793799;0,27066928;0,56717521;3,18036413;1,00000000
0,44616903;0,16809179;0,27097687;0,56702143;3,18036413;1,00000000
0,44623570;0,16809179;0,27097687;0,56686765;3,18005657;1,00000000
0,44630237;0,16809179;0,27066928;0,56686765;3,17974901;1,00000000
0,44636904;0,16809179;0,27036172;0,56686765;3,18005657;1,00000000
0,44643572;0,16809179;0,27036172;0,56686765;3,18005657;1,00000000
0,44650239;0,16793799;0,27005413;0,56702143;3,18005657;1,00000000
0,44656906;0,16793799;0,27036172;0,56717521;3,18005657;1,00000000
0,44663573;0,16793799;0,27066928;0,56732899;3,18036413;1,00000000
0,44670240;0,16793799;0,27036172;0,56732899;3,18036413;1,00000000
0,44676908;0,16793799;0,27066928;0,56748277;3,18036413;1,00000000
0,44683575;0,16793799;0,27036172;0,56763655;3,18005657;1,00000000
0,44690242;0,16793799;0,27066928;0,56794411;3,18005657;1,00000000
0,44696909;0,16793799;0,27066928;0,56809795;3,18036413;1,00000000
0,44703576;0,16778421;0,27066928;0,56825173;3,18067169;1,00000000
0,44710244;0,16778421;0,27066928;0,56840551;3,18067169;1,00000000
0,44716911;0,16763040;0,27066928;0,56855929;3,18036413;1,00000000
0,44723578;0,16763040;0,27097687;0,56886685;3,18005657;1,00000000
0,44730245;0,16763040;0,27066928;0,56917441;3,18005657;1,00000000
0,44736912;0,16763040;0,27066928;0,56948203;3,18005657;1,00000000
0,44743580;0,16763040;0,27066928;0,56978959;3,18036413;1,00000000
0,44750247;0,16763040;0,27036172;0,57009721;3,18097925;1,00000000
0,44756914;0,16763040;0,27005413;0,57040477;3,18159461;1,00000000
0,44763581;0,16763040;0,27005413;0,57071233;3,18128681;1,00000000
0,44770248;0,16763040;0,27036172;0,57101995;3,18159461;1,00000000
0,44776916;0,16763040;0,27066928;0,57132751;3,18159461;1,00000000
0,44783583;0,16763040;0,27066928;0,57178891;3,18159461;1,00000000
0,44790250;0,16763040;0,27097687;0,57225025;3,18159461;1,00000000
0,44796917;0,16763040;0,27128446;0,57286543;3,18159461;1,00000000
0,44803584;0,16763040;0,27128446;0,57317299;3,18220973;1,00000000
0,44810252;0,16778421;0,27128446;0,57363439;3,18282485;1,00000000
0,44816919;0,16778421;0,27159202;0,57409573;3,18282485;1,00000000
0,44823586;0,16778421;0,27159202;0,57455707;3,18282485;1,00000000
0,44830253;0,16778421;0,27189961;0,57486469;3,18282485;1,00000000
0,44836920;0,16778421;0,27189961;0,57547981;3,18282485;1,00000000
0,44843588;0,16778421;0,27189961;0,57609499;3,18313241;1,00000000
0,44850255;0,16778421;0,27159202;0,57671016;3,18374753;1,00000000
0,44856922;0,16778421;0,27128446;0,57717150;3,18405509;1,00000000
0,44863589;0,16778421;0,27128446;0,57763284;3,18436265;1,00000000
0,44870256;0,16778421;0,27159202;0,57824802;3,18405509;1,00000000
0,44876924;0,16778421;0,27159202;0,57870936;3,18405509;1,00000000
0,44883591;0,16763040;0,27189961;0,57917076;3,18405509;1,00000000
0,44890258;0,16763040;0,27189961;0,57963216;3,18405509;1,00000000
0,44896925;0,16763040;0,27159202;0,57993972;3,18436265;1,00000000
0,44903592;0,16763040;0,27128446;0,58040106;3,18436265;1,00000000
0,44910260;0,16763040;0,27159202;0,58070862;3,18467021;1,00000000
0,44916927;0,16763040;0,27189961;0,58117002;3,18528533;1,00000000
0,44923594;0,16763040;0,27189961;0,58163142;3,18559289;1,00000000
0,44930261;0,16763040;0,27220720;0,58209276;3,18528533;1,00000000
0,44936928;0,16763040;0,27251476;0,58255410;3,18528533;1,00000000
0,44943596;0,16763040;0,27251476;0,58286172;3,18559289;1,00000000
0,44950263;0,16778421;0,27282235;0,58332312;3,18559289;1,00000000
0,44956930;0,16778421;0,27312991;0,58378446;3,18559289;1,00000000
0,44963597;0,16778421;0,27282235;0,58409202;3,18559289;1,00000000
0,44970264;0,16778421;0,27282235;0,58439958;3,18559289;1,00000000
0,44976932;0,16778421;0,27282235;0,58470720;3,18590045;1,00000000
0,44983599;0,16778421;0,27312991;0,58501476;3,18590045;1,00000000
0,44990266;0,16778421;0,27343750;0,58532232;3,18590045;1,00000000
0,44996933;0,16778421;0,27374509;0,58547610;3,18620801;1,00000000
0,45003600;0,16778421;0,27374509;0,58578372;3,18620801;1,00000000
0,45010268;0,16778421;0,27343750;0,58593750;3,18620801;1,00000000
0,45016935;0,16778421;0,27343750;0,58609128;3,18620801;1,00000000
0,45023602;0,16778421;0,27343750;0,58624506;3,18620801;1,00000000
0,45030269;0,16793799;0,27312991;0,58639890;3,18620801;1,00000000
0,45036936;0,16793799;0,27282235;0,58655268;3,18590045;1,00000000
0,45043604;0,16778421;0,27282235;0,58655268;3,18559289;1,00000000
0,45050271;0,16778421;0,27282235;0,58655268;3,18528533;1,00000000
0,45056938;0,16778421;0,27282235;0,58655268;3,18528533;1,00000000
0,45063605;0,16793799;0,27282235;0,58655268;3,18528533;1,00000000
0,45070272;0,16793799;0,27282235;0,58655268;3,18528533;1,00000000
0,45076940;0,16793799;0,27282235;0,58655268;3,18528533;1,00000000
0,45083607;0,16793799;0,27282235;0,58655268;3,18528533;1,00000000
0,45090274;0,16793799;0,27282235;0,58655268;3,18528533;1,00000000
0,45096941;0,16778421;0,27312991;0,58655268;3,18528533;1,00000000
0,45103608;0,16778421;0,27312991;0,58655268;3,18528533;1,00000000
0,45110276;0,16778421;0,27312991;0,58639890;3,18528533;1,00000000
0,45116943;0,16778421;0,27312991;0,58624506;3,18528533;1,00000000
0,45123610;0,16778421;0,27312991;0,58624506;3,18528533;1,00000000
0,45130277;0,16778421;0,27312991;0,58609128;3,18467021;1,00000000
0,45136944;0,16778421;0,27282235;0,58609128;3,18467021;1,00000000
0,45143612;0,16778421;0,27312991;0,58593750;3,18528533;1,00000000
0,45150279;0,16778421;0,27282235;0,58593750;3,18467021;1,00000000
0,45156946;0,16778421;0,27312991;0,58578372;3,18467021;1,00000000
0,45163613;0,16778421;0,27312991;0,58562988;3,18467021;1,00000000
0,45170280;0,16778421;0,27312991;0,58562988;3,18467021;1,00000000
0,45176948;0,16778421;0,27312991;0,58547610;3,18436265;1,00000000
0,45183615;0,16778421;0,27282235;0,58516854;3,18436265;1,00000000
0,45190282;0,16778421;0,27282235;0,58501476;3,18467021;1,00000000
0,45196949;0,16778421;0,27251476;0,58470720;3,18467021;1,00000000
0,45203616;0,16778421;0,27220720;0,58439958;3,18467021;1,00000000
0,45210284;0,16778421;0,27220720;0,58409202;3,18467021;1,00000000
0,45216951;0,16778421;0,27220720;0,58393824;3,18467021;1,00000000
0,45223618;0,16778421;0,27189961;0,58363068;3,18467021;1,00000000
0,45230285;0,16778421;0,27189961;0,58332312;3,18436265;1,00000000
0,45236952;0,16778421;0,27189961;0,58301550;3,18467021;1,00000000
0,45243620;0,16778421;0,27189961;0,58270794;3,18528533;1,00000000
0,45250287;0,16793799;0,27159202;0,58255410;3,18559289;1,00000000
0,45256954;0,16793799;0,27159202;0,58240032;3,18559289;1,00000000
0,45263621;0,16793799;0,27159202;0,58209276;3,18559289;1,00000000
0,45270288;0,16793799;0,27189961;0,58178520;3,18528533;1,00000000
0,45276956;0,16793799;0,27189961;0,58163142;3,18528533;1,00000000
0,45283623;0,16778421;0,27189961;0,58117002;3,18528533;1,00000000
0,45290290;0,16778421;0,27220720;0,58070862;3,18528533;1,00000000
0,45296957;0,16747662;0,27220720;0,58040106;3,18559289;1,00000000
0,45303624;0,16732283;0,27189961;0,58009350;3,18590045;1,00000000
0,45310292;0,16716905;0,27159202;0,57978594;3,18620801;1,00000000
0,45316959;0,16716905;0,27128446;0,57947832;3,18590045;1,00000000
0,45323626;0,16701525;0,27128446;0,57932454;3,18590045;1,00000000
0,45330293;0,16701525;0,27097687;0,57886314;3,18590045;1,00000000
0,45336960;0,16701525;0,27097687;0,57855558;3,18590045;1,00000000
0,45343628;0,16701525;0,27066928;0,57824802;3,18559289;1,00000000
0,45350295;0,16701525;0,27097687;0,57794046;3,18590045;1,00000000
0,45356962;0,16686147;0,27066928;0,57747906;3,18651581;1,00000000
0,45363629;0,16686147;0,27066928;0,57717150;3,18682337;1,00000000
0,45370296;0,16686147;0,27036172;0,57701772;3,18651581;1,00000000
0,45376964;0,16701525;0,27036172;0,57671016;3,18651581;1,00000000
0,45383631;0,16701525;0,27036172;0,57640254;3,18651581;1,00000000
0,45390298;0,16701525;0,27036172;0,57624876;3,18620801;1,00000000
0,45396965;0,16701525;0,27036172;0,57609499;3,18620801;1,00000000
0,45403632;0,16701525;0,27066928;0,57578737;3,18590045;1,00000000
0,45410300;0,16686147;0,27036172;0,57563359;3,18620801;1,00000000
0,45416967;0,16686147;0,27005413;0,57532603;3,18620801;1,00000000
0,45423634;0,16686147;0,27005413;0,57517225;3,18651581;1,00000000
0,45430301;0,16670766;0,26974654;0,57486469;3,18651581;1,00000000
0,45436968;0,16655388;0,26974654;0,57471091;3,18620801;1,00000000
0,45443636;0,16655388;0,26974654;0,57455707;3,18620801;1,00000000
0,45450303;0,16655388;0,27005413;0,57424951;3,18620801;1,00000000
0,45456970;0,16640009;0,26974654;0,57409573;3,18651581;1,00000000
0,45463637;0,16640009;0,26974654;0,57378817;3,18682337;1,00000000
0,45470304;0,16640009;0,26943898;0,57363439;3,18743849;1,00000000
0,45476972;0,16640009;0,26974654;0,57348061;3,18713093;1,00000000
0,45483639;0,16640009;0,26943898;0,57317299;3,18682337;1,00000000
0,45490306;0,16640009;0,26913139;0,57301921;3,18682337;1,00000000
0,45496973;0,16640009;0,26882383;0,57286543;3,18682337;1,00000000
0,45503640;0,16624631;0,26913139;0,57286543;3,18682337;1,00000000
0,45510308;0,16624631;0,26913139;0,57286543;3,18743849;1,00000000
0,45516975;0,16609251;0,26882383;0,57286543;3,18774605;1,00000000
0,45523642;0,16609251;0,26882383;0,57286543;3,18836117;1,00000000
0,45530309;0,16593874;0,26851624;0,57286543;3,18866873;1,00000000
0,45536976;0,16593874;0,26851624;0,57271159;3,18836117;1,00000000
0,45543644;0,16593874;0,26882383;0,57286543;3,18866873;1,00000000
0,45550311;0,16593874;0,26882383;0,57286543;3,18866873;1,00000000
0,45556978;0,16593874;0,26913139;0,57286543;3,18866873;1,00000000
0,45563645;0,16593874;0,26913139;0,57286543;3,18866873;1,00000000
0,45570312;0,16563116;0,26913139;0,57286543;3,18897629;1,00000000
0,45576980;0,16563116;0,26882383;0,57301921;3,18928385;1,00000000
0,45583647;0,16563116;0,26913139;0,57317299;3,18959141;1,00000000
0,45590314;0,16563116;0,26943898;0,57317299;3,18989897;1,00000000
0,45596981;0,16563116;0,26943898;0,57332677;3,18959141;1,00000000
0,45603648;0,16563116;0,26943898;0,57348061;3,18928385;1,00000000
0,45610316;0,16563116;0,26974654;0,57363439;3,18897629;1,00000000
0,45616983;0,16563116;0,26974654;0,57378817;3,18897629;1,00000000
0,45623650;0,16563116;0,27005413;0,57409573;3,18928385;1,00000000
0,45630317;0,16563116;0,27036172;0,57424951;3,18959141;1,00000000
0,45636984;0,16563116;0,27036172;0,57424951;3,18989897;1,00000000
0,45643652;0,16563116;0,27066928;0,57455707;3,18989897;1,00000000
0,45650319;0,16563116;0,27036172;0,57471091;3,18959141;1,00000000
0,45656986;0,16563116;0,27036172;0,57486469;3,18928385;1,00000000
0,45663653;0,16563116;0,27036172;0,57501847;3,18928385;1,00000000
0,45670320;0,16563116;0,27036172;0,57532603;3,18928385;1,00000000
0,45676988;0,16563116;0,27066928;0,57547981;3,18959141;1,00000000
0,45683655;0,16578494;0,27066928;0,57563359;3,18959141;1,00000000
0,45690322;0,16563116;0,27066928;0,57594121;3,18959141;1,00000000
0,45696989;0,16563116;0,27066928;0,57624876;3,18959141;1,00000000
0,45703656;0,16563116;0,27036172;0,57655638;3,18928385;1,00000000
0,45710324;0,16563116;0,27036172;0,57686394;3,18866873;1,00000000
0,45716991;0,16547737;0,27005413;0,57701772;3,18805361;1,00000000
0,45723658;0,16563116;0,27036172;0,57732528;3,18805361;1,00000000
0,45730325;0,16563116;0,27066928;0,57763284;3,18805361;1,00000000
0,45736992;0,16563116;0,27066928;0,57794046;3,18774605;1,00000000
0,45743660;0,16578494;0,27066928;0,57824802;3,18743849;1,00000000
0,45750327;0,16578494;0,27066928;0,57855558;3,18713093;1,00000000
0,45756994;0,16563116;0,27097687;0,57870936;3,18713093;1,00000000
0,45763661;0,16563116;0,27066928;0,57886314;3,18713093;1,00000000
0,45770328;0,16547737;0,27066928;0,57901698;3,18682337;1,00000000
0,45776996;0,16547737;0,27036172;0,57932454;3,18651581;1,00000000
0,45783663;0,16547737;0,27066928;0,57947832;3,18620801;1,00000000
0,45790330;0,16547737;0,27066928;0,57963216;3,18590045;1,00000000
0,45796997;0,16547737;0,27097687;0,57978594;3,18528533;1,00000000
0,45803664;0,16563116;0,27097687;0,58009350;3,18467021;1,00000000
0,45810332;0,16578494;0,27097687;0,58040106;3,18436265;1,00000000
0,45816999;0,16578494;0,27097687;0,58070862;3,18436265;1,00000000
0,45823666;0,16578494;0,27097687;0,58101624;3,18374753;1,00000000
0,45830333;0,16578494;0,27097687;0,58117002;3,18343997;1,00000000
0,45837000;0,16563116;0,27097687;0,58132380;3,18313241;1,00000000
0,45843668;0,16563116;0,27097687;0,58163142;3,18251729;1,00000000
0,45850335;0,16563116;0,27097687;0,58193898;3,18190217;1,00000000
0,45857002;0,16563116;0,27128446;0,58224654;3,18159461;1,00000000
0,45863669;0,16563116;0,27128446;0,58255410;3,18159461;1,00000000
0,45870336;0,16563116;0,27097687;0,58286172;3,18159461;1,00000000
0,45877004;0,16563116;0,27066928;0,58316928;3,18159461;1,00000000
0,45883671;0,16563116;0,27066928;0,58332312;3,18097925;1,00000000
0,45890338;0,16563116;0,27036172;0,58347690;3,18036413;1,00000000
0,45897005;0,16547737;0,27005413;0,58378446;3,17974901;1,00000000
0,45903672;0,16532359;0,27005413;0,58393824;3,17944145;1,00000000
0,45910340;0,16532359;0,27036172;0,58409202;3,17944145;1,00000000
0,45917007;0,16532359;0,27036172;0,58439958;3,17944145;1,00000000
0,45923674;0,16532359;0,27005413;0,58470720;3,17944145;1,00000000
0,45930341;0,16516978;0,26974654;0,58470720;3,17944145;1,00000000
0,45937008;0,16501600;0,26974654;0,58501476;3,17913389;1,00000000
0,45943676;0,16486220;0,26974654;0,58516854;3,17882633;1,00000000
0,45950343;0,16470842;0,27005413;0,58532232;3,17851877;1,00000000
0,45957010;0,16455463;0,27005413;0,58547610;3,17851877;1,00000000
0,45963677;0,16455463;0,26974654;0,58578372;3,17851877;1,00000000
0,45970344;0,16440085;0,26943898;0,58593750;3,17851877;1,00000000
0,45977012;0,16424704;0,26913139;0,58609128;3,17851877;1,00000000
0,45983679;0,16409326;0,26913139;0,58624506;3,17851877;1,00000000
0,45990346;0,16409326;0,26913139;0,58639890;3,17821121;1,00000000
0,45997013;0,16393946;0,26913139;0,58655268;3,17851877;1,00000000
0,46003680;0,16393946;0,26943898;0,58686024;3,17851877;1,00000000
0,46010348;0,16409326;0,26974654;0,58701402;3,17851877;1,00000000
0,46017015;0,16409326;0,27005413;0,58716780;3,17882633;1,00000000
0,46023682;0,16424704;0,27036172;0,58732158;3,17913389;1,00000000
0,46030349;0,16409326;0,27005413;0,58747536;3,17944145;1,00000000
0,46037016;0,16409326;0,27005413;0,58747536;3,17913389;1,00000000
0,46043684;0,16393946;0,27005413;0,58762920;3,17944145;1,00000000
0,46050351;0,16393946;0,26974654;0,58762920;3,17944145;1,00000000
0,46057018;0,16378568;0,27005413;0,58762920;3,17944145;1,00000000
0,46063685;0,16378568;0,27036172;0,58762920;3,17944145;1,00000000
0,46070352;0,16378568;0,27036172;0,58778298;3,17944145;1,00000000
0,46077020;0,16378568;0,27036172;0,58778298;3,17974901;1,00000000
0,46083687;0,16378568;0,27005413;0,58793676;3,17974901;1,00000000
0,46090354;0,16378568;0,27005413;0,58809054;3,18005657;1,00000000
0,46097021;0,16378568;0,27005413;0,58809054;3,18005657;1,00000000
0,46103688;0,16378568;0,26974654;0,58793676;3,18005657;1,00000000
0,46110356;0,16378568;0,26974654;0,58809054;3,18005657;1,00000000
0,46117023;0,16393946;0,26943898;0,58824432;3,18005657;1,00000000
0,46123690;0,16393946;0,26943898;0,58809054;3,18005657;1,00000000
0,46130357;0,16409326;0,26974654;0,58809054;3,18036413;1,00000000
0,46137024;0,16409326;0,26974654;0,58793676;3,18067169;1,00000000
0,46143692;0,16409326;0,26943898;0,58778298;3,18067169;1,00000000
0,46150359;0,16409326;0,26913139;0,58762920;3,18067169;1,00000000
0,46157026;0,16393946;0,26913139;0,58762920;3,18067169;1,00000000
0,46163693;0,16409326;0,26913139;0,58747536;3,18067169;1,00000000
0,46170360;0,16393946;0,26882383;0,58747536;3,18067169;1,00000000
0,46177028;0,16393946;0,26851624;0,58732158;3,18067169;1,00000000
0,46183695;0,16409326;0,26851624;0,58716780;3,18067169;1,00000000
0,46190362;0,16393946;0,26820865;0,58686024;3,18128681;1,00000000
0,46197029;0,16409326;0,26820865;0,58686024;3,18128681;1,00000000
0,46203696;0,16424704;0,26820865;0,58655268;3,18128681;1,00000000
0,46210364;0,16424704;0,26851624;0,58624506;3,18128681;1,00000000
0,46217031;0,16424704;0,26851624;0,58609128;3,18128681;1,00000000
0,46223698;0,16440085;0,26851624;0,58578372;3,18128681;1,00000000
0,46230365;0,16440085;0,26882383;0,58547610;3,18128681;1,00000000
0,46237032;0,16424704;0,26882383;0,58516854;3,18159461;1,00000000
0,46243700;0,16409326;0,26882383;0,58486098;3,18159461;1,00000000
0,46250367;0,16409326;0,26882383;0,58455342;3,18159461;1,00000000
0,46257034;0,16409326;0,26882383;0,58424580;3,18159461;1,00000000
0,46263701;0,16409326;0,26882383;0,58393824;3,18159461;1,00000000
0,46270368;0,16409326;0,26882383;0,58363068;3,18190217;1,00000000
0,46277036;0,16409326;0,26913139;0,58332312;3,18190217;1,00000000
0,46283703;0,16424704;0,26943898;0,58301550;3,18190217;1,00000000
0,46290370;0,16424704;0,26943898;0,58270794;3,18190217;1,00000000
0,46297037;0,16424704;0,26974654;0,58240032;3,18190217;1,00000000
0,46303704;0,16440085;0,26974654;0,58209276;3,18190217;1,00000000
0,46310372;0,16440085;0,27005413;0,58163142;3,18220973;1,00000000
0,46317039;0,16455463;0,27036172;0,58117002;3,18220973;1,00000000
0,46323706;0,16455463;0,27005413;0,58086246;3,18190217;1,00000000
0,46330373;0,16470842;0,27036172;0,58055484;3,18190217;1,00000000
0,46337040;0,16486220;0,27066928;0,58009350;3,18190217;1,00000000
0,46343708;0,16486220;0,27097687;0,57978594;3,18190217;1,00000000
0,46350375;0,16486220;0,27066928;0,57947832;3,18190217;1,00000000
0,46357042;0,16486220;0,27097687;0,57901698;3,18190217;1,00000000
0,46363709;0,16486220;0,27097687;0,57870936;3,18220973;1,00000000
0,46370376;0,16486220;0,27066928;0,57840180;3,18190217;1,00000000
0,46377044;0,16501600;0,27066928;0,57809424;3,18159461;1,00000000
0,46383711;0,16501600;0,27036172;0,57763284;3,18159461;1,00000000
0,46390378;0,16516978;0,27066928;0,57732528;3,18159461;1,00000000
0,46397045;0,16532359;0,27036172;0,57701772;3,18159461;1,00000000
0,46403712;0,16547737;0,27036172;0,57671016;3,18159461;1,00000000
0,46410380;0,16547737;0,27036172;0,57640254;3,18128681;1,00000000
0,46417047;0,16563116;0,27066928;0,57609499;3,18159461;1,00000000
0,46423714;0,16563116;0,27066928;0,57563359;3,18190217;1,00000000
0,46430381;0,16563116;0,27036172;0,57532603;3,18220973;1,00000000
0,46437048;0,16563116;0,27036172;0,57501847;3,18190217;1,00000000
0,46443716;0,16563116;0,27036172;0,57471091;3,18190217;1,00000000
0,46450383;0,16578494;0,27036172;0,57440329;3,18190217;1,00000000
0,46457050;0,16578494;0,27036172;0,57424951;3,18159461;1,00000000
0,46463717;0,16593874;0,27066928;0,57394195;3,18159461;1,00000000
0,46470384;0,16593874;0,27066928;0,57363439;3,18159461;1,00000000
0,46477052;0,16609251;0,27066928;0,57348061;3,18128681;1,00000000
0,46483719;0,16624631;0,27036172;0,57317299;3,18128681;1,00000000
0,46490386;0,16640009;0,27036172;0,57271159;3,18128681;1,00000000
0,46497053;0,16655388;0,27005413;0,57225025;3,18128681;1,00000000
0,46503720;0,16655388;0,26974654;0,57163513;3,18128681;1,00000000
0,46510388;0,16655388;0,26974654;0,57132751;3,18097925;1,00000000
0,46517055;0,16655388;0,26943898;0,57086611;3,18067169;1,00000000
0,46523722;0,16655388;0,26943898;0,57055855;3,18036413;1,00000000
0,46530389;0,16655388;0,26974654;0,57009721;3,18005657;1,00000000
0,46537056;0,16655388;0,26943898;0,56994343;3,18005657;1,00000000
0,46543724;0,16655388;0,26943898;0,56963581;3,18005657;1,00000000
0,46550391;0,16655388;0,26943898;0,56932825;3,17974901;1,00000000
0,46557058;0,16655388;0,26943898;0,56902063;3,17944145;1,00000000
0,46563725;0,16655388;0,26943898;0,56886685;3,17944145;1,00000000
0,46570392;0,16655388;0,26913139;0,56871307;3,17913389;1,00000000
0,46577060;0,16640009;0,26913139;0,56840551;3,17974901;1,00000000
0,46583727;0,16640009;0,26882383;0,56809795;3,17944145;1,00000000
0,46590394;0,16640009;0,26851624;0,56809795;3,17944145;1,00000000
0,46597061;0,16640009;0,26851624;0,56794411;3,17913389;1,00000000
0,46603728;0,16640009;0,26851624;0,56779033;3,17913389;1,00000000
0,46610396;0,16640009;0,26851624;0,56779033;3,17913389;1,00000000
0,46617063;0,16640009;0,26851624;0,56763655;3,17882633;1,00000000
0,46623730;0,16640009;0,26820865;0,56763655;3,17851877;1,00000000
0,46630397;0,16640009;0,26790109;0,56763655;3,17821121;1,00000000
0,46637064;0,16640009;0,26790109;0,56748277;3,17882633;1,00000000
0,46643732;0,16655388;0,26790109;0,56748277;3,17851877;1,00000000
0,46650399;0,16655388;0,26820865;0,56748277;3,17821121;1,00000000
0,46657066;0,16640009;0,26790109;0,56748277;3,17790365;1,00000000
0,46663733;0,16655388;0,26759350;0,56748277;3,17790365;1,00000000
0,46670400;0,16655388;0,26759350;0,56763655;3,17790365;1,00000000
0,46677068;0,16655388;0,26759350;0,56763655;3,17790365;1,00000000
0,46683735;0,16655388;0,26728594;0,56779033;3,17759609;1,00000000
0,46690402;0,16655388;0,26697835;0,56794411;3,17790365;1,00000000
0,46697069;0,16655388;0,26667076;0,56809795;3,17821121;1,00000000
0,46703736;0,16655388;0,26636320;0,56825173;3,17851877;1,00000000
0,46710404;0,16655388;0,26667076;0,56840551;3,17851877;1,00000000
0,46717071;0,16655388;0,26697835;0,56871307;3,17851877;1,00000000
0,46723738;0,16655388;0,26667076;0,56886685;3,17851877;1,00000000
0,46730405;0,16655388;0,26667076;0,56902063;3,17851877;1,00000000
0,46737072;0,16640009;0,26697835;0,56932825;3,17851877;1,00000000
0,46743740;0,16640009;0,26728594;0,56963581;3,17882633;1,00000000
0,46750407;0,16640009;0,26759350;0,57009721;3,17944145;1,00000000
0,46757074;0,16640009;0,26759350;0,57040477;3,18005657;1,00000000
0,46763741;0,16640009;0,26790109;0,57071233;3,18005657;1,00000000
0,46770408;0,16640009;0,26820865;0,57117373;3,18005657;1,00000000
0,46777076;0,16640009;0,26851624;0,57148129;3,18005657;1,00000000
0,46783743;0,16640009;0,26851624;0,57194269;3,18005657;1,00000000
0,46790410;0,16640009;0,26851624;0,57225025;3,18036413;1,00000000
0,46797077;0,16640009;0,26851624;0,57271159;3,18067169;1,00000000
0,46803744;0,16640009;0,26851624;0,57301921;3,18097925;1,00000000
0,46810412;0,16640009;0,26851624;0,57332677;3,18067169;1,00000000
0,46817079;0,16640009;0,26851624;0,57378817;3,18067169;1,00000000
0,46823746;0,16640009;0,26851624;0,57440329;3,18067169;1,00000000
0,46830413;0,16640009;0,26851624;0,57486469;3,18067169;1,00000000
0,46837080;0,16640009;0,26851624;0,57532603;3,18097925;1,00000000
0,46843748;0,16640009;0,26851624;0,57563359;3,18159461;1,00000000
0,46850415;0,16640009;0,26820865;0,57624876;3,18190217;1,00000000
0,46857082;0,16640009;0,26851624;0,57671016;3,18251729;1,00000000
0,46863749;0,16640009;0,26851624;0,57717150;3,18282485;1,00000000
0,46870416;0,16640009;0,26851624;0,57763284;3,18282485;1,00000000
0,46877084;0,16640009;0,26882383;0,57809424;3,18282485;1,00000000
0,46883751;0,16640009;0,26882383;0,57870936;3,18313241;1,00000000
0,46890418;0,16640009;0,26913139;0,57917076;3,18313241;1,00000000
0,46897085;0,16640009;0,26943898;0,57978594;3,18313241;1,00000000
0,46903752;0,16640009;0,26974654;0,58040106;3,18313241;1,00000000
0,46910420;0,16640009;0,27005413;0,58086246;3,18343997;1,00000000
0,46917087;0,16640009;0,27005413;0,58132380;3,18374753;1,00000000
0,46923754;0,16640009;0,27036172;0,58163142;3,18374753;1,00000000
0,46930421;0,16640009;0,27066928;0,58209276;3,18374753;1,00000000
0,46937088;0,16640009;0,27066928;0,58255410;3,18405509;1,00000000
0,46943756;0,16655388;0,27097687;0,58301550;3,18405509;1,00000000
0,46950423;0,16670766;0,27128446;0,58347690;3,18405509;1,00000000
0,46957090;0,16655388;0,27159202;0,58378446;3,18405509;1,00000000
0,46963757;0,16655388;0,27159202;0,58409202;3,18436265;1,00000000
0,46970424;0,16655388;0,27159202;0,58439958;3,18467021;1,00000000
0,46977092;0,16655388;0,27159202;0,58470720;3,18528533;1,00000000
0,46983759;0,16655388;0,27159202;0,58486098;3,18528533;1,00000000
0,46990426;0,16670766;0,27189961;0,58516854;3,18528533;1,00000000
0,46997093;0,16670766;0,27189961;0,58547610;3,18528533;1,00000000
0,47003760;0,16686147;0,27189961;0,58578372;3,18528533;1,00000000
0,47010428;0,16686147;0,27189961;0,58593750;3,18528533;1,00000000
0,47017095;0,16701525;0,27189961;0,58609128;3,18528533;1,00000000
0,47023762;0,16701525;0,27189961;0,58609128;3,18528533;1,00000000
0,47030429;0,16701525;0,27159202;0,58609128;3,18467021;1,00000000
0,47037096;0,16701525;0,27189961;0,58624506;3,18436265;1,00000000
0,47043764;0,16701525;0,27189961;0,58639890;3,18405509;1,00000000
0,47050431;0,16701525;0,27189961;0,58639890;3,18405509;1,00000000
0,47057098;0,16701525;0,27159202;0,58639890;3,18405509;1,00000000
0,47063765;0,16701525;0,27159202;0,58655268;3,18374753;1,00000000
0,47070432;0,16686147;0,27128446;0,58655268;3,18343997;1,00000000
0,47077100;0,16686147;0,27128446;0,58670646;3,18343997;1,00000000
0,47083767;0,16686147;0,27128446;0,58670646;3,18343997;1,00000000
0,47090434;0,16686147;0,27128446;0,58670646;3,18343997;1,00000000
0,47097101;0,16686147;0,27128446;0,58655268;3,18374753;1,00000000
0,47103768;0,16686147;0,27128446;0,58655268;3,18374753;1,00000000
0,47110436;0,16686147;0,27097687;0,58639890;3,18374753;1,00000000
0,47117103;0,16701525;0,27097687;0,58639890;3,18343997;1,00000000
0,47123770;0,16701525;0,27097687;0,58639890;3,18343997;1,00000000
0,47130437;0,16701525;0,27097687;0,58624506;3,18282485;1,00000000
0,47137104;0,16701525;0,27097687;0,58609128;3,18282485;1,00000000
0,47143772;0,16701525;0,27097687;0,58593750;3,18313241;1,00000000
0,47150439;0,16701525;0,27097687;0,58578372;3,18313241;1,00000000
0,47157106;0,16701525;0,27097687;0,58562988;3,18313241;1,00000000
0,47163773;0,16701525;0,27097687;0,58562988;3,18313241;1,00000000
0,47170440;0,16701525;0,27066928;0,58547610;3,18313241;1,00000000
0,47177108;0,16701525;0,27097687;0,58516854;3,18282485;1,00000000
0,47183775;0,16701525;0,27066928;0,58501476;3,18313241;1,00000000
0,47190442;0,16701525;0,27066928;0,58486098;3,18343997;1,00000000
0,47197109;0,16701525;0,27066928;0,58455342;3,18343997;1,00000000
0,47203776;0,16701525;0,27066928;0,58439958;3,18374753;1,00000000
0,47210444;0,16701525;0,27066928;0,58424580;3,18374753;1,00000000
0,47217111;0,16701525;0,27097687;0,58393824;3,18343997;1,00000000
0,47223778;0,16701525;0,27097687;0,58363068;3,18343997;1,00000000
0,47230445;0,16701525;0,27066928;0,58347690;3,18313241;1,00000000
0,47237112;0,16701525;0,27066928;0,58316928;3,18313241;1,00000000
0,47243780;0,16701525;0,27036172;0,58301550;3,18343997;1,00000000
0,47250447;0,16701525;0,27036172;0,58255410;3,18343997;1,00000000
0,47257114;0,16701525;0,27036172;0,58224654;3,18313241;1,00000000
0,47263781;0,16701525;0,27036172;0,58209276;3,18313241;1,00000000
0,47270448;0,16701525;0,27066928;0,58193898;3,18313241;1,00000000
0,47277116;0,16716905;0,27066928;0,58178520;3,18313241;1,00000000
0,47283783;0,16701525;0,27066928;0,58147764;3,18313241;1,00000000
0,47290450;0,16701525;0,27066928;0,58117002;3,18313241;1,00000000
0,47297117;0,16701525;0,27066928;0,58101624;3,18343997;1,00000000
0,47303784;0,16701525;0,27066928;0,58086246;3,18374753;1,00000000
0,47310452;0,16716905;0,27097687;0,58055484;3,18405509;1,00000000
0,47317119;0,16716905;0,27097687;0,58024728;3,18436265;1,00000000
0,47323786;0,16716905;0,27128446;0,58009350;3,18436265;1,00000000
0,47330453;0,16716905;0,27097687;0,57978594;3,18436265;1,00000000
0,47337120;0,16716905;0,27066928;0,57947832;3,18436265;1,00000000
0,47343788;0,16716905;0,27066928;0,57917076;3,18436265;1,00000000
0,47350455;0,16716905;0,27036172;0,57886314;3,18436265;1,00000000
0,47357122;0,16716905;0,27066928;0,57855558;3,18528533;1,00000000
0,47363789;0,16716905;0,27066928;0,57824802;3,18559289;1,00000000
0,47370456;0,16716905;0,27066928;0,57794046;3,18559289;1,00000000
0,47377124;0,16716905;0,27097687;0,57763284;3,18559289;1,00000000
0,47383791;0,16716905;0,27066928;0,57732528;3,18559289;1,00000000
0,47390458;0,16701525;0,27097687;0,57701772;3,18559289;1,00000000
0,47397125;0,16701525;0,27097687;0,57671016;3,18590045;1,00000000
0,47403792;0,16701525;0,27066928;0,57640254;3,18559289;1,00000000
0,47410460;0,16701525;0,27097687;0,57609499;3,18559289;1,00000000
0,47417127;0,16701525;0,27097687;0,57578737;3,18590045;1,00000000
0,47423794;0,16701525;0,27097687;0,57563359;3,18620801;1,00000000
0,47430461;0,16686147;0,27097687;0,57547981;3,18620801;1,00000000
0,47437128;0,16686147;0,27066928;0,57517225;3,18620801;1,00000000
0,47443796;0,16686147;0,27066928;0,57486469;3,18620801;1,00000000
0,47450463;0,16670766;0,27036172;0,57455707;3,18620801;1,00000000
0,47457130;0,16670766;0,27005413;0,57440329;3,18590045;1,00000000
0,47463797;0,16670766;0,26974654;0,57424951;3,18559289;1,00000000
0,47470464;0,16670766;0,26974654;0,57409573;3,18559289;1,00000000
0,47477132;0,16670766;0,26943898;0,57409573;3,18590045;1,00000000
0,47483799;0,16670766;0,26974654;0,57394195;3,18620801;1,00000000
0,47490466;0,16670766;0,26943898;0,57378817;3,18651581;1,00000000
0,47497133;0,16655388;0,26913139;0,57378817;3,18651581;1,00000000
0,47503800;0,16655388;0,26882383;0,57363439;3,18682337;1,00000000
0,47510468;0,16640009;0,26851624;0,57348061;3,18651581;1,00000000
0,47517135;0,16624631;0,26851624;0,57348061;3,18651581;1,00000000
0,47523802;0,16624631;0,26820865;0,57348061;3,18651581;1,00000000
0,47530469;0,16640009;0,26851624;0,57348061;3,18713093;1,00000000
0,47537136;0,16624631;0,26882383;0,57348061;3,18743849;1,00000000
0,47543804;0,16624631;0,26913139;0,57348061;3,18805361;1,00000000
0,47550471;0,16609251;0,26913139;0,57348061;3,18805361;1,00000000
0,47557138;0,16609251;0,26913139;0,57348061;3,18836117;1,00000000
0,47563805;0,16609251;0,26882383;0,57348061;3,18805361;1,00000000
0,47570472;0,16624631;0,26882383;0,57348061;3,18805361;1,00000000
0,47577140;0,16640009;0,26882383;0,57363439;3,18805361;1,00000000
0,47583807;0,16624631;0,26913139;0,57363439;3,18805361;1,00000000
0,47590474;0,16624631;0,26913139;0,57394195;3,18836117;1,00000000
0,47597141;0,16624631;0,26943898;0,57409573;3,18897629;1,00000000
0,47603808;0,16640009;0,26974654;0,57424951;3,18897629;1,00000000
0,47610476;0,16640009;0,26974654;0,57440329;3,18897629;1,00000000
0,47617143;0,16624631;0,26974654;0,57455707;3,18897629;1,00000000
0,47623810;0,16609251;0,26974654;0,57471091;3,18897629;1,00000000
0,47630477;0,16624631;0,26974654;0,57471091;3,18897629;1,00000000
0,47637144;0,16624631;0,27005413;0,57486469;3,18897629;1,00000000
0,47643812;0,16624631;0,27005413;0,57517225;3,18897629;1,00000000
0,47650479;0,16624631;0,27036172;0,57547981;3,18959141;1,00000000
0,47657146;0,16640009;0,27036172;0,57578737;3,18959141;1,00000000
0,47663813;0,16655388;0,27066928;0,57609499;3,18928385;1,00000000
0,47670480;0,16655388;0,27097687;0,57624876;3,18897629;1,00000000
0,47677148;0,16670766;0,27097687;0,57655638;3,18897629;1,00000000
0,47683815;0,16670766;0,27128446;0,57671016;3,18897629;1,00000000
0,47690482;0,16686147;0,27097687;0,57701772;3,18866873;1,00000000
0,47697149;0,16686147;0,27097687;0,57732528;3,18866873;1,00000000
0,47703816;0,16686147;0,27097687;0,57763284;3,18897629;1,00000000
0,47710484;0,16670766;0,27097687;0,57763284;3,18866873;1,00000000
0,47717151;0,16655388;0,27066928;0,57794046;3,18836117;1,00000000
0,47723818;0,16670766;0,27066928;0,57824802;3,18805361;1,00000000
0,47730485;0,16670766;0,27036172;0,57855558;3,18774605;1,00000000
0,47737152;0,16670766;0,27066928;0,57886314;3,18743849;1,00000000
0,47743820;0,16670766;0,27036172;0,57917076;3,18743849;1,00000000
0,47750487;0,16686147;0,27036172;0,57947832;3,18743849;1,00000000
0,47757154;0,16686147;0,27036172;0,57963216;3,18743849;1,00000000
0,47763821;0,16686147;0,27036172;0,57978594;3,18713093;1,00000000
0,47770488;0,16686147;0,27005413;0,57993972;3,18682337;1,00000000
0,47777156;0,16686147;0,27036172;0,58024728;3,18682337;1,00000000
0,47783823;0,16686147;0,27005413;0,58040106;3,18651581;1,00000000
0,47790490;0,16686147;0,27005413;0,58070862;3,18620801;1,00000000
0,47797157;0,16670766;0,26974654;0,58086246;3,18590045;1,00000000
0,47803824;0,16655388;0,26974654;0,58117002;3,18590045;1,00000000
0,47810492;0,16640009;0,26974654;0,58147764;3,18590045;1,00000000
0,47817159;0,16624631;0,26943898;0,58163142;3,18559289;1,00000000
0,47823826;0,16609251;0,26943898;0,58178520;3,18528533;1,00000000
0,47830493;0,16593874;0,26913139;0,58193898;3,18436265;1,00000000
0,47837160;0,16578494;0,26882383;0,58224654;3,18405509;1,00000000
0,47843828;0,16578494;0,26851624;0,58255410;3,18343997;1,00000000
0,47850495;0,16578494;0,26851624;0,58286172;3,18343997;1,00000000
0,47857162;0,16593874;0,26851624;0,58316928;3,18343997;1,00000000
0,47863829;0,16609251;0,26851624;0,58332312;3,18282485;1,00000000
0,47870496;0,16593874;0,26851624;0,58347690;3,18251729;1,00000000
0,47877164;0,16593874;0,26851624;0,58347690;3,18220973;1,00000000
0,47883831;0,16593874;0,26851624;0,58378446;3,18190217;1,00000000
0,47890498;0,16578494;0,26820865;0,58409202;3,18128681;1,00000000
0,47897165;0,16578494;0,26820865;0,58439958;3,18067169;1,00000000
0,47903832;0,16563116;0,26790109;0,58439958;3,18067169;1,00000000
0,47910500;0,16547737;0,26790109;0,58470720;3,18067169;1,00000000
0,47917167;0,16547737;0,26759350;0,58501476;3,18067169;1,00000000
0,47923834;0,16532359;0,26759350;0,58532232;3,18036413;1,00000000
0,47930501;0,16516978;0,26759350;0,58547610;3,18005657;1,00000000
0,47937168;0,16501600;0,26728594;0,58578372;3,17974901;1,00000000
0,47943836;0,16501600;0,26728594;0,58593750;3,17974901;1,00000000
0,47950503;0,16501600;0,26728594;0,58624506;3,17974901;1,00000000
0,47957170;0,16501600;0,26697835;0,58639890;3,17974901;1,00000000
0,47963837;0,16501600;0,26697835;0,58655268;3,17974901;1,00000000
0,47970504;0,16501600;0,26697835;0,58670646;3,18005657;1,00000000
0,47977172;0,16516978;0,26697835;0,58701402;3,17944145;1,00000000
0,47983839;0,16516978;0,26667076;0,58716780;3,17913389;1,00000000
0,47990506;0,16501600;0,26636320;0,58732158;3,17913389;1,00000000
0,47997173;0,16501600;0,26605561;0,58762920;3,17913389;1,00000000
0,48003840;0,16501600;0,26574802;0,58778298;3,17913389;1,00000000
0,48010508;0,16486220;0,26574802;0,58809054;3,17913389;1,00000000
0,48017175;0,16486220;0,26544046;0,58824432;3,17882633;1,00000000
0,48023842;0,16470842;0,26513287;0,58839810;3,17882633;1,00000000
0,48030509;0,16455463;0,26544046;0,58855188;3,17913389;1,00000000
0,48037176;0,16455463;0,26513287;0,58870566;3,17913389;1,00000000
0,48043844;0,16455463;0,26513287;0,58885950;3,17913389;1,00000000
0,48050511;0,16470842;0,26513287;0,58901328;3,17913389;1,00000000
0,48057178;0,16470842;0,26544046;0,58916706;3,17913389;1,00000000
0,48063845;0,16486220;0,26513287;0,58932084;3,17944145;1,00000000
0,48070512;0,16501600;0,26482528;0,58932084;3,17944145;1,00000000
0,48077180;0,16501600;0,26482528;0,58932084;3,17974901;1,00000000
0,48083847;0,16486220;0,26482528;0,58916706;3,18036413;1,00000000
0,48090514;0,16486220;0,26513287;0,58932084;3,18036413;1,00000000
0,48097181;0,16486220;0,26513287;0,58932084;3,18036413;1,00000000
0,48103848;0,16486220;0,26544046;0,58932084;3,18036413;1,00000000
0,48110516;0,16470842;0,26544046;0,58932084;3,18067169;1,00000000
0,48117183;0,16470842;0,26513287;0,58932084;3,18097925;1,00000000
0,48123850;0,16470842;0,26513287;0,58916706;3,18097925;1,00000000
0,48130517;0,16486220;0,26513287;0,58916706;3,18097925;1,00000000
0,48137184;0,16486220;0,26513287;0,58916706;3,18097925;1,00000000
0,48143852;0,16486220;0,26513287;0,58901328;3,18128681;1,00000000
0,48150519;0,16501600;0,26544046;0,58885950;3,18159461;1,00000000
0,48157186;0,16486220;0,26574802;0,58885950;3,18190217;1,00000000
0,48163853;0,16486220;0,26605561;0,58855188;3,18220973;1,00000000
0,48170520;0,16486220;0,26605561;0,58839810;3,18220973;1,00000000
0,48177188;0,16486220;0,26605561;0,58824432;3,18251729;1,00000000
0,48183855;0,16486220;0,26574802;0,58793676;3,18282485;1,00000000
0,48190522;0,16470842;0,26605561;0,58778298;3,18282485;1,00000000
0,48197189;0,16470842;0,26605561;0,58762920;3,18282485;1,00000000
0,48203856;0,16470842;0,26605561;0,58762920;3,18313241;1,00000000
0,48210524;0,16470842;0,26605561;0,58747536;3,18313241;1,00000000
0,48217191;0,16470842;0,26636320;0,58732158;3,18343997;1,00000000
0,48223858;0,16470842;0,26636320;0,58716780;3,18374753;1,00000000
0,48230525;0,16486220;0,26636320;0,58686024;3,18405509;1,00000000
0,48237192;0,16486220;0,26605561;0,58670646;3,18436265;1,00000000
0,48243860;0,16501600;0,26636320;0,58639890;3,18436265;1,00000000
0,48250527;0,16501600;0,26667076;0,58609128;3,18436265;1,00000000
0,48257194;0,16516978;0,26697835;0,58578372;3,18467021;1,00000000
0,48263861;0,16532359;0,26728594;0,58547610;3,18528533;1,00000000
0,48270528;0,16547737;0,26728594;0,58516854;3,18528533;1,00000000
0,48277196;0,16547737;0,26759350;0,58470720;3,18528533;1,00000000
0,48283863;0,16578494;0,26728594;0,58439958;3,18467021;1,00000000
0,48290530;0,16578494;0,26759350;0,58409202;3,18528533;1,00000000
0,48297197;0,16593874;0,26759350;0,58363068;3,18528533;1,00000000
0,48303864;0,16609251;0,26759350;0,58316928;3,18559289;1,00000000
0,48310532;0,16624631;0,26759350;0,58286172;3,18559289;1,00000000
0,48317199;0,16624631;0,26759350;0,58240032;3,18590045;1,00000000
0,48323866;0,16640009;0,26728594;0,58209276;3,18590045;1,00000000
0,48330533;0,16655388;0,26759350;0,58178520;3,18590045;1,00000000
0,48337200;0,16655388;0,26759350;0,58132380;3,18590045;1,00000000
0,48343868;0,16670766;0,26728594;0,58101624;3,18559289;1,00000000
0,48350535;0,16670766;0,26697835;0,58055484;3,18620801;1,00000000
0,48357202;0,16670766;0,26667076;0,58009350;3,18682337;1,00000000
0,48363869;0,16686147;0,26667076;0,57963216;3,18713093;1,00000000
0,48370536;0,16686147;0,26697835;0,57917076;3,18682337;1,00000000
0,48377204;0,16701525;0,26728594;0,57870936;3,18682337;1,00000000
0,48383871;0,16716905;0,26697835;0,57840180;3,18682337;1,00000000
0,48390538;0,16732283;0,26728594;0,57809424;3,18682337;1,00000000
0,48397205;0,16747662;0,26759350;0,57778668;3,18682337;1,00000000
0,48403872;0,16763040;0,26759350;0,57747906;3,18682337;1,00000000
0,48410540;0,16778421;0,26759350;0,57717150;3,18682337;1,00000000
0,48417207;0,16793799;0,26728594;0,57686394;3,18713093;1,00000000
0,48423874;0,16809179;0,26697835;0,57640254;3,18682337;1,00000000
0,48430541;0,16824557;0,26697835;0,57594121;3,18682337;1,00000000
0,48437208;0,16839936;0,26697835;0,57563359;3,18682337;1,00000000
0,48443876;0,16839936;0,26697835;0,57532603;3,18682337;1,00000000
0,48450543;0,16839936;0,26697835;0,57501847;3,18682337;1,00000000
0,48457210;0,16855314;0,26667076;0,57455707;3,18651581;1,00000000
0,48463877;0,16870694;0,26697835;0,57424951;3,18651581;1,00000000
0,48470544;0,16886072;0,26667076;0,57394195;3,18620801;1,00000000
0,48477212;0,16901451;0,26667076;0,57363439;3,18590045;1,00000000
0,48483879;0,16916829;0,26667076;0,57348061;3,18590045;1,00000000
0,48490546;0,16916829;0,26697835;0,57332677;3,18590045;1,00000000
0,48497213;0,16916829;0,26728594;0,57301921;3,18559289;1,00000000
0,48503880;0,16916829;0,26759350;0,57271159;3,18559289;1,00000000
0,48510548;0,16932210;0,26728594;0,57255781;3,18528533;1,00000000
0,48517215;0,16947588;0,26728594;0,57240403;3,18559289;1,00000000
0,48523882;0,16962968;0,26759350;0,57209647;3,18590045;1,00000000
0,48530549;0,16962968;0,26790109;0,57178891;3,18559289;1,00000000
0,48537216;0,16962968;0,26790109;0,57148129;3,18528533;1,00000000
0,48543884;0,16962968;0,26820865;0,57117373;3,18528533;1,00000000
0,48550551;0,16962968;0,26851624;0,57101995;3,18467021;1,00000000
0,48557218;0,16962968;0,26851624;0,57071233;3,18436265;1,00000000
0,48563885;0,16962968;0,26851624;0,57040477;3,18405509;1,00000000
0,48570552;0,16962968;0,26820865;0,57025099;3,18374753;1,00000000
0,48577220;0,16962968;0,26820865;0,57009721;3,18405509;1,00000000
0,48583887;0,16962968;0,26790109;0,56978959;3,18405509;1,00000000
0,48590554;0,16962968;0,26759350;0,56948203;3,18405509;1,00000000
0,48597221;0,16978346;0,26759350;0,56948203;3,18405509;1,00000000
0,48603888;0,16978346;0,26759350;0,56917441;3,18405509;1,00000000
0,48610556;0,16978346;0,26759350;0,56902063;3,18405509;1,00000000
0,48617223;0,16978346;0,26728594;0,56902063;3,18374753;1,00000000
0,48623890;0,16978346;0,26728594;0,56902063;3,18343997;1,00000000
0,48630557;0,16978346;0,26697835;0,56886685;3,18313241;1,00000000
0,48637224;0,16993725;0,26667076;0,56871307;3,18282485;1,00000000
0,48643892;0,16993725;0,26667076;0,56871307;3,18282485;1,00000000
0,48650559;0,16978346;0,26667076;0,56871307;3,18282485;1,00000000
0,48657226;0,16962968;0,26667076;0,56871307;3,18282485;1,00000000
0,48663893;0,16962968;0,26667076;0,56871307;3,18282485;1,00000000
0,48670560;0,16962968;0,26667076;0,56871307;3,18251729;1,00000000
0,48677228;0,16962968;0,26697835;0,56886685;3,18251729;1,00000000
0,48683895;0,16962968;0,26667076;0,56902063;3,18282485;1,00000000
0,48690562;0,16962968;0,26667076;0,56917441;3,18251729;1,00000000
0,48697229;0,16962968;0,26636320;0,56932825;3,18220973;1,00000000
0,48703897;0,16962968;0,26636320;0,56948203;3,18220973;1,00000000
0,48710564;0,16962968;0,26636320;0,56978959;3,18220973;1,00000000
0,48717231;0,16962968;0,26667076;0,57009721;3,18220973;1,00000000
0,48723898;0,16947588;0,26667076;0,57040477;3,18190217;1,00000000
0,48730565;0,16947588;0,26667076;0,57071233;3,18220973;1,00000000
0,48737233;0,16947588;0,26667076;0,57101995;3,18282485;1,00000000
0,48743900;0,16947588;0,26667076;0,57148129;3,18343997;1,00000000
0,48750567;0,16947588;0,26667076;0,57178891;3,18343997;1,00000000
0,48757234;0,16947588;0,26667076;0,57209647;3,18343997;1,00000000
0,48763901;0,16947588;0,26667076;0,57255781;3,18343997;1,00000000
0,48770569;0,16947588;0,26697835;0,57286543;3,18343997;1,00000000
0,48777236;0,16962968;0,26728594;0,57332677;3,18343997;1,00000000
0,48783903;0,16962968;0,26728594;0,57348061;3,18374753;1,00000000
0,48790570;0,16962968;0,26759350;0,57378817;3,18405509;1,00000000
0,48797237;0,16962968;0,26759350;0,57424951;3,18436265;1,00000000
0,48803905;0,16962968;0,26759350;0,57471091;3,18436265;1,00000000
0,48810572;0,16962968;0,26790109;0,57517225;3,18436265;1,00000000
0,48817239;0,16962968;0,26820865;0,57578737;3,18436265;1,00000000
0,48823906;0,16962968;0,26820865;0,57609499;3,18467021;1,00000000
0,48830573;0,16962968;0,26820865;0,57655638;3,18467021;1,00000000
0,48837241;0,16962968;0,26851624;0,57701772;3,18559289;1,00000000
0,48843908;0,16962968;0,26851624;0,57763284;3,18590045;1,00000000
0,48850575;0,16962968;0,26851624;0,57809424;3,18620801;1,00000000
0,48857242;0,16962968;0,26882383;0,57855558;3,18620801;1,00000000
0,48863909;0,16962968;0,26882383;0,57901698;3,18620801;1,00000000
0,48870577;0,16962968;0,26882383;0,57932454;3,18620801;1,00000000
0,48877244;0,16978346;0,26913139;0,57993972;3,18620801;1,00000000
0,48883911;0,16978346;0,26913139;0,58055484;3,18651581;1,00000000
0,48890578;0,16978346;0,26943898;0,58117002;3,18682337;1,00000000
0,48897245;0,16978346;0,26974654;0,58178520;3,18713093;1,00000000
0,48903913;0,16978346;0,27005413;0,58224654;3,18743849;1,00000000
0,48910580;0,16978346;0,27036172;0,58270794;3,18713093;1,00000000
0,48917247;0,16978346;0,27036172;0,58301550;3,18713093;1,00000000
0,48923914;0,16993725;0,27036172;0,58347690;3,18743849;1,00000000
0,48930581;0,16993725;0,27066928;0,58393824;3,18743849;1,00000000
0,48937249;0,16993725;0,27097687;0,58424580;3,18743849;1,00000000
0,48943916;0,16993725;0,27128446;0,58470720;3,18774605;1,00000000
0,48950583;0,16993725;0,27159202;0,58486098;3,18805361;1,00000000
0,48957250;0,16993725;0,27159202;0,58516854;3,18774605;1,00000000
0,48963917;0,16993725;0,27159202;0,58547610;3,18805361;1,00000000
0,48970585;0,16993725;0,27128446;0,58562988;3,18805361;1,00000000
0,48977252;0,17009103;0,27128446;0,58578372;3,18805361;1,00000000
0,48983919;0,17009103;0,27128446;0,58593750;3,18805361;1,00000000
0,48990586;0,17009103;0,27159202;0,58609128;3,18805361;1,00000000
0,48997253;0,17009103;0,27159202;0,58624506;3,18805361;1,00000000
0,49003921;0,17009103;0,27159202;0,58639890;3,18774605;1,00000000
0,49010588;0,17009103;0,27189961;0,58655268;3,18774605;1,00000000
0,49017255;0,16993725;0,27159202;0,58655268;3,18743849;1,00000000
0,49023922;0,16993725;0,27128446;0,58670646;3,18743849;1,00000000
0,49030589;0,16993725;0,27097687;0,58670646;3,18743849;1,00000000
0,49037257;0,16993725;0,27097687;0,58670646;3,18743849;1,00000000
0,49043924;0,16993725;0,27097687;0,58670646;3,18743849;1,00000000
0,49050591;0,17009103;0,27097687;0,58686024;3,18743849;1,00000000
0,49057258;0,17009103;0,27128446;0,58686024;3,18713093;1,00000000
0,49063925;0,17009103;0,27097687;0,58686024;3,18651581;1,00000000
0,49070593;0,17009103;0,27097687;0,58686024;3,18620801;1,00000000
0,49077260;0,17009103;0,27097687;0,58686024;3,18620801;1,00000000
0,49083927;0,17024484;0,27066928;0,58686024;3,18620801;1,00000000
0,49090594;0,17024484;0,27066928;0,58686024;3,18620801;1,00000000
0,49097261;0,17024484;0,27036172;0,58686024;3,18620801;1,00000000
0,49103929;0,17024484;0,27066928;0,58670646;3,18559289;1,00000000
0,49110596;0,17024484;0,27066928;0,58670646;3,18559289;1,00000000
0,49117263;0,17024484;0,27066928;0,58670646;3,18559289;1,00000000
0,49123930;0,17024484;0,27066928;0,58655268;3,18559289;1,00000000
0,49130597;0,17024484;0,27097687;0,58655268;3,18559289;1,00000000
0,49137265;0,17024484;0,27066928;0,58624506;3,18559289;1,00000000
0,49143932;0,17024484;0,27097687;0,58624506;3,18559289;1,00000000
0,49150599;0,17024484;0,27066928;0,58609128;3,18559289;1,00000000
0,49157266;0,17009103;0,27097687;0,58593750;3,18528533;1,00000000
0,49163933;0,17024484;0,27128446;0,58562988;3,18559289;1,00000000
0,49170601;0,17024484;0,27128446;0,58562988;3,18559289;1,00000000
0,49177268;0,17024484;0,27128446;0,58547610;3,18559289;1,00000000
0,49183935;0,17024484;0,27128446;0,58516854;3,18559289;1,00000000
0,49190602;0,17024484;0,27097687;0,58486098;3,18559289;1,00000000
0,49197269;0,17024484;0,27097687;0,58470720;3,18559289;1,00000000
0,49203937;0,17009103;0,27097687;0,58439958;3,18528533;1,00000000
0,49210604;0,17009103;0,27097687;0,58439958;3,18528533;1,00000000
0,49217271;0,17009103;0,27097687;0,58424580;3,18559289;1,00000000
0,49223938;0,17009103;0,27097687;0,58393824;3,18559289;1,00000000
0,49230605;0,17009103;0,27097687;0,58378446;3,18559289;1,00000000
0,49237273;0,16993725;0,27066928;0,58347690;3,18559289;1,00000000
0,49243940;0,16993725;0,27036172;0,58316928;3,18559289;1,00000000
0,49250607;0,16993725;0,27036172;0,58286172;3,18528533;1,00000000
0,49257274;0,16993725;0,27036172;0,58255410;3,18559289;1,00000000
0,49263941;0,16993725;0,27036172;0,58240032;3,18559289;1,00000000
0,49270609;0,16993725;0,27066928;0,58224654;3,18590045;1,00000000
0,49277276;0,16978346;0,27097687;0,58209276;3,18590045;1,00000000
0,49283943;0,16947588;0,27097687;0,58163142;3,18590045;1,00000000
0,49290610;0,16947588;0,27097687;0,58132380;3,18590045;1,00000000
0,49297277;0,16947588;0,27128446;0,58086246;3,18590045;1,00000000
0,49303945;0,16947588;0,27097687;0,58055484;3,18559289;1,00000000
0,49310612;0,16947588;0,27097687;0,58024728;3,18590045;1,00000000
0,49317279;0,16947588;0,27097687;0,58009350;3,18620801;1,00000000
0,49323946;0,16947588;0,27066928;0,57978594;3,18651581;1,00000000
0,49330613;0,16947588;0,27097687;0,57947832;3,18651581;1,00000000
0,49337281;0,16932210;0,27097687;0,57932454;3,18651581;1,00000000
0,49343948;0,16932210;0,27097687;0,57917076;3,18651581;1,00000000
0,49350615;0,16932210;0,27128446;0,57886314;3,18651581;1,00000000
0,49357282;0,16916829;0,27097687;0,57855558;3,18620801;1,00000000
0,49363949;0,16901451;0,27066928;0,57809424;3,18651581;1,00000000
0,49370617;0,16886072;0,27036172;0,57778668;3,18713093;1,00000000
0,49377284;0,16886072;0,27005413;0,57747906;3,18713093;1,00000000
0,49383951;0,16870694;0,27005413;0,57717150;3,18713093;1,00000000
0,49390618;0,16870694;0,27005413;0,57701772;3,18713093;1,00000000
0,49397285;0,16855314;0,27005413;0,57671016;3,18713093;1,00000000
0,49403953;0,16855314;0,27005413;0,57640254;3,18713093;1,00000000
0,49410620;0,16855314;0,27005413;0,57609499;3,18682337;1,00000000
0,49417287;0,16855314;0,26974654;0,57594121;3,18743849;1,00000000
0,49423954;0,16855314;0,27005413;0,57563359;3,18743849;1,00000000
0,49430621;0,16839936;0,26974654;0,57532603;3,18743849;1,00000000
0,49437289;0,16824557;0,27005413;0,57501847;3,18743849;1,00000000
0,49443956;0,16824557;0,27005413;0,57471091;3,18743849;1,00000000
0,49450623;0,16809179;0,27036172;0,57455707;3,18743849;1,00000000
0,49457290;0,16793799;0,27036172;0,57440329;3,18743849;1,00000000
0,49463957;0,16793799;0,27036172;0,57424951;3,18774605;1,00000000
0,49470625;0,16793799;0,27036172;0,57409573;3,18836117;1,00000000
0,49477292;0,16793799;0,27036172;0,57394195;3,18836117;1,00000000
0,49483959;0,16793799;0,27036172;0,57378817;3,18805361;1,00000000
0,49490626;0,16778421;0,27036172;0,57378817;3,18805361;1,00000000
0,49497293;0,16778421;0,27036172;0,57348061;3,18805361;1,00000000
0,49503961;0,16778421;0,27036172;0,57348061;3,18805361;1,00000000
0,49510628;0,16778421;0,27036172;0,57332677;3,18805361;1,00000000
0,49517295;0,16778421;0,27036172;0,57332677;3,18805361;1,00000000
0,49523962;0,16778421;0,27066928;0,57332677;3,18836117;1,00000000
0,49530629;0,16778421;0,27066928;0,57332677;3,18836117;1,00000000
0,49537297;0,16778421;0,27066928;0,57363439;3,18836117;1,00000000
0,49543964;0,16778421;0,27097687;0,57348061;3,18805361;1,00000000
0,49550631;0,16778421;0,27128446;0,57348061;3,18836117;1,00000000
0,49557298;0,16778421;0,27159202;0,57348061;3,18836117;1,00000000
0,49563965;0,16763040;0,27189961;0,57348061;3,18836117;1,00000000
0,49570633;0,16747662;0,27220720;0,57348061;3,18897629;1,00000000
0,49577300;0,16747662;0,27251476;0,57363439;3,18928385;1,00000000
0,49583967;0,16763040;0,27251476;0,57394195;3,18928385;1,00000000
0,49590634;0,16763040;0,27251476;0,57394195;3,18928385;1,00000000
0,49597301;0,16778421;0,27251476;0,57394195;3,18928385;1,00000000
0,49603969;0,16793799;0,27282235;0,57409573;3,18928385;1,00000000
0,49610636;0,16793799;0,27312991;0,57424951;3,18928385;1,00000000
0,49617303;0,16793799;0,27343750;0,57424951;3,18928385;1,00000000
0,49623970;0,16793799;0,27343750;0,57424951;3,18928385;1,00000000
0,49630637;0,16793799;0,27343750;0,57424951;3,18989897;1,00000000
0,49637305;0,16793799;0,27343750;0,57455707;3,19051409;1,00000000
0,49643972;0,16809179;0,27343750;0,57471091;3,19020653;1,00000000
0,49650639;0,16809179;0,27343750;0,57501847;3,18989897;1,00000000
0,49657306;0,16809179;0,27374509;0,57517225;3,18989897;1,00000000
0,49663973;0,16824557;0,27405265;0,57547981;3,18989897;1,00000000
0,49670641;0,16824557;0,27436024;0,57578737;3,18989897;1,00000000
0,49677308;0,16824557;0,27436024;0,57609499;3,18959141;1,00000000
0,49683975;0,16809179;0,27466780;0,57624876;3,18989897;1,00000000
0,49690642;0,16809179;0,27466780;0,57655638;3,18989897;1,00000000
0,49697309;0,16824557;0,27466780;0,57671016;3,18959141;1,00000000
0,49703977;0,16824557;0,27466780;0,57686394;3,18928385;1,00000000
0,49710644;0,16824557;0,27497539;0,57717150;3,18897629;1,00000000
0,49717311;0,16824557;0,27497539;0,57732528;3,18897629;1,00000000
0,49723978;0,16824557;0,27528298;0,57763284;3,18897629;1,00000000
0,49730645;0,16824557;0,27528298;0,57794046;3,18866873;1,00000000
0,49737313;0,16824557;0,27528298;0,57824802;3,18836117;1,00000000
0,49743980;0,16809179;0,27528298;0,57855558;3,18836117;1,00000000
0,49750647;0,16793799;0,27497539;0,57870936;3,18805361;1,00000000
0,49757314;0,16778421;0,27466780;0,57886314;3,18774605;1,00000000
0,49763981;0,16778421;0,27466780;0,57917076;3,18743849;1,00000000
0,49770649;0,16763040;0,27466780;0,57932454;3,18713093;1,00000000
0,49777316;0,16763040;0,27497539;0,57947832;3,18682337;1,00000000
0,49783983;0,16763040;0,27528298;0,57978594;3,18651581;1,00000000
0,49790650;0,16778421;0,27559054;0,58009350;3,18620801;1,00000000
0,49797317;0,16778421;0,27528298;0,58024728;3,18620801;1,00000000
0,49803985;0,16763040;0,27528298;0,58055484;3,18620801;1,00000000
0,49810652;0,16763040;0,27497539;0,58070862;3,18590045;1,00000000
0,49817319;0,16763040;0,27466780;0,58086246;3,18528533;1,00000000
0,49823986;0,16763040;0,27466780;0,58101624;3,18436265;1,00000000
0,49830653;0,16763040;0,27436024;0,58132380;3,18374753;1,00000000
0,49837321;0,16763040;0,27466780;0,58163142;3,18343997;1,00000000
0,49843988;0,16778421;0,27466780;0,58178520;3,18343997;1,00000000
0,49850655;0,16793799;0,27466780;0,58209276;3,18343997;1,00000000
0,49857322;0,16778421;0,27436024;0,58255410;3,18313241;1,00000000
0,49863989;0,16793799;0,27405265;0,58270794;3,18282485;1,00000000
0,49870657;0,16793799;0,27374509;0,58301550;3,18220973;1,00000000
0,49877324;0,16778421;0,27343750;0,58316928;3,18159461;1,00000000
0,49883991;0,16778421;0,27312991;0,58347690;3,18128681;1,00000000
0,49890658;0,16763040;0,27343750;0,58363068;3,18128681;1,00000000
0,49897325;0,16778421;0,27312991;0,58378446;3,18128681;1,00000000
0,49903993;0,16778421;0,27312991;0,58409202;3,18128681;1,00000000
0,49910660;0,16763040;0,27312991;0,58424580;3,18097925;1,00000000
0,49917327;0,16763040;0,27312991;0,58439958;3,18097925;1,00000000
0,49923994;0,16763040;0,27282235;0,58455342;3,18067169;1,00000000
0,49930661;0,16763040;0,27282235;0,58470720;3,18036413;1,00000000
0,49937329;0,16763040;0,27251476;0,58486098;3,18036413;1,00000000
0,49943996;0,16763040;0,27251476;0,58501476;3,18036413;1,00000000
0,49950663;0,16763040;0,27251476;0,58532232;3,18036413;1,00000000
0,49957330;0,16763040;0,27220720;0,58547610;3,18036413;1,00000000
0,49963997;0,16747662;0,27189961;0,58562988;3,18005657;1,00000000
0,49970665;0,16732283;0,27159202;0,58578372;3,17974901;1,00000000
0,49977332;0,16716905;0,27159202;0,58593750;3,17974901;1,00000000
0,49983999;0,16716905;0,27159202;0,58624506;3,17974901;1,00000000
0,49990666;0,16701525;0,27189961;0,58639890;3,17974901;1,00000000
0,49997333;0,16701525;0,27159202;0,58655268;3,17974901;1,00000000
0,50004001;0,16686147;0,27189961;0,58670646;3,18005657;1,00000000
0,50010668;0,16670766;0,27189961;0,58686024;3,18036413;1,00000000
0,50017335;0,16670766;0,27189961;0,58701402;3,18036413;1,00000000
0,50024002;0,16670766;0,27189961;0,58716780;3,18005657;1,00000000
0,50030669;0,16655388;0,27220720;0,58732158;3,18005657;1,00000000
0,50037337;0,16640009;0,27220720;0,58732158;3,18005657;1,00000000
0,50044004;0,16655388;0,27220720;0,58747536;3,18036413;1,00000000
0,50050671;0,16640009;0,27251476;0,58762920;3,18067169;1,00000000
0,50057338;0,16624631;0,27282235;0,58778298;3,18067169;1,00000000
0,50064005;0,16624631;0,27282235;0,58793676;3,18036413;1,00000000
0,50070673;0,16624631;0,27282235;0,58793676;3,18036413;1,00000000
0,50077340;0,16624631;0,27251476;0,58809054;3,18067169;1,00000000
0,50084007;0,16624631;0,27220720;0,58824432;3,18067169;1,00000000
0,50090674;0,16609251;0,27251476;0,58809054;3,18097925;1,00000000
0,50097341;0,16609251;0,27251476;0,58809054;3,18128681;1,00000000
0,50104009;0,16593874;0,27220720;0,58809054;3,18159461;1,00000000
0,50110676;0,16578494;0,27251476;0,58793676;3,18190217;1,00000000
0,50117343;0,16578494;0,27282235;0,58793676;3,18159461;1,00000000
0,50124010;0,16578494;0,27312991;0,58778298;3,18128681;1,00000000
0,50130677;0,16578494;0,27312991;0,58793676;3,18159461;1,00000000
0,50137345;0,16578494;0,27312991;0,58793676;3,18190217;1,00000000
0,50144012;0,16578494;0,27282235;0,58778298;3,18220973;1,00000000
0,50150679;0,16593874;0,27251476;0,58762920;3,18220973;1,00000000
0,50157346;0,16593874;0,27251476;0,58762920;3,18251729;1,00000000
0,50164013;0,16578494;0,27282235;0,58762920;3,18251729;1,00000000
0,50170681;0,16563116;0,27282235;0,58747536;3,18220973;1,00000000
0,50177348;0,16563116;0,27312991;0,58732158;3,18251729;1,00000000
0,50184015;0,16563116;0,27282235;0,58701402;3,18282485;1,00000000
0,50190682;0,16563116;0,27282235;0,58670646;3,18282485;1,00000000
0,50197349;0,16578494;0,27282235;0,58639890;3,18313241;1,00000000
0,50204017;0,16593874;0,27251476;0,58624506;3,18343997;1,00000000
0,50210684;0,16609251;0,27251476;0,58593750;3,18343997;1,00000000
0,50217351;0,16609251;0,27251476;0,58562988;3,18343997;1,00000000
0,50224018;0,16593874;0,27282235;0,58532232;3,18343997;1,00000000
0,50230685;0,16578494;0,27282235;0,58516854;3,18313241;1,00000000
0,50237353;0,16593874;0,27282235;0,58486098;3,18343997;1,00000000
0,50244020;0,16593874;0,27282235;0,58439958;3,18374753;1,00000000
0,50250687;0,16609251;0,27251476;0,58409202;3,18405509;1,00000000
0,50257354;0,16624631;0,27220720;0,58393824;3,18374753;1,00000000
0,50264021;0,16640009;0,27220720;0,58363068;3,18374753;1,00000000
0,50270689;0,16640009;0,27220720;0,58332312;3,18374753;1,00000000
0,50277356;0,16640009;0,27251476;0,58301550;3,18374753;1,00000000
0,50284023;0,16640009;0,27282235;0,58270794;3,18343997;1,00000000
0,50290690;0,16655388;0,27282235;0,58255410;3,18343997;1,00000000
0,50297357;0,16655388;0,27282235;0,58224654;3,18343997;1,00000000
0,50304025;0,16640009;0,27251476;0,58178520;3,18343997;1,00000000
0,50310692;0,16655388;0,27220720;0,58147764;3,18343997;1,00000000
0,50317359;0,16670766;0,27220720;0,58101624;3,18343997;1,00000000
0,50324026;0,16670766;0,27251476;0,58070862;3,18343997;1,00000000
0,50330693;0,16670766;0,27251476;0,58024728;3,18343997;1,00000000
0,50337361;0,16670766;0,27251476;0,57993972;3,18374753;1,00000000
0,50344028;0,16670766;0,27282235;0,57963216;3,18436265;1,00000000
0,50350695;0,16670766;0,27312991;0,57901698;3,18405509;1,00000000
0,50357362;0,16686147;0,27312991;0,57870936;3,18405509;1,00000000
0,50364029;0,16686147;0,27282235;0,57824802;3,18405509;1,00000000
0,50370697;0,16686147;0,27251476;0,57778668;3,18405509;1,00000000
0,50377364;0,16686147;0,27220720;0,57732528;3,18436265;1,00000000
0,50384031;0,16686147;0,27220720;0,57701772;3,18436265;1,00000000
0,50390698;0,16701525;0,27251476;0,57671016;3,18374753;1,00000000
0,50397365;0,16701525;0,27282235;0,57640254;3,18374753;1,00000000
0,50404033;0,16701525;0,27312991;0,57609499;3,18405509;1,00000000
0,50410700;0,16716905;0,27282235;0,57578737;3,18405509;1,00000000
0,50417367;0,16716905;0,27282235;0,57532603;3,18405509;1,00000000
0,50424034;0,16716905;0,27251476;0,57486469;3,18405509;1,00000000
0,50430701;0,16732283;0,27282235;0,57424951;3,18405509;1,00000000
0,50437369;0,16747662;0,27282235;0,57394195;3,18436265;1,00000000
0,50444036;0,16763040;0,27312991;0,57363439;3,18374753;1,00000000
0,50450703;0,16778421;0,27312991;0,57332677;3,18343997;1,00000000
0,50457370;0,16793799;0,27312991;0,57301921;3,18374753;1,00000000
0,50464037;0,16809179;0,27343750;0,57271159;3,18374753;1,00000000
0,50470705;0,16809179;0,27343750;0,57255781;3,18374753;1,00000000
0,50477372;0,16809179;0,27312991;0,57209647;3,18374753;1,00000000
0,50484039;0,16793799;0,27312991;0,57163513;3,18374753;1,00000000
0,50490706;0,16809179;0,27312991;0,57148129;3,18405509;1,00000000
0,50497373;0,16809179;0,27282235;0,57132751;3,18343997;1,00000000
0,50504041;0,16809179;0,27312991;0,57101995;3,18313241;1,00000000
0,50510708;0,16809179;0,27312991;0,57086611;3,18313241;1,00000000
0,50517375;0,16809179;0,27312991;0,57055855;3,18313241;1,00000000
0,50524042;0,16824557;0,27312991;0,57025099;3,18313241;1,00000000
0,50530709;0,16824557;0,27312991;0,57009721;3,18313241;1,00000000
0,50537377;0,16839936;0,27343750;0,56978959;3,18343997;1,00000000
0,50544044;0,16839936;0,27312991;0,56963581;3,18313241;1,00000000
0,50550711;0,16839936;0,27312991;0,56932825;3,18251729;1,00000000
0,50557378;0,16855314;0,27343750;0,56917441;3,18190217;1,00000000
0,50564045;0,16855314;0,27312991;0,56902063;3,18159461;1,00000000
0,50570713;0,16855314;0,27282235;0,56886685;3,18159461;1,00000000
0,50577380;0,16855314;0,27282235;0,56871307;3,18159461;1,00000000
0,50584047;0,16824557;0,27251476;0,56840551;3,18159461;1,00000000
0,50590714;0,16824557;0,27220720;0,56825173;3,18128681;1,00000000
0,50597381;0,16824557;0,27189961;0,56794411;3,18128681;1,00000000
0,50604049;0,16839936;0,27159202;0,56779033;3,18097925;1,00000000
0,50610716;0,16855314;0,27159202;0,56763655;3,18067169;1,00000000
0,50617383;0,16855314;0,27159202;0,56748277;3,18067169;1,00000000
0,50624050;0,16855314;0,27128446;0,56732899;3,18067169;1,00000000
0,50630717;0,16839936;0,27097687;0,56717521;3,18067169;1,00000000
0,50637385;0,16839936;0,27066928;0,56717521;3,18067169;1,00000000
0,50644052;0,16839936;0,27066928;0,56717521;3,18097925;1,00000000
0,50650719;0,16839936;0,27066928;0,56717521;3,18067169;1,00000000
0,50657386;0,16839936;0,27036172;0,56732899;3,18036413;1,00000000
0,50664053;0,16839936;0,27036172;0,56748277;3,18067169;1,00000000
0,50670721;0,16824557;0,27066928;0,56763655;3,18067169;1,00000000
0,50677388;0,16824557;0,27066928;0,56779033;3,18067169;1,00000000
0,50684055;0,16809179;0,27036172;0,56794411;3,18067169;1,00000000
0,50690722;0,16809179;0,27036172;0,56809795;3,18097925;1,00000000
0,50697389;0,16809179;0,27036172;0,56840551;3,18128681;1,00000000
0,50704057;0,16809179;0,27005413;0,56855929;3,18097925;1,00000000
0,50710724;0,16809179;0,27005413;0,56871307;3,18067169;1,00000000
0,50717391;0,16809179;0,27005413;0,56902063;3,18067169;1,00000000
0,50724058;0,16809179;0,27036172;0,56932825;3,18097925;1,00000000
0,50730725;0,16809179;0,27066928;0,56948203;3,18097925;1,00000000
0,50737393;0,16809179;0,27066928;0,56994343;3,18097925;1,00000000
0,50744060;0,16809179;0,27066928;0,57025099;3,18097925;1,00000000
0,50750727;0,16809179;0,27066928;0,57055855;3,18097925;1,00000000
0,50757394;0,16793799;0,27097687;0,57086611;3,18097925;1,00000000
0,50764061;0,16793799;0,27066928;0,57117373;3,18097925;1,00000000
0,50770729;0,16793799;0,27097687;0,57148129;3,18128681;1,00000000
0,50777396;0,16793799;0,27097687;0,57178891;3,18159461;1,00000000
0,50784063;0,16793799;0,27128446;0,57240403;3,18159461;1,00000000
0,50790730;0,16778421;0,27159202;0,57286543;3,18190217;1,00000000
0,50797397;0,16778421;0,27159202;0,57332677;3,18190217;1,00000000
0,50804065;0,16778421;0,27159202;0,57378817;3,18220973;1,00000000
0,50810732;0,16778421;0,27128446;0,57424951;3,18282485;1,00000000
0,50817399;0,16778421;0,27128446;0,57455707;3,18313241;1,00000000
0,50824066;0,16778421;0,27128446;0,57501847;3,18313241;1,00000000
0,50830733;0,16778421;0,27128446;0,57547981;3,18313241;1,00000000
0,50837401;0,16778421;0,27128446;0,57578737;3,18313241;1,00000000
0,50844068;0,16778421;0,27159202;0,57640254;3,18343997;1,00000000
0,50850735;0,16778421;0,27159202;0,57686394;3,18374753;1,00000000
0,50857402;0,16778421;0,27159202;0,57732528;3,18405509;1,00000000
0,50864069;0,16793799;0,27128446;0,57778668;3,18467021;1,00000000
0,50870737;0,16778421;0,27128446;0,57840180;3,18467021;1,00000000
0,50877404;0,16793799;0,27159202;0,57886314;3,18467021;1,00000000
0,50884071;0,16793799;0,27159202;0,57932454;3,18528533;1,00000000
0,50890738;0,16793799;0,27189961;0,57993972;3,18528533;1,00000000
0,50897405;0,16793799;0,27220720;0,58040106;3,18559289;1,00000000
0,50904073;0,16793799;0,27251476;0,58086246;3,18590045;1,00000000
0,50910740;0,16809179;0,27251476;0,58132380;3,18651581;1,00000000
0,50917407;0,16809179;0,27251476;0,58163142;3,18651581;1,00000000
0,50924074;0,16809179;0,27282235;0,58193898;3,18651581;1,00000000
0,50930741;0,16809179;0,27282235;0,58240032;3,18651581;1,00000000
0,50937409;0,16809179;0,27312991;0,58270794;3,18651581;1,00000000
0,50944076;0,16809179;0,27343750;0,58301550;3,18651581;1,00000000
0,50950743;0,16824557;0,27374509;0,58347690;3,18651581;1,00000000
0,50957410;0,16824557;0,27343750;0,58378446;3,18651581;1,00000000
0,50964077;0,16824557;0,27343750;0,58409202;3,18651581;1,00000000
0,50970745;0,16824557;0,27343750;0,58424580;3,18651581;1,00000000
0,50977412;0,16824557;0,27343750;0,58439958;3,18651581;1,00000000
0,50984079;0,16839936;0,27343750;0,58455342;3,18651581;1,00000000
0,50990746;0,16870694;0,27374509;0,58486098;3,18651581;1,00000000
0,50997413;0,16870694;0,27343750;0,58516854;3,18651581;1,00000000
0,51004081;0,16870694;0,27312991;0,58547610;3,18651581;1,00000000
0,51010748;0,16870694;0,27312991;0,58562988;3,18651581;1,00000000
0,51017415;0,16855314;0,27282235;0,58578372;3,18620801;1,00000000
0,51024082;0,16855314;0,27282235;0,58578372;3,18590045;1,00000000
0,51030749;0,16855314;0,27282235;0,58593750;3,18559289;1,00000000
0,51037417;0,16855314;0,27251476;0,58593750;3,18559289;1,00000000
0,51044084;0,16855314;0,27251476;0,58593750;3,18559289;1,00000000
0,51050751;0,16855314;0,27251476;0,58593750;3,18559289;1,00000000
0,51057418;0,16855314;0,27251476;0,58593750;3,18559289;1,00000000
0,51064085;0,16870694;0,27251476;0,58593750;3,18559289;1,00000000
0,51070753;0,16870694;0,27251476;0,58609128;3,18559289;1,00000000
0,51077420;0,16870694;0,27251476;0,58593750;3,18467021;1,00000000
0,51084087;0,16870694;0,27251476;0,58578372;3,18467021;1,00000000
0,51090754;0,16870694;0,27251476;0,58562988;3,18467021;1,00000000
0,51097421;0,16870694;0,27220720;0,58562988;3,18467021;1,00000000
0,51104089;0,16870694;0,27220720;0,58562988;3,18467021;1,00000000
0,51110756;0,16870694;0,27220720;0,58547610;3,18436265;1,00000000
0,51117423;0,16870694;0,27251476;0,58532232;3,18405509;1,00000000
0,51124090;0,16870694;0,27251476;0,58532232;3,18343997;1,00000000
0,51130757;0,16870694;0,27220720;0,58532232;3,18374753;1,00000000
0,51137425;0,16870694;0,27220720;0,58516854;3,18374753;1,00000000
0,51144092;0,16870694;0,27220720;0,58516854;3,18374753;1,00000000
0,51150759;0,16870694;0,27189961;0,58501476;3,18374753;1,00000000
0,51157426;0,16870694;0,27189961;0,58470720;3,18343997;1,00000000
0,51164093;0,16870694;0,27220720;0,58439958;3,18343997;1,00000000
0,51170761;0,16870694;0,27251476;0,58424580;3,18282485;1,00000000
0,51177428;0,16886072;0,27220720;0,58424580;3,18251729;1,00000000
0,51184095;0,16886072;0,27220720;0,58409202;3,18282485;1,00000000
0,51190762;0,16870694;0,27189961;0,58378446;3,18313241;1,00000000
0,51197429;0,16870694;0,27220720;0,58347690;3,18313241;1,00000000
0,51204097;0,16870694;0,27220720;0,58332312;3,18313241;1,00000000
0,51210764;0,16870694;0,27251476;0,58316928;3,18313241;1,00000000
0,51217431;0,16870694;0,27220720;0,58301550;3,18313241;1,00000000
0,51224098;0,16870694;0,27220720;0,58286172;3,18313241;1,00000000
0,51230765;0,16870694;0,27189961;0,58270794;3,18313241;1,00000000
0,51237433;0,16870694;0,27189961;0,58240032;3,18343997;1,00000000
0,51244100;0,16870694;0,27189961;0,58209276;3,18405509;1,00000000
0,51250767;0,16870694;0,27159202;0,58193898;3,18436265;1,00000000
0,51257434;0,16870694;0,27128446;0,58178520;3,18436265;1,00000000
0,51264101;0,16855314;0,27128446;0,58163142;3,18436265;1,00000000
0,51270769;0,16855314;0,27128446;0,58132380;3,18436265;1,00000000
0,51277436;0,16855314;0,27097687;0,58101624;3,18436265;1,00000000
0,51284103;0,16855314;0,27066928;0,58070862;3,18436265;1,00000000
0,51290770;0,16839936;0,27066928;0,58040106;3,18436265;1,00000000
0,51297437;0,16839936;0,27066928;0,58009350;3,18467021;1,00000000
0,51304105;0,16824557;0,27097687;0,57978594;3,18528533;1,00000000
0,51310772;0,16809179;0,27066928;0,57947832;3,18559289;1,00000000
0,51317439;0,16809179;0,27036172;0,57932454;3,18559289;1,00000000
0,51324106;0,16809179;0,27005413;0,57917076;3,18559289;1,00000000
0,51330773;0,16809179;0,27005413;0,57901698;3,18559289;1,00000000
0,51337441;0,16809179;0,27005413;0,57886314;3,18528533;1,00000000
0,51344108;0,16809179;0,27005413;0,57840180;3,18467021;1,00000000
0,51350775;0,16793799;0,27005413;0,57809424;3,18528533;1,00000000
0,51357442;0,16793799;0,26974654;0,57794046;3,18559289;1,00000000
0,51364109;0,16793799;0,26943898;0,57747906;3,18559289;1,00000000
0,51370777;0,16778421;0,26913139;0,57717150;3,18559289;1,00000000
0,51377444;0,16778421;0,26913139;0,57686394;3,18590045;1,00000000
0,51384111;0,16778421;0,26943898;0,57655638;3,18590045;1,00000000
0,51390778;0,16778421;0,26913139;0,57640254;3,18590045;1,00000000
0,51397445;0,16778421;0,26943898;0,57609499;3,18590045;1,00000000
0,51404113;0,16763040;0,26974654;0,57594121;3,18620801;1,00000000
0,51410780;0,16763040;0,26974654;0,57563359;3,18651581;1,00000000
0,51417447;0,16763040;0,26943898;0,57532603;3,18682337;1,00000000
0,51424114;0,16763040;0,26913139;0,57501847;3,18713093;1,00000000
0,51430781;0,16763040;0,26882383;0,57471091;3,18682337;1,00000000
0,51437449;0,16763040;0,26882383;0,57440329;3,18651581;1,00000000
0,51444116;0,16778421;0,26882383;0,57424951;3,18651581;1,00000000
0,51450783;0,16778421;0,26913139;0,57409573;3,18651581;1,00000000
0,51457450;0,16778421;0,26913139;0,57409573;3,18682337;1,00000000
0,51464117;0,16778421;0,26913139;0,57409573;3,18713093;1,00000000
0,51470785;0,16778421;0,26882383;0,57378817;3,18743849;1,00000000
0,51477452;0,16778421;0,26882383;0,57363439;3,18774605;1,00000000
0,51484119;0,16763040;0,26851624;0,57348061;3,18743849;1,00000000
0,51490786;0,16763040;0,26820865;0,57317299;3,18743849;1,00000000
0,51497453;0,16763040;0,26820865;0,57317299;3,18743849;1,00000000
0,51504121;0,16763040;0,26851624;0,57317299;3,18743849;1,00000000
0,51510788;0,16763040;0,26851624;0,57301921;3,18743849;1,00000000
0,51517455;0,16747662;0,26851624;0,57301921;3,18774605;1,00000000
0,51524122;0,16747662;0,26851624;0,57301921;3,18805361;1,00000000
0,51530789;0,16747662;0,26851624;0,57301921;3,18805361;1,00000000
0,51537457;0,16747662;0,26851624;0,57317299;3,18836117;1,00000000
0,51544124;0,16732283;0,26851624;0,57317299;3,18836117;1,00000000
0,51550791;0,16716905;0,26851624;0,57317299;3,18836117;1,00000000
0,51557458;0,16701525;0,26882383;0,57317299;3,18836117;1,00000000
0,51564125;0,16701525;0,26882383;0,57301921;3,18836117;1,00000000
0,51570793;0,16686147;0,26882383;0,57317299;3,18836117;1,00000000
0,51577460;0,16686147;0,26882383;0,57317299;3,18836117;1,00000000
0,51584127;0,16686147;0,26882383;0,57332677;3,18836117;1,00000000
0,51590794;0,16686147;0,26913139;0,57348061;3,18866873;1,00000000
0,51597461;0,16686147;0,26913139;0,57363439;3,18866873;1,00000000
0,51604129;0,16670766;0,26913139;0,57394195;3,18866873;1,00000000
0,51610796;0,16655388;0,26913139;0,57409573;3,18866873;1,00000000
0,51617463;0,16655388;0,26943898;0,57409573;3,18866873;1,00000000
0,51624130;0,16655388;0,26974654;0,57440329;3,18866873;1,00000000
0,51630797;0,16655388;0,26974654;0,57455707;3,18897629;1,00000000
0,51637465;0,16655388;0,26974654;0,57471091;3,18866873;1,00000000
0,51644132;0,16640009;0,26974654;0,57501847;3,18866873;1,00000000
0,51650799;0,16640009;0,26974654;0,57532603;3,18866873;1,00000000
0,51657466;0,16624631;0,26943898;0,57547981;3,18866873;1,00000000
0,51664133;0,16624631;0,26974654;0,57578737;3,18866873;1,00000000
0,51670801;0,16624631;0,27005413;0,57609499;3,18866873;1,00000000
0,51677468;0,16640009;0,27036172;0,57640254;3,18866873;1,00000000
0,51684135;0,16640009;0,27036172;0,57671016;3,18866873;1,00000000
0,51690802;0,16640009;0,27036172;0,57686394;3,18836117;1,00000000
0,51697469;0,16640009;0,27005413;0,57717150;3,18805361;1,00000000
0,51704137;0,16640009;0,27005413;0,57747906;3,18805361;1,00000000
0,51710804;0,16640009;0,26974654;0,57778668;3,18774605;1,00000000
0,51717471;0,16640009;0,26974654;0,57809424;3,18743849;1,00000000
0,51724138;0,16624631;0,26974654;0,57840180;3,18743849;1,00000000
0,51730805;0,16640009;0,26974654;0,57870936;3,18743849;1,00000000
0,51737473;0,16640009;0,26974654;0,57886314;3,18743849;1,00000000
0,51744140;0,16640009;0,26943898;0,57917076;3,18713093;1,00000000
0,51750807;0,16640009;0,26974654;0,57947832;3,18651581;1,00000000
0,51757474;0,16640009;0,26943898;0,57963216;3,18590045;1,00000000
0,51764141;0,16655388;0,26943898;0,57993972;3,18559289;1,00000000
0,51770809;0,16655388;0,26974654;0,58009350;3,18559289;1,00000000
0,51777476;0,16655388;0,27005413;0,58055484;3,18559289;1,00000000
0,51784143;0,16655388;0,27036172;0,58086246;3,18559289;1,00000000
0,51790810;0,16640009;0,27066928;0,58101624;3,18559289;1,00000000
0,51797477;0,16655388;0,27036172;0,58132380;3,18436265;1,00000000
0,51804145;0,16640009;0,27036172;0,58147764;3,18374753;1,00000000
0,51810812;0,16640009;0,27036172;0,58163142;3,18313241;1,00000000
0,51817479;0,16655388;0,27005413;0,58193898;3,18251729;1,00000000
0,51824146;0,16640009;0,26974654;0,58209276;3,18220973;1,00000000
0,51830813;0,16624631;0,26943898;0,58240032;3,18190217;1,00000000
0,51837481;0,16624631;0,26974654;0,58255410;3,18159461;1,00000000
0,51844148;0,16609251;0,26974654;0,58286172;3,18128681;1,00000000
0,51850815;0,16609251;0,27005413;0,58316928;3,18097925;1,00000000
0,51857482;0,16609251;0,27005413;0,58347690;3,18097925;1,00000000
0,51864149;0,16609251;0,26974654;0,58347690;3,18067169;1,00000000
0,51870817;0,16609251;0,26943898;0,58363068;3,18036413;1,00000000
0,51877484;0,16624631;0,26913139;0,58393824;3,18005657;1,00000000
0,51884151;0,16609251;0,26882383;0,58424580;3,17974901;1,00000000
0,51890818;0,16609251;0,26913139;0,58455342;3,17974901;1,00000000
0,51897485;0,16593874;0,26882383;0,58470720;3,17944145;1,00000000
0,51904153;0,16593874;0,26882383;0,58486098;3,17913389;1,00000000
0,51910820;0,16578494;0,26882383;0,58516854;3,17882633;1,00000000
0,51917487;0,16578494;0,26851624;0,58532232;3,17882633;1,00000000
0,51924154;0,16563116;0,26851624;0,58547610;3,17882633;1,00000000
0,51930821;0,16563116;0,26820865;0,58562988;3,17851877;1,00000000
0,51937489;0,16563116;0,26790109;0,58562988;3,17851877;1,00000000
0,51944156;0,16563116;0,26790109;0,58593750;3,17851877;1,00000000
0,51950823;0,16563116;0,26790109;0,58624506;3,17851877;1,00000000
0,51957490;0,16547737;0,26820865;0,58639890;3,17821121;1,00000000
0,51964157;0,16532359;0,26820865;0,58639890;3,17851877;1,00000000
0,51970825;0,16532359;0,26820865;0,58655268;3,17851877;1,00000000
0,51977492;0,16547737;0,26790109;0,58670646;3,17851877;1,00000000
0,51984159;0,16547737;0,26790109;0,58686024;3,17851877;1,00000000
0,51990826;0,16547737;0,26759350;0,58701402;3,17851877;1,00000000
0,51997493;0,16532359;0,26759350;0,58701402;3,17851877;1,00000000
0,52004161;0,16532359;0,26759350;0,58716780;3,17851877;1,00000000
0,52010828;0,16532359;0,26790109;0,58732158;3,17851877;1,00000000
0,52017495;0,16516978;0,26820865;0,58747536;3,17882633;1,00000000
0,52024162;0,16501600;0,26790109;0,58762920;3,17882633;1,00000000
0,52030829;0,16501600;0,26759350;0,58762920;3,17882633;1,00000000
0,52037497;0,16501600;0,26790109;0,58778298;3,17882633;1,00000000
0,52044164;0,16501600;0,26820865;0,58809054;3,17882633;1,00000000
0,52050831;0,16486220;0,26820865;0,58824432;3,17851877;1,00000000
0,52057498;0,16501600;0,26820865;0,58855188;3,17913389;1,00000000
0,52064165;0,16501600;0,26820865;0,58855188;3,17944145;1,00000000
0,52070833;0,16516978;0,26851624;0,58870566;3,17974901;1,00000000
0,52077500;0,16532359;0,26882383;0,58870566;3,17974901;1,00000000
0,52084167;0,16532359;0,26913139;0,58870566;3,17944145;1,00000000
0,52090834;0,16532359;0,26913139;0,58870566;3,17913389;1,00000000
0,52097501;0,16516978;0,26882383;0,58855188;3,17944145;1,00000000
0,52104169;0,16516978;0,26851624;0,58855188;3,18005657;1,00000000
0,52110836;0,16532359;0,26820865;0,58839810;3,18036413;1,00000000
0,52117503;0,16516978;0,26851624;0,58839810;3,18067169;1,00000000
0,52124170;0,16532359;0,26882383;0,58824432;3,18097925;1,00000000
0,52130837;0,16547737;0,26882383;0,58809054;3,18097925;1,00000000
0,52137505;0,16547737;0,26851624;0,58809054;3,18097925;1,00000000
0,52144172;0,16532359;0,26851624;0,58793676;3,18067169;1,00000000
0,52150839;0,16516978;0,26851624;0,58778298;3,18097925;1,00000000
0,52157506;0,16516978;0,26851624;0,58762920;3,18128681;1,00000000
0,52164173;0,16501600;0,26882383;0,58747536;3,18159461;1,00000000
0,52170841;0,16486220;0,26882383;0,58732158;3,18190217;1,00000000
0,52177508;0,16501600;0,26913139;0,58716780;3,18190217;1,00000000
0,52184175;0,16501600;0,26913139;0,58701402;3,18190217;1,00000000
0,52190842;0,16516978;0,26913139;0,58686024;3,18190217;1,00000000
0,52197509;0,16501600;0,26943898;0,58655268;3,18159461;1,00000000
0,52204177;0,16516978;0,26974654;0,58624506;3,18220973;1,00000000
0,52210844;0,16532359;0,26974654;0,58609128;3,18251729;1,00000000
0,52217511;0,16547737;0,27005413;0,58578372;3,18282485;1,00000000
0,52224178;0,16563116;0,27005413;0,58547610;3,18282485;1,00000000
0,52230845;0,16563116;0,27005413;0,58516854;3,18282485;1,00000000
0,52237513;0,16578494;0,27036172;0,58486098;3,18282485;1,00000000
0,52244180;0,16578494;0,27036172;0,58455342;3,18282485;1,00000000
0,52250847;0,16578494;0,27036172;0,58424580;3,18313241;1,00000000
0,52257514;0,16593874;0,27036172;0,58378446;3,18374753;1,00000000
0,52264181;0,16593874;0,27005413;0,58332312;3,18405509;1,00000000
0,52270849;0,16609251;0,27005413;0,58301550;3,18436265;1,00000000
0,52277516;0,16609251;0,27005413;0,58270794;3,18436265;1,00000000
0,52284183;0,16624631;0,27005413;0,58255410;3,18436265;1,00000000
0,52290850;0,16655388;0,27036172;0,58224654;3,18436265;1,00000000
0,52297517;0,16655388;0,27066928;0,58178520;3,18436265;1,00000000
0,52304185;0,16670766;0,27066928;0,58147764;3,18405509;1,00000000
0,52310852;0,16655388;0,27066928;0,58101624;3,18405509;1,00000000
0,52317519;0,16640009;0,27036172;0,58070862;3,18405509;1,00000000
0,52324186;0,16655388;0,27005413;0,58040106;3,18405509;1,00000000
0,52330853;0,16655388;0,27005413;0,58009350;3,18405509;1,00000000
0,52337521;0,16655388;0,27036172;0,57978594;3,18405509;1,00000000
0,52344188;0,16670766;0,27066928;0,57932454;3,18405509;1,00000000
0,52350855;0,16686147;0,27066928;0,57886314;3,18405509;1,00000000
0,52357522;0,16701525;0,27066928;0,57840180;3,18405509;1,00000000
0,52364189;0,16701525;0,27097687;0,57809424;3,18405509;1,00000000
0,52370857;0,16701525;0,27066928;0,57763284;3,18405509;1,00000000
0,52377524;0,16732283;0,27066928;0,57732528;3,18405509;1,00000000
0,52384191;0,16732283;0,27097687;0,57686394;3,18436265;1,00000000
0,52390858;0,16747662;0,27097687;0,57655638;3,18436265;1,00000000
0,52397525;0,16747662;0,27128446;0,57609499;3,18436265;1,00000000
0,52404193;0,16763040;0,27128446;0,57563359;3,18436265;1,00000000
0,52410860;0,16763040;0,27159202;0,57532603;3,18436265;1,00000000
0,52417527;0,16763040;0,27159202;0,57501847;3,18467021;1,00000000
0,52424194;0,16778421;0,27128446;0,57455707;3,18467021;1,00000000
0,52430861;0,16778421;0,27128446;0,57424951;3,18467021;1,00000000
0,52437529;0,16778421;0,27128446;0,57394195;3,18467021;1,00000000
0,52444196;0,16793799;0,27159202;0,57348061;3,18528533;1,00000000
0,52450863;0,16793799;0,27189961;0,57317299;3,18559289;1,00000000
0,52457530;0,16793799;0,27220720;0,57286543;3,18559289;1,00000000
0,52464197;0,16793799;0,27220720;0,57255781;3,18559289;1,00000000
0,52470865;0,16809179;0,27251476;0,57225025;3,18559289;1,00000000
0,52477532;0,16824557;0,27220720;0,57178891;3,18559289;1,00000000
0,52484199;0,16824557;0,27220720;0,57148129;3,18559289;1,00000000
0,52490866;0,16824557;0,27220720;0,57101995;3,18559289;1,00000000
0,52497533;0,16839936;0,27189961;0,57055855;3,18559289;1,00000000
0,52504201;0,16855314;0,27189961;0,57009721;3,18528533;1,00000000
0,52510868;0,16855314;0,27189961;0,56978959;3,18436265;1,00000000
0,52517535;0,16870694;0,27220720;0,56963581;3,18405509;1,00000000
0,52524202;0,16870694;0,27220720;0,56932825;3,18405509;1,00000000
0,52530869;0,16870694;0,27220720;0,56902063;3,18405509;1,00000000
0,52537537;0,16870694;0,27220720;0,56886685;3,18405509;1,00000000
0,52544204;0,16870694;0,27189961;0,56871307;3,18405509;1,00000000
0,52550871;0,16870694;0,27159202;0,56840551;3,18405509;1,00000000
0,52557538;0,16870694;0,27128446;0,56809795;3,18343997;1,00000000
0,52564205;0,16870694;0,27159202;0,56794411;3,18313241;1,00000000
0,52570873;0,16870694;0,27159202;0,56779033;3,18282485;1,00000000
0,52577540;0,16886072;0,27159202;0,56748277;3,18282485;1,00000000
0,52584207;0,16886072;0,27128446;0,56717521;3,18282485;1,00000000
0,52590874;0,16886072;0,27128446;0,56702143;3,18282485;1,00000000
0,52597541;0,16886072;0,27128446;0,56671381;3,18313241;1,00000000
0,52604209;0,16886072;0,27128446;0,56656003;3,18251729;1,00000000
0,52610876;0,16886072;0,27097687;0,56640625;3,18220973;1,00000000
0,52617543;0,16886072;0,27097687;0,56625247;3,18190217;1,00000000
0,52624210;0,16886072;0,27128446;0,56625247;3,18190217;1,00000000
0,52630877;0,16886072;0,27097687;0,56609863;3,18190217;1,00000000
0,52637545;0,16886072;0,27066928;0,56609863;3,18220973;1,00000000
0,52644212;0,16886072;0,27066928;0,56609863;3,18251729;1,00000000
0,52650879;0,16886072;0,27036172;0,56625247;3,18282485;1,00000000
0,52657546;0,16886072;0,27005413;0,56609863;3,18251729;1,00000000
0,52664213;0,16886072;0,27036172;0,56625247;3,18251729;1,00000000
0,52670881;0,16886072;0,27036172;0,56640625;3,18251729;1,00000000
0,52677548;0,16886072;0,27066928;0,56656003;3,18251729;1,00000000
0,52684215;0,16886072;0,27036172;0,56671381;3,18251729;1,00000000
0,52690882;0,16870694;0,27005413;0,56686765;3,18251729;1,00000000
0,52697549;0,16855314;0,26974654;0,56702143;3,18251729;1,00000000
0,52704217;0,16855314;0,26974654;0,56717521;3,18282485;1,00000000
0,52710884;0,16855314;0,26974654;0,56732899;3,18313241;1,00000000
0,52717551;0,16855314;0,27005413;0,56779033;3,18282485;1,00000000
0,52724218;0,16855314;0,27036172;0,56794411;3,18313241;1,00000000
0,52730885;0,16855314;0,27066928;0,56840551;3,18343997;1,00000000
0,52737553;0,16855314;0,27066928;0,56871307;3,18343997;1,00000000
0,52744220;0,16855314;0,27066928;0,56917441;3,18343997;1,00000000
0,52750887;0,16855314;0,27097687;0,56963581;3,18343997;1,00000000
0,52757554;0,16855314;0,27066928;0,56994343;3,18343997;1,00000000
0,52764221;0,16855314;0,27066928;0,57025099;3,18374753;1,00000000
0,52770889;0,16855314;0,27066928;0,57055855;3,18343997;1,00000000
0,52777556;0,16855314;0,27097687;0,57101995;3,18343997;1,00000000
0,52784223;0,16855314;0,27128446;0,57163513;3,18374753;1,00000000
0,52790890;0,16855314;0,27128446;0,57209647;3,18405509;1,00000000
0,52797557;0,16855314;0,27128446;0,57286543;3,18405509;1,00000000
0,52804225;0,16855314;0,27128446;0,57317299;3,18405509;1,00000000
0,52810892;0,16855314;0,27128446;0,57363439;3,18436265;1,00000000
0,52817559;0,16855314;0,27159202;0,57424951;3,18528533;1,00000000
0,52824226;0,16855314;0,27159202;0,57486469;3,18590045;1,00000000
0,52830893;0,16855314;0,27189961;0,57532603;3,18620801;1,00000000
0,52837561;0,16855314;0,27220720;0,57578737;3,18620801;1,00000000
0,52844228;0,16855314;0,27220720;0,57640254;3,18620801;1,00000000
0,52850895;0,16855314;0,27220720;0,57686394;3,18651581;1,00000000
0,52857562;0,16855314;0,27220720;0,57747906;3,18682337;1,00000000
0,52864229;0,16855314;0,27189961;0,57809424;3,18743849;1,00000000
0,52870897;0,16855314;0,27189961;0,57855558;3,18774605;1,00000000
0,52877564;0,16855314;0,27189961;0,57901698;3,18774605;1,00000000
0,52884231;0,16839936;0,27220720;0,57932454;3,18774605;1,00000000
0,52890898;0,16855314;0,27251476;0,57978594;3,18774605;1,00000000
0,52897565;0,16870694;0,27282235;0,58024728;3,18774605;1,00000000
0,52904233;0,16886072;0,27282235;0,58070862;3,18774605;1,00000000
0,52910900;0,16886072;0,27312991;0,58117002;3,18805361;1,00000000
0,52917567;0,16886072;0,27312991;0,58147764;3,18836117;1,00000000
0,52924234;0,16901451;0,27343750;0,58178520;3,18866873;1,00000000
0,52930901;0,16901451;0,27343750;0,58209276;3,18836117;1,00000000
0,52937569;0,16901451;0,27374509;0,58224654;3,18836117;1,00000000
0,52944236;0,16901451;0,27405265;0,58270794;3,18836117;1,00000000
0,52950903;0,16901451;0,27436024;0,58286172;3,18805361;1,00000000
0,52957570;0,16916829;0,27466780;0,58316928;3,18805361;1,00000000
0,52964237;0,16916829;0,27497539;0,58347690;3,18805361;1,00000000
0,52970905;0,16916829;0,27466780;0,58363068;3,18836117;1,00000000
0,52977572;0,16916829;0,27466780;0,58409202;3,18836117;1,00000000
0,52984239;0,16916829;0,27466780;0,58439958;3,18805361;1,00000000
0,52990906;0,16916829;0,27497539;0,58470720;3,18774605;1,00000000
0,52997573;0,16916829;0,27497539;0,58486098;3,18805361;1,00000000
0,53004241;0,16916829;0,27497539;0,58501476;3,18805361;1,00000000
0,53010908;0,16916829;0,27497539;0,58516854;3,18805361;1,00000000
0,53017575;0,16916829;0,27497539;0,58516854;3,18805361;1,00000000
0,53024242;0,16916829;0,27528298;0,58516854;3,18805361;1,00000000
0,53030909;0,16916829;0,27528298;0,58516854;3,18774605;1,00000000
0,53037577;0,16916829;0,27528298;0,58516854;3,18743849;1,00000000
0,53044244;0,16916829;0,27528298;0,58516854;3,18743849;1,00000000
0,53050911;0,16916829;0,27528298;0,58547610;3,18743849;1,00000000
0,53057578;0,16916829;0,27559054;0,58547610;3,18743849;1,00000000
0,53064245;0,16916829;0,27559054;0,58532232;3,18743849;1,00000000
0,53070913;0,16916829;0,27559054;0,58532232;3,18743849;1,00000000
0,53077580;0,16916829;0,27589813;0,58516854;3,18713093;1,00000000
0,53084247;0,16916829;0,27559054;0,58516854;3,18651581;1,00000000
0,53090914;0,16916829;0,27528298;0,58501476;3,18620801;1,00000000
0,53097581;0,16916829;0,27528298;0,58486098;3,18620801;1,00000000
0,53104249;0,16916829;0,27528298;0,58486098;3,18620801;1,00000000
0,53110916;0,16916829;0,27528298;0,58486098;3,18620801;1,00000000
0,53117583;0,16916829;0,27559054;0,58486098;3,18620801;1,00000000
0,53124250;0,16916829;0,27559054;0,58486098;3,18590045;1,00000000
0,53130917;0,16916829;0,27589813;0,58486098;3,18528533;1,00000000
0,53137585;0,16916829;0,27620572;0,58486098;3,18559289;1,00000000
0,53144252;0,16901451;0,27620572;0,58470720;3,18590045;1,00000000
0,53150919;0,16886072;0,27589813;0,58455342;3,18590045;1,00000000
0,53157586;0,16886072;0,27559054;0,58439958;3,18590045;1,00000000
0,53164253;0,16886072;0,27559054;0,58409202;3,18590045;1,00000000
0,53170921;0,16886072;0,27589813;0,58378446;3,18590045;1,00000000
0,53177588;0,16886072;0,27620572;0,58363068;3,18590045;1,00000000
0,53184255;0,16886072;0,27620572;0,58363068;3,18559289;1,00000000
0,53190922;0,16870694;0,27651328;0,58363068;3,18590045;1,00000000
0,53197589;0,16870694;0,27682087;0,58363068;3,18590045;1,00000000
0,53204257;0,16855314;0,27682087;0,58332312;3,18590045;1,00000000
0,53210924;0,16855314;0,27651328;0,58301550;3,18590045;1,00000000
0,53217591;0,16855314;0,27620572;0,58270794;3,18559289;1,00000000
0,53224258;0,16855314;0,27620572;0,58240032;3,18528533;1,00000000
0,53230925;0,16855314;0,27620572;0,58209276;3,18528533;1,00000000
0,53237593;0,16855314;0,27620572;0,58178520;3,18559289;1,00000000
0,53244260;0,16839936;0,27651328;0,58147764;3,18559289;1,00000000
0,53250927;0,16839936;0,27620572;0,58117002;3,18590045;1,00000000
0,53257594;0,16839936;0,27620572;0,58086246;3,18590045;1,00000000
0,53264261;0,16839936;0,27589813;0,58055484;3,18559289;1,00000000
0,53270929;0,16839936;0,27589813;0,58040106;3,18559289;1,00000000
0,53277596;0,16839936;0,27620572;0,57993972;3,18559289;1,00000000
0,53284263;0,16839936;0,27620572;0,57963216;3,18590045;1,00000000
0,53290930;0,16839936;0,27651328;0,57947832;3,18620801;1,00000000
0,53297597;0,16839936;0,27651328;0,57917076;3,18620801;1,00000000
0,53304265;0,16839936;0,27651328;0,57901698;3,18620801;1,00000000
0,53310932;0,16839936;0,27682087;0,57855558;3,18620801;1,00000000
0,53317599;0,16839936;0,27743602;0,57824802;3,18620801;1,00000000
0,53324266;0,16839936;0,27682087;0,57809424;3,18620801;1,00000000
0,53330933;0,16839936;0,27651328;0,57778668;3,18620801;1,00000000
0,53337601;0,16824557;0,27651328;0,57747906;3,18590045;1,00000000
0,53344268;0,16824557;0,27682087;0,57717150;3,18620801;1,00000000
0,53350935;0,16824557;0,27743602;0,57686394;3,18620801;1,00000000
0,53357602;0,16824557;0,27743602;0,57655638;3,18651581;1,00000000
0,53364269;0,16824557;0,27743602;0,57624876;3,18620801;1,00000000
0,53370937;0,16824557;0,27743602;0,57594121;3,18620801;1,00000000
0,53377604;0,16824557;0,27682087;0,57563359;3,18620801;1,00000000
0,53384271;0,16809179;0,27651328;0,57532603;3,18620801;1,00000000
0,53390938;0,16824557;0,27651328;0,57501847;3,18620801;1,00000000
0,53397605;0,16824557;0,27651328;0,57471091;3,18651581;1,00000000
0,53404273;0,16824557;0,27682087;0,57440329;3,18682337;1,00000000
0,53410940;0,16824557;0,27682087;0,57409573;3,18651581;1,00000000
0,53417607;0,16824557;0,27682087;0,57378817;3,18651581;1,00000000
0,53424274;0,16824557;0,27743602;0,57348061;3,18651581;1,00000000
0,53430941;0,16824557;0,27743602;0,57317299;3,18651581;1,00000000
0,53437609;0,16809179;0,27774361;0,57286543;3,18651581;1,00000000
0,53444276;0,16809179;0,27743602;0,57286543;3,18651581;1,00000000
0,53450943;0,16809179;0,27743602;0,57255781;3,18713093;1,00000000
0,53457610;0,16793799;0,27682087;0,57240403;3,18713093;1,00000000
0,53464277;0,16793799;0,27682087;0,57225025;3,18743849;1,00000000
0,53470945;0,16778421;0,27651328;0,57178891;3,18743849;1,00000000
0,53477612;0,16778421;0,27651328;0,57163513;3,18743849;1,00000000
0,53484279;0,16763040;0,27620572;0,57148129;3,18743849;1,00000000
0,53490946;0,16763040;0,27589813;0,57117373;3,18743849;1,00000000
0,53497613;0,16763040;0,27559054;0,57117373;3,18774605;1,00000000
0,53504281;0,16747662;0,27559054;0,57101995;3,18805361;1,00000000
0,53510948;0,16747662;0,27559054;0,57101995;3,18805361;1,00000000
0,53517615;0,16747662;0,27589813;0,57101995;3,18836117;1,00000000
0,53524282;0,16732283;0,27620572;0,57101995;3,18866873;1,00000000
0,53530949;0,16747662;0,27620572;0,57101995;3,18897629;1,00000000
0,53537617;0,16747662;0,27651328;0,57101995;3,18928385;1,00000000
0,53544284;0,16732283;0,27620572;0,57101995;3,18959141;1,00000000
0,53550951;0,16747662;0,27620572;0,57101995;3,18959141;1,00000000
0,53557618;0,16747662;0,27620572;0,57101995;3,18928385;1,00000000
0,53564285;0,16732283;0,27651328;0,57101995;3,18897629;1,00000000
0,53570953;0,16747662;0,27682087;0,57117373;3,18866873;1,00000000
0,53577620;0,16763040;0,27743602;0,57117373;3,18897629;1,00000000
0,53584287;0,16747662;0,27774361;0,57117373;3,18928385;1,00000000
0,53590954;0,16747662;0,27774361;0,57117373;3,18959141;1,00000000
0,53597621;0,16732283;0,27743602;0,57117373;3,18959141;1,00000000
0,53604289;0,16732283;0,27774361;0,57132751;3,18989897;1,00000000
0,53610956;0,16716905;0,27743602;0,57148129;3,18959141;1,00000000
0,53617623;0,16716905;0,27743602;0,57163513;3,18928385;1,00000000
0,53624290;0,16701525;0,27743602;0,57178891;3,18928385;1,00000000
0,53630957;0,16701525;0,27743602;0,57225025;3,18928385;1,00000000
0,53637625;0,16701525;0,27774361;0,57240403;3,18959141;1,00000000
0,53644292;0,16716905;0,27805117;0,57271159;3,18959141;1,00000000
0,53650959;0,16701525;0,27774361;0,57286543;3,18959141;1,00000000
0,53657626;0,16716905;0,27774361;0,57301921;3,18989897;1,00000000
0,53664293;0,16716905;0,27743602;0,57317299;3,18989897;1,00000000
0,53670961;0,16716905;0,27743602;0,57332677;3,18959141;1,00000000
0,53677628;0,16686147;0,27743602;0,57348061;3,18928385;1,00000000
0,53684295;0,16670766;0,27774361;0,57378817;3,18928385;1,00000000
0,53690962;0,16686147;0,27774361;0,57409573;3,18928385;1,00000000
0,53697629;0,16686147;0,27805117;0,57440329;3,18928385;1,00000000
0,53704297;0,16701525;0,27835876;0,57471091;3,18928385;1,00000000
0,53710964;0,16701525;0,27866635;0,57501847;3,18928385;1,00000000
0,53717631;0,16716905;0,27835876;0,57532603;3,18928385;1,00000000
0,53724298;0,16732283;0,27835876;0,57547981;3,18866873;1,00000000
0,53730965;0,16732283;0,27866635;0,57563359;3,18836117;1,00000000
0,53737633;0,16732283;0,27866635;0,57594121;3,18805361;1,00000000
0,53744300;0,16732283;0,27866635;0,57624876;3,18805361;1,00000000
0,53750967;0,16732283;0,27866635;0,57640254;3,18805361;1,00000000
0,53757634;0,16732283;0,27866635;0,57671016;3,18805361;1,00000000
0,53764301;0,16716905;0,27866635;0,57701772;3,18774605;1,00000000
0,53770969;0,16701525;0,27835876;0,57717150;3,18743849;1,00000000
0,53777636;0,16686147;0,27805117;0,57747906;3,18682337;1,00000000
0,53784303;0,16670766;0,27805117;0,57778668;3,18651581;1,00000000
0,53790970;0,16670766;0,27805117;0,57824802;3,18620801;1,00000000
0,53797637;0,16686147;0,27774361;0,57840180;3,18590045;1,00000000
0,53804305;0,16686147;0,27774361;0,57886314;3,18590045;1,00000000
0,53810972;0,16701525;0,27805117;0,57917076;3,18559289;1,00000000
0,53817639;0,16686147;0,27835876;0,57947832;3,18528533;1,00000000
0,53824306;0,16686147;0,27835876;0,57963216;3,18467021;1,00000000
0,53830973;0,16686147;0,27805117;0,57993972;3,18436265;1,00000000
0,53837641;0,16686147;0,27805117;0,58024728;3,18405509;1,00000000
0,53844308;0,16670766;0,27835876;0,58055484;3,18374753;1,00000000
0,53850975;0,16686147;0,27835876;0,58086246;3,18343997;1,00000000
0,53857642;0,16686147;0,27805117;0,58117002;3,18343997;1,00000000
0,53864309;0,16670766;0,27805117;0,58132380;3,18313241;1,00000000
0,53870977;0,16670766;0,27805117;0,58163142;3,18282485;1,00000000
0,53877644;0,16670766;0,27774361;0,58193898;3,18251729;1,00000000
0,53884311;0,16670766;0,27743602;0,58209276;3,18251729;1,00000000
0,53890978;0,16670766;0,27743602;0,58224654;3,18220973;1,00000000
0,53897645;0,16655388;0,27743602;0,58240032;3,18190217;1,00000000
0,53904313;0,16655388;0,27682087;0,58270794;3,18159461;1,00000000
0,53910980;0,16640009;0,27651328;0,58286172;3,18128681;1,00000000
0,53917647;0,16624631;0,27651328;0,58286172;3,18097925;1,00000000
0,53924314;0,16609251;0,27651328;0,58301550;3,18067169;1,00000000
0,53930981;0,16609251;0,27620572;0,58316928;3,18067169;1,00000000
0,53937649;0,16593874;0,27589813;0,58332312;3,18067169;1,00000000
0,53944316;0,16578494;0,27559054;0,58347690;3,18036413;1,00000000
0,53950983;0,16563116;0,27528298;0,58363068;3,17974901;1,00000000
0,53957650;0,16563116;0,27528298;0,58378446;3,17913389;1,00000000
0,53964317;0,16547737;0,27528298;0,58409202;3,17882633;1,00000000
0,53970985;0,16532359;0,27559054;0,58439958;3,17882633;1,00000000
0,53977652;0,16516978;0,27559054;0,58439958;3,17882633;1,00000000
0,53984319;0,16516978;0,27589813;0,58455342;3,17913389;1,00000000
0,53990986;0,16501600;0,27589813;0,58455342;3,17944145;1,00000000
0,53997653;0,16486220;0,27559054;0,58470720;3,17944145;1,00000000
0,54004321;0,16486220;0,27528298;0,58486098;3,17944145;1,00000000
0,54010988;0,16486220;0,27559054;0,58501476;3,17944145;1,00000000
0,54017655;0,16486220;0,27559054;0,58516854;3,17974901;1,00000000
0,54024322;0,16486220;0,27559054;0,58547610;3,18005657;1,00000000
0,54030989;0,16486220;0,27589813;0,58562988;3,18036413;1,00000000
0,54037657;0,16486220;0,27620572;0,58578372;3,18067169;1,00000000
0,54044324;0,16501600;0,27620572;0,58593750;3,18067169;1,00000000
0,54050991;0,16486220;0,27620572;0,58609128;3,18067169;1,00000000
0,54057658;0,16486220;0,27620572;0,58624506;3,18036413;1,00000000
0,54064325;0,16486220;0,27620572;0,58639890;3,18036413;1,00000000
0,54070993;0,16486220;0,27589813;0,58639890;3,18067169;1,00000000
0,54077660;0,16501600;0,27620572;0,58655268;3,18097925;1,00000000
0,54084327;0,16501600;0,27589813;0,58655268;3,18128681;1,00000000
0,54090994;0,16516978;0,27589813;0,58670646;3,18128681;1,00000000
0,54097661;0,16516978;0,27620572;0,58655268;3,18128681;1,00000000
0,54104329;0,16516978;0,27589813;0,58670646;3,18097925;1,00000000
0,54110996;0,16501600;0,27589813;0,58655268;3,18097925;1,00000000
0,54117663;0,16516978;0,27589813;0,58655268;3,18159461;1,00000000
0,54124330;0,16516978;0,27589813;0,58639890;3,18190217;1,00000000
0,54130997;0,16516978;0,27589813;0,58639890;3,18220973;1,00000000
0,54137665;0,16532359;0,27589813;0,58624506;3,18220973;1,00000000
0,54144332;0,16547737;0,27589813;0,58609128;3,18220973;1,00000000
0,54150999;0,16532359;0,27589813;0,58593750;3,18190217;1,00000000
0,54157666;0,16532359;0,27589813;0,58578372;3,18159461;1,00000000
0,54164333;0,16547737;0,27559054;0,58562988;3,18159461;1,00000000
0,54171001;0,16563116;0,27528298;0,58547610;3,18190217;1,00000000
0,54177668;0,16563116;0,27528298;0,58532232;3,18251729;1,00000000
0,54184335;0,16563116;0,27559054;0,58532232;3,18251729;1,00000000
0,54191002;0,16563116;0,27559054;0,58516854;3,18251729;1,00000000
0,54197669;0,16563116;0,27528298;0,58516854;3,18251729;1,00000000
0,54204337;0,16563116;0,27559054;0,58501476;3,18220973;1,00000000
0,54211004;0,16563116;0,27589813;0,58486098;3,18251729;1,00000000
0,54217671;0,16563116;0,27589813;0,58455342;3,18282485;1,00000000
0,54224338;0,16563116;0,27559054;0,58439958;3,18313241;1,00000000
0,54231005;0,16563116;0,27559054;0,58424580;3,18343997;1,00000000
0,54237673;0,16563116;0,27528298;0,58393824;3,18343997;1,00000000
0,54244340;0,16563116;0,27559054;0,58363068;3,18343997;1,00000000
0,54251007;0,16563116;0,27589813;0,58332312;3,18343997;1,00000000
0,54257674;0,16563116;0,27620572;0,58301550;3,18313241;1,00000000
0,54264341;0,16578494;0,27651328;0,58286172;3,18374753;1,00000000
0,54271009;0,16578494;0,27651328;0,58255410;3,18405509;1,00000000
0,54277676;0,16593874;0,27651328;0,58224654;3,18374753;1,00000000
0,54284343;0,16578494;0,27620572;0,58193898;3,18374753;1,00000000
0,54291010;0,16563116;0,27651328;0,58163142;3,18374753;1,00000000
0,54297677;0,16563116;0,27682087;0,58132380;3,18343997;1,00000000
0,54304345;0,16563116;0,27651328;0,58101624;3,18313241;1,00000000
0,54311012;0,16563116;0,27651328;0,58070862;3,18374753;1,00000000
0,54317679;0,16578494;0,27651328;0,58040106;3,18374753;1,00000000
0,54324346;0,16578494;0,27651328;0,58009350;3,18374753;1,00000000
0,54331013;0,16593874;0,27651328;0,57963216;3,18374753;1,00000000
0,54337681;0,16609251;0,27682087;0,57932454;3,18374753;1,00000000
0,54344348;0,16624631;0,27682087;0,57886314;3,18343997;1,00000000
0,54351015;0,16640009;0,27651328;0,57840180;3,18313241;1,00000000
0,54357682;0,16655388;0,27682087;0,57809424;3,18282485;1,00000000
0,54364349;0,16655388;0,27743602;0,57794046;3,18343997;1,00000000
0,54371017;0,16655388;0,27743602;0,57747906;3,18374753;1,00000000
0,54377684;0,16670766;0,27774361;0,57701772;3,18343997;1,00000000
0,54384351;0,16686147;0,27774361;0,57671016;3,18343997;1,00000000
0,54391018;0,16701525;0,27805117;0,57640254;3,18343997;1,00000000
0,54397685;0,16701525;0,27805117;0,57609499;3,18343997;1,00000000
0,54404353;0,16701525;0,27835876;0,57563359;3,18343997;1,00000000
0,54411020;0,16701525;0,27835876;0,57532603;3,18313241;1,00000000
0,54417687;0,16701525;0,27866635;0,57501847;3,18282485;1,00000000
0,54424354;0,16701525;0,27835876;0,57455707;3,18282485;1,00000000
0,54431021;0,16716905;0,27835876;0,57424951;3,18251729;1,00000000
0,54437689;0,16732283;0,27805117;0,57378817;3,18220973;1,00000000
0,54444356;0,16732283;0,27805117;0,57348061;3,18220973;1,00000000
0,54451023;0,16747662;0,27835876;0,57301921;3,18220973;1,00000000
0,54457690;0,16763040;0,27805117;0,57255781;3,18220973;1,00000000
0,54464357;0,16763040;0,27805117;0,57225025;3,18220973;1,00000000
0,54471025;0,16763040;0,27805117;0,57178891;3,18190217;1,00000000
0,54477692;0,16763040;0,27835876;0,57148129;3,18251729;1,00000000
0,54484359;0,16763040;0,27835876;0,57117373;3,18220973;1,00000000
0,54491026;0,16778421;0,27805117;0,57086611;3,18220973;1,00000000
0,54497693;0,16778421;0,27835876;0,57055855;3,18220973;1,00000000
0,54504361;0,16793799;0,27835876;0,57025099;3,18220973;1,00000000
0,54511028;0,16793799;0,27835876;0,57009721;3,18220973;1,00000000
0,54517695;0,16793799;0,27866635;0,56963581;3,18190217;1,00000000
0,54524362;0,16809179;0,27866635;0,56932825;3,18159461;1,00000000
0,54531029;0,16809179;0,27866635;0,56886685;3,18128681;1,00000000
0,54537697;0,16824557;0,27835876;0,56855929;3,18097925;1,00000000
0,54544364;0,16824557;0,27805117;0,56825173;3,18097925;1,00000000
0,54551031;0,16824557;0,27805117;0,56794411;3,18067169;1,00000000
0,54557698;0,16824557;0,27774361;0,56763655;3,18036413;1,00000000
0,54564365;0,16824557;0,27805117;0,56732899;3,18005657;1,00000000
0,54571033;0,16839936;0,27805117;0,56702143;3,17974901;1,00000000
0,54577700;0,16839936;0,27805117;0,56686765;3,17974901;1,00000000
0,54584367;0,16839936;0,27774361;0,56671381;3,18036413;1,00000000
0,54591034;0,16839936;0,27774361;0,56671381;3,18005657;1,00000000
0,54597701;0,16824557;0,27774361;0,56656003;3,18005657;1,00000000
0,54604369;0,16809179;0,27743602;0,56640625;3,18005657;1,00000000
0,54611036;0,16793799;0,27682087;0,56640625;3,18005657;1,00000000
0,54617703;0,16793799;0,27651328;0,56640625;3,17974901;1,00000000
0,54624370;0,16793799;0,27620572;0,56640625;3,17944145;1,00000000
0,54631037;0,16778421;0,27620572;0,56640625;3,17913389;1,00000000
0,54637705;0,16778421;0,27620572;0,56640625;3,17974901;1,00000000
0,54644372;0,16778421;0,27589813;0,56656003;3,17944145;1,00000000
0,54651039;0,16793799;0,27589813;0,56656003;3,17944145;1,00000000
0,54657706;0,16809179;0,27559054;0,56671381;3,17944145;1,00000000
0,54664373;0,16793799;0,27528298;0,56671381;3,17944145;1,00000000
0,54671041;0,16793799;0,27528298;0,56671381;3,17944145;1,00000000
0,54677708;0,16793799;0,27528298;0,56686765;3,17913389;1,00000000
0,54684375;0,16793799;0,27528298;0,56686765;3,17913389;1,00000000
0,54691042;0,16793799;0,27528298;0,56702143;3,17974901;1,00000000
0,54697709;0,16793799;0,27497539;0,56717521;3,17974901;1,00000000
0,54704377;0,16793799;0,27528298;0,56748277;3,17944145;1,00000000
0,54711044;0,16793799;0,27528298;0,56779033;3,17944145;1,00000000
0,54717711;0,16793799;0,27528298;0,56825173;3,17944145;1,00000000
0,54724378;0,16793799;0,27528298;0,56871307;3,17944145;1,00000000
0,54731045;0,16793799;0,27497539;0,56917441;3,17944145;1,00000000
0,54737713;0,16793799;0,27528298;0,56963581;3,17974901;1,00000000
0,54744380;0,16793799;0,27528298;0,56994343;3,18005657;1,00000000
0,54751047;0,16793799;0,27559054;0,57025099;3,18036413;1,00000000
0,54757714;0,16793799;0,27589813;0,57040477;3,18005657;1,00000000
0,54764381;0,16793799;0,27559054;0,57071233;3,17974901;1,00000000
0,54771049;0,16793799;0,27589813;0,57101995;3,17974901;1,00000000
0,54777716;0,16793799;0,27620572;0,57163513;3,17974901;1,00000000
0,54784383;0,16793799;0,27589813;0,57240403;3,18005657;1,00000000
0,54791050;0,16793799;0,27620572;0,57286543;3,18036413;1,00000000
0,54797717;0,16793799;0,27651328;0,57348061;3,18097925;1,00000000
0,54804385;0,16793799;0,27651328;0,57378817;3,18128681;1,00000000
0,54811052;0,16793799;0,27651328;0,57424951;3,18159461;1,00000000
0,54817719;0,16793799;0,27620572;0,57471091;3,18128681;1,00000000
0,54824386;0,16793799;0,27589813;0,57517225;3,18128681;1,00000000
0,54831053;0,16793799;0,27589813;0,57563359;3,18159461;1,00000000
0,54837721;0,16778421;0,27589813;0,57609499;3,18190217;1,00000000
0,54844388;0,16778421;0,27589813;0,57640254;3,18190217;1,00000000
0,54851055;0,16793799;0,27620572;0,57686394;3,18190217;1,00000000
0,54857722;0,16793799;0,27651328;0,57732528;3,18220973;1,00000000
0,54864389;0,16793799;0,27682087;0,57778668;3,18251729;1,00000000
0,54871057;0,16793799;0,27743602;0,57824802;3,18282485;1,00000000
0,54877724;0,16778421;0,27743602;0,57870936;3,18282485;1,00000000
0,54884391;0,16778421;0,27743602;0,57917076;3,18282485;1,00000000
0,54891058;0,16778421;0,27774361;0,57947832;3,18282485;1,00000000
0,54897725;0,16793799;0,27774361;0,57993972;3,18313241;1,00000000
0,54904393;0,16793799;0,27774361;0,58024728;3,18313241;1,00000000
0,54911060;0,16793799;0,27774361;0,58070862;3,18343997;1,00000000
0,54917727;0,16793799;0,27805117;0,58117002;3,18374753;1,00000000
0,54924394;0,16793799;0,27835876;0,58163142;3,18405509;1,00000000
0,54931061;0,16793799;0,27835876;0,58209276;3,18436265;1,00000000
0,54937729;0,16793799;0,27866635;0,58255410;3,18436265;1,00000000
0,54944396;0,16793799;0,27897391;0,58286172;3,18436265;1,00000000
0,54951063;0,16793799;0,27897391;0,58316928;3,18467021;1,00000000
0,54957730;0,16793799;0,27928150;0,58363068;3,18528533;1,00000000
0,54964397;0,16793799;0,27958906;0,58393824;3,18559289;1,00000000
0,54971065;0,16809179;0,27989665;0,58424580;3,18559289;1,00000000
0,54977732;0,16809179;0,28020424;0,58439958;3,18559289;1,00000000
0,54984399;0,16809179;0,28020424;0,58470720;3,18528533;1,00000000
0,54991066;0,16824557;0,28020424;0,58516854;3,18528533;1,00000000
0,54997733;0,16824557;0,27989665;0,58532232;3,18528533;1,00000000
0,55004401;0,16824557;0,27989665;0,58547610;3,18528533;1,00000000
0,55011068;0,16824557;0,27958906;0,58562988;3,18528533;1,00000000
0,55017735;0,16824557;0,27928150;0,58593750;3,18528533;1,00000000
0,55024402;0,16824557;0,27928150;0,58593750;3,18528533;1,00000000
0,55031069;0,16839936;0,27928150;0,58593750;3,18467021;1,00000000
0,55037737;0,16839936;0,27928150;0,58593750;3,18436265;1,00000000
0,55044404;0,16855314;0,27928150;0,58609128;3,18405509;1,00000000
0,55051071;0,16855314;0,27897391;0,58624506;3,18405509;1,00000000
0,55057738;0,16855314;0,27866635;0,58624506;3,18405509;1,00000000
0,55064405;0,16855314;0,27866635;0,58624506;3,18374753;1,00000000
0,55071073;0,16855314;0,27866635;0,58624506;3,18405509;1,00000000
0,55077740;0,16855314;0,27835876;0,58624506;3,18405509;1,00000000
0,55084407;0,16839936;0,27835876;0,58624506;3,18374753;1,00000000
0,55091074;0,16839936;0,27835876;0,58624506;3,18343997;1,00000000
0,55097741;0,16824557;0,27835876;0,58624506;3,18313241;1,00000000
0,55104409;0,16839936;0,27805117;0,58624506;3,18313241;1,00000000
0,55111076;0,16839936;0,27774361;0,58624506;3,18313241;1,00000000
0,55117743;0,16839936;0,27774361;0,58624506;3,18343997;1,00000000
0,55124410;0,16839936;0,27774361;0,58624506;3,18343997;1,00000000
0,55131077;0,16839936;0,27774361;0,58624506;3,18343997;1,00000000
0,55137745;0,16824557;0,27805117;0,58609128;3,18313241;1,00000000
0,55144412;0,16824557;0,27805117;0,58609128;3,18313241;1,00000000
0,55151079;0,16824557;0,27805117;0,58578372;3,18313241;1,00000000
0,55157746;0,16839936;0,27805117;0,58578372;3,18282485;1,00000000
0,55164413;0,16839936;0,27805117;0,58562988;3,18313241;1,00000000
0,55171081;0,16839936;0,27805117;0,58562988;3,18313241;1,00000000
0,55177748;0,16839936;0,27835876;0,58547610;3,18313241;1,00000000
0,55184415;0,16839936;0,27805117;0,58532232;3,18313241;1,00000000
0,55191082;0,16824557;0,27805117;0,58501476;3,18282485;1,00000000
0,55197749;0,16809179;0,27835876;0,58486098;3,18282485;1,00000000
0,55204417;0,16809179;0,27835876;0,58455342;3,18251729;1,00000000
0,55211084;0,16809179;0,27835876;0,58439958;3,18282485;1,00000000
0,55217751;0,16809179;0,27835876;0,58409202;3,18313241;1,00000000
0,55224418;0,16809179;0,27805117;0,58393824;3,18313241;1,00000000
0,55231085;0,16809179;0,27774361;0,58363068;3,18313241;1,00000000
0,55237753;0,16793799;0,27805117;0,58347690;3,18313241;1,00000000
0,55244420;0,16793799;0,27774361;0,58316928;3,18313241;1,00000000
0,55251087;0,16793799;0,27805117;0,58301550;3,18313241;1,00000000
0,55257754;0,16778421;0,27805117;0,58270794;3,18313241;1,00000000
0,55264421;0,16763040;0,27774361;0,58240032;3,18313241;1,00000000
0,55271089;0,16763040;0,27743602;0,58209276;3,18343997;1,00000000
0,55277756;0,16747662;0,27743602;0,58178520;3,18374753;1,00000000
0,55284423;0,16732283;0,27743602;0,58147764;3,18374753;1,00000000
0,55291090;0,16732283;0,27682087;0,58117002;3,18374753;1,00000000
0,55297757;0,16732283;0,27682087;0,58086246;3,18374753;1,00000000
0,55304425;0,16732283;0,27743602;0,58070862;3,18374753;1,00000000
0,55311092;0,16732283;0,27682087;0,58040106;3,18374753;1,00000000
0,55317759;0,16732283;0,27743602;0,58009350;3,18405509;1,00000000
0,55324426;0,16732283;0,27743602;0,57978594;3,18405509;1,00000000
0,55331093;0,16732283;0,27743602;0,57947832;3,18405509;1,00000000
0,55337761;0,16732283;0,27774361;0,57917076;3,18405509;1,00000000
0,55344428;0,16732283;0,27774361;0,57901698;3,18405509;1,00000000
0,55351095;0,16716905;0,27774361;0,57870936;3,18405509;1,00000000
0,55357762;0,16716905;0,27774361;0,57840180;3,18436265;1,00000000
0,55364429;0,16701525;0,27805117;0,57824802;3,18405509;1,00000000
0,55371097;0,16701525;0,27805117;0,57809424;3,18405509;1,00000000
0,55377764;0,16701525;0,27835876;0,57794046;3,18436265;1,00000000
0,55384431;0,16732283;0,27835876;0,57778668;3,18467021;1,00000000
0,55391098;0,16732283;0,27805117;0,57747906;3,18467021;1,00000000
0,55397765;0,16716905;0,27774361;0,57717150;3,18467021;1,00000000
0,55404433;0,16716905;0,27743602;0,57686394;3,18528533;1,00000000
0,55411100;0,16701525;0,27682087;0,57655638;3,18528533;1,00000000
0,55417767;0,16701525;0,27682087;0,57624876;3,18528533;1,00000000
0,55424434;0,16686147;0,27682087;0,57594121;3,18528533;1,00000000
0,55431101;0,16670766;0,27651328;0,57578737;3,18559289;1,00000000
0,55437769;0,16670766;0,27620572;0,57563359;3,18590045;1,00000000
0,55444436;0,16686147;0,27620572;0,57532603;3,18651581;1,00000000
0,55451103;0,16670766;0,27589813;0,57501847;3,18651581;1,00000000
0,55457770;0,16670766;0,27589813;0,57471091;3,18620801;1,00000000
0,55464437;0,16670766;0,27589813;0,57440329;3,18620801;1,00000000
0,55471105;0,16670766;0,27589813;0,57424951;3,18620801;1,00000000
0,55477772;0,16670766;0,27589813;0,57409573;3,18620801;1,00000000
0,55484439;0,16670766;0,27620572;0,57394195;3,18651581;1,00000000
0,55491106;0,16670766;0,27589813;0,57394195;3,18713093;1,00000000
0,55497773;0,16670766;0,27559054;0,57378817;3,18743849;1,00000000
0,55504441;0,16655388;0,27559054;0,57363439;3,18774605;1,00000000
0,55511108;0,16655388;0,27589813;0,57348061;3,18774605;1,00000000
0,55517775;0,16640009;0,27589813;0,57332677;3,18774605;1,00000000
0,55524442;0,16640009;0,27589813;0,57332677;3,18774605;1,00000000
0,55531109;0,16640009;0,27589813;0,57332677;3,18774605;1,00000000
0,55537777;0,16640009;0,27620572;0,57332677;3,18774605;1,00000000
0,55544444;0,16624631;0,27651328;0,57332677;3,18805361;1,00000000
0,55551111;0,16624631;0,27620572;0,57332677;3,18805361;1,00000000
0,55557778;0,16609251;0,27651328;0,57348061;3,18805361;1,00000000
0,55564445;0,16609251;0,27682087;0,57348061;3,18774605;1,00000000
0,55571113;0,16624631;0,27651328;0,57348061;3,18774605;1,00000000
0,55577780;0,16640009;0,27651328;0,57363439;3,18774605;1,00000000
0,55584447;0,16640009;0,27651328;0,57363439;3,18774605;1,00000000
0,55591114;0,16624631;0,27682087;0,57363439;3,18774605;1,00000000
0,55597781;0,16624631;0,27743602;0,57378817;3,18805361;1,00000000
0,55604449;0,16624631;0,27682087;0,57394195;3,18836117;1,00000000
0,55611116;0,16624631;0,27743602;0,57394195;3,18836117;1,00000000
0,55617783;0,16624631;0,27774361;0,57424951;3,18805361;1,00000000
0,55624450;0,16640009;0,27774361;0,57440329;3,18774605;1,00000000
0,55631117;0,16655388;0,27774361;0,57471091;3,18774605;1,00000000
0,55637785;0,16640009;0,27805117;0,57501847;3,18774605;1,00000000
0,55644452;0,16640009;0,27835876;0,57532603;3,18774605;1,00000000
0,55651119;0,16640009;0,27835876;0,57563359;3,18805361;1,00000000
0,55657786;0,16640009;0,27835876;0,57609499;3,18836117;1,00000000
0,55664453;0,16640009;0,27835876;0,57624876;3,18836117;1,00000000
0,55671121;0,16655388;0,27835876;0,57655638;3,18805361;1,00000000
0,55677788;0,16670766;0,27835876;0,57686394;3,18774605;1,00000000
0,55684455;0,16686147;0,27866635;0,57732528;3,18774605;1,00000000
0,55691122;0,16686147;0,27866635;0,57763284;3,18743849;1,00000000
0,55697789;0,16686147;0,27897391;0,57794046;3,18713093;1,00000000
0,55704457;0,16686147;0,27928150;0,57824802;3,18713093;1,00000000
0,55711124;0,16686147;0,27928150;0,57855558;3,18713093;1,00000000
0,55717791;0,16670766;0,27897391;0,57886314;3,18713093;1,00000000
0,55724458;0,16670766;0,27897391;0,57917076;3,18651581;1,00000000
0,55731125;0,16686147;0,27897391;0,57932454;3,18590045;1,00000000
0,55737793;0,16686147;0,27866635;0,57963216;3,18528533;1,00000000
0,55744460;0,16701525;0,27835876;0,57993972;3,18467021;1,00000000
0,55751127;0,16701525;0,27835876;0,58009350;3,18467021;1,00000000
0,55757794;0,16701525;0,27805117;0,58024728;3,18467021;1,00000000
0,55764461;0,16686147;0,27774361;0,58055484;3,18467021;1,00000000
0,55771129;0,16686147;0,27743602;0,58086246;3,18467021;1,00000000
0,55777796;0,16701525;0,27774361;0,58101624;3,18436265;1,00000000
0,55784463;0,16701525;0,27743602;0,58117002;3,18374753;1,00000000
0,55791130;0,16686147;0,27774361;0,58132380;3,18313241;1,00000000
0,55797797;0,16670766;0,27774361;0,58147764;3,18251729;1,00000000
0,55804465;0,16655388;0,27774361;0,58178520;3,18251729;1,00000000
0,55811132;0,16655388;0,27805117;0,58193898;3,18220973;1,00000000
0,55817799;0,16670766;0,27805117;0,58224654;3,18190217;1,00000000
0,55824466;0,16670766;0,27774361;0,58240032;3,18159461;1,00000000
0,55831133;0,16686147;0,27743602;0,58270794;3,18128681;1,00000000
0,55837801;0,16686147;0,27774361;0,58286172;3,18067169;1,00000000
0,55844468;0,16686147;0,27743602;0,58316928;3,18036413;1,00000000
0,55851135;0,16686147;0,27682087;0,58347690;3,18005657;1,00000000
0,55857802;0,16686147;0,27651328;0,58378446;3,17974901;1,00000000
0,55864469;0,16701525;0,27651328;0,58409202;3,17974901;1,00000000
0,55871137;0,16701525;0,27682087;0,58439958;3,17974901;1,00000000
0,55877804;0,16701525;0,27682087;0,58470720;3,17944145;1,00000000
0,55884471;0,16686147;0,27651328;0,58486098;3,17913389;1,00000000
0,55891138;0,16686147;0,27620572;0,58486098;3,17882633;1,00000000
0,55897805;0,16686147;0,27620572;0,58501476;3,17851877;1,00000000
0,55904473;0,16686147;0,27620572;0,58501476;3,17821121;1,00000000
0,55911140;0,16686147;0,27589813;0,58532232;3,17790365;1,00000000
0,55917807;0,16670766;0,27559054;0,58562988;3,17790365;1,00000000
0,55924474;0,16670766;0,27559054;0,58593750;3,17790365;1,00000000
0,55931141;0,16670766;0,27559054;0,58609128;3,17759609;1,00000000
0,55937809;0,16670766;0,27559054;0,58639890;3,17728853;1,00000000
0,55944476;0,16670766;0,27559054;0,58655268;3,17728853;1,00000000
0,55951143;0,16670766;0,27528298;0,58670646;3,17698097;1,00000000
0,55957810;0,16670766;0,27497539;0,58686024;3,17667341;1,00000000
0,55964477;0,16686147;0,27466780;0,58701402;3,17667341;1,00000000
0,55971145;0,16670766;0,27436024;0,58701402;3,17636538;1,00000000
0,55977812;0,16686147;0,27405265;0,58732158;3,17605782;1,00000000
0,55984479;0,16670766;0,27405265;0,58762920;3,17667341;1,00000000
0,55991146;0,16670766;0,27405265;0,58778298;3,17698097;1,00000000
0,55997813;0,16670766;0,27374509;0,58793676;3,17698097;1,00000000
0,56004481;0,16670766;0,27374509;0,58809054;3,17698097;1,00000000
0,56011148;0,16670766;0,27405265;0,58824432;3,17698097;1,00000000
0,56017815;0,16670766;0,27405265;0,58839810;3,17667341;1,00000000
0,56024482;0,16655388;0,27436024;0,58855188;3,17667341;1,00000000
0,56031149;0,16670766;0,27436024;0,58870566;3,17698097;1,00000000
0,56037817;0,16655388;0,27405265;0,58885950;3,17728853;1,00000000
0,56044484;0,16640009;0,27374509;0,58901328;3,17728853;1,00000000
0,56051151;0,16624631;0,27405265;0,58916706;3,17728853;1,00000000
0,56057818;0,16624631;0,27436024;0,58932084;3,17728853;1,00000000
0,56064485;0,16609251;0,27405265;0,58932084;3,17728853;1,00000000
0,56071153;0,16609251;0,27405265;0,58932084;3,17728853;1,00000000
0,56077820;0,16609251;0,27405265;0,58947468;3,17698097;1,00000000
0,56084487;0,16593874;0,27405265;0,58947468;3,17728853;1,00000000
0,56091154;0,16593874;0,27374509;0,58947468;3,17759609;1,00000000
0,56097821;0,16578494;0,27343750;0,58947468;3,17790365;1,00000000
0,56104489;0,16593874;0,27374509;0,58932084;3,17790365;1,00000000
0,56111156;0,16609251;0,27343750;0,58947468;3,17790365;1,00000000
0,56117823;0,16609251;0,27343750;0,58932084;3,17790365;1,00000000
0,56124490;0,16624631;0,27343750;0,58932084;3,17790365;1,00000000
0,56131157;0,16624631;0,27343750;0,58932084;3,17851877;1,00000000
0,56137825;0,16624631;0,27343750;0,58916706;3,17913389;1,00000000
0,56144492;0,16624631;0,27374509;0,58901328;3,17974901;1,00000000
0,56151159;0,16624631;0,27374509;0,58885950;3,17974901;1,00000000
0,56157826;0,16624631;0,27374509;0,58885950;3,17974901;1,00000000
0,56164493;0,16609251;0,27374509;0,58870566;3,17974901;1,00000000
0,56171161;0,16609251;0,27374509;0,58855188;3,17974901;1,00000000
0,56177828;0,16624631;0,27374509;0,58839810;3,17974901;1,00000000
0,56184495;0,16624631;0,27343750;0,58839810;3,17944145;1,00000000
0,56191162;0,16624631;0,27343750;0,58809054;3,18005657;1,00000000
0,56197829;0,16609251;0,27374509;0,58778298;3,18005657;1,00000000
0,56204497;0,16609251;0,27343750;0,58762920;3,18005657;1,00000000
0,56211164;0,16609251;0,27343750;0,58732158;3,18005657;1,00000000
0,56217831;0,16609251;0,27343750;0,58701402;3,18036413;1,00000000
0,56224498;0,16609251;0,27312991;0,58686024;3,18036413;1,00000000
0,56231165;0,16593874;0,27282235;0,58655268;3,18067169;1,00000000
0,56237833;0,16593874;0,27251476;0,58639890;3,18097925;1,00000000
0,56244500;0,16593874;0,27282235;0,58593750;3,18128681;1,00000000
0,56251167;0,16609251;0,27312991;0,58562988;3,18128681;1,00000000
0,56257834;0,16609251;0,27312991;0,58532232;3,18159461;1,00000000
0,56264501;0,16609251;0,27312991;0,58516854;3,18159461;1,00000000
0,56271169;0,16609251;0,27282235;0,58486098;3,18190217;1,00000000
0,56277836;0,16593874;0,27282235;0,58455342;3,18220973;1,00000000
0,56284503;0,16593874;0,27251476;0,58424580;3,18220973;1,00000000
0,56291170;0,16593874;0,27251476;0,58393824;3,18190217;1,00000000
0,56297837;0,16593874;0,27251476;0,58347690;3,18220973;1,00000000
0,56304505;0,16593874;0,27251476;0,58316928;3,18220973;1,00000000
0,56311172;0,16609251;0,27282235;0,58286172;3,18220973;1,00000000
0,56317839;0,16624631;0,27282235;0,58240032;3,18220973;1,00000000
0,56324506;0,16640009;0,27312991;0,58193898;3,18220973;1,00000000
0,56331173;0,16655388;0,27312991;0,58147764;3,18251729;1,00000000
0,56337841;0,16655388;0,27282235;0,58101624;3,18282485;1,00000000
0,56344508;0,16655388;0,27312991;0,58070862;3,18251729;1,00000000
0,56351175;0,16655388;0,27343750;0,58040106;3,18282485;1,00000000
0,56357842;0,16640009;0,27343750;0,58009350;3,18282485;1,00000000
0,56364509;0,16624631;0,27343750;0,57978594;3,18282485;1,00000000
0,56371177;0,16624631;0,27374509;0,57947832;3,18282485;1,00000000
0,56377844;0,16640009;0,27343750;0,57901698;3,18282485;1,00000000
0,56384511;0,16655388;0,27343750;0,57855558;3,18313241;1,00000000
0,56391178;0,16670766;0,27312991;0,57824802;3,18282485;1,00000000
0,56397845;0,16686147;0,27343750;0,57794046;3,18251729;1,00000000
0,56404513;0,16701525;0,27343750;0,57747906;3,18282485;1,00000000
0,56411180;0,16716905;0,27343750;0,57701772;3,18313241;1,00000000
0,56417847;0,16716905;0,27374509;0,57671016;3,18313241;1,00000000
0,56424514;0,16716905;0,27343750;0,57624876;3,18343997;1,00000000
0,56431181;0,16732283;0,27343750;0,57578737;3,18343997;1,00000000
0,56437849;0,16732283;0,27343750;0,57532603;3,18313241;1,00000000
0,56444516;0,16732283;0,27343750;0,57486469;3,18313241;1,00000000
0,56451183;0,16747662;0,27343750;0,57455707;3,18313241;1,00000000
0,56457850;0,16747662;0,27343750;0,57424951;3,18282485;1,00000000
0,56464517;0,16763040;0,27343750;0,57394195;3,18313241;1,00000000
0,56471185;0,16763040;0,27374509;0,57363439;3,18343997;1,00000000
0,56477852;0,16763040;0,27343750;0,57332677;3,18343997;1,00000000
0,56484519;0,16763040;0,27312991;0,57286543;3,18313241;1,00000000
0,56491186;0,16763040;0,27312991;0,57240403;3,18313241;1,00000000
0,56497853;0,16778421;0,27312991;0,57194269;3,18313241;1,00000000
0,56504521;0,16793799;0,27312991;0,57163513;3,18282485;1,00000000
0,56511188;0,16793799;0,27312991;0,57148129;3,18251729;1,00000000
0,56517855;0,16793799;0,27282235;0,57101995;3,18220973;1,00000000
0,56524522;0,16793799;0,27312991;0,57071233;3,18282485;1,00000000
0,56531189;0,16809179;0,27343750;0,57040477;3,18313241;1,00000000
0,56537857;0,16809179;0,27343750;0,57009721;3,18282485;1,00000000
0,56544524;0,16824557;0,27312991;0,56978959;3,18251729;1,00000000
0,56551191;0,16824557;0,27312991;0,56963581;3,18251729;1,00000000
0,56557858;0,16824557;0,27282235;0,56948203;3,18251729;1,00000000
0,56564525;0,16809179;0,27251476;0,56917441;3,18220973;1,00000000
0,56571193;0,16809179;0,27220720;0,56886685;3,18190217;1,00000000
0,56577860;0,16809179;0,27189961;0,56871307;3,18159461;1,00000000
0,56584527;0,16839936;0,27189961;0,56855929;3,18190217;1,00000000
0,56591194;0,16839936;0,27189961;0,56840551;3,18159461;1,00000000
0,56597861;0,16839936;0,27159202;0,56825173;3,18159461;1,00000000
0,56604529;0,16839936;0,27128446;0,56809795;3,18128681;1,00000000
0,56611196;0,16855314;0,27097687;0,56794411;3,18128681;1,00000000
0,56617863;0,16855314;0,27066928;0,56794411;3,18097925;1,00000000
0,56624530;0,16855314;0,27066928;0,56779033;3,18067169;1,00000000
0,56631197;0,16855314;0,27036172;0,56779033;3,18067169;1,00000000
0,56637865;0,16870694;0,27066928;0,56779033;3,18097925;1,00000000
0,56644532;0,16870694;0,27066928;0,56779033;3,18128681;1,00000000
0,56651199;0,16870694;0,27036172;0,56794411;3,18097925;1,00000000
0,56657866;0,16870694;0,27036172;0,56794411;3,18036413;1,00000000
0,56664533;0,16870694;0,27036172;0,56794411;3,18005657;1,00000000
0,56671201;0,16870694;0,27005413;0,56809795;3,17974901;1,00000000
0,56677868;0,16855314;0,27005413;0,56825173;3,18005657;1,00000000
0,56684535;0,16855314;0,27005413;0,56840551;3,18036413;1,00000000
0,56691202;0,16855314;0,26974654;0,56855929;3,18097925;1,00000000
0,56697869;0,16839936;0,26974654;0,56840551;3,18128681;1,00000000
0,56704537;0,16839936;0,26974654;0,56855929;3,18097925;1,00000000
0,56711204;0,16839936;0,26943898;0,56886685;3,18097925;1,00000000
0,56717871;0,16839936;0,26943898;0,56902063;3,18097925;1,00000000
0,56724538;0,16839936;0,26943898;0,56917441;3,18097925;1,00000000
0,56731205;0,16839936;0,26943898;0,56963581;3,18097925;1,00000000
0,56737873;0,16824557;0,26974654;0,56994343;3,18128681;1,00000000
0,56744540;0,16824557;0,26974654;0,57025099;3,18159461;1,00000000
0,56751207;0,16824557;0,27005413;0,57055855;3,18190217;1,00000000
0,56757874;0,16809179;0,27005413;0,57086611;3,18159461;1,00000000
0,56764541;0,16809179;0,27005413;0,57132751;3,18159461;1,00000000
0,56771209;0,16809179;0,27036172;0,57163513;3,18159461;1,00000000
0,56777876;0,16809179;0,27066928;0,57194269;3,18159461;1,00000000
0,56784543;0,16809179;0,27097687;0,57240403;3,18159461;1,00000000
0,56791210;0,16824557;0,27097687;0,57271159;3,18220973;1,00000000
0,56797877;0,16824557;0,27128446;0,57301921;3,18282485;1,00000000
0,56804545;0,16824557;0,27128446;0,57332677;3,18343997;1,00000000
0,56811212;0,16809179;0,27128446;0,57363439;3,18343997;1,00000000
0,56817879;0,16809179;0,27159202;0,57394195;3,18343997;1,00000000
0,56824546;0,16809179;0,27189961;0,57440329;3,18343997;1,00000000
0,56831213;0,16809179;0,27189961;0,57471091;3,18343997;1,00000000
0,56837881;0,16809179;0,27189961;0,57517225;3,18374753;1,00000000
0,56844548;0,16824557;0,27189961;0,57578737;3,18436265;1,00000000
0,56851215;0,16824557;0,27189961;0,57624876;3,18467021;1,00000000
0,56857882;0,16824557;0,27220720;0,57686394;3,18528533;1,00000000
0,56864549;0,16809179;0,27220720;0,57717150;3,18559289;1,00000000
0,56871217;0,16809179;0,27220720;0,57747906;3,18559289;1,00000000
0,56877884;0,16809179;0,27251476;0,57778668;3,18559289;1,00000000
0,56884551;0,16809179;0,27220720;0,57824802;3,18559289;1,00000000
0,56891218;0,16809179;0,27251476;0,57886314;3,18559289;1,00000000
0,56897885;0,16824557;0,27282235;0,57932454;3,18590045;1,00000000
0,56904553;0,16839936;0,27282235;0,57978594;3,18620801;1,00000000
0,56911220;0,16839936;0,27312991;0,58040106;3,18651581;1,00000000
0,56917887;0,16824557;0,27312991;0,58086246;3,18682337;1,00000000
0,56924554;0,16824557;0,27312991;0,58132380;3,18713093;1,00000000
0,56931221;0,16839936;0,27343750;0,58163142;3,18713093;1,00000000
0,56937889;0,16839936;0,27374509;0,58209276;3,18713093;1,00000000
0,56944556;0,16839936;0,27374509;0,58240032;3,18713093;1,00000000
0,56951223;0,16839936;0,27405265;0,58286172;3,18713093;1,00000000
0,56957890;0,16839936;0,27405265;0,58316928;3,18713093;1,00000000
0,56964557;0,16839936;0,27436024;0,58347690;3,18713093;1,00000000
0,56971225;0,16839936;0,27436024;0,58378446;3,18774605;1,00000000
0,56977892;0,16855314;0,27466780;0,58409202;3,18774605;1,00000000
0,56984559;0,16855314;0,27466780;0,58439958;3,18774605;1,00000000
0,56991226;0,16855314;0,27436024;0,58470720;3,18774605;1,00000000
0,56997893;0,16855314;0,27466780;0,58501476;3,18774605;1,00000000
0,57004561;0,16855314;0,27466780;0,58532232;3,18774605;1,00000000
0,57011228;0,16855314;0,27466780;0,58547610;3,18774605;1,00000000
0,57017895;0,16870694;0,27497539;0,58562988;3,18774605;1,00000000
0,57024562;0,16870694;0,27497539;0,58578372;3,18743849;1,00000000
0,57031229;0,16870694;0,27528298;0,58578372;3,18743849;1,00000000
0,57037897;0,16870694;0,27528298;0,58593750;3,18743849;1,00000000
0,57044564;0,16870694;0,27497539;0,58609128;3,18743849;1,00000000
0,57051231;0,16870694;0,27497539;0,58609128;3,18743849;1,00000000
0,57057898;0,16870694;0,27466780;0,58609128;3,18743849;1,00000000
0,57064565;0,16870694;0,27466780;0,58609128;3,18713093;1,00000000
0,57071233;0,16870694;0,27466780;0,58609128;3,18682337;1,00000000
0,57077900;0,16870694;0,27466780;0,58609128;3,18682337;1,00000000
0,57084567;0,16870694;0,27436024;0,58609128;3,18682337;1,00000000
0,57091234;0,16855314;0,27436024;0,58609128;3,18682337;1,00000000
0,57097901;0,16855314;0,27436024;0,58609128;3,18682337;1,00000000
0,57104569;0,16855314;0,27436024;0,58593750;3,18682337;1,00000000
0,57111236;0,16855314;0,27436024;0,58578372;3,18651581;1,00000000
0,57117903;0,16855314;0,27436024;0,58578372;3,18620801;1,00000000
0,57124570;0,16855314;0,27436024;0,58562988;3,18620801;1,00000000
0,57131237;0,16855314;0,27436024;0,58562988;3,18620801;1,00000000
0,57137905;0,16855314;0,27436024;0,58562988;3,18620801;1,00000000
0,57144572;0,16855314;0,27436024;0,58562988;3,18620801;1,00000000
0,57151239;0,16839936;0,27436024;0,58547610;3,18590045;1,00000000
0,57157906;0,16855314;0,27436024;0,58547610;3,18590045;1,00000000
0,57164573;0,16839936;0,27405265;0,58547610;3,18590045;1,00000000
0,57171241;0,16839936;0,27374509;0,58532232;3,18559289;1,00000000
0,57177908;0,16839936;0,27374509;0,58501476;3,18559289;1,00000000
0,57184575;0,16824557;0,27405265;0,58486098;3,18559289;1,00000000
0,57191242;0,16824557;0,27374509;0,58455342;3,18559289;1,00000000
0,57197909;0,16824557;0,27374509;0,58424580;3,18528533;1,00000000
0,57204577;0,16824557;0,27374509;0,58393824;3,18528533;1,00000000
0,57211244;0,16809179;0,27374509;0,58378446;3,18467021;1,00000000
0,57217911;0,16793799;0,27343750;0,58347690;3,18436265;1,00000000
0,57224578;0,16793799;0,27343750;0,58332312;3,18436265;1,00000000
0,57231245;0,16793799;0,27312991;0,58301550;3,18436265;1,00000000
0,57237913;0,16793799;0,27282235;0,58270794;3,18436265;1,00000000
0,57244580;0,16778421;0,27282235;0,58240032;3,18436265;1,00000000
0,57251247;0,16778421;0,27282235;0,58209276;3,18467021;1,00000000
0,57257914;0,16778421;0,27282235;0,58178520;3,18528533;1,00000000
0,57264581;0,16778421;0,27251476;0,58147764;3,18559289;1,00000000
0,57271249;0,16778421;0,27220720;0,58132380;3,18590045;1,00000000
0,57277916;0,16763040;0,27220720;0,58117002;3,18590045;1,00000000
0,57284583;0,16747662;0,27189961;0,58070862;3,18590045;1,00000000
0,57291250;0,16747662;0,27220720;0,58040106;3,18590045;1,00000000
0,57297917;0,16747662;0,27220720;0,58024728;3,18590045;1,00000000
0,57304585;0,16747662;0,27189961;0,57993972;3,18590045;1,00000000
0,57311252;0,16747662;0,27189961;0,57963216;3,18590045;1,00000000
0,57317919;0,16747662;0,27189961;0,57947832;3,18620801;1,00000000
0,57324586;0,16747662;0,27159202;0,57917076;3,18651581;1,00000000
0,57331253;0,16732283;0,27128446;0,57901698;3,18682337;1,00000000
0,57337921;0,16716905;0,27128446;0,57870936;3,18682337;1,00000000
0,57344588;0,16716905;0,27097687;0,57840180;3,18713093;1,00000000
0,57351255;0,16716905;0,27097687;0,57809424;3,18713093;1,00000000
0,57357922;0,16716905;0,27128446;0,57778668;3,18682337;1,00000000
0,57364589;0,16716905;0,27128446;0,57732528;3,18651581;1,00000000
0,57371257;0,16716905;0,27128446;0,57701772;3,18682337;1,00000000
0,57377924;0,16701525;0,27128446;0,57671016;3,18713093;1,00000000
0,57384591;0,16686147;0,27097687;0,57640254;3,18743849;1,00000000
0,57391258;0,16686147;0,27097687;0,57609499;3,18743849;1,00000000
0,57397925;0,16686147;0,27066928;0,57578737;3,18743849;1,00000000
0,57404593;0,16686147;0,27066928;0,57547981;3,18774605;1,00000000
0,57411260;0,16686147;0,27036172;0,57517225;3,18774605;1,00000000
0,57417927;0,16686147;0,27036172;0,57486469;3,18774605;1,00000000
0,57424594;0,16701525;0,27036172;0,57455707;3,18774605;1,00000000
0,57431261;0,16701525;0,27036172;0,57440329;3,18805361;1,00000000
0,57437929;0,16686147;0,27036172;0,57409573;3,18836117;1,00000000
0,57444596;0,16670766;0,27066928;0,57378817;3,18866873;1,00000000
0,57451263;0,16670766;0,27066928;0,57348061;3,18897629;1,00000000
0,57457930;0,16655388;0,27036172;0,57332677;3,18866873;1,00000000
0,57464597;0,16655388;0,27036172;0,57332677;3,18836117;1,00000000
0,57471265;0,16640009;0,27036172;0,57301921;3,18836117;1,00000000
0,57477932;0,16624631;0,27036172;0,57286543;3,18836117;1,00000000
0,57484599;0,16609251;0,27005413;0,57286543;3,18836117;1,00000000
0,57491266;0,16593874;0,27005413;0,57286543;3,18866873;1,00000000
0,57497933;0,16593874;0,26974654;0,57286543;3,18928385;1,00000000
0,57504601;0,16593874;0,26943898;0,57286543;3,18989897;1,00000000
0,57511268;0,16593874;0,26943898;0,57286543;3,18959141;1,00000000
0,57517935;0,16593874;0,26943898;0,57286543;3,18959141;1,00000000
0,57524602;0,16578494;0,26913139;0,57286543;3,18959141;1,00000000
0,57531269;0,16578494;0,26913139;0,57286543;3,18959141;1,00000000
0,57537937;0,16563116;0,26913139;0,57286543;3,18959141;1,00000000
0,57544604;0,16547737;0,26882383;0,57286543;3,18989897;1,00000000
0,57551271;0,16532359;0,26882383;0,57286543;3,19020653;1,00000000
0,57557938;0,16516978;0,26882383;0,57286543;3,19051409;1,00000000
0,57564605;0,16516978;0,26913139;0,57286543;3,19051409;1,00000000
0,57571273;0,16501600;0,26913139;0,57286543;3,19020653;1,00000000
0,57577940;0,16486220;0,26913139;0,57286543;3,19020653;1,00000000
0,57584607;0,16470842;0,26943898;0,57286543;3,19020653;1,00000000
0,57591274;0,16470842;0,26943898;0,57301921;3,19020653;1,00000000
0,57597941;0,16455463;0,26943898;0,57317299;3,19051409;1,00000000
0,57604609;0,16455463;0,26974654;0,57348061;3,19082165;1,00000000
0,57611276;0,16455463;0,26974654;0,57363439;3,19112968;1,00000000
0,57617943;0,16440085;0,27005413;0,57378817;3,19174480;1,00000000
0,57624610;0,16455463;0,27036172;0,57378817;3,19143724;1,00000000
0,57631277;0,16455463;0,27036172;0,57394195;3,19112968;1,00000000
0,57637945;0,16440085;0,27066928;0,57409573;3,19112968;1,00000000
0,57644612;0,16440085;0,27097687;0,57409573;3,19112968;1,00000000
0,57651279;0,16440085;0,27128446;0,57440329;3,19112968;1,00000000
0,57657946;0,16440085;0,27128446;0,57471091;3,19143724;1,00000000
0,57664613;0,16440085;0,27128446;0,57486469;3,19174480;1,00000000
0,57671281;0,16424704;0,27128446;0,57517225;3,19205236;1,00000000
0,57677948;0,16424704;0,27128446;0,57547981;3,19174480;1,00000000
0,57684615;0,16409326;0,27159202;0,57563359;3,19143724;1,00000000
0,57691282;0,16409326;0,27159202;0,57578737;3,19082165;1,00000000
0,57697949;0,16409326;0,27159202;0,57609499;3,19051409;1,00000000
0,57704617;0,16424704;0,27159202;0,57640254;3,19051409;1,00000000
0,57711284;0,16440085;0,27128446;0,57671016;3,19051409;1,00000000
0,57717951;0,16440085;0,27097687;0,57701772;3,19051409;1,00000000
0,57724618;0,16440085;0,27097687;0,57732528;3,19051409;1,00000000
0,57731285;0,16440085;0,27066928;0,57763284;3,19051409;1,00000000
0,57737953;0,16440085;0,27066928;0,57794046;3,18989897;1,00000000
0,57744620;0,16440085;0,27066928;0,57824802;3,18928385;1,00000000
0,57751287;0,16440085;0,27066928;0,57855558;3,18897629;1,00000000
0,57757954;0,16455463;0,27066928;0,57886314;3,18897629;1,00000000
0,57764621;0,16455463;0,27036172;0,57917076;3,18897629;1,00000000
0,57771289;0,16455463;0,27036172;0,57947832;3,18897629;1,00000000
0,57777956;0,16455463;0,27005413;0,57978594;3,18866873;1,00000000
0,57784623;0,16455463;0,27005413;0,57993972;3,18866873;1,00000000
0,57791290;0,16455463;0,26974654;0,58024728;3,18836117;1,00000000
0,57797957;0,16455463;0,27005413;0,58040106;3,18774605;1,00000000
0,57804625;0,16455463;0,27005413;0,58055484;3,18713093;1,00000000
0,57811292;0,16455463;0,26974654;0,58101624;3,18682337;1,00000000
0,57817959;0,16440085;0,26974654;0,58117002;3,18682337;1,00000000
0,57824626;0,16455463;0,26974654;0,58147764;3,18682337;1,00000000
0,57831293;0,16455463;0,26974654;0,58163142;3,18682337;1,00000000
0,57837961;0,16470842;0,27005413;0,58178520;3,18651581;1,00000000
0,57844628;0,16455463;0,26974654;0,58209276;3,18590045;1,00000000
0,57851295;0,16455463;0,26974654;0,58240032;3,18528533;1,00000000
0,57857962;0,16470842;0,26974654;0,58255410;3,18467021;1,00000000
0,57864629;0,16455463;0,26943898;0,58270794;3,18436265;1,00000000
0,57871297;0,16455463;0,26943898;0,58301550;3,18436265;1,00000000
0,57877964;0,16455463;0,26943898;0,58316928;3,18436265;1,00000000
0,57884631;0,16440085;0,26913139;0,58347690;3,18436265;1,00000000
0,57891298;0,16455463;0,26943898;0,58363068;3,18436265;1,00000000
0,57897965;0,16455463;0,26913139;0,58393824;3,18405509;1,00000000
0,57904633;0,16470842;0,26882383;0,58409202;3,18374753;1,00000000
0,57911300;0,16470842;0,26882383;0,58439958;3,18343997;1,00000000
0,57917967;0,16455463;0,26882383;0,58470720;3,18313241;1,00000000
0,57924634;0,16455463;0,26882383;0,58501476;3,18282485;1,00000000
0,57931301;0,16455463;0,26882383;0,58532232;3,18251729;1,00000000
0,57937969;0,16455463;0,26882383;0,58562988;3,18220973;1,00000000
0,57944636;0,16470842;0,26913139;0,58578372;3,18190217;1,00000000
0,57951303;0,16455463;0,26882383;0,58609128;3,18190217;1,00000000
0,57957970;0,16440085;0,26851624;0,58624506;3,18190217;1,00000000
0,57964637;0,16440085;0,26882383;0,58639890;3,18159461;1,00000000
0,57971305;0,16440085;0,26882383;0,58655268;3,18128681;1,00000000
0,57977972;0,16440085;0,26882383;0,58670646;3,18097925;1,00000000
0,57984639;0,16440085;0,26882383;0,58686024;3,18067169;1,00000000
0,57991306;0,16440085;0,26882383;0,58716780;3,18036413;1,00000000
0,57997973;0,16440085;0,26882383;0,58732158;3,18067169;1,00000000
0,58004641;0,16440085;0,26851624;0,58747536;3,18067169;1,00000000
0,58011308;0,16440085;0,26820865;0,58762920;3,18097925;1,00000000
0,58017975;0,16440085;0,26820865;0,58778298;3,18097925;1,00000000
0,58024642;0,16424704;0,26820865;0,58793676;3,18097925;1,00000000
0,58031309;0,16409326;0,26790109;0,58809054;3,18097925;1,00000000
0,58037977;0,16393946;0,26820865;0,58824432;3,18097925;1,00000000
0,58044644;0,16393946;0,26820865;0,58839810;3,18097925;1,00000000
0,58051311;0,16409326;0,26790109;0,58839810;3,18128681;1,00000000
0,58057978;0,16424704;0,26790109;0,58839810;3,18159461;1,00000000
0,58064645;0,16424704;0,26759350;0,58824432;3,18159461;1,00000000
0,58071313;0,16424704;0,26790109;0,58824432;3,18159461;1,00000000
0,58077980;0,16424704;0,26790109;0,58824432;3,18190217;1,00000000
0,58084647;0,16424704;0,26820865;0,58839810;3,18190217;1,00000000
0,58091314;0,16424704;0,26820865;0,58855188;3,18190217;1,00000000
0,58097981;0,16409326;0,26851624;0,58855188;3,18251729;1,00000000
0,58104649;0,16393946;0,26820865;0,58839810;3,18282485;1,00000000
0,58111316;0,16378568;0,26851624;0,58855188;3,18282485;1,00000000
0,58117983;0,16363189;0,26851624;0,58839810;3,18282485;1,00000000
0,58124650;0,16378568;0,26851624;0,58824432;3,18282485;1,00000000
0,58131317;0,16393946;0,26882383;0,58809054;3,18251729;1,00000000
0,58137985;0,16393946;0,26882383;0,58793676;3,18282485;1,00000000
0,58144652;0,16393946;0,26913139;0,58778298;3,18313241;1,00000000
0,58151319;0,16393946;0,26882383;0,58762920;3,18343997;1,00000000
0,58157986;0,16393946;0,26913139;0,58762920;3,18343997;1,00000000
0,58164653;0,16393946;0,26882383;0,58747536;3,18343997;1,00000000
0,58171321;0,16393946;0,26882383;0,58732158;3,18343997;1,00000000
0,58177988;0,16409326;0,26882383;0,58716780;3,18343997;1,00000000
0,58184655;0,16409326;0,26913139;0,58701402;3,18343997;1,00000000
0,58191322;0,16424704;0,26943898;0,58686024;3,18405509;1,00000000
0,58197989;0,16424704;0,26943898;0,58670646;3,18436265;1,00000000
0,58204657;0,16424704;0,26913139;0,58639890;3,18436265;1,00000000
0,58211324;0,16424704;0,26913139;0,58609128;3,18436265;1,00000000
0,58217991;0,16440085;0,26943898;0,58578372;3,18436265;1,00000000
0,58224658;0,16455463;0,26974654;0,58562988;3,18436265;1,00000000
0,58231325;0,16470842;0,26974654;0,58532232;3,18436265;1,00000000
0,58237993;0,16470842;0,26974654;0,58501476;3,18436265;1,00000000
0,58244660;0,16486220;0,26974654;0,58470720;3,18528533;1,00000000
0,58251327;0,16486220;0,26974654;0,58439958;3,18559289;1,00000000
0,58257994;0,16486220;0,26974654;0,58409202;3,18559289;1,00000000
0,58264661;0,16501600;0,26974654;0,58378446;3,18559289;1,00000000
0,58271329;0,16516978;0,27005413;0,58347690;3,18559289;1,00000000
0,58277996;0,16532359;0,27005413;0,58316928;3,18590045;1,00000000
0,58284663;0,16532359;0,27036172;0,58301550;3,18620801;1,00000000
0,58291330;0,16532359;0,27036172;0,58270794;3,18590045;1,00000000
0,58297997;0,16547737;0,27036172;0,58240032;3,18620801;1,00000000
0,58304665;0,16563116;0,27066928;0,58209276;3,18620801;1,00000000
0,58311332;0,16578494;0,27097687;0,58163142;3,18620801;1,00000000
0,58317999;0,16578494;0,27128446;0,58132380;3,18620801;1,00000000
0,58324666;0,16578494;0,27128446;0,58086246;3,18620801;1,00000000
0,58331333;0,16578494;0,27128446;0,58055484;3,18651581;1,00000000
0,58338001;0,16593874;0,27159202;0,58009350;3,18651581;1,00000000
0,58344668;0,16593874;0,27128446;0,57978594;3,18620801;1,00000000
0,58351335;0,16593874;0,27097687;0,57932454;3,18590045;1,00000000
0,58358002;0,16593874;0,27128446;0,57886314;3,18620801;1,00000000
0,58364669;0,16609251;0,27128446;0,57855558;3,18651581;1,00000000
0,58371337;0,16609251;0,27128446;0,57824802;3,18651581;1,00000000
0,58378004;0,16624631;0,27159202;0,57794046;3,18682337;1,00000000
0,58384671;0,16640009;0,27159202;0,57763284;3,18682337;1,00000000
0,58391338;0,16640009;0,27159202;0,57717150;3,18651581;1,00000000
0,58398005;0,16640009;0,27189961;0,57686394;3,18620801;1,00000000
0,58404673;0,16640009;0,27220720;0,57671016;3,18590045;1,00000000
0,58411340;0,16640009;0,27220720;0,57640254;3,18620801;1,00000000
0,58418007;0,16640009;0,27220720;0,57594121;3,18620801;1,00000000
0,58424674;0,16640009;0,27220720;0,57563359;3,18620801;1,00000000
0,58431341;0,16640009;0,27251476;0,57517225;3,18590045;1,00000000
0,58438009;0,16640009;0,27251476;0,57471091;3,18590045;1,00000000
0,58444676;0,16655388;0,27251476;0,57440329;3,18590045;1,00000000
0,58451343;0,16670766;0,27282235;0,57424951;3,18590045;1,00000000
0,58458010;0,16686147;0,27282235;0,57409573;3,18590045;1,00000000
0,58464677;0,16716905;0,27282235;0,57378817;3,18620801;1,00000000
0,58471345;0,16732283;0,27312991;0,57332677;3,18620801;1,00000000
0,58478012;0,16747662;0,27312991;0,57301921;3,18620801;1,00000000
0,58484679;0,16747662;0,27312991;0,57271159;3,18620801;1,00000000
0,58491346;0,16747662;0,27312991;0,57240403;3,18620801;1,00000000
0,58498013;0,16747662;0,27343750;0,57194269;3,18590045;1,00000000
0,58504681;0,16747662;0,27343750;0,57178891;3,18559289;1,00000000
0,58511348;0,16747662;0,27374509;0,57163513;3,18528533;1,00000000
0,58518015;0,16763040;0,27374509;0,57148129;3,18559289;1,00000000
0,58524682;0,16763040;0,27374509;0,57132751;3,18590045;1,00000000
0,58531349;0,16763040;0,27343750;0,57086611;3,18559289;1,00000000
0,58538017;0,16763040;0,27374509;0,57071233;3,18528533;1,00000000
0,58544684;0,16763040;0,27343750;0,57040477;3,18436265;1,00000000
0,58551351;0,16763040;0,27312991;0,57009721;3,18405509;1,00000000
0,58558018;0,16763040;0,27312991;0,56978959;3,18374753;1,00000000
0,58564685;0,16763040;0,27312991;0,56948203;3,18343997;1,00000000
0,58571353;0,16763040;0,27343750;0,56932825;3,18313241;1,00000000
0,58578020;0,16778421;0,27374509;0,56917441;3,18313241;1,00000000
0,58584687;0,16778421;0,27343750;0,56917441;3,18313241;1,00000000
0,58591354;0,16778421;0,27343750;0,56902063;3,18282485;1,00000000
0,58598021;0,16778421;0,27343750;0,56871307;3,18282485;1,00000000
0,58604689;0,16778421;0,27343750;0,56855929;3,18282485;1,00000000
0,58611356;0,16763040;0,27343750;0,56855929;3,18251729;1,00000000
0,58618023;0,16763040;0,27343750;0,56840551;3,18220973;1,00000000
0,58624690;0,16778421;0,27374509;0,56840551;3,18190217;1,00000000
0,58631357;0,16778421;0,27343750;0,56840551;3,18159461;1,00000000
0,58638025;0,16763040;0,27312991;0,56840551;3,18190217;1,00000000
0,58644692;0,16763040;0,27282235;0,56825173;3,18190217;1,00000000
0,58651359;0,16763040;0,27282235;0,56825173;3,18190217;1,00000000
0,58658026;0,16763040;0,27251476;0,56825173;3,18190217;1,00000000
0,58664693;0,16763040;0,27220720;0,56825173;3,18190217;1,00000000
0,58671361;0,16763040;0,27220720;0,56840551;3,18190217;1,00000000
0,58678028;0,16763040;0,27251476;0,56855929;3,18159461;1,00000000
0,58684695;0,16747662;0,27220720;0,56871307;3,18159461;1,00000000
0,58691362;0,16747662;0,27220720;0,56902063;3,18190217;1,00000000
0,58698029;0,16747662;0,27220720;0,56932825;3,18220973;1,00000000
0,58704697;0,16747662;0,27220720;0,56963581;3,18190217;1,00000000
0,58711364;0,16747662;0,27251476;0,56978959;3,18190217;1,00000000
0,58718031;0,16747662;0,27251476;0,57009721;3,18190217;1,00000000
0,58724698;0,16732283;0,27251476;0,57055855;3,18190217;1,00000000
0,58731365;0,16732283;0,27251476;0,57086611;3,18220973;1,00000000
0,58738033;0,16732283;0,27220720;0,57132751;3,18251729;1,00000000
0,58744700;0,16732283;0,27220720;0,57163513;3,18251729;1,00000000
0,58751367;0,16732283;0,27220720;0,57178891;3,18282485;1,00000000
0,58758034;0,16732283;0,27220720;0,57240403;3,18282485;1,00000000
0,58764701;0,16732283;0,27251476;0,57286543;3,18282485;1,00000000
0,58771369;0,16732283;0,27251476;0,57317299;3,18282485;1,00000000
0,58778036;0,16732283;0,27251476;0,57363439;3,18313241;1,00000000
0,58784703;0,16732283;0,27251476;0,57409573;3,18313241;1,00000000
0,58791370;0,16732283;0,27282235;0,57455707;3,18313241;1,00000000
0,58798037;0,16732283;0,27312991;0,57501847;3,18313241;1,00000000
0,58804705;0,16732283;0,27312991;0,57547981;3,18313241;1,00000000
0,58811372;0,16732283;0,27343750;0,57609499;3,18343997;1,00000000
0,58818039;0,16716905;0,27343750;0,57655638;3,18343997;1,00000000
0,58824706;0,16701525;0,27374509;0,57701772;3,18374753;1,00000000
0,58831373;0,16701525;0,27374509;0,57763284;3,18374753;1,00000000
0,58838041;0,16701525;0,27374509;0,57809424;3,18374753;1,00000000
0,58844708;0,16701525;0,27405265;0,57855558;3,18405509;1,00000000
0,58851375;0,16701525;0,27405265;0,57901698;3,18436265;1,00000000
0,58858042;0,16686147;0,27405265;0,57963216;3,18467021;1,00000000
0,58864709;0,16686147;0,27405265;0,58009350;3,18528533;1,00000000
0,58871377;0,16701525;0,27436024;0,58055484;3,18559289;1,00000000
0,58878044;0,16701525;0,27436024;0,58117002;3,18590045;1,00000000
0,58884711;0,16701525;0,27436024;0,58178520;3,18590045;1,00000000
0,58891378;0,16716905;0,27436024;0,58224654;3,18590045;1,00000000
0,58898045;0,16716905;0,27466780;0,58286172;3,18620801;1,00000000
0,58904713;0,16716905;0,27497539;0,58347690;3,18651581;1,00000000
0,58911380;0,16716905;0,27497539;0,58393824;3,18682337;1,00000000
0,58918047;0,16732283;0,27528298;0,58439958;3,18743849;1,00000000
0,58924714;0,16747662;0,27559054;0,58486098;3,18774605;1,00000000
0,58931381;0,16747662;0,27559054;0,58516854;3,18774605;1,00000000
0,58938049;0,16747662;0,27589813;0,58562988;3,18774605;1,00000000
0,58944716;0,16747662;0,27620572;0,58609128;3,18774605;1,00000000
0,58951383;0,16747662;0,27620572;0,58639890;3,18774605;1,00000000
0,58958050;0,16747662;0,27620572;0,58670646;3,18774605;1,00000000
0,58964717;0,16763040;0,27620572;0,58701402;3,18805361;1,00000000
0,58971385;0,16763040;0,27651328;0,58732158;3,18805361;1,00000000
0,58978052;0,16778421;0,27682087;0,58747536;3,18805361;1,00000000
0,58984719;0,16778421;0,27682087;0,58762920;3,18805361;1,00000000
0,58991386;0,16778421;0,27743602;0,58809054;3,18805361;1,00000000
0,58998053;0,16778421;0,27743602;0,58839810;3,18805361;1,00000000
0,59004721;0,16778421;0,27682087;0,58855188;3,18805361;1,00000000
0,59011388;0,16778421;0,27743602;0,58885950;3,18805361;1,00000000
0,59018055;0,16778421;0,27743602;0,58916706;3,18774605;1,00000000
0,59024722;0,16778421;0,27682087;0,58932084;3,18743849;1,00000000
0,59031389;0,16778421;0,27682087;0,58947468;3,18713093;1,00000000
0,59038057;0,16793799;0,27682087;0,58947468;3,18713093;1,00000000
0,59044724;0,16793799;0,27682087;0,58947468;3,18713093;1,00000000
0,59051391;0,16793799;0,27682087;0,58947468;3,18682337;1,00000000
0,59058058;0,16793799;0,27682087;0,58947468;3,18682337;1,00000000
0,59064725;0,16793799;0,27682087;0,58947468;3,18713093;1,00000000
0,59071393;0,16793799;0,27682087;0,58932084;3,18713093;1,00000000
0,59078060;0,16793799;0,27682087;0,58947468;3,18682337;1,00000000
0,59084727;0,16793799;0,27682087;0,58947468;3,18682337;1,00000000
0,59091394;0,16793799;0,27682087;0,58947468;3,18682337;1,00000000
0,59098061;0,16793799;0,27682087;0,58947468;3,18682337;1,00000000
0,59104729;0,16793799;0,27682087;0,58947468;3,18682337;1,00000000
0,59111396;0,16793799;0,27651328;0,58947468;3,18651581;1,00000000
0,59118063;0,16793799;0,27682087;0,58947468;3,18620801;1,00000000
0,59124730;0,16793799;0,27682087;0,58947468;3,18590045;1,00000000
0,59131397;0,16778421;0,27743602;0,58932084;3,18590045;1,00000000
0,59138065;0,16778421;0,27743602;0,58916706;3,18590045;1,00000000
0,59144732;0,16778421;0,27743602;0,58901328;3,18590045;1,00000000
0,59151399;0,16778421;0,27682087;0,58901328;3,18590045;1,00000000
0,59158066;0,16763040;0,27682087;0,58885950;3,18559289;1,00000000
0,59164733;0,16763040;0,27682087;0,58870566;3,18590045;1,00000000
0,59171401;0,16763040;0,27743602;0,58839810;3,18590045;1,00000000
0,59178068;0,16778421;0,27774361;0,58824432;3,18590045;1,00000000
0,59184735;0,16778421;0,27805117;0,58793676;3,18590045;1,00000000
0,59191402;0,16778421;0,27835876;0,58778298;3,18590045;1,00000000
0,59198069;0,16778421;0,27835876;0,58747536;3,18590045;1,00000000
0,59204737;0,16778421;0,27835876;0,58716780;3,18559289;1,00000000
0,59211404;0,16778421;0,27835876;0,58686024;3,18528533;1,00000000
0,59218071;0,16778421;0,27835876;0,58670646;3,18559289;1,00000000
0,59224738;0,16778421;0,27835876;0,58639890;3,18590045;1,00000000
0,59231405;0,16778421;0,27866635;0,58609128;3,18590045;1,00000000
0,59238073;0,16778421;0,27897391;0,58593750;3,18590045;1,00000000
0,59244740;0,16778421;0,27928150;0,58578372;3,18590045;1,00000000
0,59251407;0,16778421;0,27928150;0,58562988;3,18590045;1,00000000
0,59258074;0,16778421;0,27928150;0,58547610;3,18620801;1,00000000
0,59264741;0,16778421;0,27928150;0,58532232;3,18590045;1,00000000
0,59271409;0,16778421;0,27897391;0,58516854;3,18620801;1,00000000
0,59278076;0,16778421;0,27866635;0,58501476;3,18651581;1,00000000
0,59284743;0,16778421;0,27835876;0,58486098;3,18651581;1,00000000
0,59291410;0,16778421;0,27835876;0,58455342;3,18651581;1,00000000
0,59298077;0,16778421;0,27835876;0,58439958;3,18651581;1,00000000
0,59304745;0,16778421;0,27835876;0,58424580;3,18682337;1,00000000
0,59311412;0,16778421;0,27835876;0,58393824;3,18713093;1,00000000
0,59318079;0,16778421;0,27835876;0,58378446;3,18713093;1,00000000
0,59324746;0,16778421;0,27805117;0,58347690;3,18682337;1,00000000
0,59331413;0,16763040;0,27774361;0,58332312;3,18713093;1,00000000
0,59338081;0,16763040;0,27774361;0,58301550;3,18743849;1,00000000
0,59344748;0,16763040;0,27743602;0,58270794;3,18743849;1,00000000
0,59351415;0,16763040;0,27682087;0,58255410;3,18743849;1,00000000
0,59358082;0,16763040;0,27682087;0,58224654;3,18774605;1,00000000
0,59364749;0,16763040;0,27743602;0,58178520;3,18774605;1,00000000
0,59371417;0,16763040;0,27743602;0,58147764;3,18774605;1,00000000
0,59378084;0,16763040;0,27774361;0,58117002;3,18743849;1,00000000
0,59384751;0,16763040;0,27774361;0,58086246;3,18774605;1,00000000
0,59391418;0,16763040;0,27743602;0,58055484;3,18805361;1,00000000
0,59398085;0,16778421;0,27743602;0,58009350;3,18866873;1,00000000
0,59404753;0,16778421;0,27774361;0,57978594;3,18866873;1,00000000
0,59411420;0,16763040;0,27774361;0,57947832;3,18836117;1,00000000
0,59418087;0,16747662;0,27805117;0,57917076;3,18805361;1,00000000
0,59424754;0,16747662;0,27805117;0,57886314;3,18805361;1,00000000
0,59431421;0,16747662;0,27774361;0,57855558;3,18805361;1,00000000
0,59438089;0,16763040;0,27774361;0,57840180;3,18805361;1,00000000
0,59444756;0,16747662;0,27774361;0,57809424;3,18836117;1,00000000
0,59451423;0,16747662;0,27774361;0,57778668;3,18866873;1,00000000
0,59458090;0,16747662;0,27774361;0,57747906;3,18897629;1,00000000
0,59464757;0,16732283;0,27774361;0,57732528;3,18928385;1,00000000
0,59471425;0,16716905;0,27805117;0,57717150;3,18928385;1,00000000
0,59478092;0,16716905;0,27805117;0,57701772;3,18928385;1,00000000
0,59484759;0,16701525;0,27805117;0,57686394;3,18928385;1,00000000
0,59491426;0,16701525;0,27774361;0,57686394;3,18928385;1,00000000
0,59498093;0,16701525;0,27774361;0,57671016;3,18959141;1,00000000
0,59504761;0,16686147;0,27774361;0,57671016;3,18989897;1,00000000
0,59511428;0,16686147;0,27774361;0,57671016;3,19051409;1,00000000
0,59518095;0,16670766;0,27805117;0,57655638;3,19051409;1,00000000
0,59524762;0,16670766;0,27805117;0,57655638;3,19051409;1,00000000
0,59531429;0,16655388;0,27805117;0,57655638;3,19051409;1,00000000
0,59538097;0,16640009;0,27774361;0,57655638;3,19051409;1,00000000
0,59544764;0,16624631;0,27774361;0,57655638;3,19051409;1,00000000
0,59551431;0,16624631;0,27774361;0,57655638;3,19082165;1,00000000
0,59558098;0,16609251;0,27774361;0,57655638;3,19112968;1,00000000
0,59564765;0,16593874;0,27774361;0,57671016;3,19112968;1,00000000
0,59571433;0,16593874;0,27774361;0,57671016;3,19112968;1,00000000
0,59578100;0,16593874;0,27805117;0,57671016;3,19112968;1,00000000
0,59584767;0,16593874;0,27835876;0,57686394;3,19112968;1,00000000
0,59591434;0,16593874;0,27835876;0,57701772;3,19112968;1,00000000
0,59598101;0,16578494;0,27835876;0,57717150;3,19112968;1,00000000
0,59604769;0,16578494;0,27835876;0,57717150;3,19112968;1,00000000
0,59611436;0,16578494;0,27866635;0,57747906;3,19174480;1,00000000
0,59618103;0,16578494;0,27897391;0,57747906;3,19174480;1,00000000
0,59624770;0,16578494;0,27928150;0,57763284;3,19174480;1,00000000
0,59631437;0,16578494;0,27958906;0,57778668;3,19174480;1,00000000
0,59638105;0,16578494;0,27958906;0,57794046;3,19205236;1,00000000
0,59644772;0,16593874;0,27958906;0,57809424;3,19205236;1,00000000
0,59651439;0,16578494;0,27928150;0,57840180;3,19205236;1,00000000
0,59658106;0,16578494;0,27958906;0,57870936;3,19205236;1,00000000
0,59664773;0,16578494;0,27989665;0,57901698;3,19205236;1,00000000
0,59671441;0,16578494;0,27958906;0,57917076;3,19205236;1,00000000
0,59678108;0,16578494;0,27989665;0,57932454;3,19205236;1,00000000
0,59684775;0,16578494;0,28020424;0,57963216;3,19205236;1,00000000
0,59691442;0,16578494;0,28051180;0,57993972;3,19174480;1,00000000
0,59698109;0,16593874;0,28081939;0,58009350;3,19174480;1,00000000
0,59704777;0,16593874;0,28081939;0,58040106;3,19143724;1,00000000
0,59711444;0,16593874;0,28081939;0,58055484;3,19143724;1,00000000
0,59718111;0,16593874;0,28081939;0,58086246;3,19112968;1,00000000
0,59724778;0,16593874;0,28081939;0,58117002;3,19143724;1,00000000
0,59731445;0,16593874;0,28081939;0,58132380;3,19112968;1,00000000
0,59738113;0,16593874;0,28112698;0,58163142;3,19082165;1,00000000
0,59744780;0,16609251;0,28112698;0,58193898;3,19020653;1,00000000
0,59751447;0,16609251;0,28143454;0,58224654;3,18989897;1,00000000
0,59758114;0,16593874;0,28143454;0,58255410;3,18959141;1,00000000
0,59764781;0,16578494;0,28143454;0,58270794;3,18928385;1,00000000
0,59771449;0,16593874;0,28143454;0,58301550;3,18928385;1,00000000
0,59778116;0,16609251;0,28112698;0,58332312;3,18928385;1,00000000
0,59784783;0,16609251;0,28081939;0,58363068;3,18897629;1,00000000
0,59791450;0,16593874;0,28081939;0,58393824;3,18866873;1,00000000
0,59798117;0,16578494;0,28112698;0,58409202;3,18805361;1,00000000
0,59804785;0,16578494;0,28112698;0,58424580;3,18743849;1,00000000
0,59811452;0,16578494;0,28143454;0,58455342;3,18713093;1,00000000
0,59818119;0,16578494;0,28143454;0,58470720;3,18713093;1,00000000
0,59824786;0,16593874;0,28143454;0,58501476;3,18713093;1,00000000
0,59831453;0,16578494;0,28112698;0,58532232;3,18713093;1,00000000
0,59838121;0,16578494;0,28081939;0,58547610;3,18713093;1,00000000
0,59844788;0,16578494;0,28112698;0,58578372;3,18651581;1,00000000
0,59851455;0,16578494;0,28081939;0,58609128;3,18651581;1,00000000
0,59858122;0,16593874;0,28081939;0,58639890;3,18620801;1,00000000
0,59864789;0,16593874;0,28081939;0,58655268;3,18620801;1,00000000
0,59871457;0,16609251;0,28112698;0,58670646;3,18620801;1,00000000
0,59878124;0,16593874;0,28112698;0,58701402;3,18620801;1,00000000
0,59884791;0,16578494;0,28081939;0,58732158;3,18590045;1,00000000
0,59891458;0,16593874;0,28051180;0,58762920;3,18559289;1,00000000
0,59898125;0,16578494;0,28020424;0,58778298;3,18467021;1,00000000
0,59904793;0,16593874;0,28020424;0,58809054;3,18405509;1,00000000
0,59911460;0,16578494;0,28020424;0,58839810;3,18405509;1,00000000
0,59918127;0,16563116;0,28020424;0,58870566;3,18405509;1,00000000
0,59924794;0,16547737;0,27989665;0,58885950;3,18405509;1,00000000
0,59931461;0,16547737;0,27989665;0,58916706;3,18405509;1,00000000
0,59938129;0,16532359;0,27958906;0,58947468;3,18374753;1,00000000
0,59944796;0,16516978;0,27928150;0,58962846;3,18313241;1,00000000
0,59951463;0,16501600;0,27928150;0,59008980;3,18282485;1,00000000
0,59958130;0,16501600;0,27928150;0,59024358;3,18282485;1,00000000
0,59964797;0,16501600;0,27897391;0,59055120;3,18282485;1,00000000
0,59971465;0,16486220;0,27928150;0,59070498;3,18282485;1,00000000
0,59978132;0,16486220;0,27897391;0,59085876;3,18282485;1,00000000
0,59984799;0,16486220;0,27928150;0,59116638;3,18282485;1,00000000
0,59991466;0,16486220;0,27897391;0,59116638;3,18220973;1,00000000
0,59998133;0,16470842;0,27866635;0,59132016;3,18220973;1,00000000
0,60004801;0,16455463;0,27835876;0,59162772;3,18220973;1,00000000
0,60011468;0,16455463;0,27805117;0,59193528;3,18220973;1,00000000
0,60018135;0,16440085;0,27774361;0,59224284;3,18220973;1,00000000
0,60024802;0,16424704;0,27743602;0,59239668;3,18251729;1,00000000
0,60031469;0,16424704;0,27743602;0,59255046;3,18282485;1,00000000
0,60038137;0,16440085;0,27682087;0,59270424;3,18282485;1,00000000
0,60044804;0,16424704;0,27651328;0,59285802;3,18282485;1,00000000
0,60051471;0,16424704;0,27651328;0,59285802;3,18282485;1,00000000
0,60058138;0,16424704;0,27682087;0,59301186;3,18282485;1,00000000
0,60064805;0,16424704;0,27651328;0,59316564;3,18282485;1,00000000
0,60071473;0,16424704;0,27651328;0,59316564;3,18313241;1,00000000
0,60078140;0,16424704;0,27651328;0,59316564;3,18343997;1,00000000
0,60084807;0,16409326;0,27620572;0,59316564;3,18313241;1,00000000
0,60091474;0,16393946;0,27620572;0,59316564;3,18313241;1,00000000
0,60098141;0,16393946;0,27620572;0,59331942;3,18343997;1,00000000
0,60104809;0,16393946;0,27620572;0,59331942;3,18374753;1,00000000
0,60111476;0,16409326;0,27589813;0,59331942;3,18405509;1,00000000
0,60118143;0,16424704;0,27589813;0,59331942;3,18436265;1,00000000
0,60124810;0,16440085;0,27620572;0,59316564;3,18467021;1,00000000
0,60131477;0,16440085;0,27620572;0,59301186;3,18467021;1,00000000
0,60138145;0,16440085;0,27620572;0,59301186;3,18528533;1,00000000
0,60144812;0,16455463;0,27620572;0,59285802;3,18528533;1,00000000
0,60151479;0,16440085;0,27620572;0,59285802;3,18528533;1,00000000
0,60158146;0,16440085;0,27589813;0,59255046;3,18528533;1,00000000
0,60164813;0,16440085;0,27559054;0,59224284;3,18559289;1,00000000
0,60171481;0,16424704;0,27589813;0,59208906;3,18590045;1,00000000
0,60178148;0,16424704;0,27559054;0,59193528;3,18590045;1,00000000
0,60184815;0,16424704;0,27559054;0,59193528;3,18590045;1,00000000
0,60191482;0,16424704;0,27528298;0,59178150;3,18590045;1,00000000
0,60198149;0,16440085;0,27528298;0,59162772;3,18590045;1,00000000
0,60204817;0,16440085;0,27528298;0,59147394;3,18590045;1,00000000
0,60211484;0,16440085;0,27528298;0,59116638;3,18620801;1,00000000
0,60218151;0,16455463;0,27497539;0,59085876;3,18651581;1,00000000
0,60224818;0,16455463;0,27497539;0,59055120;3,18620801;1,00000000
0,60231485;0,16455463;0,27466780;0,59024358;3,18590045;1,00000000
0,60238153;0,16455463;0,27497539;0,59008980;3,18620801;1,00000000
0,60244820;0,16455463;0,27466780;0,58962846;3,18651581;1,00000000
0,60251487;0,16470842;0,27466780;0,58932084;3,18713093;1,00000000
0,60258154;0,16486220;0,27497539;0,58901328;3,18743849;1,00000000
0,60264821;0,16501600;0,27466780;0,58870566;3,18774605;1,00000000
0,60271489;0,16516978;0,27466780;0,58839810;3,18774605;1,00000000
0,60278156;0,16532359;0,27466780;0,58809054;3,18774605;1,00000000
0,60284823;0,16532359;0,27466780;0,58778298;3,18774605;1,00000000
0,60291490;0,16547737;0,27497539;0,58747536;3,18774605;1,00000000
0,60298157;0,16563116;0,27528298;0,58732158;3,18805361;1,00000000
0,60304825;0,16578494;0,27528298;0,58701402;3,18836117;1,00000000
0,60311492;0,16593874;0,27528298;0,58670646;3,18805361;1,00000000
0,60318159;0,16609251;0,27497539;0,58639890;3,18805361;1,00000000
0,60324826;0,16624631;0,27497539;0,58593750;3,18805361;1,00000000
0,60331493;0,16640009;0,27466780;0,58547610;3,18805361;1,00000000
0,60338161;0,16640009;0,27497539;0,58501476;3,18805361;1,00000000
0,60344828;0,16655388;0,27497539;0,58455342;3,18805361;1,00000000
0,60351495;0,16655388;0,27528298;0,58424580;3,18805361;1,00000000
0,60358162;0,16670766;0,27497539;0,58378446;3,18774605;1,00000000
0,60364829;0,16670766;0,27497539;0,58332312;3,18774605;1,00000000
0,60371497;0,16686147;0,27528298;0,58301550;3,18774605;1,00000000
0,60378164;0,16686147;0,27497539;0,58270794;3,18774605;1,00000000
0,60384831;0,16686147;0,27466780;0,58224654;3,18774605;1,00000000
0,60391498;0,16701525;0,27497539;0,58178520;3,18774605;1,00000000
0,60398165;0,16701525;0,27466780;0,58132380;3,18774605;1,00000000
0,60404833;0,16716905;0,27466780;0,58086246;3,18774605;1,00000000
0,60411500;0,16732283;0,27466780;0,58040106;3,18774605;1,00000000
0,60418167;0,16732283;0,27436024;0,58009350;3,18774605;1,00000000
0,60424834;0,16732283;0,27436024;0,57963216;3,18774605;1,00000000
0,60431501;0,16732283;0,27436024;0,57917076;3,18774605;1,00000000
0,60438169;0,16732283;0,27436024;0,57886314;3,18774605;1,00000000
0,60444836;0,16747662;0,27466780;0,57855558;3,18805361;1,00000000
0,60451503;0,16747662;0,27497539;0,57824802;3,18836117;1,00000000
0,60458170;0,16747662;0,27528298;0,57794046;3,18774605;1,00000000
0,60464837;0,16747662;0,27528298;0,57747906;3,18774605;1,00000000
0,60471505;0,16747662;0,27497539;0,57717150;3,18774605;1,00000000
0,60478172;0,16763040;0,27528298;0,57686394;3,18774605;1,00000000
0,60484839;0,16763040;0,27528298;0,57640254;3,18774605;1,00000000
0,60491506;0,16778421;0,27559054;0,57594121;3,18774605;1,00000000
0,60498173;0,16793799;0,27559054;0,57547981;3,18805361;1,00000000
0,60504841;0,16793799;0,27528298;0,57501847;3,18836117;1,00000000
0,60511508;0,16809179;0,27528298;0,57455707;3,18805361;1,00000000
0,60518175;0,16824557;0,27528298;0,57424951;3,18774605;1,00000000
0,60524842;0,16839936;0,27528298;0,57409573;3,18774605;1,00000000
0,60531509;0,16855314;0,27528298;0,57363439;3,18774605;1,00000000
0,60538177;0,16855314;0,27528298;0,57317299;3,18774605;1,00000000
0,60544844;0,16855314;0,27528298;0,57286543;3,18774605;1,00000000
0,60551511;0,16855314;0,27497539;0,57240403;3,18774605;1,00000000
0,60558178;0,16855314;0,27528298;0,57209647;3,18743849;1,00000000
0,60564845;0,16870694;0,27559054;0,57178891;3,18713093;1,00000000
0,60571513;0,16870694;0,27559054;0,57163513;3,18682337;1,00000000
0,60578180;0,16870694;0,27528298;0,57132751;3,18682337;1,00000000
0,60584847;0,16870694;0,27559054;0,57101995;3,18682337;1,00000000
0,60591514;0,16870694;0,27559054;0,57086611;3,18713093;1,00000000
0,60598181;0,16886072;0,27559054;0,57071233;3,18682337;1,00000000
0,60604849;0,16886072;0,27528298;0,57055855;3,18651581;1,00000000
0,60611516;0,16901451;0,27497539;0,57025099;3,18620801;1,00000000
0,60618183;0,16901451;0,27497539;0,57025099;3,18590045;1,00000000
0,60624850;0,16901451;0,27466780;0,57009721;3,18559289;1,00000000
0,60631517;0,16901451;0,27436024;0,57009721;3,18590045;1,00000000
0,60638185;0,16901451;0,27436024;0,57009721;3,18620801;1,00000000
0,60644852;0,16901451;0,27436024;0,57009721;3,18620801;1,00000000
0,60651519;0,16901451;0,27405265;0,57009721;3,18620801;1,00000000
0,60658186;0,16901451;0,27374509;0,57025099;3,18620801;1,00000000
0,60664853;0,16901451;0,27343750;0,57025099;3,18590045;1,00000000
0,60671521;0,16886072;0,27343750;0,57040477;3,18559289;1,00000000
0,60678188;0,16886072;0,27343750;0,57040477;3,18590045;1,00000000
0,60684855;0,16870694;0,27343750;0,57071233;3,18620801;1,00000000
0,60691522;0,16870694;0,27343750;0,57086611;3,18590045;1,00000000
0,60698189;0,16886072;0,27343750;0,57086611;3,18590045;1,00000000
0,60704857;0,16886072;0,27343750;0,57101995;3,18590045;1,00000000
0,60711524;0,16886072;0,27374509;0,57132751;3,18590045;1,00000000
0,60718191;0,16886072;0,27343750;0,57148129;3,18590045;1,00000000
0,60724858;0,16886072;0,27374509;0,57163513;3,18620801;1,00000000
0,60731525;0,16886072;0,27374509;0,57194269;3,18682337;1,00000000
0,60738193;0,16901451;0,27374509;0,57209647;3,18743849;1,00000000
0,60744860;0,16886072;0,27374509;0,57271159;3,18713093;1,00000000
0,60751527;0,16886072;0,27374509;0,57301921;3,18713093;1,00000000
0,60758194;0,16870694;0,27374509;0,57332677;3,18713093;1,00000000
0,60764861;0,16870694;0,27374509;0,57378817;3,18713093;1,00000000
0,60771529;0,16870694;0,27374509;0,57424951;3,18743849;1,00000000
0,60778196;0,16870694;0,27374509;0,57486469;3,18805361;1,00000000
0,60784863;0,16870694;0,27374509;0,57517225;3,18836117;1,00000000
0,60791530;0,16870694;0,27374509;0,57547981;3,18805361;1,00000000
0,60798197;0,16870694;0,27405265;0,57578737;3,18805361;1,00000000
0,60804865;0,16855314;0,27374509;0,57624876;3,18805361;1,00000000
0,60811532;0,16855314;0,27405265;0,57671016;3,18805361;1,00000000
0,60818199;0,16839936;0,27436024;0,57717150;3,18805361;1,00000000
0,60824866;0,16839936;0,27405265;0,57763284;3,18866873;1,00000000
0,60831533;0,16839936;0,27405265;0,57809424;3,18928385;1,00000000
0,60838201;0,16839936;0,27374509;0,57886314;3,18959141;1,00000000
0,60844868;0,16839936;0,27405265;0,57932454;3,18989897;1,00000000
0,60851535;0,16839936;0,27405265;0,57978594;3,18989897;1,00000000
0,60858202;0,16824557;0,27436024;0,58009350;3,18989897;1,00000000
0,60864869;0,16824557;0,27466780;0,58070862;3,19020653;1,00000000
0,60871537;0,16824557;0,27497539;0,58117002;3,19020653;1,00000000
0,60878204;0,16824557;0,27466780;0,58163142;3,19082165;1,00000000
0,60884871;0,16824557;0,27466780;0,58209276;3,19112968;1,00000000
0,60891538;0,16824557;0,27436024;0,58255410;3,19143724;1,00000000
0,60898205;0,16824557;0,27436024;0,58286172;3,19174480;1,00000000
0,60904873;0,16824557;0,27466780;0,58332312;3,19143724;1,00000000
0,60911540;0,16824557;0,27497539;0,58378446;3,19143724;1,00000000
0,60918207;0,16824557;0,27528298;0,58424580;3,19143724;1,00000000
0,60924874;0,16824557;0,27528298;0,58455342;3,19143724;1,00000000
0,60931541;0,16824557;0,27528298;0,58501476;3,19174480;1,00000000
0,60938209;0,16824557;0,27528298;0,58547610;3,19174480;1,00000000
0,60944876;0,16809179;0,27497539;0,58578372;3,19174480;1,00000000
0,60951543;0,16809179;0,27497539;0,58609128;3,19174480;1,00000000
0,60958210;0,16809179;0,27497539;0,58624506;3,19174480;1,00000000
0,60964877;0,16824557;0,27528298;0,58655268;3,19112968;1,00000000
0,60971545;0,16839936;0,27559054;0,58670646;3,19143724;1,00000000
0,60978212;0,16839936;0,27589813;0,58686024;3,19143724;1,00000000
0,60984879;0,16839936;0,27620572;0,58701402;3,19143724;1,00000000
0,60991546;0,16839936;0,27620572;0,58716780;3,19143724;1,00000000
0,60998213;0,16839936;0,27589813;0,58747536;3,19143724;1,00000000
0,61004881;0,16839936;0,27589813;0,58762920;3,19143724;1,00000000
0,61011548;0,16839936;0,27620572;0,58778298;3,19112968;1,00000000
0,61018215;0,16839936;0,27589813;0,58793676;3,19082165;1,00000000
0,61024882;0,16839936;0,27589813;0,58793676;3,19051409;1,00000000
0,61031549;0,16839936;0,27589813;0,58793676;3,19051409;1,00000000
0,61038217;0,16839936;0,27620572;0,58793676;3,19051409;1,00000000
0,61044884;0,16839936;0,27620572;0,58793676;3,19051409;1,00000000
0,61051551;0,16839936;0,27620572;0,58793676;3,19051409;1,00000000
0,61058218;0,16839936;0,27620572;0,58793676;3,19051409;1,00000000
0,61064885;0,16839936;0,27589813;0,58793676;3,19020653;1,00000000
0,61071553;0,16839936;0,27559054;0,58809054;3,19020653;1,00000000
0,61078220;0,16839936;0,27559054;0,58824432;3,18989897;1,00000000
0,61084887;0,16839936;0,27528298;0,58824432;3,18959141;1,00000000
0,61091554;0,16839936;0,27559054;0,58824432;3,18959141;1,00000000
0,61098221;0,16839936;0,27589813;0,58809054;3,18959141;1,00000000
0,61104889;0,16824557;0,27589813;0,58824432;3,18928385;1,00000000
0,61111556;0,16824557;0,27559054;0,58809054;3,18928385;1,00000000
0,61118223;0,16824557;0,27589813;0,58793676;3,18959141;1,00000000
0,61124890;0,16824557;0,27559054;0,58793676;3,18989897;1,00000000
0,61131557;0,16824557;0,27559054;0,58793676;3,18959141;1,00000000
0,61138225;0,16824557;0,27589813;0,58793676;3,18959141;1,00000000
0,61144892;0,16793799;0,27589813;0,58762920;3,18959141;1,00000000
0,61151559;0,16793799;0,27620572;0,58762920;3,18959141;1,00000000
0,61158226;0,16793799;0,27651328;0,58762920;3,18959141;1,00000000
0,61164893;0,16793799;0,27651328;0,58747536;3,18959141;1,00000000
0,61171561;0,16793799;0,27620572;0,58716780;3,18897629;1,00000000
0,61178228;0,16793799;0,27589813;0,58686024;3,18897629;1,00000000
0,61184895;0,16793799;0,27589813;0,58655268;3,18897629;1,00000000
0,61191562;0,16793799;0,27589813;0,58624506;3,18897629;1,00000000
0,61198229;0,16793799;0,27589813;0,58593750;3,18897629;1,00000000
0,61204897;0,16793799;0,27589813;0,58578372;3,18897629;1,00000000
0,61211564;0,16793799;0,27589813;0,58547610;3,18897629;1,00000000
0,61218231;0,16793799;0,27589813;0,58516854;3,18836117;1,00000000
0,61224898;0,16793799;0,27559054;0,58501476;3,18866873;1,00000000
0,61231565;0,16778421;0,27559054;0,58470720;3,18866873;1,00000000
0,61238233;0,16778421;0,27589813;0,58455342;3,18866873;1,00000000
0,61244900;0,16778421;0,27620572;0,58424580;3,18866873;1,00000000
0,61251567;0,16778421;0,27620572;0,58409202;3,18866873;1,00000000
0,61258234;0,16778421;0,27620572;0,58378446;3,18866873;1,00000000
0,61264901;0,16778421;0,27589813;0,58363068;3,18866873;1,00000000
0,61271569;0,16778421;0,27589813;0,58347690;3,18897629;1,00000000
0,61278236;0,16778421;0,27589813;0,58332312;3,18928385;1,00000000
0,61284903;0,16793799;0,27559054;0,58301550;3,18928385;1,00000000
0,61291570;0,16793799;0,27528298;0,58286172;3,18928385;1,00000000
0,61298237;0,16793799;0,27528298;0,58240032;3,18928385;1,00000000
0,61304905;0,16793799;0,27528298;0,58193898;3,18959141;1,00000000
0,61311572;0,16778421;0,27528298;0,58163142;3,18959141;1,00000000
0,61318239;0,16763040;0,27528298;0,58117002;3,18928385;1,00000000
0,61324906;0,16763040;0,27497539;0,58101624;3,18959141;1,00000000
0,61331573;0,16763040;0,27466780;0,58070862;3,18989897;1,00000000
0,61338241;0,16763040;0,27466780;0,58040106;3,18989897;1,00000000
0,61344908;0,16763040;0,27497539;0,58009350;3,18989897;1,00000000
0,61351575;0,16747662;0,27528298;0,57978594;3,19020653;1,00000000
0,61358242;0,16747662;0,27559054;0,57932454;3,18989897;1,00000000
0,61364909;0,16747662;0,27559054;0,57901698;3,18959141;1,00000000
0,61371577;0,16747662;0,27559054;0,57870936;3,18959141;1,00000000
0,61378244;0,16747662;0,27589813;0,57855558;3,18989897;1,00000000
0,61384911;0,16747662;0,27589813;0,57824802;3,19020653;1,00000000
0,61391578;0,16747662;0,27589813;0,57794046;3,19020653;1,00000000
0,61398245;0,16747662;0,27559054;0,57763284;3,19051409;1,00000000
0,61404913;0,16732283;0,27528298;0,57732528;3,19051409;1,00000000
0,61411580;0,16732283;0,27528298;0,57701772;3,19020653;1,00000000
0,61418247;0,16732283;0,27559054;0,57686394;3,19020653;1,00000000
0,61424914;0,16732283;0,27589813;0,57671016;3,19020653;1,00000000
0,61431581;0,16732283;0,27589813;0,57640254;3,18989897;1,00000000
0,61438249;0,16732283;0,27589813;0,57624876;3,19020653;1,00000000
0,61444916;0,16732283;0,27559054;0,57594121;3,19051409;1,00000000
0,61451583;0,16716905;0,27559054;0,57563359;3,19082165;1,00000000
0,61458250;0,16716905;0,27528298;0,57532603;3,19082165;1,00000000
0,61464917;0,16716905;0,27559054;0,57501847;3,19082165;1,00000000
0,61471585;0,16716905;0,27528298;0,57501847;3,19051409;1,00000000
0,61478252;0,16701525;0,27559054;0,57501847;3,19051409;1,00000000
0,61484919;0,16686147;0,27559054;0,57486469;3,19051409;1,00000000
0,61491586;0,16686147;0,27589813;0,57471091;3,19051409;1,00000000
0,61498253;0,16686147;0,27589813;0,57455707;3,19082165;1,00000000
0,61504921;0,16686147;0,27559054;0,57440329;3,19112968;1,00000000
0,61511588;0,16670766;0,27528298;0,57440329;3,19143724;1,00000000
0,61518255;0,16686147;0,27528298;0,57440329;3,19174480;1,00000000
0,61524922;0,16686147;0,27528298;0,57440329;3,19143724;1,00000000
0,61531589;0,16670766;0,27497539;0,57440329;3,19112968;1,00000000
0,61538257;0,16670766;0,27528298;0,57440329;3,19082165;1,00000000
0,61544924;0,16655388;0,27559054;0,57455707;3,19082165;1,00000000
0,61551591;0,16640009;0,27559054;0,57455707;3,19112968;1,00000000
0,61558258;0,16640009;0,27559054;0,57471091;3,19112968;1,00000000
0,61564925;0,16624631;0,27559054;0,57471091;3,19112968;1,00000000
0,61571593;0,16609251;0,27559054;0,57471091;3,19112968;1,00000000
0,61578260;0,16609251;0,27528298;0,57486469;3,19112968;1,00000000
0,61584927;0,16624631;0,27528298;0,57501847;3,19082165;1,00000000
0,61591594;0,16624631;0,27559054;0,57501847;3,19082165;1,00000000
0,61598261;0,16624631;0,27589813;0,57501847;3,19112968;1,00000000
0,61604929;0,16640009;0,27589813;0,57517225;3,19143724;1,00000000
0,61611596;0,16624631;0,27589813;0,57517225;3,19174480;1,00000000
0,61618263;0,16624631;0,27589813;0,57532603;3,19174480;1,00000000
0,61624930;0,16624631;0,27559054;0,57532603;3,19174480;1,00000000
0,61631597;0,16624631;0,27559054;0,57547981;3,19174480;1,00000000
0,61638265;0,16609251;0,27559054;0,57563359;3,19143724;1,00000000
0,61644932;0,16609251;0,27589813;0,57578737;3,19143724;1,00000000
0,61651599;0,16609251;0,27589813;0,57609499;3,19174480;1,00000000
0,61658266;0,16609251;0,27589813;0,57609499;3,19174480;1,00000000
0,61664933;0,16609251;0,27620572;0,57640254;3,19174480;1,00000000
0,61671601;0,16609251;0,27620572;0,57640254;3,19174480;1,00000000
0,61678268;0,16609251;0,27589813;0,57671016;3,19205236;1,00000000
0,61684935;0,16609251;0,27589813;0,57701772;3,19174480;1,00000000
0,61691602;0,16609251;0,27559054;0,57717150;3,19112968;1,00000000
0,61698269;0,16609251;0,27589813;0,57747906;3,19143724;1,00000000
0,61704937;0,16609251;0,27620572;0,57778668;3,19143724;1,00000000
0,61711604;0,16624631;0,27620572;0,57794046;3,19143724;1,00000000
0,61718271;0,16609251;0,27651328;0,57809424;3,19143724;1,00000000
0,61724938;0,16609251;0,27651328;0,57824802;3,19143724;1,00000000
0,61731605;0,16624631;0,27651328;0,57855558;3,19112968;1,00000000
0,61738273;0,16624631;0,27651328;0,57870936;3,19082165;1,00000000
0,61744940;0,16624631;0,27682087;0,57886314;3,19051409;1,00000000
0,61751607;0,16624631;0,27743602;0,57901698;3,19051409;1,00000000
0,61758274;0,16624631;0,27743602;0,57917076;3,19051409;1,00000000
0,61764941;0,16640009;0,27743602;0,57947832;3,19051409;1,00000000
0,61771609;0,16655388;0,27743602;0,57963216;3,19051409;1,00000000
0,61778276;0,16655388;0,27743602;0,57993972;3,19020653;1,00000000
0,61784943;0,16670766;0,27682087;0,58024728;3,18989897;1,00000000
0,61791610;0,16686147;0,27682087;0,58040106;3,18989897;1,00000000
0,61798277;0,16701525;0,27651328;0,58055484;3,18959141;1,00000000
0,61804945;0,16716905;0,27620572;0,58086246;3,18897629;1,00000000
0,61811612;0,16732283;0,27620572;0,58101624;3,18836117;1,00000000
0,61818279;0,16732283;0,27651328;0,58132380;3,18774605;1,00000000
0,61824946;0,16716905;0,27651328;0,58147764;3,18743849;1,00000000
0,61831613;0,16716905;0,27620572;0,58178520;3,18713093;1,00000000
0,61838281;0,16716905;0,27620572;0,58209276;3,18713093;1,00000000
0,61844948;0,16732283;0,27589813;0,58240032;3,18713093;1,00000000
0,61851615;0,16732283;0,27589813;0,58270794;3,18682337;1,00000000
0,61858282;0,16732283;0,27559054;0,58286172;3,18651581;1,00000000
0,61864949;0,16716905;0,27559054;0,58301550;3,18620801;1,00000000
0,61871617;0,16716905;0,27589813;0,58332312;3,18590045;1,00000000
0,61878284;0,16732283;0,27559054;0,58347690;3,18559289;1,00000000
0,61884951;0,16716905;0,27559054;0,58378446;3,18559289;1,00000000
0,61891618;0,16716905;0,27528298;0,58378446;3,18559289;1,00000000
0,61898285;0,16716905;0,27528298;0,58409202;3,18559289;1,00000000
0,61904953;0,16701525;0,27497539;0,58424580;3,18528533;1,00000000
0,61911620;0,16701525;0,27466780;0,58439958;3,18467021;1,00000000
0,61918287;0,16701525;0,27466780;0,58470720;3,18436265;1,00000000
0,61924954;0,16701525;0,27466780;0,58486098;3,18405509;1,00000000
0,61931621;0,16686147;0,27466780;0,58501476;3,18405509;1,00000000
0,61938289;0,16686147;0,27466780;0,58516854;3,18405509;1,00000000
0,61944956;0,16686147;0,27436024;0,58532232;3,18405509;1,00000000
0,61951623;0,16686147;0,27436024;0,58547610;3,18374753;1,00000000
0,61958290;0,16670766;0,27436024;0,58562988;3,18343997;1,00000000
0,61964957;0,16670766;0,27436024;0,58578372;3,18313241;1,00000000
0,61971625;0,16655388;0,27436024;0,58593750;3,18282485;1,00000000
0,61978292;0,16640009;0,27405265;0,58609128;3,18282485;1,00000000
0,61984959;0,16624631;0,27374509;0,58624506;3,18282485;1,00000000
0,61991626;0,16609251;0,27343750;0,58639890;3,18282485;1,00000000
0,61998293;0,16593874;0,27343750;0,58639890;3,18313241;1,00000000
0,62004961;0,16578494;0,27312991;0,58639890;3,18313241;1,00000000
0,62011628;0,16563116;0,27282235;0,58655268;3,18282485;1,00000000
0,62018295;0,16547737;0,27251476;0,58670646;3,18313241;1,00000000
0,62024962;0,16532359;0,27251476;0,58670646;3,18313241;1,00000000
0,62031629;0,16532359;0,27251476;0,58686024;3,18343997;1,00000000
0,62038297;0,16532359;0,27282235;0,58716780;3,18374753;1,00000000
0,62044964;0,16532359;0,27251476;0,58732158;3,18405509;1,00000000
0,62051631;0,16532359;0,27282235;0,58747536;3,18374753;1,00000000
0,62058298;0,16532359;0,27282235;0,58762920;3,18374753;1,00000000
0,62064965;0,16532359;0,27312991;0,58778298;3,18405509;1,00000000
0,62071633;0,16532359;0,27343750;0,58793676;3,18405509;1,00000000
0,62078300;0,16516978;0,27312991;0,58793676;3,18405509;1,00000000
0,62084967;0,16516978;0,27343750;0,58793676;3,18436265;1,00000000
0,62091634;0,16516978;0,27374509;0,58809054;3,18467021;1,00000000
0,62098301;0,16516978;0,27374509;0,58809054;3,18528533;1,00000000
0,62104969;0,16532359;0,27374509;0,58793676;3,18467021;1,00000000
0,62111636;0,16516978;0,27374509;0,58778298;3,18436265;1,00000000
0,62118303;0,16501600;0,27374509;0,58762920;3,18467021;1,00000000
0,62124970;0,16501600;0,27374509;0,58747536;3,18467021;1,00000000
0,62131637;0,16501600;0,27343750;0,58732158;3,18528533;1,00000000
0,62138305;0,16501600;0,27343750;0,58732158;3,18559289;1,00000000
0,62144972;0,16501600;0,27312991;0,58716780;3,18590045;1,00000000
0,62151639;0,16486220;0,27312991;0,58686024;3,18559289;1,00000000
0,62158306;0,16501600;0,27312991;0,58686024;3,18528533;1,00000000
0,62164973;0,16516978;0,27282235;0,58670646;3,18559289;1,00000000
0,62171641;0,16516978;0,27282235;0,58655268;3,18590045;1,00000000
0,62178308;0,16532359;0,27312991;0,58624506;3,18620801;1,00000000
0,62184975;0,16532359;0,27282235;0,58624506;3,18651581;1,00000000
0,62191642;0,16547737;0,27282235;0,58624506;3,18651581;1,00000000
0,62198309;0,16532359;0,27282235;0,58609128;3,18651581;1,00000000
0,62204977;0,16532359;0,27282235;0,58593750;3,18620801;1,00000000
0,62211644;0,16547737;0,27282235;0,58578372;3,18590045;1,00000000
0,62218311;0,16547737;0,27312991;0,58562988;3,18620801;1,00000000
0,62224978;0,16532359;0,27312991;0,58532232;3,18651581;1,00000000
0,62231645;0,16547737;0,27343750;0,58501476;3,18682337;1,00000000
0,62238313;0,16547737;0,27343750;0,58486098;3,18682337;1,00000000
0,62244980;0,16563116;0,27312991;0,58470720;3,18682337;1,00000000
0,62251647;0,16563116;0,27343750;0,58439958;3,18682337;1,00000000
0,62258314;0,16563116;0,27374509;0,58409202;3,18651581;1,00000000
0,62264981;0,16563116;0,27374509;0,58378446;3,18682337;1,00000000
0,62271649;0,16563116;0,27374509;0,58347690;3,18682337;1,00000000
0,62278316;0,16578494;0,27405265;0,58301550;3,18713093;1,00000000
0,62284983;0,16578494;0,27436024;0,58270794;3,18743849;1,00000000
0,62291650;0,16593874;0,27405265;0,58240032;3,18743849;1,00000000
0,62298317;0,16609251;0,27405265;0,58193898;3,18713093;1,00000000
0,62304985;0,16609251;0,27405265;0,58178520;3,18743849;1,00000000
0,62311652;0,16624631;0,27436024;0,58132380;3,18743849;1,00000000
0,62318319;0,16609251;0,27466780;0,58101624;3,18743849;1,00000000
0,62324986;0,16624631;0,27497539;0,58055484;3,18743849;1,00000000
0,62331653;0,16640009;0,27497539;0,58024728;3,18774605;1,00000000
0,62338321;0,16655388;0,27528298;0,57978594;3,18774605;1,00000000
0,62344988;0,16670766;0,27497539;0,57947832;3,18743849;1,00000000
0,62351655;0,16670766;0,27466780;0,57901698;3,18743849;1,00000000
0,62358322;0,16686147;0,27466780;0,57855558;3,18743849;1,00000000
0,62364989;0,16686147;0,27497539;0,57809424;3,18743849;1,00000000
0,62371657;0,16701525;0,27497539;0,57778668;3,18774605;1,00000000
0,62378324;0,16701525;0,27528298;0,57732528;3,18774605;1,00000000
0,62384991;0,16701525;0,27497539;0,57701772;3,18743849;1,00000000
0,62391658;0,16716905;0,27497539;0,57655638;3,18713093;1,00000000
0,62398325;0,16732283;0,27497539;0,57624876;3,18743849;1,00000000
0,62404993;0,16732283;0,27466780;0,57594121;3,18743849;1,00000000
0,62411660;0,16747662;0,27466780;0,57547981;3,18743849;1,00000000
0,62418327;0,16747662;0,27466780;0,57501847;3,18743849;1,00000000
0,62424994;0,16763040;0,27497539;0,57471091;3,18774605;1,00000000
0,62431661;0,16778421;0,27497539;0,57440329;3,18805361;1,00000000
0,62438329;0,16793799;0,27497539;0,57394195;3,18774605;1,00000000
0,62444996;0,16793799;0,27528298;0,57363439;3,18743849;1,00000000
0,62451663;0,16793799;0,27528298;0,57317299;3,18774605;1,00000000
0,62458330;0,16793799;0,27528298;0,57286543;3,18774605;1,00000000
0,62464997;0,16809179;0,27528298;0,57255781;3,18774605;1,00000000
0,62471665;0,16809179;0,27497539;0,57209647;3,18774605;1,00000000
0,62478332;0,16824557;0,27497539;0,57148129;3,18743849;1,00000000
0,62484999;0,16824557;0,27497539;0,57101995;3,18682337;1,00000000
0,62491666;0,16824557;0,27528298;0,57086611;3,18682337;1,00000000
0,62498333;0,16839936;0,27528298;0,57055855;3,18713093;1,00000000
0,62505001;0,16855314;0,27497539;0,57040477;3,18713093;1,00000000
0,62511668;0,16855314;0,27528298;0,57009721;3,18713093;1,00000000
0,62518335;0,16855314;0,27528298;0,56963581;3,18713093;1,00000000
0,62525002;0,16886072;0,27497539;0,56932825;3,18713093;1,00000000
0,62531669;0,16886072;0,27528298;0,56886685;3,18682337;1,00000000
0,62538337;0,16886072;0,27559054;0,56855929;3,18620801;1,00000000
0,62545004;0,16886072;0,27589813;0,56809795;3,18590045;1,00000000
0,62551671;0,16886072;0,27559054;0,56779033;3,18559289;1,00000000
0,62558338;0,16886072;0,27559054;0,56779033;3,18559289;1,00000000
0,62565005;0,16916829;0,27528298;0,56763655;3,18559289;1,00000000
0,62571673;0,16932210;0,27528298;0,56732899;3,18559289;1,00000000
0,62578340;0,16932210;0,27497539;0,56717521;3,18590045;1,00000000
0,62585007;0,16932210;0,27528298;0,56702143;3,18590045;1,00000000
0,62591674;0,16932210;0,27528298;0,56686765;3,18559289;1,00000000
0,62598341;0,16932210;0,27559054;0,56686765;3,18528533;1,00000000
0,62605009;0,16932210;0,27528298;0,56686765;3,18467021;1,00000000
0,62611676;0,16932210;0,27497539;0,56671381;3,18528533;1,00000000
0,62618343;0,16947588;0,27497539;0,56656003;3,18559289;1,00000000
0,62625010;0,16947588;0,27497539;0,56656003;3,18559289;1,00000000
0,62631677;0,16947588;0,27497539;0,56640625;3,18590045;1,00000000
0,62638345;0,16947588;0,27497539;0,56640625;3,18528533;1,00000000
0,62645012;0,16947588;0,27497539;0,56640625;3,18467021;1,00000000
0,62651679;0,16947588;0,27497539;0,56640625;3,18467021;1,00000000
0,62658346;0,16947588;0,27497539;0,56640625;3,18467021;1,00000000
0,62665013;0,16947588;0,27497539;0,56656003;3,18467021;1,00000000
0,62671681;0,16932210;0,27497539;0,56656003;3,18528533;1,00000000
0,62678348;0,16916829;0,27497539;0,56671381;3,18528533;1,00000000
0,62685015;0,16916829;0,27466780;0,56686765;3,18528533;1,00000000
0,62691682;0,16916829;0,27436024;0,56702143;3,18559289;1,00000000
0,62698349;0,16901451;0,27436024;0,56717521;3,18528533;1,00000000
0,62705017;0,16901451;0,27466780;0,56732899;3,18467021;1,00000000
0,62711684;0,16901451;0,27497539;0,56763655;3,18467021;1,00000000
0,62718351;0,16901451;0,27497539;0,56779033;3,18467021;1,00000000
0,62725018;0,16901451;0,27528298;0,56794411;3,18467021;1,00000000
0,62731685;0,16916829;0,27528298;0,56825173;3,18528533;1,00000000
0,62738353;0,16916829;0,27528298;0,56855929;3,18559289;1,00000000
0,62745020;0,16901451;0,27497539;0,56886685;3,18590045;1,00000000
0,62751687;0,16901451;0,27497539;0,56917441;3,18590045;1,00000000
0,62758354;0,16901451;0,27528298;0,56963581;3,18590045;1,00000000
0,62765021;0,16901451;0,27559054;0,56994343;3,18590045;1,00000000
0,62771689;0,16901451;0,27589813;0,57040477;3,18590045;1,00000000
0,62778356;0,16916829;0,27589813;0,57086611;3,18590045;1,00000000
0,62785023;0,16916829;0,27620572;0,57132751;3,18620801;1,00000000
0,62791690;0,16916829;0,27651328;0,57163513;3,18651581;1,00000000
0,62798357;0,16916829;0,27651328;0,57225025;3,18682337;1,00000000
0,62805025;0,16916829;0,27620572;0,57286543;3,18713093;1,00000000
0,62811692;0,16916829;0,27651328;0,57332677;3,18713093;1,00000000
0,62818359;0,16916829;0,27682087;0,57394195;3,18713093;1,00000000
0,62825026;0,16916829;0,27651328;0,57455707;3,18713093;1,00000000
0,62831693;0,16916829;0,27682087;0,57501847;3,18713093;1,00000000
0,62838361;0,16916829;0,27743602;0,57547981;3,18743849;1,00000000
0,62845028;0,16916829;0,27682087;0,57594121;3,18743849;1,00000000
0,62851695;0,16932210;0,27743602;0,57640254;3,18774605;1,00000000
0,62858362;0,16932210;0,27743602;0,57671016;3,18805361;1,00000000
0,62865029;0,16932210;0,27743602;0,57717150;3,18836117;1,00000000
0,62871697;0,16932210;0,27774361;0,57763284;3,18836117;1,00000000
0,62878364;0,16932210;0,27805117;0,57809424;3,18866873;1,00000000
0,62885031;0,16932210;0,27835876;0,57870936;3,18897629;1,00000000
0,62891698;0,16932210;0,27866635;0,57917076;3,18897629;1,00000000
0,62898365;0,16932210;0,27866635;0,57963216;3,18928385;1,00000000
0,62905033;0,16932210;0,27866635;0,58009350;3,18959141;1,00000000
0,62911700;0,16916829;0,27897391;0,58055484;3,18989897;1,00000000
0,62918367;0,16916829;0,27897391;0,58101624;3,18989897;1,00000000
0,62925034;0,16916829;0,27928150;0,58147764;3,19020653;1,00000000
0,62931701;0,16916829;0,27928150;0,58178520;3,19020653;1,00000000
0,62938369;0,16932210;0,27958906;0,58224654;3,19020653;1,00000000
0,62945036;0,16932210;0,27958906;0,58255410;3,19051409;1,00000000
0,62951703;0,16932210;0,27958906;0,58286172;3,19082165;1,00000000
0,62958370;0,16947588;0,27958906;0,58316928;3,19112968;1,00000000
0,62965037;0,16947588;0,27989665;0,58363068;3,19112968;1,00000000
0,62971705;0,16947588;0,28020424;0,58378446;3,19112968;1,00000000
0,62978372;0,16947588;0,28051180;0,58393824;3,19112968;1,00000000
0,62985039;0,16947588;0,28081939;0,58409202;3,19112968;1,00000000
0,62991706;0,16947588;0,28112698;0,58439958;3,19112968;1,00000000
0,62998373;0,16947588;0,28143454;0,58455342;3,19112968;1,00000000
0,63005041;0,16947588;0,28143454;0,58486098;3,19112968;1,00000000
0,63011708;0,16947588;0,28112698;0,58516854;3,19112968;1,00000000
0,63018375;0,16962968;0,28112698;0,58547610;3,19082165;1,00000000
0,63025042;0,16962968;0,28081939;0,58578372;3,19051409;1,00000000
0,63031709;0,16962968;0,28112698;0,58578372;3,19020653;1,00000000
0,63038377;0,16978346;0,28112698;0,58593750;3,19020653;1,00000000
0,63045044;0,16978346;0,28081939;0,58593750;3,19020653;1,00000000
0,63051711;0,16978346;0,28051180;0,58593750;3,19020653;1,00000000
0,63058378;0,16978346;0,28020424;0,58593750;3,18989897;1,00000000
0,63065045;0,16978346;0,28020424;0,58609128;3,19020653;1,00000000
0,63071713;0,16978346;0,27989665;0,58609128;3,19051409;1,00000000
0,63078380;0,16978346;0,27958906;0,58609128;3,19020653;1,00000000
0,63085047;0,16978346;0,27958906;0,58609128;3,18989897;1,00000000
0,63091714;0,16978346;0,27958906;0,58593750;3,18989897;1,00000000
0,63098381;0,16978346;0,27958906;0,58593750;3,18989897;1,00000000
0,63105049;0,16978346;0,27958906;0,58578372;3,18989897;1,00000000
0,63111716;0,16978346;0,27989665;0,58562988;3,18989897;1,00000000
0,63118383;0,16978346;0,27989665;0,58562988;3,19020653;1,00000000
0,63125050;0,16978346;0,27958906;0,58562988;3,18989897;1,00000000
0,63131717;0,16978346;0,27928150;0,58532232;3,18959141;1,00000000
0,63138385;0,16978346;0,27897391;0,58516854;3,18959141;1,00000000
0,63145052;0,16978346;0,27928150;0,58516854;3,18959141;1,00000000
0,63151719;0,16978346;0,27928150;0,58516854;3,18959141;1,00000000
0,63158386;0,16978346;0,27928150;0,58501476;3,18959141;1,00000000
0,63165053;0,16978346;0,27928150;0,58486098;3,18959141;1,00000000
0,63171721;0,16978346;0,27897391;0,58470720;3,18928385;1,00000000
0,63178388;0,16978346;0,27897391;0,58439958;3,18959141;1,00000000
0,63185055;0,16978346;0,27866635;0,58409202;3,18959141;1,00000000
0,63191722;0,16978346;0,27897391;0,58393824;3,18959141;1,00000000
0,63198389;0,16978346;0,27866635;0,58363068;3,18959141;1,00000000
0,63205057;0,16978346;0,27866635;0,58347690;3,18959141;1,00000000
0,63211724;0,16978346;0,27866635;0,58332312;3,18959141;1,00000000
0,63218391;0,16993725;0,27897391;0,58301550;3,18928385;1,00000000
0,63225058;0,16978346;0,27866635;0,58286172;3,18866873;1,00000000
0,63231725;0,16978346;0,27835876;0,58270794;3,18897629;1,00000000
0,63238393;0,16978346;0,27835876;0,58255410;3,18928385;1,00000000
0,63245060;0,16978346;0,27805117;0,58224654;3,18959141;1,00000000
0,63251727;0,16978346;0,27805117;0,58193898;3,18959141;1,00000000
0,63258394;0,16978346;0,27805117;0,58178520;3,18959141;1,00000000
0,63265061;0,16978346;0,27835876;0,58132380;3,18959141;1,00000000
0,63271729;0,16978346;0,27835876;0,58117002;3,18959141;1,00000000
0,63278396;0,16978346;0,27805117;0,58086246;3,18959141;1,00000000
0,63285063;0,16962968;0,27805117;0,58055484;3,18959141;1,00000000
0,63291730;0,16947588;0,27774361;0,58009350;3,18989897;1,00000000
0,63298397;0,16947588;0,27743602;0,57993972;3,19020653;1,00000000
0,63305065;0,16932210;0,27682087;0,57963216;3,19020653;1,00000000
0,63311732;0,16916829;0,27682087;0,57932454;3,18989897;1,00000000
0,63318399;0,16916829;0,27682087;0,57917076;3,18989897;1,00000000
0,63325066;0,16916829;0,27682087;0,57870936;3,18989897;1,00000000
0,63331733;0,16916829;0,27743602;0,57855558;3,18989897;1,00000000
0,63338401;0,16916829;0,27743602;0,57840180;3,18989897;1,00000000
0,63345068;0,16916829;0,27682087;0,57809424;3,19020653;1,00000000
0,63351735;0,16916829;0,27651328;0,57778668;3,19020653;1,00000000
0,63358402;0,16916829;0,27682087;0,57747906;3,19020653;1,00000000
0,63365069;0,16916829;0,27743602;0,57732528;3,19020653;1,00000000
0,63371737;0,16916829;0,27743602;0,57701772;3,19020653;1,00000000
0,63378404;0,16916829;0,27774361;0,57686394;3,19020653;1,00000000
0,63385071;0,16916829;0,27774361;0,57655638;3,18989897;1,00000000
0,63391738;0,16916829;0,27774361;0,57624876;3,19051409;1,00000000
0,63398405;0,16901451;0,27774361;0,57594121;3,19051409;1,00000000
0,63405073;0,16901451;0,27743602;0,57563359;3,19051409;1,00000000
0,63411740;0,16901451;0,27682087;0,57532603;3,19051409;1,00000000
0,63418407;0,16886072;0,27743602;0,57517225;3,19051409;1,00000000
0,63425074;0,16886072;0,27743602;0,57486469;3,19051409;1,00000000
0,63431741;0,16886072;0,27743602;0,57455707;3,19051409;1,00000000
0,63438409;0,16870694;0,27774361;0,57424951;3,19082165;1,00000000
0,63445076;0,16870694;0,27774361;0,57409573;3,19051409;1,00000000
0,63451743;0,16855314;0,27743602;0,57394195;3,19051409;1,00000000
0,63458410;0,16870694;0,27743602;0,57378817;3,19051409;1,00000000
0,63465077;0,16855314;0,27774361;0,57378817;3,19051409;1,00000000
0,63471745;0,16839936;0,27743602;0,57348061;3,19051409;1,00000000
0,63478412;0,16824557;0,27774361;0,57348061;3,19051409;1,00000000
0,63485079;0,16809179;0,27774361;0,57317299;3,19082165;1,00000000
0,63491746;0,16793799;0,27774361;0,57301921;3,19082165;1,00000000
0,63498413;0,16778421;0,27774361;0,57301921;3,19051409;1,00000000
0,63505081;0,16778421;0,27774361;0,57301921;3,19082165;1,00000000
0,63511748;0,16763040;0,27774361;0,57286543;3,19112968;1,00000000
0,63518415;0,16747662;0,27774361;0,57286543;3,19143724;1,00000000
0,63525082;0,16732283;0,27774361;0,57271159;3,19174480;1,00000000
0,63531749;0,16747662;0,27774361;0,57271159;3,19174480;1,00000000
0,63538417;0,16732283;0,27805117;0,57271159;3,19205236;1,00000000
0,63545084;0,16732283;0,27835876;0,57271159;3,19205236;1,00000000
0,63551751;0,16716905;0,27866635;0,57271159;3,19205236;1,00000000
0,63558418;0,16716905;0,27835876;0,57271159;3,19235992;1,00000000
0,63565085;0,16732283;0,27835876;0,57271159;3,19266748;1,00000000
0,63571753;0,16732283;0,27866635;0,57301921;3,19297504;1,00000000
0,63578420;0,16716905;0,27866635;0,57317299;3,19297504;1,00000000
0,63585087;0,16701525;0,27897391;0,57332677;3,19297504;1,00000000
0,63591754;0,16701525;0,27928150;0,57348061;3,19297504;1,00000000
0,63598421;0,16686147;0,27958906;0,57363439;3,19266748;1,00000000
0,63605089;0,16701525;0,27989665;0,57363439;3,19235992;1,00000000
0,63611756;0,16701525;0,27989665;0,57378817;3,19235992;1,00000000
0,63618423;0,16701525;0,27989665;0,57409573;3,19266748;1,00000000
0,63625090;0,16716905;0,27958906;0,57424951;3,19266748;1,00000000
0,63631757;0,16716905;0,27989665;0,57455707;3,19266748;1,00000000
0,63638425;0,16716905;0,27989665;0,57486469;3,19266748;1,00000000
0,63645092;0,16716905;0,27989665;0,57501847;3,19266748;1,00000000
0,63651759;0,16716905;0,27989665;0,57532603;3,19235992;1,00000000
0,63658426;0,16716905;0,28020424;0,57547981;3,19235992;1,00000000
0,63665093;0,16716905;0,28020424;0,57578737;3,19205236;1,00000000
0,63671761;0,16701525;0,28020424;0,57609499;3,19174480;1,00000000
0,63678428;0,16701525;0,28020424;0,57640254;3,19174480;1,00000000
0,63685095;0,16716905;0,28020424;0,57671016;3,19174480;1,00000000
0,63691762;0,16732283;0,28051180;0,57701772;3,19174480;1,00000000
0,63698429;0,16732283;0,28051180;0,57717150;3,19205236;1,00000000
0,63705097;0,16732283;0,28051180;0,57747906;3,19143724;1,00000000
0,63711764;0,16732283;0,28081939;0,57763284;3,19112968;1,00000000
0,63718431;0,16732283;0,28112698;0,57794046;3,19112968;1,00000000
0,63725098;0,16732283;0,28112698;0,57824802;3,19112968;1,00000000
0,63731765;0,16732283;0,28112698;0,57840180;3,19112968;1,00000000
0,63738433;0,16716905;0,28081939;0,57870936;3,19082165;1,00000000
0,63745100;0,16701525;0,28081939;0,57886314;3,19051409;1,00000000
0,63751767;0,16701525;0,28081939;0,57917076;3,19020653;1,00000000
0,63758434;0,16686147;0,28081939;0,57947832;3,18989897;1,00000000
0,63765101;0,16701525;0,28081939;0,57963216;3,18959141;1,00000000
0,63771769;0,16701525;0,28081939;0,57978594;3,18928385;1,00000000
0,63778436;0,16716905;0,28051180;0,58009350;3,18897629;1,00000000
0,63785103;0,16732283;0,28051180;0,58024728;3,18897629;1,00000000
0,63791770;0,16747662;0,28020424;0,58055484;3,18866873;1,00000000
0,63798437;0,16747662;0,27989665;0,58086246;3,18836117;1,00000000
0,63805105;0,16732283;0,27989665;0,58132380;3,18805361;1,00000000
0,63811772;0,16716905;0,28020424;0,58178520;3,18805361;1,00000000
0,63818439;0,16716905;0,28020424;0,58209276;3,18774605;1,00000000
0,63825106;0,16716905;0,27989665;0,58255410;3,18743849;1,00000000
0,63831773;0,16716905;0,28020424;0,58301550;3,18713093;1,00000000
0,63838441;0,16732283;0,28020424;0,58347690;3,18651581;1,00000000
0,63845108;0,16747662;0,27989665;0,58363068;3,18590045;1,00000000
0,63851775;0,16747662;0,27989665;0,58393824;3,18559289;1,00000000
0,63858442;0,16747662;0,27958906;0,58424580;3,18559289;1,00000000
0,63865109;0,16747662;0,27958906;0,58439958;3,18559289;1,00000000
0,63871777;0,16732283;0,27958906;0,58470720;3,18559289;1,00000000
0,63878444;0,16732283;0,27928150;0,58501476;3,18467021;1,00000000
0,63885111;0,16716905;0,27897391;0,58532232;3,18405509;1,00000000
0,63891778;0,16701525;0,27897391;0,58547610;3,18343997;1,00000000
0,63898445;0,16686147;0,27866635;0,58562988;3,18343997;1,00000000
0,63905113;0,16686147;0,27835876;0,58593750;3,18343997;1,00000000
0,63911780;0,16670766;0,27805117;0,58609128;3,18343997;1,00000000
0,63918447;0,16655388;0,27805117;0,58639890;3,18343997;1,00000000
0,63925114;0,16640009;0,27774361;0,58670646;3,18343997;1,00000000
0,63931781;0,16640009;0,27774361;0,58686024;3,18313241;1,00000000
0,63938449;0,16624631;0,27743602;0,58716780;3,18251729;1,00000000
0,63945116;0,16624631;0,27682087;0,58732158;3,18251729;1,00000000
0,63951783;0,16609251;0,27682087;0,58747536;3,18220973;1,00000000
0,63958450;0,16609251;0,27651328;0,58762920;3,18220973;1,00000000
0,63965117;0,16609251;0,27620572;0,58778298;3,18220973;1,00000000
0,63971785;0,16609251;0,27589813;0,58793676;3,18190217;1,00000000
0,63978452;0,16609251;0,27559054;0,58809054;3,18190217;1,00000000
0,63985119;0,16593874;0,27528298;0,58824432;3,18190217;1,00000000
0,63991786;0,16593874;0,27497539;0,58839810;3,18128681;1,00000000
0,63998453;0,16593874;0,27497539;0,58855188;3,18128681;1,00000000
0,64005121;0,16578494;0,27466780;0,58870566;3,18128681;1,00000000
0,64011788;0,16563116;0,27466780;0,58885950;3,18128681;1,00000000
0,64018455;0,16547737;0,27436024;0,58901328;3,18128681;1,00000000
0,64025122;0,16547737;0,27405265;0,58916706;3,18128681;1,00000000
0,64031789;0,16547737;0,27374509;0,58932084;3,18128681;1,00000000
0,64038457;0,16532359;0,27374509;0,58978224;3,18128681;1,00000000
0,64045124;0,16516978;0,27343750;0,58993602;3,18128681;1,00000000
0,64051791;0,16516978;0,27374509;0,58993602;3,18128681;1,00000000
0,64058458;0,16532359;0,27374509;0,59008980;3,18128681;1,00000000
0,64065125;0,16516978;0,27405265;0,59024358;3,18128681;1,00000000
0,64071793;0,16516978;0,27374509;0,59039736;3,18128681;1,00000000
0,64078460;0,16516978;0,27405265;0,59055120;3,18097925;1,00000000
0,64085127;0,16516978;0,27405265;0,59070498;3,18097925;1,00000000
0,64091794;0,16516978;0,27405265;0,59070498;3,18128681;1,00000000
0,64098461;0,16516978;0,27405265;0,59070498;3,18159461;1,00000000
0,64105129;0,16501600;0,27405265;0,59070498;3,18159461;1,00000000
0,64111796;0,16501600;0,27405265;0,59070498;3,18159461;1,00000000
0,64118463;0,16501600;0,27405265;0,59085876;3,18159461;1,00000000
0,64125130;0,16516978;0,27374509;0,59070498;3,18159461;1,00000000
0,64131797;0,16501600;0,27374509;0,59070498;3,18159461;1,00000000
0,64138465;0,16486220;0,27374509;0,59070498;3,18159461;1,00000000
0,64145132;0,16470842;0,27405265;0,59055120;3,18190217;1,00000000
0,64151799;0,16470842;0,27405265;0,59039736;3,18190217;1,00000000
0,64158466;0,16486220;0,27405265;0,59024358;3,18190217;1,00000000
0,64165133;0,16486220;0,27405265;0,59024358;3,18190217;1,00000000
0,64171801;0,16501600;0,27405265;0,59008980;3,18190217;1,00000000
0,64178468;0,16516978;0,27405265;0,59008980;3,18190217;1,00000000
0,64185135;0,16516978;0,27374509;0,58993602;3,18220973;1,00000000
0,64191802;0,16532359;0,27405265;0,58993602;3,18282485;1,00000000
0,64198469;0,16547737;0,27405265;0,58962846;3,18282485;1,00000000
0,64205137;0,16547737;0,27436024;0,58932084;3,18282485;1,00000000
0,64211804;0,16547737;0,27436024;0,58901328;3,18282485;1,00000000
0,64218471;0,16563116;0,27405265;0,58870566;3,18282485;1,00000000
0,64225138;0,16578494;0,27374509;0,58855188;3,18282485;1,00000000
0,64231805;0,16578494;0,27405265;0,58824432;3,18313241;1,00000000
0,64238473;0,16578494;0,27374509;0,58809054;3,18343997;1,00000000
0,64245140;0,16593874;0,27343750;0,58778298;3,18374753;1,00000000
0,64251807;0,16609251;0,27312991;0,58747536;3,18374753;1,00000000
0,64258474;0,16624631;0,27343750;0,58716780;3,18374753;1,00000000
0,64265141;0,16640009;0,27343750;0,58670646;3,18374753;1,00000000
0,64271809;0,16624631;0,27374509;0,58639890;3,18405509;1,00000000
0,64278476;0,16609251;0,27374509;0,58609128;3,18405509;1,00000000
0,64285143;0,16624631;0,27405265;0,58578372;3,18405509;1,00000000
0,64291810;0,16640009;0,27405265;0,58547610;3,18374753;1,00000000
0,64298477;0,16655388;0,27405265;0,58516854;3,18374753;1,00000000
0,64305145;0,16670766;0,27405265;0,58486098;3,18374753;1,00000000
0,64311812;0,16686147;0,27405265;0,58439958;3,18374753;1,00000000
0,64318479;0,16701525;0,27436024;0,58424580;3,18374753;1,00000000
0,64325146;0,16701525;0,27405265;0,58393824;3,18374753;1,00000000
0,64331813;0,16716905;0,27374509;0,58347690;3,18374753;1,00000000
0,64338481;0,16732283;0,27343750;0,58316928;3,18343997;1,00000000
0,64345148;0,16747662;0,27312991;0,58270794;3,18374753;1,00000000
0,64351815;0,16747662;0,27312991;0,58224654;3,18405509;1,00000000
0,64358482;0,16763040;0,27343750;0,58178520;3,18405509;1,00000000
0,64365149;0,16778421;0,27343750;0,58147764;3,18405509;1,00000000
0,64371817;0,16778421;0,27374509;0,58117002;3,18436265;1,00000000
0,64378484;0,16793799;0,27343750;0,58070862;3,18405509;1,00000000
0,64385151;0,16809179;0,27312991;0,58024728;3,18405509;1,00000000
0,64391818;0,16809179;0,27343750;0,57993972;3,18405509;1,00000000
0,64398485;0,16824557;0,27343750;0,57947832;3,18374753;1,00000000
0,64405153;0,16855314;0,27374509;0,57917076;3,18405509;1,00000000
0,64411820;0,16870694;0,27374509;0,57886314;3,18467021;1,00000000
0,64418487;0,16870694;0,27343750;0,57840180;3,18528533;1,00000000
0,64425154;0,16870694;0,27343750;0,57809424;3,18528533;1,00000000
0,64431821;0,16886072;0,27343750;0,57778668;3,18528533;1,00000000
0,64438489;0,16886072;0,27374509;0,57747906;3,18528533;1,00000000
0,64445156;0,16886072;0,27405265;0,57732528;3,18467021;1,00000000
0,64451823;0,16901451;0,27436024;0,57701772;3,18436265;1,00000000
0,64458490;0,16901451;0,27436024;0,57671016;3,18436265;1,00000000
0,64465157;0,16901451;0,27436024;0,57624876;3,18436265;1,00000000
0,64471825;0,16901451;0,27436024;0,57594121;3,18405509;1,00000000
0,64478492;0,16901451;0,27436024;0,57547981;3,18405509;1,00000000
0,64485159;0,16886072;0,27466780;0,57517225;3,18405509;1,00000000
0,64491826;0,16886072;0,27466780;0,57486469;3,18405509;1,00000000
0,64498493;0,16886072;0,27436024;0,57455707;3,18405509;1,00000000
0,64505161;0,16901451;0,27436024;0,57424951;3,18374753;1,00000000
0,64511828;0,16901451;0,27436024;0,57378817;3,18343997;1,00000000
0,64518495;0,16901451;0,27405265;0,57348061;3,18374753;1,00000000
0,64525162;0,16901451;0,27374509;0,57317299;3,18343997;1,00000000
0,64531829;0,16901451;0,27374509;0,57271159;3,18343997;1,00000000
0,64538497;0,16901451;0,27343750;0,57240403;3,18343997;1,00000000
0,64545164;0,16901451;0,27343750;0,57194269;3,18343997;1,00000000
0,64551831;0,16901451;0,27343750;0,57163513;3,18343997;1,00000000
0,64558498;0,16901451;0,27312991;0,57148129;3,18313241;1,00000000
0,64565165;0,16901451;0,27282235;0,57132751;3,18313241;1,00000000
0,64571833;0,16901451;0,27282235;0,57101995;3,18313241;1,00000000
0,64578500;0,16901451;0,27251476;0,57086611;3,18313241;1,00000000
0,64585167;0,16901451;0,27251476;0,57071233;3,18313241;1,00000000
0,64591834;0,16916829;0,27220720;0,57040477;3,18282485;1,00000000
0,64598501;0,16916829;0,27189961;0,57040477;3,18282485;1,00000000
0,64605169;0,16916829;0,27220720;0,57025099;3,18251729;1,00000000
0,64611836;0,16916829;0,27220720;0,57025099;3,18251729;1,00000000
0,64618503;0,16932210;0,27189961;0,57025099;3,18251729;1,00000000
0,64625170;0,16932210;0,27159202;0,57025099;3,18282485;1,00000000
0,64631837;0,16932210;0,27159202;0,57025099;3,18282485;1,00000000
0,64638505;0,16932210;0,27189961;0,57025099;3,18282485;1,00000000
0,64645172;0,16932210;0,27189961;0,57025099;3,18282485;1,00000000
0,64651839;0,16932210;0,27159202;0,57025099;3,18251729;1,00000000
0,64658506;0,16932210;0,27159202;0,57040477;3,18220973;1,00000000
0,64665173;0,16916829;0,27159202;0,57040477;3,18190217;1,00000000
0,64671841;0,16916829;0,27159202;0,57025099;3,18220973;1,00000000
0,64678508;0,16916829;0,27128446;0,57040477;3,18251729;1,00000000
0,64685175;0,16916829;0,27128446;0,57055855;3,18220973;1,00000000
0,64691842;0,16916829;0,27128446;0,57071233;3,18190217;1,00000000
0,64698509;0,16901451;0,27128446;0,57101995;3,18190217;1,00000000
0,64705177;0,16901451;0,27128446;0,57117373;3,18190217;1,00000000
0,64711844;0,16901451;0,27128446;0,57132751;3,18190217;1,00000000
0,64718511;0,16901451;0,27159202;0,57148129;3,18159461;1,00000000
0,64725178;0,16901451;0,27159202;0,57163513;3,18190217;1,00000000
0,64731845;0,16901451;0,27159202;0,57178891;3,18251729;1,00000000
0,64738513;0,16901451;0,27128446;0,57225025;3,18251729;1,00000000
0,64745180;0,16886072;0,27128446;0,57240403;3,18220973;1,00000000
0,64751847;0,16886072;0,27128446;0,57271159;3,18220973;1,00000000
0,64758514;0,16886072;0,27128446;0,57317299;3,18220973;1,00000000
0,64765181;0,16886072;0,27159202;0,57348061;3,18220973;1,00000000
0,64771849;0,16886072;0,27128446;0,57394195;3,18220973;1,00000000
0,64778516;0,16886072;0,27128446;0,57440329;3,18251729;1,00000000
0,64785183;0,16870694;0,27128446;0,57471091;3,18282485;1,00000000
0,64791850;0,16870694;0,27128446;0,57517225;3,18343997;1,00000000
0,64798517;0,16870694;0,27097687;0,57578737;3,18313241;1,00000000
0,64805185;0,16870694;0,27097687;0,57609499;3,18313241;1,00000000
0,64811852;0,16870694;0,27128446;0,57655638;3,18313241;1,00000000
0,64818519;0,16855314;0,27097687;0,57701772;3,18313241;1,00000000
0,64825186;0,16855314;0,27128446;0,57747906;3,18313241;1,00000000
0,64831853;0,16855314;0,27159202;0,57794046;3,18343997;1,00000000
0,64838521;0,16855314;0,27189961;0,57855558;3,18405509;1,00000000
0,64845188;0,16855314;0,27220720;0,57901698;3,18436265;1,00000000
0,64851855;0,16855314;0,27189961;0,57947832;3,18467021;1,00000000
0,64858522;0,16855314;0,27189961;0,57978594;3,18467021;1,00000000
0,64865189;0,16855314;0,27189961;0,58040106;3,18467021;1,00000000
0,64871857;0,16855314;0,27220720;0,58086246;3,18467021;1,00000000
0,64878524;0,16855314;0,27251476;0,58132380;3,18559289;1,00000000
0,64885191;0,16855314;0,27282235;0,58178520;3,18559289;1,00000000
0,64891858;0,16855314;0,27282235;0,58224654;3,18559289;1,00000000
0,64898525;0,16855314;0,27282235;0,58255410;3,18590045;1,00000000
0,64905193;0,16855314;0,27312991;0,58301550;3,18620801;1,00000000
0,64911860;0,16855314;0,27312991;0,58332312;3,18620801;1,00000000
0,64918527;0,16870694;0,27312991;0,58378446;3,18620801;1,00000000
0,64925194;0,16870694;0,27312991;0,58424580;3,18651581;1,00000000
0,64931861;0,16870694;0,27343750;0,58455342;3,18682337;1,00000000
0,64938529;0,16870694;0,27343750;0,58486098;3,18682337;1,00000000
0,64945196;0,16886072;0,27374509;0,58516854;3,18682337;1,00000000
0,64951863;0,16886072;0,27374509;0,58562988;3,18682337;1,00000000
0,64958530;0,16886072;0,27374509;0,58593750;3,18713093;1,00000000
0,64965197;0,16886072;0,27374509;0,58609128;3,18713093;1,00000000
0,64971865;0,16886072;0,27374509;0,58639890;3,18713093;1,00000000
0,64978532;0,16886072;0,27405265;0,58655268;3,18713093;1,00000000
0,64985199;0,16886072;0,27436024;0,58686024;3,18713093;1,00000000
0,64991866;0,16886072;0,27466780;0,58716780;3,18713093;1,00000000
0,64998533;0,16901451;0,27466780;0,58732158;3,18713093;1,00000000
0,65005201;0,16901451;0,27497539;0,58747536;3,18713093;1,00000000
0,65011868;0,16901451;0,27497539;0,58778298;3,18682337;1,00000000
0,65018535;0,16901451;0,27528298;0,58793676;3,18682337;1,00000000
0,65025202;0,16901451;0,27528298;0,58793676;3,18682337;1,00000000
0,65031869;0,16901451;0,27528298;0,58809054;3,18682337;1,00000000
0,65038537;0,16901451;0,27528298;0,58809054;3,18682337;1,00000000
0,65045204;0,16901451;0,27528298;0,58809054;3,18682337;1,00000000
0,65051871;0,16901451;0,27528298;0,58809054;3,18682337;1,00000000
0,65058538;0,16901451;0,27528298;0,58809054;3,18682337;1,00000000
0,65065205;0,16901451;0,27497539;0,58809054;3,18651581;1,00000000
0,65071873;0,16901451;0,27466780;0,58809054;3,18651581;1,00000000
0,65078540;0,16901451;0,27436024;0,58809054;3,18620801;1,00000000
0,65085207;0,16901451;0,27405265;0,58793676;3,18590045;1,00000000
0,65091874;0,16901451;0,27405265;0,58793676;3,18590045;1,00000000
0,65098541;0,16901451;0,27436024;0,58778298;3,18559289;1,00000000
0,65105209;0,16901451;0,27466780;0,58778298;3,18590045;1,00000000
0,65111876;0,16901451;0,27497539;0,58778298;3,18559289;1,00000000
0,65118543;0,16901451;0,27497539;0,58762920;3,18559289;1,00000000
0,65125210;0,16901451;0,27466780;0,58747536;3,18559289;1,00000000
0,65131877;0,16901451;0,27436024;0,58747536;3,18559289;1,00000000
0,65138545;0,16901451;0,27436024;0,58747536;3,18559289;1,00000000
0,65145212;0,16901451;0,27405265;0,58732158;3,18528533;1,00000000
0,65151879;0,16901451;0,27405265;0,58716780;3,18559289;1,00000000
0,65158546;0,16901451;0,27405265;0,58716780;3,18528533;1,00000000
0,65165213;0,16886072;0,27405265;0,58716780;3,18528533;1,00000000
0,65171881;0,16886072;0,27374509;0,58701402;3,18528533;1,00000000
0,65178548;0,16886072;0,27405265;0,58686024;3,18528533;1,00000000
0,65185215;0,16886072;0,27374509;0,58670646;3,18528533;1,00000000
0,65191882;0,16886072;0,27343750;0,58655268;3,18467021;1,00000000
0,65198549;0,16886072;0,27343750;0,58624506;3,18467021;1,00000000
0,65205217;0,16886072;0,27343750;0,58609128;3,18467021;1,00000000
0,65211884;0,16886072;0,27343750;0,58578372;3,18467021;1,00000000
0,65218551;0,16886072;0,27374509;0,58547610;3,18467021;1,00000000
0,65225218;0,16886072;0,27374509;0,58516854;3,18467021;1,00000000
0,65231885;0,16886072;0,27374509;0,58501476;3,18467021;1,00000000
0,65238553;0,16870694;0,27405265;0,58470720;3,18467021;1,00000000
0,65245220;0,16870694;0,27405265;0,58439958;3,18436265;1,00000000
0,65251887;0,16870694;0,27374509;0,58409202;3,18436265;1,00000000
0,65258554;0,16870694;0,27343750;0,58378446;3,18436265;1,00000000
0,65265221;0,16855314;0,27374509;0,58347690;3,18436265;1,00000000
0,65271889;0,16839936;0,27374509;0,58316928;3,18436265;1,00000000
0,65278556;0,16839936;0,27343750;0,58286172;3,18436265;1,00000000
0,65285223;0,16839936;0,27312991;0,58255410;3,18436265;1,00000000
0,65291890;0,16839936;0,27282235;0,58240032;3,18436265;1,00000000
0,65298557;0,16839936;0,27282235;0,58209276;3,18405509;1,00000000
0,65305225;0,16839936;0,27251476;0,58178520;3,18405509;1,00000000
0,65311892;0,16824557;0,27220720;0,58163142;3,18405509;1,00000000
0,65318559;0,16824557;0,27220720;0,58132380;3,18436265;1,00000000
0,65325226;0,16824557;0,27220720;0,58101624;3,18436265;1,00000000
0,65331893;0,16809179;0,27220720;0,58055484;3,18436265;1,00000000
0,65338561;0,16793799;0,27220720;0,58024728;3,18436265;1,00000000
0,65345228;0,16793799;0,27251476;0,57993972;3,18436265;1,00000000
0,65351895;0,16793799;0,27282235;0,57978594;3,18405509;1,00000000
0,65358562;0,16809179;0,27312991;0,57947832;3,18436265;1,00000000
0,65365229;0,16809179;0,27282235;0,57932454;3,18467021;1,00000000
0,65371897;0,16809179;0,27282235;0,57901698;3,18528533;1,00000000
0,65378564;0,16809179;0,27251476;0,57870936;3,18559289;1,00000000
0,65385231;0,16809179;0,27251476;0,57840180;3,18559289;1,00000000
0,65391898;0,16793799;0,27251476;0,57794046;3,18559289;1,00000000
0,65398565;0,16778421;0,27251476;0,57763284;3,18559289;1,00000000
0,65405233;0,16778421;0,27282235;0,57747906;3,18528533;1,00000000
0,65411900;0,16778421;0,27251476;0,57717150;3,18559289;1,00000000
0,65418567;0,16778421;0,27220720;0,57701772;3,18590045;1,00000000
0,65425234;0,16778421;0,27189961;0,57671016;3,18590045;1,00000000
0,65431901;0,16778421;0,27189961;0,57640254;3,18620801;1,00000000
0,65438569;0,16778421;0,27189961;0,57624876;3,18590045;1,00000000
0,65445236;0,16778421;0,27189961;0,57609499;3,18590045;1,00000000
0,65451903;0,16778421;0,27159202;0,57578737;3,18590045;1,00000000
0,65458570;0,16778421;0,27159202;0,57547981;3,18590045;1,00000000
0,65465237;0,16793799;0,27159202;0,57532603;3,18620801;1,00000000
0,65471905;0,16778421;0,27159202;0,57517225;3,18651581;1,00000000
0,65478572;0,16763040;0,27128446;0,57501847;3,18682337;1,00000000
0,65485239;0,16747662;0,27128446;0,57486469;3,18743849;1,00000000
0,65491906;0,16732283;0,27128446;0,57471091;3,18713093;1,00000000
0,65498573;0,16732283;0,27159202;0,57455707;3,18682337;1,00000000
0,65505241;0,16732283;0,27189961;0,57440329;3,18682337;1,00000000
0,65511908;0,16732283;0,27189961;0,57424951;3,18682337;1,00000000
0,65518575;0,16732283;0,27189961;0,57424951;3,18682337;1,00000000
0,65525242;0,16732283;0,27220720;0,57424951;3,18713093;1,00000000
0,65531909;0,16732283;0,27220720;0,57409573;3,18743849;1,00000000
0,65538577;0,16732283;0,27220720;0,57394195;3,18805361;1,00000000
0,65545244;0,16716905;0,27220720;0,57378817;3,18805361;1,00000000
0,65551911;0,16701525;0,27251476;0,57378817;3,18805361;1,00000000
0,65558578;0,16701525;0,27282235;0,57378817;3,18774605;1,00000000
0,65565245;0,16716905;0,27282235;0,57378817;3,18743849;1,00000000
0,65571913;0,16701525;0,27251476;0,57378817;3,18743849;1,00000000
0,65578580;0,16701525;0,27282235;0,57378817;3,18743849;1,00000000
0,65585247;0,16701525;0,27312991;0,57378817;3,18774605;1,00000000
0,65591914;0,16701525;0,27312991;0,57394195;3,18805361;1,00000000
0,65598581;0,16716905;0,27343750;0,57394195;3,18836117;1,00000000
0,65605249;0,16716905;0,27343750;0,57394195;3,18805361;1,00000000
0,65611916;0,16716905;0,27343750;0,57409573;3,18774605;1,00000000
0,65618583;0,16716905;0,27343750;0,57440329;3,18743849;1,00000000
0,65625250;0,16732283;0,27374509;0,57455707;3,18743849;1,00000000
0,65631917;0,16732283;0,27405265;0,57455707;3,18743849;1,00000000
0,65638585;0,16747662;0,27405265;0,57486469;3,18743849;1,00000000
0,65645252;0,16747662;0,27405265;0,57486469;3,18774605;1,00000000
0,65651919;0,16747662;0,27405265;0,57517225;3,18805361;1,00000000
0,65658586;0,16747662;0,27405265;0,57547981;3,18836117;1,00000000
0,65665253;0,16747662;0,27405265;0,57578737;3,18805361;1,00000000
0,65671921;0,16747662;0,27405265;0,57609499;3,18774605;1,00000000
0,65678588;0,16747662;0,27436024;0,57640254;3,18774605;1,00000000
0,65685255;0,16763040;0,27466780;0,57671016;3,18774605;1,00000000
0,65691922;0,16778421;0,27497539;0,57686394;3,18743849;1,00000000
0,65698589;0,16778421;0,27528298;0,57701772;3,18774605;1,00000000
0,65705257;0,16778421;0,27528298;0,57717150;3,18774605;1,00000000
0,65711924;0,16778421;0,27559054;0,57747906;3,18774605;1,00000000
0,65718591;0,16778421;0,27559054;0,57763284;3,18743849;1,00000000
0,65725258;0,16778421;0,27559054;0,57778668;3,18713093;1,00000000
0,65731925;0,16793799;0,27559054;0,57809424;3,18682337;1,00000000
0,65738593;0,16778421;0,27559054;0,57840180;3,18682337;1,00000000
0,65745260;0,16793799;0,27589813;0,57840180;3,18651581;1,00000000
0,65751927;0,16793799;0,27589813;0,57870936;3,18620801;1,00000000
0,65758594;0,16793799;0,27559054;0,57901698;3,18620801;1,00000000
0,65765261;0,16778421;0,27589813;0,57932454;3,18620801;1,00000000
0,65771929;0,16793799;0,27589813;0,57963216;3,18651581;1,00000000
0,65778596;0,16809179;0,27589813;0,57978594;3,18620801;1,00000000
0,65785263;0,16809179;0,27589813;0,57993972;3,18590045;1,00000000
0,65791930;0,16809179;0,27559054;0,58024728;3,18559289;1,00000000
0,65798597;0,16809179;0,27559054;0,58040106;3,18467021;1,00000000
0,65805265;0,16809179;0,27559054;0,58055484;3,18436265;1,00000000
0,65811932;0,16824557;0,27559054;0,58070862;3,18436265;1,00000000
0,65818599;0,16824557;0,27559054;0,58086246;3,18436265;1,00000000
0,65825266;0,16824557;0,27528298;0,58101624;3,18436265;1,00000000
0,65831933;0,16809179;0,27528298;0,58117002;3,18436265;1,00000000
0,65838601;0,16824557;0,27497539;0,58132380;3,18374753;1,00000000
0,65845268;0,16824557;0,27466780;0,58147764;3,18313241;1,00000000
0,65851935;0,16839936;0,27466780;0,58178520;3,18251729;1,00000000
0,65858602;0,16839936;0,27466780;0,58209276;3,18220973;1,00000000
0,65865269;0,16824557;0,27466780;0,58224654;3,18220973;1,00000000
0,65871937;0,16824557;0,27466780;0,58224654;3,18220973;1,00000000
0,65878604;0,16824557;0,27466780;0,58255410;3,18220973;1,00000000
0,65885271;0,16809179;0,27466780;0,58255410;3,18220973;1,00000000
0,65891938;0,16809179;0,27466780;0,58270794;3,18159461;1,00000000
0,65898605;0,16793799;0,27436024;0,58286172;3,18128681;1,00000000
0,65905273;0,16778421;0,27436024;0,58301550;3,18097925;1,00000000
0,65911940;0,16763040;0,27405265;0,58316928;3,18097925;1,00000000
0,65918607;0,16747662;0,27436024;0,58332312;3,18097925;1,00000000
0,65925274;0,16732283;0,27466780;0,58347690;3,18097925;1,00000000
0,65931941;0,16732283;0,27466780;0,58363068;3,18067169;1,00000000
0,65938609;0,16716905;0,27436024;0,58378446;3,18036413;1,00000000
0,65945276;0,16732283;0,27436024;0,58409202;3,18005657;1,00000000
0,65951943;0,16716905;0,27436024;0,58424580;3,18005657;1,00000000
0,65958610;0,16701525;0,27436024;0,58439958;3,18005657;1,00000000
0,65965277;0,16686147;0,27405265;0,58470720;3,18005657;1,00000000
0,65971945;0,16670766;0,27436024;0,58486098;3,18005657;1,00000000
0,65978612;0,16670766;0,27405265;0,58501476;3,17944145;1,00000000
0,65985279;0,16686147;0,27405265;0,58516854;3,17913389;1,00000000
0,65991946;0,16670766;0,27374509;0,58532232;3,17882633;1,00000000
0,65998613;0,16655388;0,27374509;0,58547610;3,17882633;1,00000000
0,66005281;0,16640009;0,27343750;0,58562988;3,17913389;1,00000000
0,66011948;0,16624631;0,27343750;0,58562988;3,17944145;1,00000000
0,66018615;0,16609251;0,27374509;0,58578372;3,17944145;1,00000000
0,66025282;0,16593874;0,27343750;0,58578372;3,17944145;1,00000000
0,66031949;0,16578494;0,27374509;0,58593750;3,17913389;1,00000000
0,66038617;0,16563116;0,27405265;0,58609128;3,17944145;1,00000000
0,66045284;0,16547737;0,27436024;0,58624506;3,17944145;1,00000000
0,66051951;0,16547737;0,27466780;0,58639890;3,17974901;1,00000000
0,66058618;0,16547737;0,27466780;0,58639890;3,18005657;1,00000000
0,66065285;0,16532359;0,27436024;0,58655268;3,18005657;1,00000000
0,66071953;0,16532359;0,27436024;0,58655268;3,18005657;1,00000000
0,66078620;0,16547737;0,27436024;0,58655268;3,17974901;1,00000000
0,66085287;0,16547737;0,27466780;0,58670646;3,18036413;1,00000000
0,66091954;0,16532359;0,27466780;0,58670646;3,18067169;1,00000000
0,66098621;0,16532359;0,27466780;0,58670646;3,18097925;1,00000000
0,66105289;0,16516978;0,27466780;0,58686024;3,18097925;1,00000000
0,66111956;0,16501600;0,27436024;0,58670646;3,18097925;1,00000000
0,66118623;0,16486220;0,27405265;0,58655268;3,18067169;1,00000000
0,66125290;0,16501600;0,27436024;0,58655268;3,18067169;1,00000000
0,66131957;0,16516978;0,27405265;0,58639890;3,18097925;1,00000000
0,66138625;0,16501600;0,27405265;0,58624506;3,18128681;1,00000000
0,66145292;0,16501600;0,27405265;0,58624506;3,18159461;1,00000000
0,66151959;0,16501600;0,27405265;0,58593750;3,18159461;1,00000000
0,66158626;0,16501600;0,27405265;0,58578372;3,18159461;1,00000000
0,66165293;0,16516978;0,27436024;0,58562988;3,18159461;1,00000000
0,66171961;0,16532359;0,27405265;0,58547610;3,18159461;1,00000000
0,66178628;0,16532359;0,27374509;0,58547610;3,18190217;1,00000000
0,66185295;0,16532359;0,27343750;0,58532232;3,18220973;1,00000000
0,66191962;0,16547737;0,27343750;0,58501476;3,18251729;1,00000000
0,66198629;0,16563116;0,27343750;0,58470720;3,18251729;1,00000000
0,66205297;0,16563116;0,27374509;0,58455342;3,18251729;1,00000000
0,66211964;0,16563116;0,27374509;0,58424580;3,18251729;1,00000000
0,66218631;0,16578494;0,27405265;0,58409202;3,18251729;1,00000000
0,66225298;0,16578494;0,27405265;0,58378446;3,18251729;1,00000000
0,66231965;0,16593874;0,27405265;0,58347690;3,18313241;1,00000000
0,66238633;0,16609251;0,27405265;0,58332312;3,18343997;1,00000000
0,66245300;0,16609251;0,27405265;0,58301550;3,18343997;1,00000000
0,66251967;0,16624631;0,27405265;0,58270794;3,18343997;1,00000000
0,66258634;0,16640009;0,27436024;0,58240032;3,18343997;1,00000000
0,66265301;0,16655388;0,27466780;0,58209276;3,18343997;1,00000000
0,66271969;0,16670766;0,27497539;0,58178520;3,18313241;1,00000000
0,66278636;0,16686147;0,27466780;0,58147764;3,18313241;1,00000000
0,66285303;0,16701525;0,27466780;0,58117002;3,18313241;1,00000000
0,66291970;0,16716905;0,27436024;0,58086246;3,18313241;1,00000000
0,66298637;0,16716905;0,27466780;0,58055484;3,18313241;1,00000000
0,66305305;0,16716905;0,27497539;0,58024728;3,18313241;1,00000000
0,66311972;0,16732283;0,27497539;0,57993972;3,18313241;1,00000000
0,66318639;0,16747662;0,27528298;0,57947832;3,18313241;1,00000000
0,66325306;0,16747662;0,27528298;0,57901698;3,18313241;1,00000000
0,66331973;0,16763040;0,27528298;0,57870936;3,18282485;1,00000000
0,66338641;0,16778421;0,27497539;0,57824802;3,18282485;1,00000000
0,66345308;0,16793799;0,27466780;0,57778668;3,18282485;1,00000000
0,66351975;0,16809179;0,27466780;0,57732528;3,18282485;1,00000000
0,66358642;0,16824557;0,27497539;0,57686394;3,18282485;1,00000000
0,66365309;0,16824557;0,27497539;0,57640254;3,18313241;1,00000000
0,66371977;0,16839936;0,27497539;0,57609499;3,18343997;1,00000000
0,66378644;0,16855314;0,27497539;0,57578737;3,18282485;1,00000000
0,66385311;0,16855314;0,27497539;0,57532603;3,18251729;1,00000000
0,66391978;0,16870694;0,27466780;0,57501847;3,18282485;1,00000000
0,66398645;0,16886072;0,27466780;0,57471091;3,18313241;1,00000000
0,66405313;0,16901451;0,27436024;0,57424951;3,18313241;1,00000000
0,66411980;0,16916829;0,27436024;0,57394195;3,18343997;1,00000000
0,66418647;0,16932210;0,27436024;0,57363439;3,18343997;1,00000000
0,66425314;0,16932210;0,27436024;0,57332677;3,18313241;1,00000000
0,66431981;0,16932210;0,27466780;0,57301921;3,18282485;1,00000000
0,66438649;0,16947588;0,27466780;0,57271159;3,18251729;1,00000000
0,66445316;0,16962968;0,27466780;0,57240403;3,18282485;1,00000000
0,66451983;0,16978346;0,27497539;0,57209647;3,18313241;1,00000000
0,66458650;0,16978346;0,27497539;0,57163513;3,18313241;1,00000000
0,66465317;0,16993725;0,27497539;0,57117373;3,18313241;1,00000000
0,66471985;0,17009103;0,27497539;0,57086611;3,18313241;1,00000000
0,66478652;0,17024484;0,27528298;0,57040477;3,18343997;1,00000000
0,66485319;0,17039862;0,27559054;0,56994343;3,18282485;1,00000000
0,66491986;0,17070620;0,27589813;0,56978959;3,18251729;1,00000000
0,66498653;0,17070620;0,27589813;0,56948203;3,18220973;1,00000000
0,66505321;0,17070620;0,27589813;0,56917441;3,18251729;1,00000000
0,66511988;0,17070620;0,27589813;0,56902063;3,18251729;1,00000000
0,66518655;0,17070620;0,27559054;0,56886685;3,18251729;1,00000000
0,66525322;0,17085999;0,27559054;0,56855929;3,18251729;1,00000000
0,66531989;0,17085999;0,27559054;0,56825173;3,18282485;1,00000000
0,66538657;0,17101377;0,27559054;0,56779033;3,18251729;1,00000000
0,66545324;0,17101377;0,27528298;0,56748277;3,18190217;1,00000000
0,66551991;0,17101377;0,27497539;0,56732899;3,18159461;1,00000000
0,66558658;0,17101377;0,27497539;0,56702143;3,18128681;1,00000000
0,66565325;0,17101377;0,27497539;0,56686765;3,18128681;1,00000000
0,66571993;0,17116757;0,27466780;0,56656003;3,18128681;1,00000000
0,66578660;0,17116757;0,27436024;0,56640625;3,18128681;1,00000000
0,66585327;0,17116757;0,27436024;0,56625247;3,18128681;1,00000000
0,66591994;0,17116757;0,27405265;0,56609863;3,18159461;1,00000000
0,66598661;0,17116757;0,27405265;0,56594485;3,18128681;1,00000000
0,66605329;0,17116757;0,27405265;0,56594485;3,18067169;1,00000000
0,66611996;0,17116757;0,27374509;0,56579107;3,18036413;1,00000000
0,66618663;0,17116757;0,27343750;0,56579107;3,18036413;1,00000000
0,66625330;0,17101377;0,27343750;0,56579107;3,18036413;1,00000000
0,66631997;0,17101377;0,27312991;0,56563729;3,18036413;1,00000000
0,66638665;0,17101377;0,27282235;0,56563729;3,18036413;1,00000000
0,66645332;0,17101377;0,27282235;0,56563729;3,18067169;1,00000000
0,66651999;0,17085999;0,27251476;0,56563729;3,18097925;1,00000000
0,66658666;0,17085999;0,27282235;0,56563729;3,18067169;1,00000000
0,66665333;0,17101377;0,27282235;0,56579107;3,18036413;1,00000000
0,66672001;0,17101377;0,27251476;0,56594485;3,18036413;1,00000000
0,66678668;0,17101377;0,27220720;0,56609863;3,18036413;1,00000000
0,66685335;0,17101377;0,27189961;0,56625247;3,18036413;1,00000000
0,66692002;0,17101377;0,27189961;0,56640625;3,18067169;1,00000000
0,66698669;0,17101377;0,27189961;0,56671381;3,18067169;1,00000000
0,66705337;0,17085999;0,27189961;0,56702143;3,18097925;1,00000000
0,66712004;0,17085999;0,27189961;0,56732899;3,18067169;1,00000000
0,66718671;0,17085999;0,27220720;0,56748277;3,18067169;1,00000000
0,66725338;0,17085999;0,27189961;0,56779033;3,18097925;1,00000000
0,66732005;0,17085999;0,27220720;0,56825173;3,18097925;1,00000000
0,66738673;0,17085999;0,27220720;0,56871307;3,18097925;1,00000000
0,66745340;0,17085999;0,27220720;0,56917441;3,18097925;1,00000000
0,66752007;0,17085999;0,27251476;0,56963581;3,18097925;1,00000000
0,66758674;0,17085999;0,27251476;0,56994343;3,18128681;1,00000000
0,66765341;0,17085999;0,27282235;0,57025099;3,18128681;1,00000000
0,66772009;0,17085999;0,27312991;0,57071233;3,18128681;1,00000000
0,66778676;0,17085999;0,27312991;0,57101995;3,18128681;1,00000000
0,66785343;0,17085999;0,27312991;0,57132751;3,18159461;1,00000000
0,66792010;0,17085999;0,27312991;0,57178891;3,18190217;1,00000000
0,66798677;0,17085999;0,27312991;0,57240403;3,18190217;1,00000000
0,66805345;0,17085999;0,27282235;0,57301921;3,18190217;1,00000000
0,66812012;0,17085999;0,27282235;0,57332677;3,18220973;1,00000000
0,66818679;0,17085999;0,27282235;0,57363439;3,18282485;1,00000000
0,66825346;0,17085999;0,27282235;0,57424951;3,18251729;1,00000000
0,66832013;0,17085999;0,27282235;0,57471091;3,18251729;1,00000000
0,66838681;0,17085999;0,27312991;0,57501847;3,18251729;1,00000000
0,66845348;0,17085999;0,27312991;0,57532603;3,18251729;1,00000000
0,66852015;0,17085999;0,27343750;0,57578737;3,18251729;1,00000000
0,66858682;0,17085999;0,27374509;0,57640254;3,18251729;1,00000000
0,66865349;0,17085999;0,27405265;0,57686394;3,18313241;1,00000000
0,66872017;0,17085999;0,27374509;0,57717150;3,18343997;1,00000000
0,66878684;0,17085999;0,27405265;0,57747906;3,18374753;1,00000000
0,66885351;0,17085999;0,27405265;0,57794046;3,18405509;1,00000000
0,66892018;0,17085999;0,27436024;0,57840180;3,18405509;1,00000000
0,66898685;0,17085999;0,27466780;0,57886314;3,18405509;1,00000000
0,66905353;0,17085999;0,27497539;0,57947832;3,18405509;1,00000000
0,66912020;0,17085999;0,27528298;0,57993972;3,18436265;1,00000000
0,66918687;0,17070620;0,27559054;0,58040106;3,18436265;1,00000000
0,66925354;0,17070620;0,27559054;0,58086246;3,18467021;1,00000000
0,66932021;0,17085999;0,27559054;0,58132380;3,18528533;1,00000000
0,66938689;0,17085999;0,27559054;0,58163142;3,18528533;1,00000000
0,66945356;0,17085999;0,27559054;0,58209276;3,18528533;1,00000000
0,66952023;0,17085999;0,27559054;0,58255410;3,18528533;1,00000000
0,66958690;0,17085999;0,27589813;0,58301550;3,18528533;1,00000000
0,66965357;0,17101377;0,27589813;0,58347690;3,18528533;1,00000000
0,66972025;0,17101377;0,27589813;0,58378446;3,18528533;1,00000000
0,66978692;0,17101377;0,27589813;0,58409202;3,18559289;1,00000000
0,66985359;0,17101377;0,27620572;0,58424580;3,18528533;1,00000000
0,66992026;0,17101377;0,27651328;0,58439958;3,18528533;1,00000000
0,66998693;0,17101377;0,27682087;0,58455342;3,18528533;1,00000000
0,67005361;0,17101377;0,27651328;0,58455342;3,18559289;1,00000000
0,67012028;0,17101377;0,27651328;0,58486098;3,18590045;1,00000000
0,67018695;0,17101377;0,27651328;0,58501476;3,18620801;1,00000000
0,67025362;0,17085999;0,27651328;0,58516854;3,18620801;1,00000000
0,67032029;0,17085999;0,27651328;0,58516854;3,18590045;1,00000000
0,67038697;0,17085999;0,27682087;0,58532232;3,18559289;1,00000000
0,67045364;0,17085999;0,27651328;0,58532232;3,18528533;1,00000000
0,67052031;0,17085999;0,27620572;0,58532232;3,18467021;1,00000000
0,67058698;0,17085999;0,27589813;0,58532232;3,18528533;1,00000000
0,67065365;0,17070620;0,27559054;0,58516854;3,18528533;1,00000000
0,67072033;0,17070620;0,27559054;0,58516854;3,18528533;1,00000000
0,67078700;0,17070620;0,27559054;0,58501476;3,18528533;1,00000000
0,67085367;0,17070620;0,27559054;0,58501476;3,18467021;1,00000000
0,67092034;0,17070620;0,27589813;0,58501476;3,18467021;1,00000000
0,67098701;0,17085999;0,27620572;0,58516854;3,18467021;1,00000000
0,67105369;0,17085999;0,27589813;0,58516854;3,18467021;1,00000000
0,67112036;0,17085999;0,27559054;0,58516854;3,18467021;1,00000000
0,67118703;0,17085999;0,27559054;0,58516854;3,18467021;1,00000000
0,67125370;0,17085999;0,27559054;0,58516854;3,18467021;1,00000000
0,67132037;0,17085999;0,27559054;0,58501476;3,18436265;1,00000000
0,67138705;0,17085999;0,27559054;0,58486098;3,18405509;1,00000000
0,67145372;0,17085999;0,27559054;0,58470720;3,18436265;1,00000000
0,67152039;0,17085999;0,27559054;0,58455342;3,18436265;1,00000000
0,67158706;0,17085999;0,27589813;0,58439958;3,18436265;1,00000000
0,67165373;0,17085999;0,27589813;0,58439958;3,18436265;1,00000000
0,67172041;0,17070620;0,27559054;0,58424580;3,18436265;1,00000000
0,67178708;0,17070620;0,27528298;0,58424580;3,18436265;1,00000000
0,67185375;0,17070620;0,27528298;0,58409202;3,18436265;1,00000000
0,67192042;0,17070620;0,27528298;0,58378446;3,18405509;1,00000000
0,67198709;0,17070620;0,27528298;0,58378446;3,18436265;1,00000000
0,67205377;0,17055242;0,27528298;0,58347690;3,18467021;1,00000000
0,67212044;0,17055242;0,27497539;0,58332312;3,18467021;1,00000000
0,67218711;0,17055242;0,27466780;0,58316928;3,18467021;1,00000000
0,67225378;0,17055242;0,27436024;0,58286172;3,18436265;1,00000000
0,67232045;0,17055242;0,27405265;0,58255410;3,18436265;1,00000000
0,67238713;0,17055242;0,27405265;0,58224654;3,18436265;1,00000000
0,67245380;0,17055242;0,27374509;0,58193898;3,18405509;1,00000000
0,67252047;0,17055242;0,27374509;0,58178520;3,18436265;1,00000000
0,67258714;0,17055242;0,27343750;0,58147764;3,18467021;1,00000000
0,67265381;0,17070620;0,27343750;0,58132380;3,18528533;1,00000000
0,67272049;0,17055242;0,27343750;0,58101624;3,18559289;1,00000000
0,67278716;0,17055242;0,27343750;0,58070862;3,18528533;1,00000000
0,67285383;0,17055242;0,27312991;0,58055484;3,18528533;1,00000000
0,67292050;0,17055242;0,27282235;0,58040106;3,18528533;1,00000000
0,67298717;0,17055242;0,27312991;0,57993972;3,18528533;1,00000000
0,67305385;0,17039862;0,27282235;0,57978594;3,18528533;1,00000000
0,67312052;0,17039862;0,27312991;0,57947832;3,18559289;1,00000000
0,67318719;0,17039862;0,27312991;0,57917076;3,18620801;1,00000000
0,67325386;0,17039862;0,27343750;0,57886314;3,18620801;1,00000000
0,67332053;0,17024484;0,27312991;0,57855558;3,18620801;1,00000000
0,67338721;0,17024484;0,27312991;0,57840180;3,18620801;1,00000000
0,67345388;0,17009103;0,27282235;0,57809424;3,18620801;1,00000000
0,67352055;0,17024484;0,27282235;0,57794046;3,18620801;1,00000000
0,67358722;0,17024484;0,27282235;0,57763284;3,18590045;1,00000000
0,67365389;0,17024484;0,27282235;0,57732528;3,18620801;1,00000000
0,67372057;0,17024484;0,27312991;0,57701772;3,18620801;1,00000000
0,67378724;0,17024484;0,27312991;0,57671016;3,18620801;1,00000000
0,67385391;0,17024484;0,27282235;0,57640254;3,18620801;1,00000000
0,67392058;0,17009103;0,27251476;0,57609499;3,18620801;1,00000000
0,67398725;0,16993725;0,27220720;0,57594121;3,18620801;1,00000000
0,67405393;0,16993725;0,27220720;0,57578737;3,18620801;1,00000000
0,67412060;0,16978346;0,27220720;0,57547981;3,18651581;1,00000000
0,67418727;0,16993725;0,27189961;0,57517225;3,18620801;1,00000000
0,67425394;0,16993725;0,27189961;0,57486469;3,18651581;1,00000000
0,67432061;0,16993725;0,27220720;0,57471091;3,18682337;1,00000000
0,67438729;0,16978346;0,27251476;0,57440329;3,18713093;1,00000000
0,67445396;0,16978346;0,27251476;0,57409573;3,18713093;1,00000000
0,67452063;0,16962968;0,27220720;0,57394195;3,18713093;1,00000000
0,67458730;0,16962968;0,27251476;0,57363439;3,18743849;1,00000000
0,67465397;0,16947588;0,27282235;0,57348061;3,18743849;1,00000000
0,67472065;0,16947588;0,27251476;0,57317299;3,18743849;1,00000000
0,67478732;0,16947588;0,27251476;0,57301921;3,18713093;1,00000000
0,67485399;0,16932210;0,27251476;0,57301921;3,18743849;1,00000000
0,67492066;0,16916829;0,27251476;0,57301921;3,18774605;1,00000000
0,67498733;0,16916829;0,27251476;0,57286543;3,18805361;1,00000000
0,67505401;0,16916829;0,27251476;0,57286543;3,18836117;1,00000000
0,67512068;0,16901451;0,27220720;0,57286543;3,18836117;1,00000000
0,67518735;0,16886072;0,27220720;0,57286543;3,18805361;1,00000000
0,67525402;0,16870694;0,27251476;0,57286543;3,18774605;1,00000000
0,67532069;0,16855314;0,27282235;0,57286543;3,18743849;1,00000000
0,67538737;0,16855314;0,27282235;0,57301921;3,18743849;1,00000000
0,67545404;0,16855314;0,27282235;0,57301921;3,18774605;1,00000000
0,67552071;0,16855314;0,27282235;0,57317299;3,18805361;1,00000000
0,67558738;0,16839936;0,27251476;0,57332677;3,18836117;1,00000000
0,67565405;0,16824557;0,27220720;0,57332677;3,18866873;1,00000000
0,67572073;0,16824557;0,27220720;0,57348061;3,18866873;1,00000000
0,67578740;0,16824557;0,27220720;0,57363439;3,18836117;1,00000000
0,67585407;0,16809179;0,27251476;0,57363439;3,18805361;1,00000000
0,67592074;0,16824557;0,27282235;0,57378817;3,18774605;1,00000000
0,67598741;0,16809179;0,27312991;0,57394195;3,18774605;1,00000000
0,67605409;0,16824557;0,27343750;0,57394195;3,18743849;1,00000000
0,67612076;0,16824557;0,27312991;0,57409573;3,18774605;1,00000000
0,67618743;0,16839936;0,27343750;0,57440329;3,18774605;1,00000000
0,67625410;0,16839936;0,27312991;0,57455707;3,18774605;1,00000000
0,67632077;0,16855314;0,27282235;0,57471091;3,18774605;1,00000000
0,67638745;0,16839936;0,27312991;0,57501847;3,18774605;1,00000000
0,67645412;0,16839936;0,27343750;0,57532603;3,18743849;1,00000000
0,67652079;0,16839936;0,27374509;0,57532603;3,18743849;1,00000000
0,67658746;0,16855314;0,27374509;0,57547981;3,18743849;1,00000000
0,67665413;0,16855314;0,27374509;0,57578737;3,18743849;1,00000000
0,67672081;0,16855314;0,27374509;0,57594121;3,18743849;1,00000000
0,67678748;0,16855314;0,27374509;0,57609499;3,18743849;1,00000000
0,67685415;0,16855314;0,27374509;0,57640254;3,18774605;1,00000000
0,67692082;0,16839936;0,27343750;0,57655638;3,18774605;1,00000000
0,67698749;0,16839936;0,27343750;0,57686394;3,18743849;1,00000000
0,67705417;0,16839936;0,27343750;0,57717150;3,18743849;1,00000000
0,67712084;0,16839936;0,27343750;0,57747906;3,18713093;1,00000000
0,67718751;0,16855314;0,27312991;0,57763284;3,18682337;1,00000000
0,67725418;0,16870694;0,27282235;0,57778668;3,18682337;1,00000000
0,67732085;0,16886072;0,27282235;0,57809424;3,18682337;1,00000000
0,67738753;0,16886072;0,27251476;0,57840180;3,18651581;1,00000000
0,67745420;0,16901451;0,27251476;0,57855558;3,18590045;1,00000000
0,67752087;0,16901451;0,27251476;0,57886314;3,18559289;1,00000000
0,67758754;0,16886072;0,27220720;0,57917076;3,18528533;1,00000000
0,67765421;0,16901451;0,27220720;0,57963216;3,18467021;1,00000000
0,67772089;0,16901451;0,27220720;0,57978594;3,18467021;1,00000000
0,67778756;0,16886072;0,27189961;0,58009350;3,18467021;1,00000000
0,67785423;0,16870694;0,27159202;0,58024728;3,18467021;1,00000000
0,67792090;0,16855314;0,27128446;0,58040106;3,18436265;1,00000000
0,67798757;0,16870694;0,27159202;0,58070862;3,18374753;1,00000000
0,67805425;0,16870694;0,27128446;0,58101624;3,18313241;1,00000000
0,67812092;0,16886072;0,27159202;0,58132380;3,18313241;1,00000000
0,67818759;0,16886072;0,27159202;0,58163142;3,18313241;1,00000000
0,67825426;0,16886072;0,27189961;0,58193898;3,18313241;1,00000000
0,67832093;0,16886072;0,27189961;0,58209276;3,18282485;1,00000000
0,67838761;0,16870694;0,27189961;0,58240032;3,18251729;1,00000000
0,67845428;0,16870694;0,27159202;0,58270794;3,18190217;1,00000000
0,67852095;0,16870694;0,27128446;0,58286172;3,18128681;1,00000000
0,67858762;0,16870694;0,27097687;0,58301550;3,18097925;1,00000000
0,67865429;0,16886072;0,27066928;0,58332312;3,18067169;1,00000000
0,67872097;0,16886072;0,27066928;0,58363068;3,18036413;1,00000000
0,67878764;0,16870694;0,27066928;0,58378446;3,18005657;1,00000000
0,67885431;0,16886072;0,27066928;0,58393824;3,18005657;1,00000000
0,67892098;0,16901451;0,27097687;0,58424580;3,17974901;1,00000000
0,67898765;0,16901451;0,27066928;0,58439958;3,17944145;1,00000000
0,67905433;0,16901451;0,27036172;0,58470720;3,17913389;1,00000000
0,67912100;0,16901451;0,27005413;0,58486098;3,17882633;1,00000000
0,67918767;0,16901451;0,26974654;0,58516854;3,17882633;1,00000000
0,67925434;0,16886072;0,26943898;0,58532232;3,17882633;1,00000000
0,67932101;0,16886072;0,26943898;0,58547610;3,17851877;1,00000000
0,67938769;0,16870694;0,26943898;0,58562988;3,17821121;1,00000000
0,67945436;0,16855314;0,26943898;0,58593750;3,17790365;1,00000000
0,67952103;0,16855314;0,26943898;0,58609128;3,17790365;1,00000000
0,67958770;0,16839936;0,26943898;0,58624506;3,17790365;1,00000000
0,67965437;0,16824557;0,26913139;0,58639890;3,17790365;1,00000000
0,67972105;0,16809179;0,26882383;0,58655268;3,17790365;1,00000000
0,67978772;0,16793799;0,26851624;0,58670646;3,17790365;1,00000000
0,67985439;0,16778421;0,26851624;0,58686024;3,17759609;1,00000000
0,67992106;0,16778421;0,26882383;0,58701402;3,17790365;1,00000000
0,67998773;0,16763040;0,26882383;0,58716780;3,17821121;1,00000000
0,68005441;0,16763040;0,26851624;0,58732158;3,17821121;1,00000000
0,68012108;0,16778421;0,26851624;0,58732158;3,17821121;1,00000000
0,68018775;0,16763040;0,26851624;0,58747536;3,17821121;1,00000000
0,68025442;0,16747662;0,26851624;0,58762920;3,17790365;1,00000000
0,68032109;0,16763040;0,26882383;0,58778298;3,17790365;1,00000000
0,68038777;0,16747662;0,26913139;0,58778298;3,17821121;1,00000000
0,68045444;0,16747662;0,26943898;0,58793676;3,17851877;1,00000000
0,68052111;0,16732283;0,26974654;0,58809054;3,17851877;1,00000000
0,68058778;0,16716905;0,26943898;0,58824432;3,17851877;1,00000000
0,68065445;0,16716905;0,26943898;0,58839810;3,17851877;1,00000000
0,68072113;0,16716905;0,26913139;0,58855188;3,17821121;1,00000000
0,68078780;0,16701525;0,26882383;0,58855188;3,17821121;1,00000000
0,68085447;0,16701525;0,26882383;0,58855188;3,17882633;1,00000000
0,68092114;0,16716905;0,26913139;0,58855188;3,17913389;1,00000000
0,68098781;0,16716905;0,26943898;0,58839810;3,17944145;1,00000000
0,68105449;0,16701525;0,26943898;0,58824432;3,17944145;1,00000000
0,68112116;0,16686147;0,26943898;0,58824432;3,17944145;1,00000000
0,68118783;0,16686147;0,26913139;0,58824432;3,17944145;1,00000000
0,68125450;0,16686147;0,26913139;0,58824432;3,17974901;1,00000000
0,68132117;0,16686147;0,26882383;0,58824432;3,18036413;1,00000000
0,68138785;0,16701525;0,26882383;0,58809054;3,18097925;1,00000000
0,68145452;0,16686147;0,26882383;0,58809054;3,18097925;1,00000000
0,68152119;0,16686147;0,26913139;0,58793676;3,18097925;1,00000000
0,68158786;0,16670766;0,26913139;0,58778298;3,18097925;1,00000000
0,68165454;0,16670766;0,26943898;0,58762920;3,18097925;1,00000000
0,68172121;0,16655388;0,26943898;0,58762920;3,18128681;1,00000000
0,68178788;0,16640009;0,26913139;0,58747536;3,18128681;1,00000000
0,68185455;0,16640009;0,26882383;0,58732158;3,18128681;1,00000000
0,68192122;0,16624631;0,26851624;0,58716780;3,18159461;1,00000000
0,68198790;0,16609251;0,26820865;0,58686024;3,18190217;1,00000000
0,68205457;0,16609251;0,26820865;0,58655268;3,18190217;1,00000000
0,68212124;0,16609251;0,26820865;0,58624506;3,18190217;1,00000000
0,68218791;0,16624631;0,26820865;0,58593750;3,18220973;1,00000000
0,68225458;0,16640009;0,26820865;0,58562988;3,18251729;1,00000000
0,68232126;0,16655388;0,26820865;0,58547610;3,18282485;1,00000000
0,68238793;0,16670766;0,26790109;0,58516854;3,18251729;1,00000000
0,68245460;0,16670766;0,26790109;0,58501476;3,18282485;1,00000000
0,68252127;0,16670766;0,26820865;0,58470720;3,18313241;1,00000000
0,68258794;0,16670766;0,26851624;0,58439958;3,18313241;1,00000000
0,68265462;0,16670766;0,26882383;0,58409202;3,18343997;1,00000000
0,68272129;0,16686147;0,26913139;0,58378446;3,18343997;1,00000000
0,68278796;0,16686147;0,26943898;0,58347690;3,18374753;1,00000000
0,68285463;0,16701525;0,26974654;0,58301550;3,18343997;1,00000000
0,68292130;0,16701525;0,26974654;0,58270794;3,18313241;1,00000000
0,68298798;0,16716905;0,27005413;0,58240032;3,18282485;1,00000000
0,68305465;0,16732283;0,27005413;0,58209276;3,18313241;1,00000000
0,68312132;0,16747662;0,26974654;0,58163142;3,18343997;1,00000000
0,68318799;0,16763040;0,27005413;0,58132380;3,18343997;1,00000000
0,68325466;0,16763040;0,27036172;0,58086246;3,18343997;1,00000000
0,68332134;0,16763040;0,27036172;0,58040106;3,18343997;1,00000000
0,68338801;0,16778421;0,27036172;0,58009350;3,18343997;1,00000000
0,68345468;0,16793799;0,27036172;0,57963216;3,18343997;1,00000000
0,68352135;0,16809179;0,27066928;0,57917076;3,18313241;1,00000000
0,68358802;0,16809179;0,27066928;0,57870936;3,18282485;1,00000000
0,68365470;0,16824557;0,27066928;0,57824802;3,18313241;1,00000000
0,68372137;0,16824557;0,27036172;0,57778668;3,18343997;1,00000000
0,68378804;0,16839936;0,27066928;0,57732528;3,18313241;1,00000000
0,68385471;0,16839936;0,27066928;0,57686394;3,18313241;1,00000000
0,68392138;0,16839936;0,27066928;0,57655638;3,18313241;1,00000000
0,68398806;0,16839936;0,27036172;0,57624876;3,18282485;1,00000000
0,68405473;0,16855314;0,27005413;0,57578737;3,18282485;1,00000000
0,68412140;0,16870694;0,27036172;0,57547981;3,18282485;1,00000000
0,68418807;0,16886072;0,27036172;0,57501847;3,18343997;1,00000000
0,68425474;0,16901451;0,27036172;0,57471091;3,18343997;1,00000000
0,68432142;0,16901451;0,27036172;0,57440329;3,18343997;1,00000000
0,68438809;0,16916829;0,27036172;0,57394195;3,18343997;1,00000000
0,68445476;0,16916829;0,27036172;0,57348061;3,18343997;1,00000000
0,68452143;0,16932210;0,27005413;0,57301921;3,18343997;1,00000000
0,68458810;0,16932210;0,26974654;0,57255781;3,18343997;1,00000000
0,68465478;0,16932210;0,26974654;0,57225025;3,18313241;1,00000000
0,68472145;0,16947588;0,26974654;0,57178891;3,18313241;1,00000000
0,68478812;0,16947588;0,26974654;0,57148129;3,18313241;1,00000000
0,68485479;0,16962968;0,27005413;0,57117373;3,18313241;1,00000000
0,68492146;0,16978346;0,27036172;0,57101995;3,18313241;1,00000000
0,68498814;0,16978346;0,27066928;0,57086611;3,18313241;1,00000000
0,68505481;0,16993725;0,27097687;0,57055855;3,18313241;1,00000000
0,68512148;0,16993725;0,27097687;0,57009721;3,18313241;1,00000000
0,68518815;0,16993725;0,27066928;0,56994343;3,18313241;1,00000000
0,68525482;0,16993725;0,27066928;0,56978959;3,18313241;1,00000000
0,68532150;0,16993725;0,27097687;0,56932825;3,18313241;1,00000000
0,68538817;0,16993725;0,27128446;0,56902063;3,18313241;1,00000000
0,68545484;0,16993725;0,27097687;0,56886685;3,18313241;1,00000000
0,68552151;0,17009103;0,27097687;0,56871307;3,18313241;1,00000000
0,68558818;0,17009103;0,27066928;0,56855929;3,18313241;1,00000000
0,68565486;0,17024484;0,27036172;0,56825173;3,18313241;1,00000000
0,68572153;0,17024484;0,27036172;0,56794411;3,18313241;1,00000000
0,68578820;0,17024484;0,27066928;0,56779033;3,18251729;1,00000000
0,68585487;0,17024484;0,27036172;0,56763655;3,18190217;1,00000000
0,68592154;0,17024484;0,27005413;0,56763655;3,18159461;1,00000000
0,68598822;0,17039862;0,27005413;0,56732899;3,18159461;1,00000000
0,68605489;0,17039862;0,26974654;0,56717521;3,18159461;1,00000000
0,68612156;0,17039862;0,26943898;0,56686765;3,18159461;1,00000000
0,68618823;0,17039862;0,26913139;0,56671381;3,18159461;1,00000000
0,68625490;0,17039862;0,26913139;0,56656003;3,18190217;1,00000000
0,68632158;0,17039862;0,26882383;0,56656003;3,18128681;1,00000000
0,68638825;0,17024484;0,26851624;0,56656003;3,18097925;1,00000000
0,68645492;0,17024484;0,26851624;0,56656003;3,18067169;1,00000000
0,68652159;0,17024484;0,26851624;0,56656003;3,18067169;1,00000000
0,68658826;0,17024484;0,26851624;0,56656003;3,18067169;1,00000000
0,68665494;0,17024484;0,26820865;0,56656003;3,18067169;1,00000000
0,68672161;0,17009103;0,26820865;0,56656003;3,18067169;1,00000000
0,68678828;0,17009103;0,26790109;0,56671381;3,18097925;1,00000000
0,68685495;0,17009103;0,26820865;0,56686765;3,18097925;1,00000000
0,68692162;0,17024484;0,26790109;0,56686765;3,18097925;1,00000000
0,68698830;0,17024484;0,26790109;0,56702143;3,18097925;1,00000000
0,68705497;0,17024484;0,26790109;0,56717521;3,18097925;1,00000000
0,68712164;0,17024484;0,26790109;0,56748277;3,18097925;1,00000000
0,68718831;0,17024484;0,26820865;0,56763655;3,18097925;1,00000000
0,68725498;0,17009103;0,26851624;0,56779033;3,18097925;1,00000000
0,68732166;0,17024484;0,26851624;0,56809795;3,18097925;1,00000000
0,68738833;0,17024484;0,26882383;0,56840551;3,18159461;1,00000000
0,68745500;0,17024484;0,26882383;0,56871307;3,18159461;1,00000000
0,68752167;0,17024484;0,26882383;0,56902063;3,18159461;1,00000000
0,68758834;0,17024484;0,26913139;0,56932825;3,18190217;1,00000000
0,68765502;0,17024484;0,26943898;0,56978959;3,18190217;1,00000000
0,68772169;0,17024484;0,26943898;0,57025099;3,18190217;1,00000000
0,68778836;0,17024484;0,26974654;0,57071233;3,18190217;1,00000000
0,68785503;0,17024484;0,26974654;0,57117373;3,18190217;1,00000000
0,68792170;0,17024484;0,26974654;0,57163513;3,18251729;1,00000000
0,68798838;0,17024484;0,26943898;0,57209647;3,18282485;1,00000000
0,68805505;0,17009103;0,26913139;0,57255781;3,18251729;1,00000000
0,68812172;0,17009103;0,26943898;0,57301921;3,18251729;1,00000000
0,68818839;0,17009103;0,26974654;0,57348061;3,18220973;1,00000000
0,68825506;0,17009103;0,27005413;0,57378817;3,18220973;1,00000000
0,68832174;0,17009103;0,27036172;0,57424951;3,18220973;1,00000000
0,68838841;0,17009103;0,27036172;0,57471091;3,18251729;1,00000000
0,68845508;0,17009103;0,27066928;0,57517225;3,18251729;1,00000000
0,68852175;0,17009103;0,27097687;0,57578737;3,18282485;1,00000000
0,68858842;0,17009103;0,27128446;0,57609499;3,18313241;1,00000000
0,68865510;0,17009103;0,27128446;0,57671016;3,18343997;1,00000000
0,68872177;0,17009103;0,27159202;0,57717150;3,18313241;1,00000000
0,68878844;0,17009103;0,27189961;0,57747906;3,18313241;1,00000000
0,68885511;0,17009103;0,27220720;0,57794046;3,18313241;1,00000000
0,68892178;0,17009103;0,27220720;0,57840180;3,18313241;1,00000000
0,68898846;0,17009103;0,27220720;0,57886314;3,18313241;1,00000000
0,68905513;0,17009103;0,27251476;0,57932454;3,18313241;1,00000000
0,68912180;0,17009103;0,27251476;0,57978594;3,18343997;1,00000000
0,68918847;0,17009103;0,27282235;0,58009350;3,18374753;1,00000000
0,68925514;0,17009103;0,27312991;0,58040106;3,18405509;1,00000000
0,68932182;0,17009103;0,27343750;0,58070862;3,18436265;1,00000000
0,68938849;0,17024484;0,27374509;0,58117002;3,18436265;1,00000000
0,68945516;0,17024484;0,27374509;0,58163142;3,18436265;1,00000000
0,68952183;0,17024484;0,27405265;0,58209276;3,18436265;1,00000000
0,68958850;0,17039862;0,27436024;0,58240032;3,18467021;1,00000000
0,68965518;0,17039862;0,27466780;0,58270794;3,18528533;1,00000000
0,68972185;0,17024484;0,27466780;0,58286172;3,18528533;1,00000000
0,68978852;0,17039862;0,27497539;0,58316928;3,18467021;1,00000000
0,68985519;0,17039862;0,27528298;0,58347690;3,18528533;1,00000000
0,68992186;0,17039862;0,27559054;0,58363068;3,18528533;1,00000000
0,68998854;0,17039862;0,27559054;0,58378446;3,18528533;1,00000000
0,69005521;0,17039862;0,27559054;0,58409202;3,18528533;1,00000000
0,69012188;0,17039862;0,27589813;0,58424580;3,18528533;1,00000000
0,69018855;0,17039862;0,27559054;0,58455342;3,18528533;1,00000000
0,69025522;0,17039862;0,27589813;0,58455342;3,18467021;1,00000000
0,69032190;0,17039862;0,27589813;0,58455342;3,18467021;1,00000000
0,69038857;0,17039862;0,27620572;0,58470720;3,18436265;1,00000000
0,69045524;0,17039862;0,27589813;0,58470720;3,18436265;1,00000000
0,69052191;0,17039862;0,27589813;0,58470720;3,18436265;1,00000000
0,69058858;0,17024484;0,27620572;0,58470720;3,18436265;1,00000000
0,69065526;0,17009103;0,27651328;0,58470720;3,18436265;1,00000000
0,69072193;0,17009103;0,27682087;0,58470720;3,18405509;1,00000000
0,69078860;0,17024484;0,27682087;0,58470720;3,18405509;1,00000000
0,69085527;0,17024484;0,27743602;0,58455342;3,18405509;1,00000000
0,69092194;0,17024484;0,27774361;0,58455342;3,18405509;1,00000000
0,69098862;0,17024484;0,27805117;0,58455342;3,18405509;1,00000000
0,69105529;0,17024484;0,27805117;0,58439958;3,18405509;1,00000000
0,69112196;0,17024484;0,27805117;0,58424580;3,18405509;1,00000000
0,69118863;0,17024484;0,27805117;0,58424580;3,18374753;1,00000000
0,69125530;0,17009103;0,27805117;0,58409202;3,18374753;1,00000000
0,69132198;0,17009103;0,27805117;0,58393824;3,18343997;1,00000000
0,69138865;0,17009103;0,27805117;0,58393824;3,18313241;1,00000000
0,69145532;0,17009103;0,27805117;0,58393824;3,18313241;1,00000000
0,69152199;0,17009103;0,27835876;0,58393824;3,18313241;1,00000000
0,69158866;0,17009103;0,27835876;0,58378446;3,18313241;1,00000000
0,69165534;0,17009103;0,27805117;0,58378446;3,18282485;1,00000000
0,69172201;0,17009103;0,27774361;0,58347690;3,18251729;1,00000000
0,69178868;0,17009103;0,27774361;0,58347690;3,18251729;1,00000000
0,69185535;0,16993725;0,27774361;0,58316928;3,18251729;1,00000000
0,69192202;0,16993725;0,27805117;0,58286172;3,18251729;1,00000000
0,69198870;0,16993725;0,27805117;0,58270794;3,18251729;1,00000000
0,69205537;0,16993725;0,27835876;0,58240032;3,18251729;1,00000000
0,69212204;0,16993725;0,27866635;0,58224654;3,18251729;1,00000000
0,69218871;0,16993725;0,27866635;0,58193898;3,18220973;1,00000000
0,69225538;0,16993725;0,27866635;0,58178520;3,18220973;1,00000000
0,69232206;0,16993725;0,27835876;0,58163142;3,18251729;1,00000000
0,69238873;0,16993725;0,27805117;0,58147764;3,18282485;1,00000000
0,69245540;0,16993725;0,27805117;0,58117002;3,18282485;1,00000000
0,69252207;0,16978346;0,27805117;0,58086246;3,18282485;1,00000000
0,69258874;0,16978346;0,27835876;0,58040106;3,18282485;1,00000000
0,69265542;0,16978346;0,27835876;0,58009350;3,18251729;1,00000000
0,69272209;0,16978346;0,27835876;0,57993972;3,18251729;1,00000000
0,69278876;0,16978346;0,27835876;0,57963216;3,18251729;1,00000000
0,69285543;0,16978346;0,27805117;0,57932454;3,18282485;1,00000000
0,69292210;0,16978346;0,27805117;0,57917076;3,18313241;1,00000000
0,69298878;0,16962968;0,27774361;0,57901698;3,18343997;1,00000000
0,69305545;0,16947588;0,27743602;0,57870936;3,18374753;1,00000000
0,69312212;0,16932210;0,27682087;0,57840180;3,18405509;1,00000000
0,69318879;0,16932210;0,27743602;0,57824802;3,18405509;1,00000000
0,69325546;0,16916829;0,27682087;0,57794046;3,18405509;1,00000000
0,69332214;0,16916829;0,27682087;0,57778668;3,18405509;1,00000000
0,69338881;0,16901451;0,27682087;0,57763284;3,18405509;1,00000000
0,69345548;0,16901451;0,27651328;0,57732528;3,18436265;1,00000000
0,69352215;0,16901451;0,27620572;0,57701772;3,18467021;1,00000000
0,69358882;0,16886072;0,27620572;0,57686394;3,18436265;1,00000000
0,69365550;0,16886072;0,27651328;0,57671016;3,18436265;1,00000000
0,69372217;0,16886072;0,27682087;0,57624876;3,18436265;1,00000000
0,69378884;0,16886072;0,27682087;0,57594121;3,18436265;1,00000000
0,69385551;0,16886072;0,27651328;0,57578737;3,18436265;1,00000000
0,69392218;0,16870694;0,27651328;0,57547981;3,18436265;1,00000000
0,69398886;0,16870694;0,27651328;0,57517225;3,18405509;1,00000000
0,69405553;0,16870694;0,27682087;0,57486469;3,18405509;1,00000000
0,69412220;0,16870694;0,27651328;0,57455707;3,18405509;1,00000000
0,69418887;0,16870694;0,27682087;0,57424951;3,18405509;1,00000000
0,69425554;0,16855314;0,27743602;0,57409573;3,18405509;1,00000000
0,69432222;0,16839936;0,27743602;0,57394195;3,18405509;1,00000000
0,69438889;0,16824557;0,27743602;0,57363439;3,18405509;1,00000000
0,69445556;0,16839936;0,27743602;0,57332677;3,18436265;1,00000000
0,69452223;0,16824557;0,27743602;0,57317299;3,18467021;1,00000000
0,69458890;0,16824557;0,27682087;0,57286543;3,18467021;1,00000000
0,69465558;0,16824557;0,27682087;0,57255781;3,18467021;1,00000000
0,69472225;0,16824557;0,27682087;0,57225025;3,18467021;1,00000000
0,69478892;0,16824557;0,27743602;0,57225025;3,18467021;1,00000000
0,69485559;0,16824557;0,27743602;0,57209647;3,18467021;1,00000000
0,69492226;0,16839936;0,27743602;0,57194269;3,18467021;1,00000000
0,69498894;0,16839936;0,27743602;0,57194269;3,18528533;1,00000000
0,69505561;0,16824557;0,27743602;0,57194269;3,18590045;1,00000000
0,69512228;0,16824557;0,27743602;0,57163513;3,18590045;1,00000000
0,69518895;0,16809179;0,27743602;0,57148129;3,18590045;1,00000000
0,69525562;0,16793799;0,27774361;0,57148129;3,18590045;1,00000000
0,69532230;0,16793799;0,27774361;0,57148129;3,18590045;1,00000000
0,69538897;0,16778421;0,27743602;0,57148129;3,18590045;1,00000000
0,69545564;0,16778421;0,27743602;0,57163513;3,18590045;1,00000000
0,69552231;0,16778421;0,27743602;0,57163513;3,18620801;1,00000000
0,69558898;0,16778421;0,27743602;0,57163513;3,18620801;1,00000000
0,69565566;0,16778421;0,27774361;0,57178891;3,18620801;1,00000000
0,69572233;0,16763040;0,27805117;0,57178891;3,18620801;1,00000000
0,69578900;0,16747662;0,27774361;0,57178891;3,18651581;1,00000000
0,69585567;0,16747662;0,27805117;0,57209647;3,18682337;1,00000000
0,69592234;0,16732283;0,27835876;0,57225025;3,18682337;1,00000000
0,69598902;0,16716905;0,27835876;0,57240403;3,18682337;1,00000000
0,69605569;0,16701525;0,27835876;0,57255781;3,18682337;1,00000000
0,69612236;0,16686147;0,27835876;0,57255781;3,18713093;1,00000000
0,69618903;0,16686147;0,27835876;0,57286543;3,18713093;1,00000000
0,69625570;0,16670766;0,27866635;0,57301921;3,18682337;1,00000000
0,69632238;0,16670766;0,27897391;0,57332677;3,18682337;1,00000000
0,69638905;0,16670766;0,27928150;0,57363439;3,18682337;1,00000000
0,69645572;0,16670766;0,27928150;0,57394195;3,18682337;1,00000000
0,69652239;0,16670766;0,27928150;0,57409573;3,18682337;1,00000000
0,69658906;0,16670766;0,27928150;0,57440329;3,18682337;1,00000000
0,69665574;0,16686147;0,27897391;0,57471091;3,18682337;1,00000000
0,69672241;0,16686147;0,27897391;0,57501847;3,18682337;1,00000000
0,69678908;0,16686147;0,27897391;0,57517225;3,18651581;1,00000000
0,69685575;0,16686147;0,27928150;0,57547981;3,18620801;1,00000000
0,69692242;0,16686147;0,27928150;0,57563359;3,18590045;1,00000000
0,69698910;0,16670766;0,27928150;0,57594121;3,18528533;1,00000000
0,69705577;0,16670766;0,27958906;0,57624876;3,18467021;1,00000000
0,69712244;0,16670766;0,27958906;0,57640254;3,18467021;1,00000000
0,69718911;0,16655388;0,27928150;0,57655638;3,18467021;1,00000000
0,69725578;0,16655388;0,27897391;0,57686394;3,18467021;1,00000000
0,69732246;0,16670766;0,27866635;0,57717150;3,18436265;1,00000000
0,69738913;0,16670766;0,27835876;0,57747906;3,18374753;1,00000000
0,69745580;0,16670766;0,27835876;0,57763284;3,18313241;1,00000000
0,69752247;0,16670766;0,27835876;0,57794046;3,18282485;1,00000000
0,69758914;0,16686147;0,27835876;0,57809424;3,18282485;1,00000000
0,69765582;0,16701525;0,27866635;0,57840180;3,18282485;1,00000000
0,69772249;0,16701525;0,27835876;0,57870936;3,18282485;1,00000000
0,69778916;0,16701525;0,27835876;0,57886314;3,18282485;1,00000000
0,69785583;0,16701525;0,27866635;0,57901698;3,18251729;1,00000000
0,69792250;0,16686147;0,27835876;0,57947832;3,18190217;1,00000000
0,69798918;0,16686147;0,27805117;0,57978594;3,18128681;1,00000000
0,69805585;0,16670766;0,27805117;0,58009350;3,18067169;1,00000000
0,69812252;0,16686147;0,27805117;0,58040106;3,18036413;1,00000000
0,69818919;0,16701525;0,27835876;0,58055484;3,18036413;1,00000000
0,69825586;0,16701525;0,27835876;0,58070862;3,17974901;1,00000000
0,69832254;0,16701525;0,27835876;0,58086246;3,17913389;1,00000000
0,69838921;0,16701525;0,27866635;0,58101624;3,17882633;1,00000000
0,69845588;0,16686147;0,27835876;0,58132380;3,17851877;1,00000000
0,69852255;0,16686147;0,27835876;0,58132380;3,17821121;1,00000000
0,69858922;0,16670766;0,27805117;0,58163142;3,17790365;1,00000000
0,69865590;0,16670766;0,27774361;0,58193898;3,17759609;1,00000000
0,69872257;0,16670766;0,27774361;0,58240032;3,17759609;1,00000000
0,69878924;0,16686147;0,27774361;0,58255410;3,17728853;1,00000000
0,69885591;0,16701525;0,27774361;0,58286172;3,17728853;1,00000000
0,69892258;0,16686147;0,27774361;0,58316928;3,17698097;1,00000000
0,69898926;0,16701525;0,27774361;0,58347690;3,17667341;1,00000000
0,69905593;0,16701525;0,27805117;0,58378446;3,17636538;1,00000000
0,69912260;0,16701525;0,27805117;0,58409202;3,17605782;1,00000000
0,69918927;0,16701525;0,27805117;0,58424580;3,17575026;1,00000000
0,69925594;0,16701525;0,27774361;0,58455342;3,17544270;1,00000000
0,69932262;0,16686147;0,27774361;0,58486098;3,17513514;1,00000000
0,69938929;0,16670766;0,27774361;0,58516854;3,17482758;1,00000000
0,69945596;0,16655388;0,27774361;0,58532232;3,17482758;1,00000000
0,69952263;0,16640009;0,27743602;0,58547610;3,17513514;1,00000000
0,69958930;0,16640009;0,27682087;0,58578372;3,17482758;1,00000000
0,69965598;0,16640009;0,27651328;0,58593750;3,17482758;1,00000000
0,69972265;0,16640009;0,27620572;0,58609128;3,17452002;1,00000000
0,69978932;0,16624631;0,27589813;0,58639890;3,17452002;1,00000000
0,69985599;0,16609251;0,27559054;0,58655268;3,17421246;1,00000000
0,69992266;0,16593874;0,27528298;0,58701402;3,17452002;1,00000000
0,69998934;0,16593874;0,27497539;0,58716780;3,17452002;1,00000000
0,70005601;0,16578494;0,27497539;0,58732158;3,17482758;1,00000000
0,70012268;0,16563116;0,27497539;0,58747536;3,17513514;1,00000000
0,70018935;0,16547737;0,27497539;0,58762920;3,17513514;1,00000000
0,70025602;0,16532359;0,27497539;0,58793676;3,17513514;1,00000000
0,70032270;0,16532359;0,27497539;0,58824432;3,17513514;1,00000000
0,70038937;0,16547737;0,27528298;0,58839810;3,17513514;1,00000000
0,70045604;0,16547737;0,27559054;0,58855188;3,17544270;1,00000000
0,70052271;0,16532359;0,27559054;0,58870566;3,17575026;1,00000000
0,70058938;0,16532359;0,27528298;0,58885950;3,17605782;1,00000000
0,70065606;0,16547737;0,27559054;0,58901328;3,17636538;1,00000000
0,70072273;0,16547737;0,27528298;0,58916706;3,17636538;1,00000000
0,70078940;0,16547737;0,27559054;0,58932084;3,17636538;1,00000000
0,70085607;0,16547737;0,27559054;0,58947468;3,17667341;1,00000000
0,70092274;0,16563116;0,27589813;0,58962846;3,17698097;1,00000000
0,70098942;0,16563116;0,27589813;0,58962846;3,17728853;1,00000000
0,70105609;0,16563116;0,27589813;0,58947468;3,17759609;1,00000000
0,70112276;0,16547737;0,27620572;0,58947468;3,17759609;1,00000000
0,70118943;0,16532359;0,27620572;0,58947468;3,17728853;1,00000000
0,70125610;0,16516978;0,27589813;0,58947468;3,17698097;1,00000000
0,70132278;0,16516978;0,27589813;0,58932084;3,17759609;1,00000000
0,70138945;0,16532359;0,27620572;0,58932084;3,17790365;1,00000000
0,70145612;0,16532359;0,27620572;0,58916706;3,17821121;1,00000000
0,70152279;0,16532359;0,27620572;0,58901328;3,17851877;1,00000000
0,70158946;0,16532359;0,27651328;0,58885950;3,17851877;1,00000000
0,70165614;0,16547737;0,27651328;0,58870566;3,17851877;1,00000000
0,70172281;0,16547737;0,27682087;0,58855188;3,17851877;1,00000000
0,70178948;0,16547737;0,27651328;0,58839810;3,17851877;1,00000000
0,70185615;0,16563116;0,27651328;0,58809054;3,17882633;1,00000000
0,70192282;0,16563116;0,27651328;0,58809054;3,17913389;1,00000000
0,70198950;0,16563116;0,27651328;0,58778298;3,17944145;1,00000000
0,70205617;0,16578494;0,27620572;0,58747536;3,17944145;1,00000000
0,70212284;0,16578494;0,27589813;0,58716780;3,17944145;1,00000000
0,70218951;0,16593874;0,27589813;0,58701402;3,17944145;1,00000000
0,70225618;0,16609251;0,27589813;0,58670646;3,17913389;1,00000000
0,70232286;0,16609251;0,27589813;0,58639890;3,17882633;1,00000000
0,70238953;0,16609251;0,27559054;0,58609128;3,17944145;1,00000000
0,70245620;0,16609251;0,27559054;0,58578372;3,17974901;1,00000000
0,70252287;0,16624631;0,27589813;0,58547610;3,17974901;1,00000000
0,70258954;0,16624631;0,27620572;0,58516854;3,17974901;1,00000000
0,70265622;0,16624631;0,27620572;0,58486098;3,17974901;1,00000000
0,70272289;0,16624631;0,27620572;0,58455342;3,17974901;1,00000000
0,70278956;0,16640009;0,27589813;0,58424580;3,17944145;1,00000000
0,70285623;0,16655388;0,27589813;0,58409202;3,18005657;1,00000000
0,70292290;0,16655388;0,27620572;0,58378446;3,18067169;1,00000000
0,70298958;0,16655388;0,27651328;0,58332312;3,18097925;1,00000000
0,70305625;0,16655388;0,27651328;0,58301550;3,18097925;1,00000000
0,70312292;0,16670766;0,27682087;0,58270794;3,18097925;1,00000000
0,70318959;0,16686147;0,27682087;0,58240032;3,18097925;1,00000000
0,70325626;0,16686147;0,27682087;0,58193898;3,18097925;1,00000000
0,70332294;0,16701525;0,27682087;0,58163142;3,18067169;1,00000000
0,70338961;0,16716905;0,27682087;0,58117002;3,18097925;1,00000000
0,70345628;0,16732283;0,27682087;0,58086246;3,18128681;1,00000000
0,70352295;0,16732283;0,27682087;0,58040106;3,18159461;1,00000000
0,70358962;0,16747662;0,27682087;0,57993972;3,18159461;1,00000000
0,70365630;0,16763040;0,27651328;0,57947832;3,18159461;1,00000000
0,70372297;0,16763040;0,27682087;0,57917076;3,18159461;1,00000000
0,70378964;0,16763040;0,27682087;0,57870936;3,18159461;1,00000000
0,70385631;0,16763040;0,27743602;0,57824802;3,18159461;1,00000000
0,70392298;0,16778421;0,27682087;0,57778668;3,18128681;1,00000000
0,70398966;0,16763040;0,27743602;0,57763284;3,18159461;1,00000000
0,70405633;0,16778421;0,27743602;0,57732528;3,18159461;1,00000000
0,70412300;0,16778421;0,27743602;0,57701772;3,18159461;1,00000000
0,70418967;0,16778421;0,27743602;0,57671016;3,18159461;1,00000000
0,70425634;0,16793799;0,27743602;0,57640254;3,18190217;1,00000000
0,70432302;0,16824557;0,27743602;0,57609499;3,18220973;1,00000000
0,70438969;0,16839936;0,27743602;0,57563359;3,18190217;1,00000000
0,70445636;0,16839936;0,27743602;0,57532603;3,18159461;1,00000000
0,70452303;0,16855314;0,27682087;0,57501847;3,18190217;1,00000000
0,70458970;0,16855314;0,27743602;0,57471091;3,18220973;1,00000000
0,70465638;0,16870694;0,27743602;0,57440329;3,18220973;1,00000000
0,70472305;0,16870694;0,27682087;0,57409573;3,18220973;1,00000000
0,70478972;0,16870694;0,27682087;0,57378817;3,18220973;1,00000000
0,70485639;0,16886072;0,27682087;0,57332677;3,18190217;1,00000000
0,70492306;0,16886072;0,27682087;0,57301921;3,18159461;1,00000000
0,70498974;0,16901451;0,27682087;0,57255781;3,18128681;1,00000000
0,70505641;0,16901451;0,27743602;0,57194269;3,18097925;1,00000000
0,70512308;0,16916829;0,27743602;0,57163513;3,18128681;1,00000000
0,70518975;0,16932210;0,27743602;0,57132751;3,18128681;1,00000000
0,70525642;0,16947588;0,27743602;0,57086611;3,18190217;1,00000000
0,70532310;0,16962968;0,27743602;0,57071233;3,18220973;1,00000000
0,70538977;0,16978346;0,27682087;0,57040477;3,18190217;1,00000000
0,70545644;0,16962968;0,27682087;0,57025099;3,18159461;1,00000000
0,70552311;0,16978346;0,27682087;0,57009721;3,18159461;1,00000000
0,70558978;0,16978346;0,27682087;0,56978959;3,18128681;1,00000000
0,70565646;0,16978346;0,27651328;0,56963581;3,18097925;1,00000000
0,70572313;0,16978346;0,27651328;0,56932825;3,18067169;1,00000000
0,70578980;0,16978346;0,27620572;0,56902063;3,18128681;1,00000000
0,70585647;0,16978346;0,27589813;0,56886685;3,18159461;1,00000000
0,70592314;0,16978346;0,27589813;0,56855929;3,18128681;1,00000000
0,70598982;0,16978346;0,27589813;0,56840551;3,18128681;1,00000000
0,70605649;0,16978346;0,27589813;0,56840551;3,18128681;1,00000000
0,70612316;0,16978346;0,27559054;0,56809795;3,18128681;1,00000000
0,70618983;0,16978346;0,27559054;0,56809795;3,18097925;1,00000000
0,70625650;0,16962968;0,27559054;0,56794411;3,18097925;1,00000000
0,70632318;0,16962968;0,27528298;0,56794411;3,18067169;1,00000000
0,70638985;0,16962968;0,27497539;0,56779033;3,18097925;1,00000000
0,70645652;0,16947588;0,27466780;0,56779033;3,18097925;1,00000000
0,70652319;0,16947588;0,27466780;0,56779033;3,18097925;1,00000000
0,70658986;0,16947588;0,27436024;0,56779033;3,18097925;1,00000000
0,70665654;0,16932210;0,27436024;0,56779033;3,18067169;1,00000000
0,70672321;0,16932210;0,27405265;0,56794411;3,18036413;1,00000000
0,70678988;0,16932210;0,27405265;0,56809795;3,18067169;1,00000000
0,70685655;0,16932210;0,27405265;0,56825173;3,18097925;1,00000000
0,70692322;0,16932210;0,27405265;0,56840551;3,18067169;1,00000000
0,70698990;0,16947588;0,27374509;0,56855929;3,18036413;1,00000000
0,70705657;0,16947588;0,27374509;0,56871307;3,18036413;1,00000000
0,70712324;0,16947588;0,27343750;0,56886685;3,18036413;1,00000000
0,70718991;0,16947588;0,27343750;0,56902063;3,18036413;1,00000000
0,70725658;0,16947588;0,27343750;0,56917441;3,18036413;1,00000000
0,70732326;0,16947588;0,27343750;0,56948203;3,18036413;1,00000000
0,70738993;0,16932210;0,27343750;0,56978959;3,18097925;1,00000000
0,70745660;0,16932210;0,27343750;0,56994343;3,18159461;1,00000000
0,70752327;0,16947588;0,27343750;0,57025099;3,18128681;1,00000000
0,70758994;0,16947588;0,27343750;0,57055855;3,18097925;1,00000000
0,70765662;0,16947588;0,27312991;0,57101995;3,18097925;1,00000000
0,70772329;0,16962968;0,27282235;0,57148129;3,18097925;1,00000000
0,70778996;0,16962968;0,27251476;0,57178891;3,18097925;1,00000000
0,70785663;0,16947588;0,27251476;0,57240403;3,18159461;1,00000000
0,70792330;0,16947588;0,27220720;0,57286543;3,18220973;1,00000000
0,70798998;0,16947588;0,27220720;0,57317299;3,18251729;1,00000000
0,70805665;0,16947588;0,27189961;0,57363439;3,18251729;1,00000000
0,70812332;0,16947588;0,27189961;0,57409573;3,18251729;1,00000000
0,70818999;0,16947588;0,27189961;0,57455707;3,18251729;1,00000000
0,70825666;0,16947588;0,27189961;0,57501847;3,18251729;1,00000000
0,70832334;0,16947588;0,27189961;0,57547981;3,18282485;1,00000000
0,70839001;0,16947588;0,27159202;0,57609499;3,18313241;1,00000000
0,70845668;0,16962968;0,27159202;0,57655638;3,18374753;1,00000000
0,70852335;0,16962968;0,27159202;0,57686394;3,18405509;1,00000000
0,70859002;0,16962968;0,27159202;0,57732528;3,18405509;1,00000000
0,70865670;0,16947588;0,27159202;0,57778668;3,18405509;1,00000000
0,70872337;0,16947588;0,27159202;0,57809424;3,18405509;1,00000000
0,70879004;0,16947588;0,27159202;0,57870936;3,18436265;1,00000000
0,70885671;0,16947588;0,27189961;0,57901698;3,18436265;1,00000000
0,70892338;0,16962968;0,27189961;0,57947832;3,18467021;1,00000000
0,70899006;0,16962968;0,27189961;0,57993972;3,18528533;1,00000000
0,70905673;0,16962968;0,27189961;0,58024728;3,18559289;1,00000000
0,70912340;0,16962968;0,27189961;0,58070862;3,18590045;1,00000000
0,70919007;0,16962968;0,27159202;0,58101624;3,18559289;1,00000000
0,70925674;0,16962968;0,27159202;0,58163142;3,18590045;1,00000000
0,70932342;0,16962968;0,27189961;0,58193898;3,18620801;1,00000000
0,70939009;0,16978346;0,27220720;0,58224654;3,18620801;1,00000000
0,70945676;0,16978346;0,27251476;0,58255410;3,18620801;1,00000000
0,70952343;0,16978346;0,27282235;0,58286172;3,18620801;1,00000000
0,70959010;0,16993725;0,27312991;0,58332312;3,18620801;1,00000000
0,70965678;0,16993725;0,27312991;0,58378446;3,18651581;1,00000000
0,70972345;0,16993725;0,27312991;0,58393824;3,18651581;1,00000000
0,70979012;0,16993725;0,27312991;0,58409202;3,18651581;1,00000000
0,70985679;0,17009103;0,27343750;0,58439958;3,18651581;1,00000000
0,70992346;0,16993725;0,27343750;0,58470720;3,18620801;1,00000000
0,70999014;0,16993725;0,27312991;0,58470720;3,18620801;1,00000000
0,71005681;0,16993725;0,27343750;0,58486098;3,18620801;1,00000000
0,71012348;0,17009103;0,27374509;0,58516854;3,18620801;1,00000000
0,71019015;0,17009103;0,27405265;0,58547610;3,18620801;1,00000000
0,71025682;0,17009103;0,27374509;0,58562988;3,18590045;1,00000000
0,71032350;0,17009103;0,27374509;0,58562988;3,18559289;1,00000000
0,71039017;0,17009103;0,27374509;0,58562988;3,18559289;1,00000000
0,71045684;0,17009103;0,27374509;0,58562988;3,18528533;1,00000000
0,71052351;0,17009103;0,27405265;0,58562988;3,18528533;1,00000000
0,71059018;0,17009103;0,27405265;0,58562988;3,18528533;1,00000000
0,71065686;0,17009103;0,27374509;0,58562988;3,18559289;1,00000000
0,71072353;0,16993725;0,27374509;0,58562988;3,18559289;1,00000000
0,71079020;0,16993725;0,27343750;0,58578372;3,18528533;1,00000000
0,71085687;0,16993725;0,27343750;0,58578372;3,18467021;1,00000000
0,71092354;0,16993725;0,27343750;0,58578372;3,18436265;1,00000000
0,71099022;0,17009103;0,27343750;0,58578372;3,18436265;1,00000000
0,71105689;0,17009103;0,27374509;0,58593750;3,18467021;1,00000000
0,71112356;0,17009103;0,27374509;0,58593750;3,18528533;1,00000000
0,71119023;0,17009103;0,27405265;0,58593750;3,18528533;1,00000000
0,71125690;0,17009103;0,27374509;0,58593750;3,18528533;1,00000000
0,71132358;0,17009103;0,27374509;0,58578372;3,18467021;1,00000000
0,71139025;0,17009103;0,27374509;0,58578372;3,18436265;1,00000000
0,71145692;0,17009103;0,27374509;0,58578372;3,18405509;1,00000000
0,71152359;0,16993725;0,27374509;0,58578372;3,18405509;1,00000000
0,71159026;0,17009103;0,27343750;0,58562988;3,18405509;1,00000000
0,71165694;0,17009103;0,27343750;0,58547610;3,18436265;1,00000000
0,71172361;0,17009103;0,27343750;0,58532232;3,18467021;1,00000000
0,71179028;0,16993725;0,27312991;0,58516854;3,18436265;1,00000000
0,71185695;0,16993725;0,27282235;0,58486098;3,18436265;1,00000000
0,71192362;0,16993725;0,27282235;0,58455342;3,18436265;1,00000000
0,71199030;0,16978346;0,27282235;0,58439958;3,18436265;1,00000000
0,71205697;0,16978346;0,27282235;0,58409202;3,18405509;1,00000000
0,71212364;0,16993725;0,27251476;0,58393824;3,18374753;1,00000000
0,71219031;0,16993725;0,27251476;0,58363068;3,18405509;1,00000000
0,71225698;0,16993725;0,27251476;0,58332312;3,18405509;1,00000000
0,71232366;0,17009103;0,27251476;0,58316928;3,18405509;1,00000000
0,71239033;0,17009103;0,27251476;0,58286172;3,18405509;1,00000000
0,71245700;0,17009103;0,27251476;0,58255410;3,18405509;1,00000000
0,71252367;0,17009103;0,27282235;0,58209276;3,18405509;1,00000000
0,71259034;0,17009103;0,27282235;0,58178520;3,18436265;1,00000000
0,71265702;0,16993725;0,27282235;0,58147764;3,18436265;1,00000000
0,71272369;0,16993725;0,27282235;0,58117002;3,18467021;1,00000000
0,71279036;0,16993725;0,27282235;0,58086246;3,18528533;1,00000000
0,71285703;0,16993725;0,27312991;0,58070862;3,18528533;1,00000000
0,71292370;0,16993725;0,27282235;0,58040106;3,18528533;1,00000000
0,71299038;0,16993725;0,27251476;0,57993972;3,18528533;1,00000000
0,71305705;0,16993725;0,27251476;0,57947832;3,18559289;1,00000000
0,71312372;0,16993725;0,27282235;0,57932454;3,18559289;1,00000000
0,71319039;0,16993725;0,27312991;0,57901698;3,18559289;1,00000000
0,71325706;0,16993725;0,27312991;0,57855558;3,18590045;1,00000000
0,71332374;0,17009103;0,27312991;0,57824802;3,18620801;1,00000000
0,71339041;0,17009103;0,27282235;0,57778668;3,18620801;1,00000000
0,71345708;0,17009103;0,27251476;0,57747906;3,18651581;1,00000000
0,71352375;0,16993725;0,27282235;0,57717150;3,18651581;1,00000000
0,71359042;0,16993725;0,27282235;0,57686394;3,18651581;1,00000000
0,71365710;0,16993725;0,27312991;0,57640254;3,18651581;1,00000000
0,71372377;0,16978346;0,27312991;0,57594121;3,18651581;1,00000000
0,71379044;0,16978346;0,27312991;0,57563359;3,18651581;1,00000000
0,71385711;0,16978346;0,27312991;0,57547981;3,18682337;1,00000000
0,71392378;0,16978346;0,27282235;0,57517225;3,18713093;1,00000000
0,71399046;0,16978346;0,27312991;0,57501847;3,18743849;1,00000000
0,71405713;0,16978346;0,27312991;0,57471091;3,18774605;1,00000000
0,71412380;0,16978346;0,27312991;0,57440329;3,18774605;1,00000000
0,71419047;0,16962968;0,27343750;0,57424951;3,18774605;1,00000000
0,71425714;0,16962968;0,27343750;0,57409573;3,18774605;1,00000000
0,71432382;0,16962968;0,27343750;0,57378817;3,18774605;1,00000000
0,71439049;0,16947588;0,27343750;0,57348061;3,18836117;1,00000000
0,71445716;0,16916829;0,27343750;0,57317299;3,18866873;1,00000000
0,71452383;0,16916829;0,27312991;0,57301921;3,18897629;1,00000000
0,71459050;0,16901451;0,27282235;0,57271159;3,18897629;1,00000000
0,71465718;0,16886072;0,27251476;0,57255781;3,18897629;1,00000000
0,71472385;0,16870694;0,27251476;0,57225025;3,18928385;1,00000000
0,71479052;0,16855314;0,27282235;0,57194269;3,18959141;1,00000000
0,71485719;0,16855314;0,27282235;0,57163513;3,18959141;1,00000000
0,71492386;0,16855314;0,27251476;0,57148129;3,18959141;1,00000000
0,71499054;0,16855314;0,27251476;0,57132751;3,18989897;1,00000000
0,71505721;0,16839936;0,27251476;0,57132751;3,19020653;1,00000000
0,71512388;0,16839936;0,27220720;0,57117373;3,19051409;1,00000000
0,71519055;0,16824557;0,27220720;0,57117373;3,19082165;1,00000000
0,71525722;0,16809179;0,27189961;0,57101995;3,19082165;1,00000000
0,71532390;0,16793799;0,27220720;0,57086611;3,19112968;1,00000000
0,71539057;0,16778421;0,27251476;0,57086611;3,19112968;1,00000000
0,71545724;0,16778421;0,27251476;0,57071233;3,19112968;1,00000000
0,71552391;0,16778421;0,27251476;0,57055855;3,19112968;1,00000000
0,71559058;0,16778421;0,27251476;0,57071233;3,19143724;1,00000000
0,71565726;0,16793799;0,27251476;0,57071233;3,19174480;1,00000000
0,71572393;0,16793799;0,27251476;0,57071233;3,19235992;1,00000000
0,71579060;0,16809179;0,27251476;0,57055855;3,19205236;1,00000000
0,71585727;0,16809179;0,27282235;0,57055855;3,19205236;1,00000000
0,71592394;0,16793799;0,27282235;0,57071233;3,19174480;1,00000000
0,71599062;0,16809179;0,27282235;0,57071233;3,19174480;1,00000000
0,71605729;0,16809179;0,27282235;0,57071233;3,19205236;1,00000000
0,71612396;0,16809179;0,27251476;0,57086611;3,19235992;1,00000000
0,71619063;0,16824557;0,27220720;0,57101995;3,19266748;1,00000000
0,71625730;0,16839936;0,27220720;0,57117373;3,19297504;1,00000000
0,71632398;0,16824557;0,27251476;0,57132751;3,19266748;1,00000000
0,71639065;0,16839936;0,27251476;0,57132751;3,19266748;1,00000000
0,71645732;0,16839936;0,27251476;0,57132751;3,19266748;1,00000000
0,71652399;0,16855314;0,27251476;0,57148129;3,19266748;1,00000000
0,71659066;0,16855314;0,27251476;0,57194269;3,19235992;1,00000000
0,71665734;0,16855314;0,27251476;0,57209647;3,19266748;1,00000000
0,71672401;0,16855314;0,27251476;0,57240403;3,19266748;1,00000000
0,71679068;0,16855314;0,27282235;0,57271159;3,19266748;1,00000000
0,71685735;0,16870694;0,27282235;0,57271159;3,19235992;1,00000000
0,71692402;0,16886072;0,27312991;0,57301921;3,19205236;1,00000000
0,71699070;0,16901451;0,27312991;0,57317299;3,19174480;1,00000000
0,71705737;0,16901451;0,27312991;0,57348061;3,19143724;1,00000000
0,71712404;0,16916829;0,27282235;0,57378817;3,19112968;1,00000000
0,71719071;0,16916829;0,27282235;0,57394195;3,19082165;1,00000000
0,71725738;0,16916829;0,27312991;0,57424951;3,19082165;1,00000000
0,71732406;0,16916829;0,27282235;0,57440329;3,19082165;1,00000000
0,71739073;0,16916829;0,27251476;0,57455707;3,19112968;1,00000000
0,71745740;0,16916829;0,27251476;0,57486469;3,19082165;1,00000000
0,71752407;0,16901451;0,27251476;0,57501847;3,19020653;1,00000000
0,71759074;0,16901451;0,27251476;0,57532603;3,18959141;1,00000000
0,71765742;0,16886072;0,27282235;0,57563359;3,18928385;1,00000000
0,71772409;0,16870694;0,27251476;0,57594121;3,18897629;1,00000000
0,71779076;0,16855314;0,27251476;0,57624876;3,18897629;1,00000000
0,71785743;0,16855314;0,27220720;0,57655638;3,18866873;1,00000000
0,71792410;0,16839936;0,27189961;0,57671016;3,18866873;1,00000000
0,71799078;0,16824557;0,27189961;0,57686394;3,18836117;1,00000000
0,71805745;0,16839936;0,27189961;0,57701772;3,18743849;1,00000000
0,71812412;0,16855314;0,27220720;0,57732528;3,18682337;1,00000000
0,71819079;0,16870694;0,27189961;0,57763284;3,18651581;1,00000000
0,71825746;0,16886072;0,27159202;0,57778668;3,18620801;1,00000000
0,71832414;0,16886072;0,27159202;0,57809424;3,18590045;1,00000000
0,71839081;0,16870694;0,27128446;0,57855558;3,18528533;1,00000000
0,71845748;0,16855314;0,27097687;0,57870936;3,18467021;1,00000000
0,71852415;0,16855314;0,27097687;0,57901698;3,18436265;1,00000000
0,71859082;0,16870694;0,27128446;0,57932454;3,18405509;1,00000000
0,71865750;0,16870694;0,27097687;0,57963216;3,18405509;1,00000000
0,71872417;0,16855314;0,27097687;0,57993972;3,18374753;1,00000000
0,71879084;0,16870694;0,27066928;0,58024728;3,18343997;1,00000000
0,71885751;0,16870694;0,27066928;0,58055484;3,18313241;1,00000000
0,71892418;0,16870694;0,27036172;0,58086246;3,18282485;1,00000000
0,71899086;0,16855314;0,27005413;0,58101624;3,18220973;1,00000000
0,71905753;0,16839936;0,26974654;0,58132380;3,18190217;1,00000000
0,71912420;0,16824557;0,26974654;0,58163142;3,18190217;1,00000000
0,71919087;0,16809179;0,26974654;0,58193898;3,18190217;1,00000000
0,71925754;0,16793799;0,26974654;0,58209276;3,18190217;1,00000000
0,71932422;0,16778421;0,26974654;0,58240032;3,18159461;1,00000000
0,71939089;0,16778421;0,26943898;0,58255410;3,18128681;1,00000000
0,71945756;0,16778421;0,26943898;0,58286172;3,18097925;1,00000000
0,71952423;0,16778421;0,26913139;0,58301550;3,18067169;1,00000000
0,71959090;0,16778421;0,26882383;0,58316928;3,18067169;1,00000000
0,71965758;0,16763040;0,26851624;0,58332312;3,18067169;1,00000000
0,71972425;0,16763040;0,26851624;0,58347690;3,18067169;1,00000000
0,71979092;0,16747662;0,26851624;0,58363068;3,18067169;1,00000000
0,71985759;0,16732283;0,26882383;0,58378446;3,18067169;1,00000000
0,71992426;0,16716905;0,26851624;0,58393824;3,18036413;1,00000000
0,71999094;0,16716905;0,26851624;0,58409202;3,18005657;1,00000000
0,72005761;0,16732283;0,26820865;0,58439958;3,18005657;1,00000000
0,72012428;0,16716905;0,26820865;0,58455342;3,18036413;1,00000000
0,72019095;0,16716905;0,26790109;0,58470720;3,18067169;1,00000000
0,72025762;0,16701525;0,26790109;0,58486098;3,18097925;1,00000000
0,72032430;0,16716905;0,26820865;0,58501476;3,18097925;1,00000000
0,72039097;0,16701525;0,26820865;0,58516854;3,18097925;1,00000000
0,72045764;0,16686147;0,26851624;0,58532232;3,18097925;1,00000000
0,72052431;0,16670766;0,26882383;0,58532232;3,18067169;1,00000000
0,72059098;0,16686147;0,26851624;0,58547610;3,18067169;1,00000000
0,72065766;0,16670766;0,26851624;0,58562988;3,18067169;1,00000000
0,72072433;0,16655388;0,26851624;0,58578372;3,18097925;1,00000000
0,72079100;0,16655388;0,26820865;0,58578372;3,18128681;1,00000000
0,72085767;0,16670766;0,26851624;0,58593750;3,18128681;1,00000000
0,72092434;0,16670766;0,26820865;0,58609128;3,18097925;1,00000000
0,72099102;0,16655388;0,26851624;0,58609128;3,18097925;1,00000000
0,72105769;0,16670766;0,26851624;0,58609128;3,18097925;1,00000000
0,72112436;0,16655388;0,26820865;0,58593750;3,18097925;1,00000000
0,72119103;0,16655388;0,26820865;0,58593750;3,18097925;1,00000000
0,72125770;0,16655388;0,26851624;0,58593750;3,18128681;1,00000000
0,72132438;0,16640009;0,26820865;0,58578372;3,18128681;1,00000000
0,72139105;0,16640009;0,26790109;0,58578372;3,18097925;1,00000000
0,72145772;0,16624631;0,26790109;0,58578372;3,18128681;1,00000000
0,72152439;0,16640009;0,26790109;0,58562988;3,18128681;1,00000000
0,72159106;0,16624631;0,26820865;0,58562988;3,18128681;1,00000000
0,72165774;0,16640009;0,26820865;0,58562988;3,18159461;1,00000000
0,72172441;0,16640009;0,26790109;0,58547610;3,18190217;1,00000000
0,72179108;0,16655388;0,26820865;0,58516854;3,18220973;1,00000000
0,72185775;0,16655388;0,26820865;0,58501476;3,18220973;1,00000000
0,72192442;0,16655388;0,26820865;0,58486098;3,18251729;1,00000000
0,72199110;0,16655388;0,26820865;0,58470720;3,18282485;1,00000000
0,72205777;0,16640009;0,26820865;0,58455342;3,18313241;1,00000000
0,72212444;0,16655388;0,26820865;0,58439958;3,18313241;1,00000000
0,72219111;0,16640009;0,26851624;0,58424580;3,18343997;1,00000000
0,72225778;0,16640009;0,26851624;0,58393824;3,18374753;1,00000000
0,72232446;0,16640009;0,26851624;0,58378446;3,18343997;1,00000000
0,72239113;0,16640009;0,26820865;0,58347690;3,18313241;1,00000000
0,72245780;0,16640009;0,26851624;0,58316928;3,18343997;1,00000000
0,72252447;0,16670766;0,26882383;0,58286172;3,18374753;1,00000000
0,72259114;0,16670766;0,26882383;0,58255410;3,18374753;1,00000000
0,72265782;0,16686147;0,26882383;0,58224654;3,18405509;1,00000000
0,72272449;0,16686147;0,26882383;0,58193898;3,18436265;1,00000000
0,72279116;0,16701525;0,26882383;0,58178520;3,18436265;1,00000000
0,72285783;0,16716905;0,26913139;0,58147764;3,18405509;1,00000000
0,72292450;0,16716905;0,26943898;0,58132380;3,18374753;1,00000000
0,72299118;0,16732283;0,26913139;0,58101624;3,18405509;1,00000000
0,72305785;0,16747662;0,26943898;0,58070862;3,18405509;1,00000000
0,72312452;0,16747662;0,26974654;0,58024728;3,18436265;1,00000000
0,72319119;0,16763040;0,27005413;0,57993972;3,18467021;1,00000000
0,72325786;0,16778421;0,26974654;0,57947832;3,18467021;1,00000000
0,72332454;0,16793799;0,26943898;0,57917076;3,18436265;1,00000000
0,72339121;0,16809179;0,26974654;0,57870936;3,18436265;1,00000000
0,72345788;0,16809179;0,26974654;0,57840180;3,18405509;1,00000000
0,72352455;0,16824557;0,27005413;0,57794046;3,18436265;1,00000000
0,72359122;0,16824557;0,27036172;0,57747906;3,18436265;1,00000000
0,72365790;0,16839936;0,27066928;0,57701772;3,18467021;1,00000000
0,72372457;0,16839936;0,27066928;0,57655638;3,18467021;1,00000000
0,72379124;0,16839936;0,27097687;0,57624876;3,18467021;1,00000000
0,72385791;0,16855314;0,27097687;0,57578737;3,18436265;1,00000000
0,72392458;0,16855314;0,27066928;0,57547981;3,18436265;1,00000000
0,72399126;0,16855314;0,27036172;0,57501847;3,18467021;1,00000000
0,72405793;0,16855314;0,27066928;0,57471091;3,18559289;1,00000000
0,72412460;0,16855314;0,27097687;0,57440329;3,18590045;1,00000000
0,72419127;0,16870694;0,27128446;0,57394195;3,18590045;1,00000000
0,72425794;0,16870694;0,27128446;0,57348061;3,18590045;1,00000000
0,72432462;0,16886072;0,27159202;0,57317299;3,18590045;1,00000000
0,72439129;0,16901451;0,27159202;0,57286543;3,18590045;1,00000000
0,72445796;0,16916829;0,27128446;0,57240403;3,18559289;1,00000000
0,72452463;0,16932210;0,27097687;0,57209647;3,18528533;1,00000000
0,72459130;0,16916829;0,27097687;0,57178891;3,18559289;1,00000000
0,72465798;0,16916829;0,27097687;0,57132751;3,18559289;1,00000000
0,72472465;0,16932210;0,27128446;0,57086611;3,18559289;1,00000000
0,72479132;0,16947588;0,27159202;0,57055855;3,18559289;1,00000000
0,72485799;0,16962968;0,27189961;0,57040477;3,18559289;1,00000000
0,72492466;0,16962968;0,27189961;0,56994343;3,18528533;1,00000000
0,72499134;0,16962968;0,27189961;0,56978959;3,18467021;1,00000000
0,72505801;0,16978346;0,27159202;0,56963581;3,18436265;1,00000000
0,72512468;0,16993725;0,27159202;0,56917441;3,18436265;1,00000000
0,72519135;0,16993725;0,27159202;0,56902063;3,18405509;1,00000000
0,72525802;0,16993725;0,27128446;0,56871307;3,18405509;1,00000000
0,72532470;0,17009103;0,27159202;0,56855929;3,18405509;1,00000000
0,72539137;0,17009103;0,27159202;0,56840551;3,18405509;1,00000000
0,72545804;0,17024484;0,27189961;0,56809795;3,18405509;1,00000000
0,72552471;0,17009103;0,27159202;0,56779033;3,18374753;1,00000000
0,72559138;0,17009103;0,27159202;0,56763655;3,18374753;1,00000000
0,72565806;0,17024484;0,27128446;0,56732899;3,18405509;1,00000000
0,72572473;0,17039862;0,27128446;0,56717521;3,18374753;1,00000000
0,72579140;0,17039862;0,27128446;0,56702143;3,18374753;1,00000000
0,72585807;0,17039862;0,27128446;0,56671381;3,18374753;1,00000000
0,72592474;0,17039862;0,27097687;0,56656003;3,18374753;1,00000000
0,72599142;0,17024484;0,27097687;0,56640625;3,18343997;1,00000000
0,72605809;0,17024484;0,27097687;0,56640625;3,18313241;1,00000000
0,72612476;0,17024484;0,27066928;0,56640625;3,18313241;1,00000000
0,72619143;0,17024484;0,27036172;0,56640625;3,18313241;1,00000000
0,72625810;0,17024484;0,27036172;0,56640625;3,18313241;1,00000000
0,72632478;0,17024484;0,27036172;0,56625247;3,18313241;1,00000000
0,72639145;0,17024484;0,27005413;0,56625247;3,18313241;1,00000000
0,72645812;0,17009103;0,26974654;0,56609863;3,18313241;1,00000000
0,72652479;0,17009103;0,26974654;0,56609863;3,18313241;1,00000000
0,72659146;0,17009103;0,26974654;0,56609863;3,18313241;1,00000000
0,72665814;0,16993725;0,26943898;0,56609863;3,18343997;1,00000000
0,72672481;0,16993725;0,26913139;0,56609863;3,18343997;1,00000000
0,72679148;0,16993725;0,26913139;0,56625247;3,18343997;1,00000000
0,72685815;0,16993725;0,26913139;0,56640625;3,18313241;1,00000000
0,72692482;0,16978346;0,26882383;0,56671381;3,18313241;1,00000000
0,72699150;0,16993725;0,26882383;0,56686765;3,18343997;1,00000000
0,72705817;0,16993725;0,26913139;0,56717521;3,18343997;1,00000000
0,72712484;0,16993725;0,26882383;0,56748277;3,18343997;1,00000000
0,72719151;0,16993725;0,26882383;0,56763655;3,18343997;1,00000000
0,72725818;0,16993725;0,26851624;0,56779033;3,18343997;1,00000000
0,72732486;0,16993725;0,26851624;0,56794411;3,18343997;1,00000000
0,72739153;0,16993725;0,26882383;0,56825173;3,18343997;1,00000000
0,72745820;0,16993725;0,26913139;0,56855929;3,18343997;1,00000000
0,72752487;0,16993725;0,26913139;0,56886685;3,18374753;1,00000000
0,72759154;0,16993725;0,26913139;0,56932825;3,18374753;1,00000000
0,72765822;0,16993725;0,26913139;0,56963581;3,18405509;1,00000000
0,72772489;0,16993725;0,26913139;0,56994343;3,18405509;1,00000000
0,72779156;0,16993725;0,26882383;0,57040477;3,18405509;1,00000000
0,72785823;0,16993725;0,26882383;0,57071233;3,18436265;1,00000000
0,72792490;0,16993725;0,26882383;0,57117373;3,18467021;1,00000000
0,72799158;0,16993725;0,26882383;0,57163513;3,18528533;1,00000000
0,72805825;0,16993725;0,26913139;0,57209647;3,18528533;1,00000000
0,72812492;0,16993725;0,26913139;0,57255781;3,18528533;1,00000000
0,72819159;0,16993725;0,26913139;0,57301921;3,18559289;1,00000000
0,72825826;0,16993725;0,26913139;0,57348061;3,18590045;1,00000000
0,72832494;0,16993725;0,26943898;0,57394195;3,18620801;1,00000000
0,72839161;0,16993725;0,26913139;0,57440329;3,18620801;1,00000000
0,72845828;0,16993725;0,26913139;0,57471091;3,18651581;1,00000000
0,72852495;0,16993725;0,26943898;0,57517225;3,18682337;1,00000000
0,72859162;0,16993725;0,26974654;0,57547981;3,18682337;1,00000000
0,72865830;0,16978346;0,27005413;0,57609499;3,18682337;1,00000000
0,72872497;0,16978346;0,27036172;0,57671016;3,18682337;1,00000000
0,72879164;0,16978346;0,27066928;0,57717150;3,18651581;1,00000000
0,72885831;0,16978346;0,27097687;0,57778668;3,18713093;1,00000000
0,72892498;0,16978346;0,27128446;0,57840180;3,18743849;1,00000000
0,72899166;0,16978346;0,27128446;0,57886314;3,18713093;1,00000000
0,72905833;0,16978346;0,27159202;0,57932454;3,18713093;1,00000000
0,72912500;0,16978346;0,27189961;0,57978594;3,18713093;1,00000000
0,72919167;0,16962968;0,27220720;0,58009350;3,18713093;1,00000000
0,72925834;0,16962968;0,27251476;0,58055484;3,18713093;1,00000000
0,72932502;0,16962968;0,27251476;0,58101624;3,18713093;1,00000000
0,72939169;0,16962968;0,27251476;0,58132380;3,18743849;1,00000000
0,72945836;0,16962968;0,27220720;0,58178520;3,18743849;1,00000000
0,72952503;0,16962968;0,27251476;0,58224654;3,18774605;1,00000000
0,72959170;0,16962968;0,27251476;0,58270794;3,18774605;1,00000000
0,72965838;0,16962968;0,27282235;0,58301550;3,18743849;1,00000000
0,72972505;0,16962968;0,27312991;0,58347690;3,18774605;1,00000000
0,72979172;0,16962968;0,27312991;0,58378446;3,18774605;1,00000000
0,72985839;0,16962968;0,27282235;0,58409202;3,18774605;1,00000000
0,72992506;0,16962968;0,27282235;0,58424580;3,18774605;1,00000000
0,72999174;0,16962968;0,27282235;0,58455342;3,18774605;1,00000000
0,73005841;0,16962968;0,27312991;0,58486098;3,18774605;1,00000000
0,73012508;0,16978346;0,27282235;0,58516854;3,18713093;1,00000000
0,73019175;0,16993725;0,27282235;0,58532232;3,18682337;1,00000000
0,73025842;0,16993725;0,27282235;0,58562988;3,18682337;1,00000000
0,73032510;0,16993725;0,27312991;0,58578372;3,18682337;1,00000000
0,73039177;0,16978346;0,27312991;0,58578372;3,18682337;1,00000000
0,73045844;0,16978346;0,27312991;0,58593750;3,18682337;1,00000000
0,73052511;0,16978346;0,27312991;0,58593750;3,18651581;1,00000000
0,73059178;0,16993725;0,27282235;0,58593750;3,18620801;1,00000000
0,73065846;0,16993725;0,27282235;0,58593750;3,18590045;1,00000000
0,73072513;0,17009103;0,27251476;0,58624506;3,18590045;1,00000000
0,73079180;0,17009103;0,27251476;0,58639890;3,18590045;1,00000000
0,73085847;0,17009103;0,27282235;0,58639890;3,18590045;1,00000000
0,73092514;0,17009103;0,27282235;0,58639890;3,18590045;1,00000000
0,73099182;0,17009103;0,27282235;0,58639890;3,18590045;1,00000000
0,73105849;0,17009103;0,27251476;0,58639890;3,18590045;1,00000000
0,73112516;0,17009103;0,27220720;0,58639890;3,18559289;1,00000000
0,73119183;0,17009103;0,27189961;0,58639890;3,18559289;1,00000000
0,73125850;0,17009103;0,27159202;0,58624506;3,18559289;1,00000000
0,73132518;0,17009103;0,27189961;0,58624506;3,18559289;1,00000000
0,73139185;0,17009103;0,27189961;0,58624506;3,18559289;1,00000000
0,73145852;0,17009103;0,27189961;0,58624506;3,18528533;1,00000000
0,73152519;0,17024484;0,27189961;0,58609128;3,18467021;1,00000000
0,73159186;0,17024484;0,27189961;0,58609128;3,18467021;1,00000000
0,73165854;0,17024484;0,27189961;0,58593750;3,18467021;1,00000000
0,73172521;0,17024484;0,27189961;0,58578372;3,18467021;1,00000000
0,73179188;0,17024484;0,27159202;0,58578372;3,18436265;1,00000000
0,73185855;0,17024484;0,27128446;0,58562988;3,18405509;1,00000000
0,73192522;0,17024484;0,27128446;0,58547610;3,18436265;1,00000000
0,73199190;0,17024484;0,27128446;0,58532232;3,18436265;1,00000000
0,73205857;0,17024484;0,27159202;0,58501476;3,18436265;1,00000000
0,73212524;0,17024484;0,27159202;0,58486098;3,18436265;1,00000000
0,73219191;0,17024484;0,27159202;0,58470720;3,18436265;1,00000000
0,73225858;0,17024484;0,27128446;0,58439958;3,18436265;1,00000000
0,73232526;0,17024484;0,27128446;0,58424580;3,18436265;1,00000000
0,73239193;0,17024484;0,27128446;0,58409202;3,18467021;1,00000000
0,73245860;0,17024484;0,27097687;0,58378446;3,18467021;1,00000000
0,73252527;0,17024484;0,27066928;0,58378446;3,18467021;1,00000000
0,73259194;0,17024484;0,27066928;0,58378446;3,18467021;1,00000000
0,73265862;0,17024484;0,27066928;0,58347690;3,18467021;1,00000000
0,73272529;0,17009103;0,27097687;0,58316928;3,18467021;1,00000000
0,73279196;0,17009103;0,27097687;0,58286172;3,18436265;1,00000000
0,73285863;0,16993725;0,27066928;0,58255410;3,18528533;1,00000000
0,73292530;0,16978346;0,27036172;0,58224654;3,18467021;1,00000000
0,73299198;0,16962968;0,27036172;0,58178520;3,18467021;1,00000000
0,73305865;0,16932210;0,27036172;0,58147764;3,18467021;1,00000000
0,73312532;0,16916829;0,27066928;0,58117002;3,18467021;1,00000000
0,73319199;0,16916829;0,27097687;0,58070862;3,18467021;1,00000000
0,73325866;0,16901451;0,27097687;0,58040106;3,18467021;1,00000000
0,73332534;0,16886072;0,27097687;0,58009350;3,18467021;1,00000000
0,73339201;0,16886072;0,27066928;0,57963216;3,18559289;1,00000000
0,73345868;0,16870694;0,27097687;0,57947832;3,18559289;1,00000000
0,73352535;0,16870694;0,27097687;0,57932454;3,18559289;1,00000000
0,73359202;0,16855314;0,27097687;0,57901698;3,18559289;1,00000000
0,73365870;0,16855314;0,27128446;0,57870936;3,18559289;1,00000000
0,73372537;0,16839936;0,27128446;0,57840180;3,18559289;1,00000000
0,73379204;0,16839936;0,27128446;0,57809424;3,18559289;1,00000000
0,73385871;0,16839936;0,27097687;0,57778668;3,18590045;1,00000000
0,73392538;0,16824557;0,27097687;0,57763284;3,18620801;1,00000000
0,73399206;0,16809179;0,27066928;0,57732528;3,18651581;1,00000000
0,73405873;0,16793799;0,27066928;0,57701772;3,18682337;1,00000000
0,73412540;0,16793799;0,27097687;0,57671016;3,18713093;1,00000000
0,73419207;0,16793799;0,27128446;0,57640254;3,18713093;1,00000000
0,73425874;0,16793799;0,27128446;0,57624876;3,18713093;1,00000000
0,73432542;0,16793799;0,27097687;0,57594121;3,18713093;1,00000000
0,73439209;0,16793799;0,27097687;0,57563359;3,18682337;1,00000000
0,73445876;0,16793799;0,27097687;0,57532603;3,18620801;1,00000000
0,73452543;0,16778421;0,27066928;0,57517225;3,18651581;1,00000000
0,73459210;0,16778421;0,27066928;0,57501847;3,18682337;1,00000000
0,73465878;0,16778421;0,27097687;0,57471091;3,18713093;1,00000000
0,73472545;0,16778421;0,27097687;0,57440329;3,18713093;1,00000000
0,73479212;0,16778421;0,27097687;0,57424951;3,18743849;1,00000000
0,73485879;0,16778421;0,27128446;0,57409573;3,18743849;1,00000000
0,73492546;0,16763040;0,27159202;0,57394195;3,18713093;1,00000000
0,73499214;0,16763040;0,27159202;0,57394195;3,18713093;1,00000000
0,73505881;0,16763040;0,27128446;0,57378817;3,18713093;1,00000000
0,73512548;0,16747662;0,27128446;0,57378817;3,18774605;1,00000000
0,73519215;0,16732283;0,27097687;0,57378817;3,18805361;1,00000000
0,73525882;0,16716905;0,27128446;0,57363439;3,18836117;1,00000000
0,73532550;0,16701525;0,27159202;0,57363439;3,18897629;1,00000000
0,73539217;0,16701525;0,27189961;0,57348061;3,18897629;1,00000000
0,73545884;0,16701525;0,27189961;0,57348061;3,18928385;1,00000000
0,73552551;0,16701525;0,27220720;0,57348061;3,18928385;1,00000000
0,73559218;0,16686147;0,27220720;0,57363439;3,18928385;1,00000000
0,73565886;0,16670766;0,27189961;0,57363439;3,18928385;1,00000000
0,73572553;0,16655388;0,27189961;0,57363439;3,18928385;1,00000000
0,73579220;0,16670766;0,27220720;0,57363439;3,18959141;1,00000000
0,73585887;0,16655388;0,27251476;0,57363439;3,18959141;1,00000000
0,73592554;0,16640009;0,27282235;0,57363439;3,18959141;1,00000000
0,73599222;0,16624631;0,27312991;0,57363439;3,18959141;1,00000000
0,73605889;0,16640009;0,27312991;0,57378817;3,18959141;1,00000000
0,73612556;0,16655388;0,27343750;0,57378817;3,18959141;1,00000000
0,73619223;0,16670766;0,27343750;0,57394195;3,18959141;1,00000000
0,73625890;0,16670766;0,27343750;0,57394195;3,18959141;1,00000000
0,73632558;0,16670766;0,27374509;0,57424951;3,18959141;1,00000000
0,73639225;0,16686147;0,27374509;0,57424951;3,18959141;1,00000000
0,73645892;0,16686147;0,27405265;0,57440329;3,18959141;1,00000000
0,73652559;0,16686147;0,27436024;0,57471091;3,18959141;1,00000000
0,73659226;0,16686147;0,27436024;0,57501847;3,18959141;1,00000000
0,73665894;0,16686147;0,27436024;0,57532603;3,18959141;1,00000000
0,73672561;0,16686147;0,27436024;0,57563359;3,18959141;1,00000000
0,73679228;0,16686147;0,27466780;0,57594121;3,18959141;1,00000000
0,73685895;0,16686147;0,27466780;0,57624876;3,18959141;1,00000000
0,73692562;0,16686147;0,27436024;0,57655638;3,18989897;1,00000000
0,73699230;0,16686147;0,27466780;0,57671016;3,18959141;1,00000000
0,73705897;0,16686147;0,27466780;0,57701772;3,18928385;1,00000000
0,73712564;0,16670766;0,27466780;0,57701772;3,18866873;1,00000000
0,73719231;0,16670766;0,27436024;0,57732528;3,18836117;1,00000000
0,73725898;0,16670766;0,27436024;0,57778668;3,18805361;1,00000000
0,73732566;0,16670766;0,27466780;0,57809424;3,18774605;1,00000000
0,73739233;0,16670766;0,27436024;0,57840180;3,18774605;1,00000000
0,73745900;0,16670766;0,27405265;0,57870936;3,18774605;1,00000000
0,73752567;0,16670766;0,27374509;0,57901698;3,18743849;1,00000000
0,73759234;0,16670766;0,27374509;0,57917076;3,18713093;1,00000000
0,73765902;0,16655388;0,27405265;0,57947832;3,18682337;1,00000000
0,73772569;0,16655388;0,27405265;0,57978594;3,18651581;1,00000000
0,73779236;0,16655388;0,27436024;0,57993972;3,18590045;1,00000000
0,73785903;0,16655388;0,27436024;0,58009350;3,18559289;1,00000000
0,73792570;0,16640009;0,27436024;0,58024728;3,18559289;1,00000000
0,73799238;0,16655388;0,27466780;0,58055484;3,18559289;1,00000000
0,73805905;0,16655388;0,27436024;0,58086246;3,18559289;1,00000000
0,73812572;0,16640009;0,27405265;0,58101624;3,18528533;1,00000000
0,73819239;0,16640009;0,27405265;0,58132380;3,18467021;1,00000000
0,73825906;0,16655388;0,27374509;0,58163142;3,18436265;1,00000000
0,73832574;0,16655388;0,27343750;0,58178520;3,18374753;1,00000000
0,73839241;0,16655388;0,27343750;0,58209276;3,18313241;1,00000000
0,73845908;0,16640009;0,27343750;0,58224654;3,18282485;1,00000000
0,73852575;0,16640009;0,27343750;0,58255410;3,18282485;1,00000000
0,73859242;0,16624631;0,27312991;0,58286172;3,18282485;1,00000000
0,73865910;0,16640009;0,27282235;0,58301550;3,18282485;1,00000000
0,73872577;0,16624631;0,27251476;0,58316928;3,18220973;1,00000000
0,73879244;0,16609251;0,27251476;0,58347690;3,18159461;1,00000000
0,73885911;0,16609251;0,27220720;0,58378446;3,18097925;1,00000000
0,73892578;0,16624631;0,27220720;0,58409202;3,18067169;1,00000000
0,73899246;0,16624631;0,27220720;0,58439958;3,18067169;1,00000000
0,73905913;0,16624631;0,27220720;0,58470720;3,18067169;1,00000000
0,73912580;0,16624631;0,27251476;0,58501476;3,18036413;1,00000000
0,73919247;0,16609251;0,27220720;0,58516854;3,18036413;1,00000000
0,73925914;0,16609251;0,27189961;0,58532232;3,17974901;1,00000000
0,73932582;0,16609251;0,27189961;0,58562988;3,17913389;1,00000000
0,73939249;0,16593874;0,27159202;0,58578372;3,17882633;1,00000000
0,73945916;0,16578494;0,27159202;0,58593750;3,17882633;1,00000000
0,73952583;0,16563116;0,27128446;0,58609128;3,17882633;1,00000000
0,73959250;0,16547737;0,27097687;0,58624506;3,17882633;1,00000000
0,73965918;0,16532359;0,27066928;0,58639890;3,17882633;1,00000000
0,73972585;0,16516978;0,27066928;0,58655268;3,17882633;1,00000000
0,73979252;0,16516978;0,27066928;0,58670646;3,17851877;1,00000000
0,73985919;0,16516978;0,27036172;0,58670646;3,17851877;1,00000000
0,73992586;0,16516978;0,27005413;0,58701402;3,17851877;1,00000000
0,73999254;0,16516978;0,26974654;0,58701402;3,17851877;1,00000000
0,74005921;0,16501600;0,26974654;0,58716780;3,17882633;1,00000000
0,74012588;0,16486220;0,26974654;0,58732158;3,17913389;1,00000000
0,74019255;0,16486220;0,26974654;0,58747536;3,17882633;1,00000000
0,74025922;0,16470842;0,26974654;0,58762920;3,17851877;1,00000000
0,74032590;0,16470842;0,27005413;0,58778298;3,17851877;1,00000000
0,74039257;0,16470842;0,27005413;0,58793676;3,17882633;1,00000000
0,74045924;0,16455463;0,26974654;0,58809054;3,17913389;1,00000000
0,74052591;0,16455463;0,26974654;0,58824432;3,17944145;1,00000000
0,74059258;0,16440085;0,26943898;0,58839810;3,17944145;1,00000000
0,74065926;0,16440085;0,26943898;0,58839810;3,17944145;1,00000000
0,74072593;0,16440085;0,26943898;0,58855188;3,17913389;1,00000000
0,74079260;0,16455463;0,26943898;0,58870566;3,17913389;1,00000000
0,74085927;0,16455463;0,26943898;0,58855188;3,17913389;1,00000000
0,74092594;0,16455463;0,26943898;0,58870566;3,17944145;1,00000000
0,74099262;0,16440085;0,26974654;0,58870566;3,17974901;1,00000000
0,74105929;0,16440085;0,27005413;0,58885950;3,18005657;1,00000000
0,74112596;0,16440085;0,26974654;0,58870566;3,18005657;1,00000000
0,74119263;0,16440085;0,26974654;0,58870566;3,17974901;1,00000000
0,74125930;0,16424704;0,26974654;0,58885950;3,17974901;1,00000000
0,74132598;0,16440085;0,26974654;0,58901328;3,18005657;1,00000000
0,74139265;0,16440085;0,26974654;0,58885950;3,18005657;1,00000000
0,74145932;0,16440085;0,26974654;0,58870566;3,18036413;1,00000000
0,74152599;0,16440085;0,27005413;0,58870566;3,18067169;1,00000000
0,74159266;0,16424704;0,27005413;0,58870566;3,18097925;1,00000000
0,74165934;0,16440085;0,27005413;0,58855188;3,18097925;1,00000000
0,74172601;0,16440085;0,27005413;0,58839810;3,18128681;1,00000000
0,74179268;0,16424704;0,27005413;0,58824432;3,18128681;1,00000000
0,74185935;0,16424704;0,27005413;0,58793676;3,18128681;1,00000000
0,74192602;0,16424704;0,27005413;0,58778298;3,18128681;1,00000000
0,74199270;0,16440085;0,26974654;0,58762920;3,18159461;1,00000000
0,74205937;0,16455463;0,27005413;0,58732158;3,18190217;1,00000000
0,74212604;0,16440085;0,27036172;0,58701402;3,18190217;1,00000000
0,74219271;0,16440085;0,27066928;0,58686024;3,18190217;1,00000000
0,74225938;0,16455463;0,27066928;0,58655268;3,18220973;1,00000000
0,74232606;0,16455463;0,27097687;0,58639890;3,18220973;1,00000000
0,74239273;0,16455463;0,27066928;0,58609128;3,18251729;1,00000000
0,74245940;0,16470842;0,27097687;0,58578372;3,18282485;1,00000000
0,74252607;0,16455463;0,27066928;0,58547610;3,18313241;1,00000000
0,74259274;0,16455463;0,27066928;0,58516854;3,18313241;1,00000000
0,74265942;0,16455463;0,27036172;0,58486098;3,18282485;1,00000000
0,74272609;0,16455463;0,27036172;0,58455342;3,18251729;1,00000000
0,74279276;0,16470842;0,27036172;0,58424580;3,18282485;1,00000000
0,74285943;0,16486220;0,27066928;0,58393824;3,18282485;1,00000000
0,74292610;0,16501600;0,27066928;0,58363068;3,18313241;1,00000000
0,74299278;0,16516978;0,27097687;0,58332312;3,18313241;1,00000000
0,74305945;0,16516978;0,27097687;0,58316928;3,18313241;1,00000000
0,74312612;0,16532359;0,27066928;0,58286172;3,18313241;1,00000000
0,74319279;0,16547737;0,27097687;0,58240032;3,18282485;1,00000000
0,74325946;0,16563116;0,27097687;0,58193898;3,18251729;1,00000000
0,74332614;0,16563116;0,27097687;0,58147764;3,18282485;1,00000000
0,74339281;0,16578494;0,27097687;0,58101624;3,18313241;1,00000000
0,74345948;0,16593874;0,27128446;0,58055484;3,18343997;1,00000000
0,74352615;0,16609251;0,27128446;0,58024728;3,18343997;1,00000000
0,74359282;0,16624631;0,27097687;0,57978594;3,18343997;1,00000000
0,74365950;0,16640009;0,27097687;0,57947832;3,18343997;1,00000000
0,74372617;0,16655388;0,27128446;0,57901698;3,18313241;1,00000000
0,74379284;0,16670766;0,27159202;0,57855558;3,18313241;1,00000000
0,74385951;0,16670766;0,27189961;0,57809424;3,18343997;1,00000000
0,74392618;0,16686147;0,27220720;0,57763284;3,18343997;1,00000000
0,74399286;0,16701525;0,27251476;0,57701772;3,18343997;1,00000000
0,74405953;0,16716905;0,27251476;0,57671016;3,18343997;1,00000000
0,74412620;0,16732283;0,27220720;0,57640254;3,18343997;1,00000000
0,74419287;0,16747662;0,27251476;0,57594121;3,18343997;1,00000000
0,74425954;0,16747662;0,27251476;0,57563359;3,18374753;1,00000000
0,74432622;0,16763040;0,27282235;0,57532603;3,18405509;1,00000000
0,74439289;0,16763040;0,27282235;0,57501847;3,18405509;1,00000000
0,74445956;0,16778421;0,27251476;0,57471091;3,18405509;1,00000000
0,74452623;0,16778421;0,27220720;0,57440329;3,18405509;1,00000000
0,74459290;0,16778421;0,27251476;0,57409573;3,18405509;1,00000000
0,74465958;0,16793799;0,27220720;0,57363439;3,18405509;1,00000000
0,74472625;0,16793799;0,27220720;0,57332677;3,18374753;1,00000000
0,74479292;0,16793799;0,27251476;0,57301921;3,18374753;1,00000000
0,74485959;0,16793799;0,27282235;0,57271159;3,18405509;1,00000000
0,74492626;0,16793799;0,27282235;0,57240403;3,18374753;1,00000000
0,74499294;0,16793799;0,27282235;0,57178891;3,18343997;1,00000000
0,74505961;0,16793799;0,27282235;0,57132751;3,18343997;1,00000000
0,74512628;0,16793799;0,27251476;0,57101995;3,18343997;1,00000000
0,74519295;0,16809179;0,27251476;0,57055855;3,18343997;1,00000000
0,74525962;0,16824557;0,27251476;0,57025099;3,18313241;1,00000000
0,74532630;0,16824557;0,27251476;0,56978959;3,18282485;1,00000000
0,74539297;0,16824557;0,27251476;0,56948203;3,18282485;1,00000000
0,74545964;0,16824557;0,27251476;0,56917441;3,18313241;1,00000000
0,74552631;0,16839936;0,27251476;0,56902063;3,18313241;1,00000000
0,74559298;0,16839936;0,27220720;0,56886685;3,18313241;1,00000000
0,74565966;0,16839936;0,27220720;0,56871307;3,18313241;1,00000000
0,74572633;0,16839936;0,27189961;0,56840551;3,18313241;1,00000000
0,74579300;0,16839936;0,27189961;0,56809795;3,18313241;1,00000000
0,74585967;0,16839936;0,27159202;0,56794411;3,18343997;1,00000000
0,74592634;0,16839936;0,27159202;0,56763655;3,18282485;1,00000000
0,74599302;0,16839936;0,27159202;0,56732899;3,18220973;1,00000000
0,74605969;0,16839936;0,27159202;0,56717521;3,18251729;1,00000000
0,74612636;0,16839936;0,27159202;0,56717521;3,18251729;1,00000000
0,74619303;0,16839936;0,27128446;0,56717521;3,18251729;1,00000000
0,74625970;0,16839936;0,27097687;0,56717521;3,18251729;1,00000000
0,74632638;0,16839936;0,27097687;0,56717521;3,18251729;1,00000000
0,74639305;0,16839936;0,27066928;0,56717521;3,18251729;1,00000000
0,74645972;0,16839936;0,27036172;0,56717521;3,18251729;1,00000000
0,74652639;0,16855314;0,27066928;0,56717521;3,18220973;1,00000000
0,74659306;0,16855314;0,27066928;0,56717521;3,18190217;1,00000000
0,74665974;0,16855314;0,27036172;0,56717521;3,18190217;1,00000000
0,74672641;0,16855314;0,27005413;0,56732899;3,18190217;1,00000000
0,74679308;0,16855314;0,26974654;0,56732899;3,18190217;1,00000000
0,74685975;0,16855314;0,26974654;0,56748277;3,18190217;1,00000000
0,74692642;0,16855314;0,26974654;0,56763655;3,18220973;1,00000000
0,74699310;0,16855314;0,26974654;0,56794411;3,18251729;1,00000000
0,74705977;0,16839936;0,26974654;0,56809795;3,18282485;1,00000000
0,74712644;0,16839936;0,26943898;0,56825173;3,18251729;1,00000000
0,74719311;0,16824557;0,26974654;0,56840551;3,18282485;1,00000000
0,74725978;0,16809179;0,26943898;0,56871307;3,18313241;1,00000000
0,74732646;0,16809179;0,26913139;0,56902063;3,18313241;1,00000000
0,74739313;0,16809179;0,26882383;0,56948203;3,18313241;1,00000000
0,74745980;0,16809179;0,26851624;0,56978959;3,18313241;1,00000000
0,74752647;0,16809179;0,26882383;0,57025099;3,18313241;1,00000000
0,74759314;0,16809179;0,26913139;0,57055855;3,18343997;1,00000000
0,74765982;0,16809179;0,26913139;0,57086611;3,18343997;1,00000000
0,74772649;0,16809179;0,26943898;0,57117373;3,18343997;1,00000000
0,74779316;0,16793799;0,26943898;0,57132751;3,18343997;1,00000000
0,74785983;0,16793799;0,26943898;0,57194269;3,18343997;1,00000000
0,74792650;0,16793799;0,26913139;0,57240403;3,18343997;1,00000000
0,74799318;0,16793799;0,26913139;0,57271159;3,18343997;1,00000000
0,74805985;0,16793799;0,26913139;0,57317299;3,18343997;1,00000000
0,74812652;0,16778421;0,26913139;0,57348061;3,18374753;1,00000000
0,74819319;0,16778421;0,26943898;0,57394195;3,18436265;1,00000000
0,74825986;0,16778421;0,26943898;0,57424951;3,18436265;1,00000000
0,74832654;0,16778421;0,26943898;0,57486469;3,18436265;1,00000000
0,74839321;0,16778421;0,26913139;0,57532603;3,18436265;1,00000000
0,74845988;0,16778421;0,26943898;0,57578737;3,18467021;1,00000000
0,74852655;0,16763040;0,26943898;0,57624876;3,18528533;1,00000000
0,74859322;0,16763040;0,26974654;0,57686394;3,18590045;1,00000000
0,74865990;0,16763040;0,26974654;0,57717150;3,18620801;1,00000000
0,74872657;0,16763040;0,27005413;0,57778668;3,18620801;1,00000000
0,74879324;0,16763040;0,27036172;0,57840180;3,18620801;1,00000000
0,74885991;0,16763040;0,27066928;0,57886314;3,18620801;1,00000000
0,74892658;0,16763040;0,27097687;0,57932454;3,18620801;1,00000000
0,74899326;0,16763040;0,27128446;0,57978594;3,18590045;1,00000000
0,74905993;0,16763040;0,27159202;0,58040106;3,18620801;1,00000000
0,74912660;0,16763040;0,27159202;0,58101624;3,18651581;1,00000000
0,74919327;0,16763040;0,27159202;0,58132380;3,18682337;1,00000000
0,74925994;0,16763040;0,27189961;0,58178520;3,18713093;1,00000000
0,74932662;0,16763040;0,27220720;0,58224654;3,18713093;1,00000000
0,74939329;0,16763040;0,27251476;0,58270794;3,18713093;1,00000000
0,74945996;0,16763040;0,27251476;0,58316928;3,18682337;1,00000000
0,74952663;0,16763040;0,27282235;0,58363068;3,18713093;1,00000000
0,74959330;0,16763040;0,27312991;0,58393824;3,18743849;1,00000000
0,74965998;0,16763040;0,27343750;0,58424580;3,18774605;1,00000000
0,74972665;0,16763040;0,27343750;0,58455342;3,18805361;1,00000000
0,74979332;0,16763040;0,27343750;0,58486098;3,18805361;1,00000000
0,74985999;0,16763040;0,27374509;0,58516854;3,18805361;1,00000000
0,74992666;0,16747662;0,27405265;0,58547610;3,18774605;1,00000000
0,74999334;0,16747662;0,27436024;0,58578372;3,18805361;1,00000000
0,75006001;0,16763040;0,27466780;0,58609128;3,18836117;1,00000000
0,75012668;0,16778421;0,27497539;0,58639890;3,18836117;1,00000000
0,75019335;0,16778421;0,27466780;0,58655268;3,18805361;1,00000000
0,75026002;0,16778421;0,27466780;0,58670646;3,18774605;1,00000000
0,75032670;0,16778421;0,27466780;0,58670646;3,18743849;1,00000000
0,75039337;0,16778421;0,27497539;0,58686024;3,18743849;1,00000000
0,75046004;0,16778421;0,27497539;0,58701402;3,18713093;1,00000000
0,75052671;0,16778421;0,27497539;0,58701402;3,18713093;1,00000000
0,75059338;0,16778421;0,27497539;0,58701402;3,18713093;1,00000000
0,75066006;0,16778421;0,27497539;0,58716780;3,18713093;1,00000000
0,75072673;0,16778421;0,27466780;0,58716780;3,18713093;1,00000000
0,75079340;0,16793799;0,27497539;0,58716780;3,18682337;1,00000000
0,75086007;0,16793799;0,27528298;0,58716780;3,18682337;1,00000000
0,75092674;0,16793799;0,27559054;0,58716780;3,18651581;1,00000000
0,75099342;0,16793799;0,27559054;0,58716780;3,18651581;1,00000000
0,75106009;0,16793799;0,27559054;0,58716780;3,18651581;1,00000000
0,75112676;0,16793799;0,27559054;0,58701402;3,18651581;1,00000000
0,75119343;0,16778421;0,27528298;0,58686024;3,18620801;1,00000000
0,75126010;0,16763040;0,27497539;0,58686024;3,18590045;1,00000000
0,75132678;0,16763040;0,27497539;0,58686024;3,18590045;1,00000000
0,75139345;0,16763040;0,27497539;0,58686024;3,18590045;1,00000000
0,75146012;0,16763040;0,27528298;0,58670646;3,18620801;1,00000000
0,75152679;0,16763040;0,27559054;0,58670646;3,18651581;1,00000000
0,75159346;0,16763040;0,27589813;0,58639890;3,18651581;1,00000000
0,75166014;0,16763040;0,27559054;0,58624506;3,18620801;1,00000000
0,75172681;0,16763040;0,27528298;0,58609128;3,18620801;1,00000000
0,75179348;0,16763040;0,27528298;0,58593750;3,18620801;1,00000000
0,75186015;0,16747662;0,27559054;0,58578372;3,18590045;1,00000000
0,75192682;0,16747662;0,27528298;0,58547610;3,18590045;1,00000000
0,75199350;0,16747662;0,27497539;0,58516854;3,18620801;1,00000000
0,75206017;0,16747662;0,27497539;0,58486098;3,18620801;1,00000000
0,75212684;0,16747662;0,27497539;0,58470720;3,18620801;1,00000000
0,75219351;0,16747662;0,27497539;0,58439958;3,18620801;1,00000000
0,75226018;0,16732283;0,27497539;0,58409202;3,18590045;1,00000000
0,75232686;0,16732283;0,27466780;0,58378446;3,18590045;1,00000000
0,75239353;0,16732283;0,27436024;0,58347690;3,18559289;1,00000000
0,75246020;0,16732283;0,27405265;0,58316928;3,18590045;1,00000000
0,75252687;0,16732283;0,27405265;0,58270794;3,18559289;1,00000000
0,75259354;0,16747662;0,27374509;0,58240032;3,18528533;1,00000000
0,75266022;0,16747662;0,27343750;0,58193898;3,18528533;1,00000000
0,75272689;0,16747662;0,27374509;0,58178520;3,18528533;1,00000000
0,75279356;0,16747662;0,27374509;0,58147764;3,18528533;1,00000000
0,75286023;0,16732283;0,27374509;0,58117002;3,18528533;1,00000000
0,75292690;0,16732283;0,27343750;0,58101624;3,18590045;1,00000000
0,75299358;0,16716905;0,27312991;0,58070862;3,18590045;1,00000000
0,75306025;0,16716905;0,27312991;0,58040106;3,18620801;1,00000000
0,75312692;0,16701525;0,27343750;0,58009350;3,18651581;1,00000000
0,75319359;0,16686147;0,27312991;0,57978594;3,18651581;1,00000000
0,75326026;0,16670766;0,27312991;0,57947832;3,18651581;1,00000000
0,75332694;0,16670766;0,27312991;0,57917076;3,18651581;1,00000000
0,75339361;0,16670766;0,27282235;0,57886314;3,18651581;1,00000000
0,75346028;0,16655388;0,27282235;0,57870936;3,18682337;1,00000000
0,75352695;0,16655388;0,27282235;0,57855558;3,18713093;1,00000000
0,75359362;0,16655388;0,27251476;0,57824802;3,18713093;1,00000000
0,75366030;0,16655388;0,27251476;0,57794046;3,18713093;1,00000000
0,75372697;0,16640009;0,27251476;0,57763284;3,18713093;1,00000000
0,75379364;0,16640009;0,27282235;0,57732528;3,18743849;1,00000000
0,75386031;0,16640009;0,27251476;0,57701772;3,18743849;1,00000000
0,75392698;0,16640009;0,27251476;0,57671016;3,18743849;1,00000000
0,75399366;0,16655388;0,27282235;0,57640254;3,18713093;1,00000000
0,75406033;0,16655388;0,27251476;0,57609499;3,18743849;1,00000000
0,75412700;0,16655388;0,27251476;0,57578737;3,18774605;1,00000000
0,75419367;0,16655388;0,27282235;0,57563359;3,18805361;1,00000000
0,75426034;0,16655388;0,27312991;0,57532603;3,18836117;1,00000000
0,75432702;0,16640009;0,27343750;0,57486469;3,18836117;1,00000000
0,75439369;0,16640009;0,27312991;0,57455707;3,18805361;1,00000000
0,75446036;0,16624631;0,27312991;0,57424951;3,18805361;1,00000000
0,75452703;0,16624631;0,27312991;0,57394195;3,18805361;1,00000000
0,75459370;0,16624631;0,27312991;0,57378817;3,18836117;1,00000000
0,75466038;0,16624631;0,27312991;0,57378817;3,18866873;1,00000000
0,75472705;0,16624631;0,27282235;0,57348061;3,18897629;1,00000000
0,75479372;0,16624631;0,27251476;0,57317299;3,18928385;1,00000000
0,75486039;0,16624631;0,27220720;0,57301921;3,18989897;1,00000000
0,75492706;0,16609251;0,27220720;0,57301921;3,18959141;1,00000000
0,75499374;0,16609251;0,27189961;0,57286543;3,18928385;1,00000000
0,75506041;0,16593874;0,27159202;0,57271159;3,18928385;1,00000000
0,75512708;0,16593874;0,27159202;0,57271159;3,18928385;1,00000000
0,75519375;0,16609251;0,27189961;0,57255781;3,18959141;1,00000000
0,75526042;0,16609251;0,27189961;0,57255781;3,18989897;1,00000000
0,75532710;0,16593874;0,27220720;0,57240403;3,19051409;1,00000000
0,75539377;0,16593874;0,27251476;0,57240403;3,19051409;1,00000000
0,75546044;0,16593874;0,27282235;0,57240403;3,19051409;1,00000000
0,75552711;0,16593874;0,27282235;0,57240403;3,19082165;1,00000000
0,75559378;0,16593874;0,27282235;0,57240403;3,19082165;1,00000000
0,75566046;0,16593874;0,27282235;0,57240403;3,19082165;1,00000000
0,75572713;0,16578494;0,27282235;0,57240403;3,19082165;1,00000000
0,75579380;0,16578494;0,27282235;0,57255781;3,19112968;1,00000000
0,75586047;0,16578494;0,27282235;0,57255781;3,19143724;1,00000000
0,75592714;0,16563116;0,27312991;0,57255781;3,19143724;1,00000000
0,75599382;0,16547737;0,27343750;0,57271159;3,19143724;1,00000000
0,75606049;0,16532359;0,27312991;0,57271159;3,19112968;1,00000000
0,75612716;0,16532359;0,27312991;0,57286543;3,19112968;1,00000000
0,75619383;0,16547737;0,27282235;0,57301921;3,19112968;1,00000000
0,75626050;0,16547737;0,27282235;0,57332677;3,19112968;1,00000000
0,75632718;0,16547737;0,27282235;0,57363439;3,19143724;1,00000000
0,75639385;0,16532359;0,27282235;0,57363439;3,19174480;1,00000000
0,75646052;0,16532359;0,27312991;0,57378817;3,19235992;1,00000000
0,75652719;0,16532359;0,27343750;0,57409573;3,19205236;1,00000000
0,75659386;0,16532359;0,27374509;0,57440329;3,19174480;1,00000000
0,75666054;0,16532359;0,27374509;0,57471091;3,19143724;1,00000000
0,75672721;0,16532359;0,27374509;0,57501847;3,19143724;1,00000000
0,75679388;0,16547737;0,27343750;0,57532603;3,19112968;1,00000000
0,75686055;0,16547737;0,27374509;0,57547981;3,19112968;1,00000000
0,75692722;0,16532359;0,27405265;0,57578737;3,19112968;1,00000000
0,75699390;0,16516978;0,27405265;0,57594121;3,19112968;1,00000000
0,75706057;0,16516978;0,27405265;0,57624876;3,19082165;1,00000000
0,75712724;0,16516978;0,27436024;0,57655638;3,19020653;1,00000000
0,75719391;0,16516978;0,27405265;0,57686394;3,18959141;1,00000000
0,75726058;0,16516978;0,27374509;0,57717150;3,18959141;1,00000000
0,75732726;0,16516978;0,27343750;0,57747906;3,18959141;1,00000000
0,75739393;0,16516978;0,27343750;0,57778668;3,18959141;1,00000000
0,75746060;0,16516978;0,27343750;0,57809424;3,18928385;1,00000000
0,75752727;0,16516978;0,27374509;0,57824802;3,18897629;1,00000000
0,75759394;0,16516978;0,27405265;0,57855558;3,18836117;1,00000000
0,75766062;0,16532359;0,27436024;0,57886314;3,18774605;1,00000000
0,75772729;0,16532359;0,27436024;0,57932454;3,18743849;1,00000000
0,75779396;0,16516978;0,27405265;0,57947832;3,18743849;1,00000000
0,75786063;0,16516978;0,27374509;0,57978594;3,18743849;1,00000000
0,75792730;0,16516978;0,27343750;0,58024728;3,18743849;1,00000000
0,75799398;0,16501600;0,27312991;0,58040106;3,18713093;1,00000000
0,75806065;0,16501600;0,27282235;0,58055484;3,18682337;1,00000000
0,75812732;0,16501600;0,27251476;0,58070862;3,18651581;1,00000000
0,75819399;0,16486220;0,27251476;0,58117002;3,18590045;1,00000000
0,75826066;0,16501600;0,27220720;0,58132380;3,18559289;1,00000000
0,75832734;0,16501600;0,27189961;0,58147764;3,18528533;1,00000000
0,75839401;0,16486220;0,27159202;0,58163142;3,18436265;1,00000000
0,75846068;0,16470842;0,27128446;0,58193898;3,18405509;1,00000000
0,75852735;0,16455463;0,27128446;0,58224654;3,18374753;1,00000000
0,75859402;0,16470842;0,27128446;0,58255410;3,18343997;1,00000000
0,75866070;0,16470842;0,27159202;0,58270794;3,18313241;1,00000000
0,75872737;0,16455463;0,27189961;0,58301550;3,18282485;1,00000000
0,75879404;0,16455463;0,27189961;0,58332312;3,18251729;1,00000000
0,75886071;0,16470842;0,27159202;0,58363068;3,18220973;1,00000000
0,75892738;0,16455463;0,27128446;0,58393824;3,18220973;1,00000000
0,75899406;0,16440085;0,27097687;0,58409202;3,18220973;1,00000000
0,75906073;0,16424704;0,27097687;0,58439958;3,18190217;1,00000000
0,75912740;0,16409326;0,27066928;0,58455342;3,18159461;1,00000000
0,75919407;0,16409326;0,27036172;0,58470720;3,18159461;1,00000000
0,75926074;0,16393946;0,27005413;0,58486098;3,18128681;1,00000000
0,75932742;0,16393946;0,27005413;0,58501476;3,18128681;1,00000000
0,75939409;0,16393946;0,26974654;0,58516854;3,18128681;1,00000000
0,75946076;0,16378568;0,26974654;0,58532232;3,18097925;1,00000000
0,75952743;0,16378568;0,26943898;0,58562988;3,18067169;1,00000000
0,75959410;0,16378568;0,26943898;0,58578372;3,18036413;1,00000000
0,75966078;0,16378568;0,26943898;0,58593750;3,18036413;1,00000000
0,75972745;0,16378568;0,26943898;0,58609128;3,18036413;1,00000000
0,75979412;0,16363189;0,26974654;0,58624506;3,18005657;1,00000000
0,75986079;0,16347811;0,26974654;0,58639890;3,18005657;1,00000000
0,75992746;0,16332431;0,26974654;0,58655268;3,18005657;1,00000000
0,75999414;0,16317053;0,26974654;0,58686024;3,17974901;1,00000000
0,76006081;0,16301674;0,26943898;0,58701402;3,17974901;1,00000000
0,76012748;0,16301674;0,26913139;0,58701402;3,17974901;1,00000000
0,76019415;0,16286296;0,26913139;0,58716780;3,18005657;1,00000000
0,76026082;0,16270915;0,26913139;0,58732158;3,18036413;1,00000000
0,76032750;0,16270915;0,26943898;0,58747536;3,18036413;1,00000000
0,76039417;0,16286296;0,26974654;0,58762920;3,18036413;1,00000000
0,76046084;0,16270915;0,27005413;0,58778298;3,18005657;1,00000000
0,76052751;0,16255537;0,27005413;0,58793676;3,17974901;1,00000000
0,76059418;0,16255537;0,27036172;0,58809054;3,17974901;1,00000000
0,76066086;0,16240157;0,27066928;0,58824432;3,17974901;1,00000000
0,76072753;0,16240157;0,27066928;0,58839810;3,18005657;1,00000000
0,76079420;0,16240157;0,27066928;0,58855188;3,18036413;1,00000000
0,76086087;0,16240157;0,27036172;0,58870566;3,18036413;1,00000000
0,76092754;0,16255537;0,27036172;0,58901328;3,18036413;1,00000000
0,76099422;0,16240157;0,27036172;0,58916706;3,18067169;1,00000000
0,76106089;0,16240157;0,27036172;0,58932084;3,18067169;1,00000000
0,76112756;0,16240157;0,27066928;0,58932084;3,18097925;1,00000000
0,76119423;0,16240157;0,27097687;0,58932084;3,18097925;1,00000000
0,76126090;0,16240157;0,27097687;0,58916706;3,18128681;1,00000000
0,76132758;0,16240157;0,27066928;0,58901328;3,18128681;1,00000000
0,76139425;0,16240157;0,27066928;0,58885950;3,18097925;1,00000000
0,76146092;0,16240157;0,27097687;0,58870566;3,18128681;1,00000000
0,76152759;0,16224779;0,27128446;0,58855188;3,18159461;1,00000000
0,76159426;0,16224779;0,27159202;0,58839810;3,18159461;1,00000000
0,76166094;0,16240157;0,27128446;0,58839810;3,18190217;1,00000000
0,76172761;0,16240157;0,27159202;0,58824432;3,18220973;1,00000000
0,76179428;0,16240157;0,27159202;0,58809054;3,18251729;1,00000000
0,76186095;0,16240157;0,27159202;0,58793676;3,18251729;1,00000000
0,76192762;0,16255537;0,27159202;0,58762920;3,18220973;1,00000000
0,76199430;0,16270915;0,27189961;0,58747536;3,18251729;1,00000000
0,76206097;0,16270915;0,27220720;0,58732158;3,18282485;1,00000000
0,76212764;0,16270915;0,27251476;0,58732158;3,18313241;1,00000000
0,76219431;0,16286296;0,27251476;0,58716780;3,18343997;1,00000000
0,76226098;0,16270915;0,27220720;0,58701402;3,18374753;1,00000000
0,76232766;0,16255537;0,27220720;0,58670646;3,18374753;1,00000000
0,76239433;0,16255537;0,27189961;0,58655268;3,18374753;1,00000000
0,76246100;0,16255537;0,27189961;0,58624506;3,18343997;1,00000000
0,76252767;0,16255537;0,27220720;0,58593750;3,18343997;1,00000000
0,76259434;0,16255537;0,27251476;0,58562988;3,18374753;1,00000000
0,76266102;0,16270915;0,27282235;0,58516854;3,18405509;1,00000000
0,76272769;0,16286296;0,27251476;0,58486098;3,18374753;1,00000000
0,76279436;0,16301674;0,27251476;0,58455342;3,18374753;1,00000000
0,76286103;0,16317053;0,27220720;0,58424580;3,18374753;1,00000000
0,76292770;0,16317053;0,27251476;0,58393824;3,18343997;1,00000000
0,76299438;0,16332431;0,27220720;0,58363068;3,18374753;1,00000000
0,76306105;0,16347811;0,27189961;0,58332312;3,18405509;1,00000000
0,76312772;0,16347811;0,27189961;0,58301550;3,18436265;1,00000000
0,76319439;0,16363189;0,27189961;0,58255410;3,18405509;1,00000000
0,76326106;0,16363189;0,27220720;0,58209276;3,18405509;1,00000000
0,76332774;0,16378568;0,27220720;0,58163142;3,18405509;1,00000000
0,76339441;0,16393946;0,27220720;0,58117002;3,18405509;1,00000000
0,76346108;0,16409326;0,27251476;0,58070862;3,18405509;1,00000000
0,76352775;0,16424704;0,27282235;0,58024728;3,18374753;1,00000000
0,76359442;0,16424704;0,27282235;0,57978594;3,18436265;1,00000000
0,76366110;0,16440085;0,27282235;0,57947832;3,18467021;1,00000000
0,76372777;0,16455463;0,27312991;0,57901698;3,18467021;1,00000000
0,76379444;0,16455463;0,27343750;0,57870936;3,18467021;1,00000000
0,76386111;0,16455463;0,27343750;0,57824802;3,18467021;1,00000000
0,76392778;0,16470842;0,27343750;0,57778668;3,18467021;1,00000000
0,76399446;0,16486220;0,27343750;0,57732528;3,18436265;1,00000000
0,76406113;0,16486220;0,27343750;0,57686394;3,18436265;1,00000000
0,76412780;0,16516978;0,27374509;0,57655638;3,18374753;1,00000000
0,76419447;0,16516978;0,27405265;0,57624876;3,18405509;1,00000000
0,76426114;0,16532359;0,27405265;0,57594121;3,18405509;1,00000000
0,76432782;0,16547737;0,27436024;0,57547981;3,18405509;1,00000000
0,76439449;0,16547737;0,27436024;0,57501847;3,18405509;1,00000000
0,76446116;0,16547737;0,27436024;0,57455707;3,18436265;1,00000000
0,76452783;0,16563116;0,27436024;0,57424951;3,18436265;1,00000000
0,76459450;0,16563116;0,27436024;0,57378817;3,18467021;1,00000000
0,76466118;0,16563116;0,27436024;0,57348061;3,18405509;1,00000000
0,76472785;0,16578494;0,27436024;0,57317299;3,18405509;1,00000000
0,76479452;0,16593874;0,27436024;0,57286543;3,18436265;1,00000000
0,76486119;0,16593874;0,27436024;0,57255781;3,18436265;1,00000000
0,76492786;0,16593874;0,27466780;0,57225025;3,18436265;1,00000000
0,76499454;0,16593874;0,27497539;0,57163513;3,18436265;1,00000000
0,76506121;0,16593874;0,27497539;0,57132751;3,18436265;1,00000000
0,76512788;0,16609251;0,27497539;0,57101995;3,18467021;1,00000000
0,76519455;0,16640009;0,27497539;0,57086611;3,18405509;1,00000000
0,76526122;0,16640009;0,27466780;0,57055855;3,18343997;1,00000000
0,76532790;0,16655388;0,27497539;0,57040477;3,18343997;1,00000000
0,76539457;0,16655388;0,27528298;0,57009721;3,18343997;1,00000000
0,76546124;0,16655388;0,27559054;0,56978959;3,18343997;1,00000000
0,76552791;0,16670766;0,27559054;0,56948203;3,18313241;1,00000000
0,76559458;0,16686147;0,27559054;0,56917441;3,18282485;1,00000000
0,76566126;0,16686147;0,27528298;0,56886685;3,18282485;1,00000000
0,76572793;0,16686147;0,27528298;0,56871307;3,18251729;1,00000000
0,76579460;0,16686147;0,27497539;0,56840551;3,18251729;1,00000000
0,76586127;0,16686147;0,27466780;0,56809795;3,18251729;1,00000000
0,76592794;0,16686147;0,27436024;0,56779033;3,18251729;1,00000000
0,76599462;0,16686147;0,27405265;0,56763655;3,18282485;1,00000000
0,76606129;0,16686147;0,27405265;0,56748277;3,18313241;1,00000000
0,76612796;0,16686147;0,27374509;0,56717521;3,18282485;1,00000000
0,76619463;0,16686147;0,27374509;0,56686765;3,18220973;1,00000000
0,76626130;0,16686147;0,27374509;0,56671381;3,18190217;1,00000000
0,76632798;0,16686147;0,27343750;0,56656003;3,18159461;1,00000000
0,76639465;0,16686147;0,27312991;0,56656003;3,18159461;1,00000000
0,76646132;0,16686147;0,27312991;0,56656003;3,18159461;1,00000000
0,76652799;0,16686147;0,27312991;0,56656003;3,18159461;1,00000000
0,76659466;0,16686147;0,27282235;0,56656003;3,18190217;1,00000000
0,76666134;0,16686147;0,27282235;0,56656003;3,18128681;1,00000000
0,76672801;0,16686147;0,27282235;0,56656003;3,18097925;1,00000000
0,76679468;0,16686147;0,27312991;0,56686765;3,18067169;1,00000000
0,76686135;0,16686147;0,27282235;0,56702143;3,18067169;1,00000000
0,76692802;0,16686147;0,27251476;0,56717521;3,18067169;1,00000000
0,76699470;0,16701525;0,27251476;0,56732899;3,18067169;1,00000000
0,76706137;0,16701525;0,27220720;0,56748277;3,18097925;1,00000000
0,76712804;0,16701525;0,27189961;0,56763655;3,18097925;1,00000000
0,76719471;0,16701525;0,27159202;0,56794411;3,18097925;1,00000000
0,76726138;0,16701525;0,27159202;0,56840551;3,18128681;1,00000000
0,76732806;0,16701525;0,27128446;0,56886685;3,18159461;1,00000000
0,76739473;0,16701525;0,27128446;0,56917441;3,18190217;1,00000000
0,76746140;0,16716905;0,27128446;0,56963581;3,18220973;1,00000000
0,76752807;0,16716905;0,27128446;0,56994343;3,18251729;1,00000000
0,76759474;0,16716905;0,27097687;0,57040477;3,18220973;1,00000000
0,76766142;0,16716905;0,27128446;0,57071233;3,18220973;1,00000000
0,76772809;0,16701525;0,27128446;0,57117373;3,18220973;1,00000000
0,76779476;0,16701525;0,27128446;0,57148129;3,18220973;1,00000000
0,76786143;0,16701525;0,27097687;0,57194269;3,18251729;1,00000000
0,76792810;0,16701525;0,27066928;0,57255781;3,18282485;1,00000000
0,76799478;0,16716905;0,27066928;0,57301921;3,18313241;1,00000000
0,76806145;0,16716905;0,27066928;0,57348061;3,18282485;1,00000000
0,76812812;0,16716905;0,27097687;0,57378817;3,18282485;1,00000000
0,76819479;0,16716905;0,27097687;0,57440329;3,18282485;1,00000000
0,76826146;0,16732283;0,27097687;0,57486469;3,18313241;1,00000000
0,76832814;0,16732283;0,27128446;0,57517225;3,18343997;1,00000000
0,76839481;0,16732283;0,27128446;0,57563359;3,18374753;1,00000000
0,76846148;0,16732283;0,27159202;0,57594121;3,18405509;1,00000000
0,76852815;0,16716905;0,27159202;0,57655638;3,18436265;1,00000000
0,76859482;0,16716905;0,27159202;0,57701772;3,18436265;1,00000000
0,76866150;0,16716905;0,27159202;0,57763284;3,18436265;1,00000000
0,76872817;0,16716905;0,27189961;0,57824802;3,18467021;1,00000000
0,76879484;0,16716905;0,27189961;0,57870936;3,18467021;1,00000000
0,76886151;0,16716905;0,27189961;0,57932454;3,18528533;1,00000000
0,76892818;0,16732283;0,27159202;0,57963216;3,18528533;1,00000000
0,76899486;0,16732283;0,27159202;0,58024728;3,18528533;1,00000000
0,76906153;0,16732283;0,27159202;0,58070862;3,18559289;1,00000000
0,76912820;0,16732283;0,27189961;0,58132380;3,18590045;1,00000000
0,76919487;0,16732283;0,27220720;0,58178520;3,18559289;1,00000000
0,76926154;0,16732283;0,27251476;0,58224654;3,18559289;1,00000000
0,76932822;0,16763040;0,27282235;0,58270794;3,18590045;1,00000000
0,76939489;0,16763040;0,27312991;0,58316928;3,18590045;1,00000000
0,76946156;0,16763040;0,27343750;0,58363068;3,18590045;1,00000000
0,76952823;0,16763040;0,27374509;0,58393824;3,18590045;1,00000000
0,76959490;0,16763040;0,27405265;0,58439958;3,18620801;1,00000000
0,76966158;0,16763040;0,27436024;0,58486098;3,18682337;1,00000000
0,76972825;0,16763040;0,27466780;0,58532232;3,18713093;1,00000000
0,76979492;0,16763040;0,27466780;0,58547610;3,18713093;1,00000000
0,76986159;0,16763040;0,27466780;0,58578372;3,18713093;1,00000000
0,76992826;0,16763040;0,27436024;0,58609128;3,18713093;1,00000000
0,76999494;0,16763040;0,27466780;0,58624506;3,18682337;1,00000000
0,77006161;0,16778421;0,27466780;0,58655268;3,18713093;1,00000000
0,77012828;0,16778421;0,27466780;0,58686024;3,18713093;1,00000000
0,77019495;0,16778421;0,27436024;0,58686024;3,18743849;1,00000000
0,77026162;0,16778421;0,27436024;0,58701402;3,18713093;1,00000000
0,77032830;0,16778421;0,27466780;0,58701402;3,18713093;1,00000000
0,77039497;0,16778421;0,27497539;0,58732158;3,18682337;1,00000000
0,77046164;0,16778421;0,27528298;0,58732158;3,18682337;1,00000000
0,77052831;0,16778421;0,27528298;0,58732158;3,18682337;1,00000000
0,77059498;0,16778421;0,27497539;0,58732158;3,18682337;1,00000000
0,77066166;0,16778421;0,27528298;0,58732158;3,18682337;1,00000000
0,77072833;0,16778421;0,27528298;0,58732158;3,18651581;1,00000000
0,77079500;0,16778421;0,27528298;0,58732158;3,18620801;1,00000000
0,77086167;0,16778421;0,27528298;0,58732158;3,18590045;1,00000000
0,77092834;0,16778421;0,27528298;0,58732158;3,18590045;1,00000000
0,77099502;0,16778421;0,27528298;0,58732158;3,18590045;1,00000000
0,77106169;0,16763040;0,27497539;0,58732158;3,18590045;1,00000000
0,77112836;0,16763040;0,27497539;0,58732158;3,18590045;1,00000000
0,77119503;0,16763040;0,27497539;0,58732158;3,18559289;1,00000000
0,77126170;0,16763040;0,27466780;0,58716780;3,18528533;1,00000000
0,77132838;0,16763040;0,27466780;0,58701402;3,18467021;1,00000000
0,77139505;0,16763040;0,27436024;0,58686024;3,18467021;1,00000000
0,77146172;0,16747662;0,27436024;0,58670646;3,18528533;1,00000000
0,77152839;0,16747662;0,27466780;0,58670646;3,18528533;1,00000000
0,77159506;0,16747662;0,27466780;0,58670646;3,18528533;1,00000000
0,77166174;0,16732283;0,27466780;0,58639890;3,18467021;1,00000000
0,77172841;0,16732283;0,27436024;0,58609128;3,18436265;1,00000000
0,77179508;0,16732283;0,27436024;0,58593750;3,18436265;1,00000000
0,77186175;0,16732283;0,27466780;0,58593750;3,18436265;1,00000000
0,77192842;0,16732283;0,27497539;0,58593750;3,18405509;1,00000000
0,77199510;0,16747662;0,27497539;0,58578372;3,18436265;1,00000000
0,77206177;0,16747662;0,27497539;0,58562988;3,18467021;1,00000000
0,77212844;0,16747662;0,27497539;0,58547610;3,18467021;1,00000000
0,77219511;0,16747662;0,27497539;0,58532232;3,18467021;1,00000000
0,77226178;0,16732283;0,27466780;0,58532232;3,18467021;1,00000000
0,77232846;0,16732283;0,27466780;0,58516854;3,18467021;1,00000000
0,77239513;0,16732283;0,27436024;0,58501476;3,18436265;1,00000000
0,77246180;0,16732283;0,27405265;0,58486098;3,18467021;1,00000000
0,77252847;0,16732283;0,27374509;0,58455342;3,18528533;1,00000000
0,77259514;0,16732283;0,27405265;0,58439958;3,18528533;1,00000000
0,77266182;0,16732283;0,27436024;0,58409202;3,18528533;1,00000000
0,77272849;0,16732283;0,27466780;0,58378446;3,18528533;1,00000000
0,77279516;0,16732283;0,27466780;0,58363068;3,18528533;1,00000000
0,77286183;0,16732283;0,27466780;0,58332312;3,18528533;1,00000000
0,77292850;0,16732283;0,27466780;0,58301550;3,18528533;1,00000000
0,77299518;0,16732283;0,27466780;0,58270794;3,18528533;1,00000000
0,77306185;0,16732283;0,27436024;0,58240032;3,18559289;1,00000000
0,77312852;0,16732283;0,27436024;0,58224654;3,18590045;1,00000000
0,77319519;0,16732283;0,27466780;0,58193898;3,18590045;1,00000000
0,77326186;0,16716905;0,27497539;0,58163142;3,18590045;1,00000000
0,77332854;0,16716905;0,27497539;0,58117002;3,18590045;1,00000000
0,77339521;0,16716905;0,27528298;0,58086246;3,18620801;1,00000000
0,77346188;0,16716905;0,27497539;0,58070862;3,18590045;1,00000000
0,77352855;0,16716905;0,27497539;0,58055484;3,18528533;1,00000000
0,77359522;0,16716905;0,27466780;0,58024728;3,18559289;1,00000000
0,77366190;0,16716905;0,27436024;0,57993972;3,18590045;1,00000000
0,77372857;0,16701525;0,27436024;0,57963216;3,18620801;1,00000000
0,77379524;0,16701525;0,27436024;0,57932454;3,18620801;1,00000000
0,77386191;0,16686147;0,27436024;0,57901698;3,18651581;1,00000000
0,77392858;0,16686147;0,27405265;0,57886314;3,18620801;1,00000000
0,77399526;0,16686147;0,27405265;0,57855558;3,18590045;1,00000000
0,77406193;0,16686147;0,27436024;0,57824802;3,18590045;1,00000000
0,77412860;0,16686147;0,27436024;0,57794046;3,18620801;1,00000000
0,77419527;0,16686147;0,27405265;0,57763284;3,18651581;1,00000000
0,77426194;0,16686147;0,27436024;0,57747906;3,18682337;1,00000000
0,77432862;0,16686147;0,27436024;0,57717150;3,18682337;1,00000000
0,77439529;0,16686147;0,27466780;0,57686394;3,18713093;1,00000000
0,77446196;0,16670766;0,27436024;0,57655638;3,18682337;1,00000000
0,77452863;0,16670766;0,27436024;0,57624876;3,18682337;1,00000000
0,77459530;0,16670766;0,27405265;0,57624876;3,18682337;1,00000000
0,77466198;0,16670766;0,27374509;0,57594121;3,18713093;1,00000000
0,77472865;0,16655388;0,27374509;0,57578737;3,18743849;1,00000000
0,77479532;0,16655388;0,27374509;0,57547981;3,18774605;1,00000000
0,77486199;0,16655388;0,27374509;0,57532603;3,18774605;1,00000000
0,77492866;0,16640009;0,27374509;0,57501847;3,18774605;1,00000000
0,77499534;0,16640009;0,27374509;0,57471091;3,18743849;1,00000000
0,77506201;0,16640009;0,27374509;0,57455707;3,18713093;1,00000000
0,77512868;0,16640009;0,27374509;0,57455707;3,18713093;1,00000000
0,77519535;0,16640009;0,27374509;0,57455707;3,18713093;1,00000000
0,77526202;0,16640009;0,27405265;0,57455707;3,18743849;1,00000000
0,77532870;0,16624631;0,27436024;0,57455707;3,18774605;1,00000000
0,77539537;0,16624631;0,27466780;0,57455707;3,18805361;1,00000000
0,77546204;0,16624631;0,27466780;0,57455707;3,18805361;1,00000000
0,77552871;0,16624631;0,27466780;0,57455707;3,18805361;1,00000000
0,77559538;0,16624631;0,27436024;0,57455707;3,18805361;1,00000000
0,77566206;0,16609251;0,27405265;0,57455707;3,18805361;1,00000000
0,77572873;0,16609251;0,27374509;0,57455707;3,18805361;1,00000000
0,77579540;0,16609251;0,27343750;0,57471091;3,18836117;1,00000000
0,77586207;0,16609251;0,27374509;0,57486469;3,18866873;1,00000000
0,77592874;0,16593874;0,27405265;0,57501847;3,18897629;1,00000000
0,77599542;0,16593874;0,27436024;0,57501847;3,18866873;1,00000000
0,77606209;0,16593874;0,27466780;0,57517225;3,18836117;1,00000000
0,77612876;0,16609251;0,27466780;0,57532603;3,18805361;1,00000000
0,77619543;0,16609251;0,27466780;0,57563359;3,18805361;1,00000000
0,77626210;0,16609251;0,27466780;0,57578737;3,18805361;1,00000000
0,77632878;0,16624631;0,27466780;0,57609499;3,18836117;1,00000000
0,77639545;0,16609251;0,27466780;0,57640254;3,18836117;1,00000000
0,77646212;0,16609251;0,27497539;0,57671016;3,18866873;1,00000000
0,77652879;0,16609251;0,27528298;0,57701772;3,18836117;1,00000000
0,77659546;0,16593874;0,27559054;0,57717150;3,18805361;1,00000000
0,77666214;0,16609251;0,27559054;0,57747906;3,18805361;1,00000000
0,77672881;0,16609251;0,27559054;0,57778668;3,18805361;1,00000000
0,77679548;0,16624631;0,27589813;0,57809424;3,18805361;1,00000000
0,77686215;0,16624631;0,27559054;0,57840180;3,18836117;1,00000000
0,77692882;0,16624631;0,27559054;0,57870936;3,18836117;1,00000000
0,77699550;0,16624631;0,27528298;0,57901698;3,18836117;1,00000000
0,77706217;0,16624631;0,27559054;0,57901698;3,18805361;1,00000000
0,77712884;0,16624631;0,27559054;0,57932454;3,18774605;1,00000000
0,77719551;0,16624631;0,27559054;0,57963216;3,18774605;1,00000000
0,77726218;0,16640009;0,27559054;0,57978594;3,18743849;1,00000000
0,77732886;0,16655388;0,27528298;0,58009350;3,18713093;1,00000000
0,77739553;0,16640009;0,27497539;0,58040106;3,18713093;1,00000000
0,77746220;0,16624631;0,27466780;0,58070862;3,18713093;1,00000000
0,77752887;0,16624631;0,27466780;0,58086246;3,18743849;1,00000000
0,77759554;0,16624631;0,27466780;0,58117002;3,18743849;1,00000000
0,77766222;0,16624631;0,27466780;0,58132380;3,18713093;1,00000000
0,77772889;0,16624631;0,27466780;0,58147764;3,18682337;1,00000000
0,77779556;0,16624631;0,27436024;0,58163142;3,18620801;1,00000000
0,77786223;0,16609251;0,27405265;0,58193898;3,18590045;1,00000000
0,77792890;0,16609251;0,27405265;0,58224654;3,18559289;1,00000000
0,77799558;0,16593874;0,27374509;0,58240032;3,18559289;1,00000000
0,77806225;0,16609251;0,27374509;0,58270794;3,18559289;1,00000000
0,77812892;0,16609251;0,27374509;0,58301550;3,18559289;1,00000000
0,77819559;0,16593874;0,27374509;0,58332312;3,18467021;1,00000000
0,77826226;0,16578494;0,27343750;0,58347690;3,18436265;1,00000000
0,77832894;0,16578494;0,27312991;0,58378446;3,18374753;1,00000000
0,77839561;0,16578494;0,27312991;0,58409202;3,18313241;1,00000000
0,77846228;0,16563116;0,27282235;0,58439958;3,18313241;1,00000000
0,77852895;0,16563116;0,27282235;0,58470720;3,18313241;1,00000000
0,77859562;0,16578494;0,27251476;0,58501476;3,18313241;1,00000000
0,77866230;0,16578494;0,27220720;0,58532232;3,18313241;1,00000000
0,77872897;0,16578494;0,27220720;0,58532232;3,18251729;1,00000000
0,77879564;0,16563116;0,27189961;0,58562988;3,18190217;1,00000000
0,77886231;0,16578494;0,27189961;0,58593750;3,18128681;1,00000000
0,77892898;0,16578494;0,27159202;0,58609128;3,18128681;1,00000000
0,77899566;0,16578494;0,27128446;0,58624506;3,18128681;1,00000000
0,77906233;0,16563116;0,27097687;0,58655268;3,18128681;1,00000000
0,77912900;0,16578494;0,27066928;0,58686024;3,18128681;1,00000000
0,77919567;0,16593874;0,27036172;0,58686024;3,18097925;1,00000000
0,77926234;0,16578494;0,27036172;0,58701402;3,18036413;1,00000000
0,77932902;0,16578494;0,27036172;0,58716780;3,17974901;1,00000000
0,77939569;0,16578494;0,27005413;0,58732158;3,17974901;1,00000000
0,77946236;0,16578494;0,27005413;0,58762920;3,17974901;1,00000000
0,77952903;0,16578494;0,26974654;0,58778298;3,17974901;1,00000000
0,77959570;0,16578494;0,26943898;0,58809054;3,17974901;1,00000000
0,77966238;0,16563116;0,26913139;0,58824432;3,17944145;1,00000000
0,77972905;0,16547737;0,26882383;0,58855188;3,17882633;1,00000000
0,77979572;0,16532359;0,26882383;0,58870566;3,17913389;1,00000000
0,77986239;0,16516978;0,26882383;0,58901328;3,17913389;1,00000000
0,77992906;0,16516978;0,26882383;0,58916706;3,17913389;1,00000000
0,77999574;0,16532359;0,26882383;0,58962846;3,17913389;1,00000000
0,78006241;0,16516978;0,26913139;0,58978224;3,17913389;1,00000000
0,78012908;0,16516978;0,26913139;0,58993602;3,17944145;1,00000000
0,78019575;0,16516978;0,26913139;0,59008980;3,17944145;1,00000000
0,78026242;0,16501600;0,26882383;0,59024358;3,17974901;1,00000000
0,78032910;0,16516978;0,26882383;0,59039736;3,17974901;1,00000000
0,78039577;0,16501600;0,26882383;0,59055120;3,17974901;1,00000000
0,78046244;0,16486220;0,26882383;0,59070498;3,17974901;1,00000000
0,78052911;0,16486220;0,26882383;0,59085876;3,18005657;1,00000000
0,78059578;0,16470842;0,26851624;0,59101254;3,18036413;1,00000000
0,78066246;0,16455463;0,26851624;0,59116638;3,18036413;1,00000000
0,78072913;0,16455463;0,26820865;0,59116638;3,18005657;1,00000000
0,78079580;0,16455463;0,26790109;0,59132016;3,18005657;1,00000000
0,78086247;0,16455463;0,26759350;0,59132016;3,18005657;1,00000000
0,78092914;0,16470842;0,26790109;0,59147394;3,18036413;1,00000000
0,78099582;0,16455463;0,26790109;0,59162772;3,18036413;1,00000000
0,78106249;0,16440085;0,26820865;0,59162772;3,18067169;1,00000000
0,78112916;0,16455463;0,26820865;0,59147394;3,18067169;1,00000000
0,78119583;0,16455463;0,26820865;0,59132016;3,18097925;1,00000000
0,78126250;0,16470842;0,26790109;0,59116638;3,18097925;1,00000000
0,78132918;0,16470842;0,26759350;0,59116638;3,18097925;1,00000000
0,78139585;0,16455463;0,26728594;0,59101254;3,18128681;1,00000000
0,78146252;0,16455463;0,26759350;0,59085876;3,18159461;1,00000000
0,78152919;0,16470842;0,26759350;0,59070498;3,18159461;1,00000000
0,78159586;0,16455463;0,26759350;0,59055120;3,18190217;1,00000000
0,78166254;0,16470842;0,26759350;0,59039736;3,18190217;1,00000000
0,78172921;0,16470842;0,26759350;0,59024358;3,18220973;1,00000000
0,78179588;0,16455463;0,26759350;0,59008980;3,18251729;1,00000000
0,78186255;0,16440085;0,26728594;0,58993602;3,18251729;1,00000000
0,78192922;0,16440085;0,26728594;0,58978224;3,18251729;1,00000000
0,78199590;0,16455463;0,26697835;0,58962846;3,18282485;1,00000000
0,78206257;0,16455463;0,26697835;0,58932084;3,18282485;1,00000000
0,78212924;0,16455463;0,26697835;0,58916706;3,18282485;1,00000000
0,78219591;0,16455463;0,26728594;0,58901328;3,18251729;1,00000000
0,78226258;0,16440085;0,26759350;0,58870566;3,18282485;1,00000000
0,78232926;0,16440085;0,26790109;0,58839810;3,18313241;1,00000000
0,78239593;0,16424704;0,26790109;0,58809054;3,18343997;1,00000000
0,78246260;0,16440085;0,26759350;0,58778298;3,18374753;1,00000000
0,78252927;0,16440085;0,26759350;0,58747536;3,18405509;1,00000000
0,78259594;0,16440085;0,26759350;0,58716780;3,18405509;1,00000000
0,78266262;0,16440085;0,26759350;0,58686024;3,18405509;1,00000000
0,78272929;0,16455463;0,26790109;0,58655268;3,18374753;1,00000000
0,78279596;0,16455463;0,26820865;0,58624506;3,18374753;1,00000000
0,78286263;0,16455463;0,26851624;0,58593750;3,18374753;1,00000000
0,78292930;0,16455463;0,26882383;0,58562988;3,18405509;1,00000000
0,78299598;0,16470842;0,26882383;0,58532232;3,18436265;1,00000000
0,78306265;0,16470842;0,26882383;0,58501476;3,18405509;1,00000000
0,78312932;0,16486220;0,26882383;0,58470720;3,18374753;1,00000000
0,78319599;0,16501600;0,26913139;0,58439958;3,18374753;1,00000000
0,78326266;0,16501600;0,26882383;0,58409202;3,18405509;1,00000000
0,78332934;0,16516978;0,26913139;0,58378446;3,18405509;1,00000000
0,78339601;0,16516978;0,26913139;0,58363068;3,18405509;1,00000000
0,78346268;0,16516978;0,26913139;0,58316928;3,18405509;1,00000000
0,78352935;0,16516978;0,26882383;0,58270794;3,18405509;1,00000000
0,78359602;0,16516978;0,26882383;0,58224654;3,18405509;1,00000000
0,78366270;0,16516978;0,26882383;0,58193898;3,18374753;1,00000000
0,78372937;0,16532359;0,26851624;0,58147764;3,18405509;1,00000000
0,78379604;0,16547737;0,26851624;0,58101624;3,18405509;1,00000000
0,78386271;0,16563116;0,26851624;0,58040106;3,18405509;1,00000000
0,78392938;0,16563116;0,26851624;0,57993972;3,18436265;1,00000000
0,78399606;0,16578494;0,26882383;0,57947832;3,18436265;1,00000000
0,78406273;0,16578494;0,26851624;0,57917076;3,18436265;1,00000000
0,78412940;0,16578494;0,26851624;0,57886314;3,18405509;1,00000000
0,78419607;0,16578494;0,26851624;0,57855558;3,18405509;1,00000000
0,78426274;0,16593874;0,26851624;0,57809424;3,18405509;1,00000000
0,78432942;0,16593874;0,26851624;0,57763284;3,18405509;1,00000000
0,78439609;0,16609251;0,26882383;0,57717150;3,18436265;1,00000000
0,78446276;0,16624631;0,26913139;0,57686394;3,18436265;1,00000000
0,78452943;0,16624631;0,26913139;0,57640254;3,18405509;1,00000000
0,78459610;0,16640009;0,26913139;0,57609499;3,18374753;1,00000000
0,78466278;0,16655388;0,26943898;0,57563359;3,18405509;1,00000000
0,78472945;0,16670766;0,26943898;0,57532603;3,18405509;1,00000000
0,78479612;0,16686147;0,26974654;0,57486469;3,18405509;1,00000000
0,78486279;0,16686147;0,27005413;0,57455707;3,18436265;1,00000000
0,78492946;0,16701525;0,27005413;0,57424951;3,18436265;1,00000000
0,78499614;0,16701525;0,27005413;0,57378817;3,18405509;1,00000000
0,78506281;0,16686147;0,26974654;0,57332677;3,18374753;1,00000000
0,78512948;0,16686147;0,26974654;0,57301921;3,18405509;1,00000000
0,78519615;0,16686147;0,26974654;0,57286543;3,18405509;1,00000000
0,78526282;0,16701525;0,27005413;0,57255781;3,18405509;1,00000000
0,78532950;0,16716905;0,27036172;0,57225025;3,18436265;1,00000000
0,78539617;0,16732283;0,27036172;0,57209647;3,18467021;1,00000000
0,78546284;0,16732283;0,27066928;0,57163513;3,18436265;1,00000000
0,78552951;0,16732283;0,27066928;0,57148129;3,18405509;1,00000000
0,78559618;0,16747662;0,27066928;0,57117373;3,18374753;1,00000000
0,78566286;0,16747662;0,27036172;0,57086611;3,18374753;1,00000000
0,78572953;0,16747662;0,27005413;0,57055855;3,18374753;1,00000000
0,78579620;0,16747662;0,26974654;0,57025099;3,18405509;1,00000000
0,78586287;0,16732283;0,27005413;0,57009721;3,18374753;1,00000000
0,78592954;0,16732283;0,26974654;0,56978959;3,18343997;1,00000000
0,78599622;0,16732283;0,27005413;0,56963581;3,18343997;1,00000000
0,78606289;0,16732283;0,27005413;0,56948203;3,18343997;1,00000000
0,78612956;0,16732283;0,27036172;0,56932825;3,18313241;1,00000000
0,78619623;0,16732283;0,27005413;0,56917441;3,18282485;1,00000000
0,78626290;0,16732283;0,26974654;0,56917441;3,18343997;1,00000000
0,78632958;0,16732283;0,26974654;0,56917441;3,18374753;1,00000000
0,78639625;0,16716905;0,26943898;0,56902063;3,18343997;1,00000000
0,78646292;0,16716905;0,26913139;0,56902063;3,18343997;1,00000000
0,78652959;0,16716905;0,26913139;0,56902063;3,18343997;1,00000000
0,78659626;0,16716905;0,26913139;0,56917441;3,18343997;1,00000000
0,78666294;0,16732283;0,26913139;0,56917441;3,18343997;1,00000000
0,78672961;0,16716905;0,26882383;0,56917441;3,18313241;1,00000000
0,78679628;0,16716905;0,26851624;0,56917441;3,18313241;1,00000000
0,78686295;0,16732283;0,26851624;0,56932825;3,18313241;1,00000000
0,78692962;0,16732283;0,26851624;0,56948203;3,18282485;1,00000000
0,78699630;0,16732283;0,26851624;0,56963581;3,18251729;1,00000000
0,78706297;0,16732283;0,26851624;0,56978959;3,18251729;1,00000000
0,78712964;0,16732283;0,26851624;0,56994343;3,18251729;1,00000000
0,78719631;0,16732283;0,26820865;0,57009721;3,18251729;1,00000000
0,78726298;0,16732283;0,26820865;0,57055855;3,18220973;1,00000000
0,78732966;0,16732283;0,26820865;0,57086611;3,18282485;1,00000000
0,78739633;0,16732283;0,26790109;0,57132751;3,18313241;1,00000000
0,78746300;0,16732283;0,26759350;0,57148129;3,18313241;1,00000000
0,78752967;0,16732283;0,26759350;0,57194269;3,18282485;1,00000000
0,78759634;0,16747662;0,26759350;0,57225025;3,18282485;1,00000000
0,78766302;0,16747662;0,26790109;0,57271159;3,18282485;1,00000000
0,78772969;0,16747662;0,26790109;0,57317299;3,18282485;1,00000000
0,78779636;0,16747662;0,26790109;0,57348061;3,18313241;1,00000000
0,78786303;0,16747662;0,26820865;0,57378817;3,18343997;1,00000000
0,78792970;0,16747662;0,26820865;0,57424951;3,18374753;1,00000000
0,78799638;0,16747662;0,26820865;0,57455707;3,18405509;1,00000000
0,78806305;0,16747662;0,26820865;0,57486469;3,18405509;1,00000000
0,78812972;0,16747662;0,26820865;0,57532603;3,18405509;1,00000000
0,78819639;0,16747662;0,26851624;0,57578737;3,18405509;1,00000000
0,78826306;0,16747662;0,26851624;0,57624876;3,18467021;1,00000000
0,78832974;0,16732283;0,26851624;0,57686394;3,18559289;1,00000000
0,78839641;0,16732283;0,26820865;0,57732528;3,18559289;1,00000000
0,78846308;0,16732283;0,26851624;0,57778668;3,18590045;1,00000000
0,78852975;0,16732283;0,26851624;0,57824802;3,18559289;1,00000000
0,78859642;0,16732283;0,26851624;0,57855558;3,18559289;1,00000000
0,78866310;0,16732283;0,26882383;0,57901698;3,18559289;1,00000000
0,78872977;0,16747662;0,26913139;0,57947832;3,18590045;1,00000000
0,78879644;0,16747662;0,26943898;0,58009350;3,18620801;1,00000000
0,78886311;0,16747662;0,26974654;0,58070862;3,18620801;1,00000000
0,78892978;0,16747662;0,26974654;0,58101624;3,18651581;1,00000000
0,78899646;0,16732283;0,26943898;0,58147764;3,18682337;1,00000000
0,78906313;0,16732283;0,26974654;0,58178520;3,18713093;1,00000000
0,78912980;0,16747662;0,27005413;0,58224654;3,18713093;1,00000000
0,78919647;0,16747662;0,27036172;0,58255410;3,18713093;1,00000000
0,78926314;0,16747662;0,27066928;0,58286172;3,18713093;1,00000000
0,78932982;0,16747662;0,27097687;0,58316928;3,18713093;1,00000000
0,78939649;0,16747662;0,27128446;0,58347690;3,18713093;1,00000000
0,78946316;0,16747662;0,27159202;0,58363068;3,18743849;1,00000000
0,78952983;0,16763040;0,27189961;0,58393824;3,18774605;1,00000000
0,78959650;0,16763040;0,27189961;0,58439958;3,18805361;1,00000000
0,78966318;0,16763040;0,27189961;0,58470720;3,18805361;1,00000000
0,78972985;0,16778421;0,27189961;0,58516854;3,18805361;1,00000000
0,78979652;0,16778421;0,27189961;0,58562988;3,18805361;1,00000000
0,78986319;0,16778421;0,27220720;0,58578372;3,18805361;1,00000000
0,78992986;0,16778421;0,27251476;0,58593750;3,18805361;1,00000000
0,78999654;0,16778421;0,27251476;0,58624506;3,18805361;1,00000000
0,79006321;0,16778421;0,27251476;0,58655268;3,18866873;1,00000000
0,79012988;0,16778421;0,27251476;0,58670646;3,18836117;1,00000000
0,79019655;0,16778421;0,27251476;0,58686024;3,18836117;1,00000000
0,79026322;0,16778421;0,27251476;0,58701402;3,18836117;1,00000000
0,79032990;0,16778421;0,27220720;0,58701402;3,18836117;1,00000000
0,79039657;0,16778421;0,27220720;0,58732158;3,18836117;1,00000000
0,79046324;0,16778421;0,27220720;0,58747536;3,18805361;1,00000000
0,79052991;0,16778421;0,27220720;0,58747536;3,18836117;1,00000000
0,79059658;0,16778421;0,27189961;0,58747536;3,18836117;1,00000000
0,79066326;0,16763040;0,27189961;0,58747536;3,18805361;1,00000000
0,79072993;0,16763040;0,27220720;0,58747536;3,18774605;1,00000000
0,79079660;0,16778421;0,27220720;0,58747536;3,18774605;1,00000000
0,79086327;0,16778421;0,27220720;0,58747536;3,18774605;1,00000000
0,79092994;0,16778421;0,27220720;0,58732158;3,18743849;1,00000000
0,79099662;0,16778421;0,27220720;0,58716780;3,18774605;1,00000000
0,79106329;0,16778421;0,27189961;0,58716780;3,18805361;1,00000000
0,79112996;0,16778421;0,27189961;0,58716780;3,18774605;1,00000000
0,79119663;0,16778421;0,27189961;0,58716780;3,18774605;1,00000000
0,79126330;0,16778421;0,27189961;0,58716780;3,18774605;1,00000000
0,79132998;0,16793799;0,27159202;0,58716780;3,18774605;1,00000000
0,79139665;0,16793799;0,27159202;0,58701402;3,18774605;1,00000000
0,79146332;0,16793799;0,27128446;0,58701402;3,18743849;1,00000000
0,79152999;0,16793799;0,27128446;0,58701402;3,18774605;1,00000000
0,79159666;0,16793799;0,27128446;0,58686024;3,18743849;1,00000000
0,79166334;0,16793799;0,27128446;0,58670646;3,18743849;1,00000000
0,79173001;0,16793799;0,27128446;0,58655268;3,18743849;1,00000000
0,79179668;0,16793799;0,27097687;0,58639890;3,18743849;1,00000000
0,79186335;0,16793799;0,27066928;0,58624506;3,18743849;1,00000000
0,79193002;0,16778421;0,27066928;0,58609128;3,18743849;1,00000000
0,79199670;0,16778421;0,27097687;0,58593750;3,18743849;1,00000000
0,79206337;0,16778421;0,27097687;0,58578372;3,18774605;1,00000000
0,79213004;0,16778421;0,27097687;0,58578372;3,18774605;1,00000000
0,79219671;0,16778421;0,27097687;0,58547610;3,18774605;1,00000000
0,79226338;0,16778421;0,27097687;0,58516854;3,18774605;1,00000000
0,79233006;0,16778421;0,27066928;0,58470720;3,18774605;1,00000000
0,79239673;0,16778421;0,27036172;0,58439958;3,18774605;1,00000000
0,79246340;0,16778421;0,27036172;0,58409202;3,18774605;1,00000000
0,79253007;0,16778421;0,27036172;0,58393824;3,18774605;1,00000000
0,79259674;0,16778421;0,27036172;0,58363068;3,18805361;1,00000000
0,79266342;0,16778421;0,27036172;0,58347690;3,18805361;1,00000000
0,79273009;0,16778421;0,27036172;0,58332312;3,18805361;1,00000000
0,79279676;0,16778421;0,27036172;0,58301550;3,18805361;1,00000000
0,79286343;0,16778421;0,27066928;0,58270794;3,18805361;1,00000000
0,79293010;0,16778421;0,27036172;0,58240032;3,18836117;1,00000000
0,79299678;0,16778421;0,27005413;0,58193898;3,18805361;1,00000000
0,79306345;0,16778421;0,27005413;0,58163142;3,18836117;1,00000000
0,79313012;0,16778421;0,26974654;0,58117002;3,18866873;1,00000000
0,79319679;0,16763040;0,26974654;0,58070862;3,18897629;1,00000000
0,79326346;0,16778421;0,26974654;0,58040106;3,18897629;1,00000000
0,79333014;0,16778421;0,26974654;0,58024728;3,18928385;1,00000000
0,79339681;0,16763040;0,27005413;0,57978594;3,18959141;1,00000000
0,79346348;0,16763040;0,27005413;0,57947832;3,18959141;1,00000000
0,79353015;0,16763040;0,26974654;0,57901698;3,18928385;1,00000000
0,79359682;0,16763040;0,26943898;0,57870936;3,18959141;1,00000000
0,79366350;0,16763040;0,26943898;0,57840180;3,18989897;1,00000000
0,79373017;0,16747662;0,26943898;0,57794046;3,18989897;1,00000000
0,79379684;0,16747662;0,26943898;0,57763284;3,18989897;1,00000000
0,79386351;0,16732283;0,26913139;0,57732528;3,18989897;1,00000000
0,79393018;0,16732283;0,26913139;0,57701772;3,18959141;1,00000000
0,79399686;0,16732283;0,26913139;0,57671016;3,18959141;1,00000000
0,79406353;0,16732283;0,26913139;0,57640254;3,18959141;1,00000000
0,79413020;0,16747662;0,26882383;0,57624876;3,18989897;1,00000000
0,79419687;0,16747662;0,26882383;0,57594121;3,19020653;1,00000000
0,79426354;0,16747662;0,26882383;0,57563359;3,19020653;1,00000000
0,79433022;0,16732283;0,26882383;0,57532603;3,19020653;1,00000000
0,79439689;0,16716905;0,26882383;0,57501847;3,19051409;1,00000000
0,79446356;0,16716905;0,26882383;0,57471091;3,19051409;1,00000000
0,79453023;0,16716905;0,26882383;0,57440329;3,19051409;1,00000000
0,79459690;0,16716905;0,26851624;0,57424951;3,19020653;1,00000000
0,79466358;0,16716905;0,26851624;0,57394195;3,19020653;1,00000000
0,79473025;0,16701525;0,26820865;0,57378817;3,19051409;1,00000000
0,79479692;0,16701525;0,26820865;0,57378817;3,19082165;1,00000000
0,79486359;0,16686147;0,26820865;0,57363439;3,19112968;1,00000000
0,79493026;0,16686147;0,26820865;0,57332677;3,19112968;1,00000000
0,79499694;0,16670766;0,26820865;0,57317299;3,19082165;1,00000000
0,79506361;0,16670766;0,26820865;0,57301921;3,19051409;1,00000000
0,79513028;0,16655388;0,26790109;0,57286543;3,19051409;1,00000000
0,79519695;0,16640009;0,26759350;0,57271159;3,19051409;1,00000000
0,79526362;0,16640009;0,26759350;0,57255781;3,19082165;1,00000000
0,79533030;0,16640009;0,26790109;0,57255781;3,19112968;1,00000000
0,79539697;0,16624631;0,26820865;0,57255781;3,19174480;1,00000000
0,79546364;0,16624631;0,26820865;0,57255781;3,19174480;1,00000000
0,79553031;0,16624631;0,26820865;0,57255781;3,19143724;1,00000000
0,79559698;0,16640009;0,26790109;0,57255781;3,19112968;1,00000000
0,79566366;0,16624631;0,26820865;0,57255781;3,19112968;1,00000000
0,79573033;0,16624631;0,26851624;0,57255781;3,19112968;1,00000000
0,79579700;0,16624631;0,26882383;0,57271159;3,19143724;1,00000000
0,79586367;0,16624631;0,26882383;0,57271159;3,19174480;1,00000000
0,79593034;0,16609251;0,26913139;0,57271159;3,19205236;1,00000000
0,79599702;0,16609251;0,26943898;0,57286543;3,19205236;1,00000000
0,79606369;0,16593874;0,26943898;0,57317299;3,19174480;1,00000000
0,79613036;0,16609251;0,26974654;0,57317299;3,19143724;1,00000000
0,79619703;0,16593874;0,27005413;0,57332677;3,19112968;1,00000000
0,79626370;0,16578494;0,27005413;0,57363439;3,19112968;1,00000000
0,79633038;0,16593874;0,27036172;0,57394195;3,19143724;1,00000000
0,79639705;0,16593874;0,27066928;0,57424951;3,19174480;1,00000000
0,79646372;0,16609251;0,27097687;0,57455707;3,19205236;1,00000000
0,79653039;0,16624631;0,27097687;0,57471091;3,19205236;1,00000000
0,79659706;0,16624631;0,27097687;0,57501847;3,19174480;1,00000000
0,79666374;0,16640009;0,27097687;0,57532603;3,19143724;1,00000000
0,79673041;0,16640009;0,27097687;0,57563359;3,19143724;1,00000000
0,79679708;0,16655388;0,27128446;0,57578737;3,19174480;1,00000000
0,79686375;0,16655388;0,27159202;0,57594121;3,19174480;1,00000000
0,79693042;0,16655388;0,27159202;0,57594121;3,19174480;1,00000000
0,79699710;0,16655388;0,27189961;0,57624876;3,19174480;1,00000000
0,79706377;0,16640009;0,27159202;0,57640254;3,19174480;1,00000000
0,79713044;0,16640009;0,27128446;0,57671016;3,19174480;1,00000000
0,79719711;0,16624631;0,27128446;0,57701772;3,19112968;1,00000000
0,79726378;0,16624631;0,27128446;0,57732528;3,19051409;1,00000000
0,79733046;0,16640009;0,27128446;0,57763284;3,19051409;1,00000000
0,79739713;0,16624631;0,27128446;0,57794046;3,19020653;1,00000000
0,79746380;0,16624631;0,27159202;0,57824802;3,19020653;1,00000000
0,79753047;0,16624631;0,27159202;0,57855558;3,19020653;1,00000000
0,79759714;0,16609251;0,27128446;0,57886314;3,18989897;1,00000000
0,79766382;0,16609251;0,27128446;0,57917076;3,18959141;1,00000000
0,79773049;0,16609251;0,27097687;0,57947832;3,18897629;1,00000000
0,79779716;0,16593874;0,27097687;0,57963216;3,18866873;1,00000000
0,79786383;0,16593874;0,27128446;0,57993972;3,18836117;1,00000000
0,79793050;0,16593874;0,27159202;0,58024728;3,18836117;1,00000000
0,79799718;0,16578494;0,27128446;0,58055484;3,18805361;1,00000000
0,79806385;0,16593874;0,27128446;0,58086246;3,18805361;1,00000000
0,79813052;0,16593874;0,27097687;0,58117002;3,18774605;1,00000000
0,79819719;0,16578494;0,27066928;0,58147764;3,18743849;1,00000000
0,79826386;0,16578494;0,27036172;0,58193898;3,18713093;1,00000000
0,79833054;0,16563116;0,27036172;0,58224654;3,18682337;1,00000000
0,79839721;0,16547737;0,27066928;0,58240032;3,18651581;1,00000000
0,79846388;0,16547737;0,27066928;0,58270794;3,18590045;1,00000000
0,79853055;0,16547737;0,27036172;0,58301550;3,18528533;1,00000000
0,79859722;0,16547737;0,27066928;0,58332312;3,18467021;1,00000000
0,79866390;0,16547737;0,27097687;0,58363068;3,18436265;1,00000000
0,79873057;0,16532359;0,27066928;0,58393824;3,18405509;1,00000000
0,79879724;0,16547737;0,27036172;0,58424580;3,18405509;1,00000000
0,79886391;0,16547737;0,27036172;0,58455342;3,18374753;1,00000000
0,79893058;0,16547737;0,27036172;0,58486098;3,18343997;1,00000000
0,79899726;0,16547737;0,27036172;0,58516854;3,18343997;1,00000000
0,79906393;0,16532359;0,27036172;0,58532232;3,18282485;1,00000000
0,79913060;0,16547737;0,27005413;0,58562988;3,18282485;1,00000000
0,79919727;0,16547737;0,27005413;0,58578372;3,18282485;1,00000000
0,79926394;0,16532359;0,26974654;0,58578372;3,18282485;1,00000000
0,79933062;0,16532359;0,26943898;0,58593750;3,18282485;1,00000000
0,79939729;0,16532359;0,26913139;0,58609128;3,18251729;1,00000000
0,79946396;0,16532359;0,26882383;0,58639890;3,18190217;1,00000000
0,79953063;0,16516978;0,26882383;0,58670646;3,18159461;1,00000000
0,79959730;0,16516978;0,26851624;0,58686024;3,18128681;1,00000000
0,79966398;0,16501600;0,26820865;0,58701402;3,18128681;1,00000000
0,79973065;0,16501600;0,26851624;0,58716780;3,18128681;1,00000000
0,79979732;0,16486220;0,26820865;0,58732158;3,18128681;1,00000000
0,79986399;0,16486220;0,26790109;0,58762920;3,18128681;1,00000000
0,79993066;0,16486220;0,26759350;0,58778298;3,18128681;1,00000000
0,79999734;0,16501600;0,26728594;0,58809054;3,18097925;1,00000000
0,80006401;0,16486220;0,26759350;0,58824432;3,18067169;1,00000000
0,80013068;0,16501600;0,26790109;0,58839810;3,18097925;1,00000000
0,80019735;0,16486220;0,26790109;0,58855188;3,18128681;1,00000000
0,80026402;0,16470842;0,26790109;0,58870566;3,18159461;1,00000000
0,80033070;0,16470842;0,26820865;0,58885950;3,18128681;1,00000000
0,80039737;0,16470842;0,26790109;0,58901328;3,18128681;1,00000000
0,80046404;0,16470842;0,26790109;0,58901328;3,18128681;1,00000000
0,80053071;0,16470842;0,26790109;0,58916706;3,18128681;1,00000000
0,80059738;0,16470842;0,26820865;0,58947468;3,18159461;1,00000000
0,80066406;0,16486220;0,26790109;0,58962846;3,18190217;1,00000000
0,80073073;0,16501600;0,26820865;0,58962846;3,18220973;1,00000000
0,80079740;0,16486220;0,26851624;0,58978224;3,18251729;1,00000000
0,80086407;0,16470842;0,26820865;0,58993602;3,18251729;1,00000000
0,80093074;0,16470842;0,26820865;0,59008980;3,18251729;1,00000000
0,80099742;0,16470842;0,26820865;0,59024358;3,18220973;1,00000000
0,80106409;0,16455463;0,26790109;0,59039736;3,18251729;1,00000000
0,80113076;0,16455463;0,26820865;0,59024358;3,18282485;1,00000000
0,80119743;0,16470842;0,26820865;0,59008980;3,18313241;1,00000000
0,80126410;0,16470842;0,26851624;0,58993602;3,18343997;1,00000000
0,80133078;0,16470842;0,26882383;0,58993602;3,18343997;1,00000000
0,80139745;0,16486220;0,26882383;0,58978224;3,18343997;1,00000000
0,80146412;0,16470842;0,26851624;0,58962846;3,18313241;1,00000000
0,80153079;0,16455463;0,26820865;0,58962846;3,18313241;1,00000000
0,80159746;0,16440085;0,26790109;0,58947468;3,18313241;1,00000000
0,80166414;0,16440085;0,26820865;0,58916706;3,18343997;1,00000000
0,80173081;0,16440085;0,26790109;0,58901328;3,18343997;1,00000000
0,80179748;0,16424704;0,26790109;0,58885950;3,18343997;1,00000000
0,80186415;0,16440085;0,26790109;0,58885950;3,18343997;1,00000000
0,80193082;0,16455463;0,26759350;0,58870566;3,18313241;1,00000000
0,80199750;0,16455463;0,26759350;0,58855188;3,18343997;1,00000000
0,80206417;0,16455463;0,26759350;0,58839810;3,18374753;1,00000000
0,80213084;0,16470842;0,26759350;0,58824432;3,18405509;1,00000000
0,80219751;0,16470842;0,26790109;0,58793676;3,18405509;1,00000000
0,80226418;0,16486220;0,26790109;0,58762920;3,18405509;1,00000000
0,80233086;0,16486220;0,26790109;0,58732158;3,18405509;1,00000000
0,80239753;0,16486220;0,26759350;0,58716780;3,18405509;1,00000000
0,80246420;0,16470842;0,26728594;0,58686024;3,18374753;1,00000000
0,80253087;0,16486220;0,26728594;0,58655268;3,18405509;1,00000000
0,80259754;0,16486220;0,26697835;0,58609128;3,18436265;1,00000000
0,80266422;0,16486220;0,26667076;0,58578372;3,18436265;1,00000000
0,80273089;0,16501600;0,26667076;0,58532232;3,18436265;1,00000000
0,80279756;0,16501600;0,26697835;0,58501476;3,18436265;1,00000000
0,80286423;0,16516978;0,26728594;0,58470720;3,18436265;1,00000000
0,80293090;0,16532359;0,26697835;0,58439958;3,18467021;1,00000000
0,80299758;0,16532359;0,26697835;0,58409202;3,18528533;1,00000000
0,80306425;0,16532359;0,26667076;0,58378446;3,18559289;1,00000000
0,80313092;0,16532359;0,26667076;0,58332312;3,18559289;1,00000000
0,80319759;0,16532359;0,26636320;0,58301550;3,18559289;1,00000000
0,80326426;0,16532359;0,26636320;0,58255410;3,18559289;1,00000000
0,80333094;0,16532359;0,26667076;0,58209276;3,18528533;1,00000000
0,80339761;0,16532359;0,26667076;0,58163142;3,18528533;1,00000000
0,80346428;0,16532359;0,26697835;0,58132380;3,18590045;1,00000000
0,80353095;0,16532359;0,26697835;0,58086246;3,18590045;1,00000000
0,80359762;0,16547737;0,26697835;0,58040106;3,18590045;1,00000000
0,80366430;0,16563116;0,26667076;0,57993972;3,18590045;1,00000000
0,80373097;0,16547737;0,26667076;0,57947832;3,18590045;1,00000000
0,80379764;0,16563116;0,26667076;0,57917076;3,18590045;1,00000000
0,80386431;0,16563116;0,26697835;0,57870936;3,18590045;1,00000000
0,80393098;0,16563116;0,26697835;0,57840180;3,18620801;1,00000000
0,80399766;0,16578494;0,26697835;0,57794046;3,18651581;1,00000000
0,80406433;0,16593874;0,26728594;0,57763284;3,18682337;1,00000000
0,80413100;0,16609251;0,26728594;0,57732528;3,18682337;1,00000000
0,80419767;0,16624631;0,26728594;0,57701772;3,18682337;1,00000000
0,80426434;0,16640009;0,26759350;0,57655638;3,18682337;1,00000000
0,80433102;0,16640009;0,26759350;0,57609499;3,18713093;1,00000000
0,80439769;0,16640009;0,26790109;0,57578737;3,18713093;1,00000000
0,80446436;0,16655388;0,26790109;0,57532603;3,18651581;1,00000000
0,80453103;0,16655388;0,26820865;0,57501847;3,18682337;1,00000000
0,80459770;0,16670766;0,26820865;0,57471091;3,18713093;1,00000000
0,80466438;0,16670766;0,26851624;0,57440329;3,18713093;1,00000000
0,80473105;0,16670766;0,26820865;0,57394195;3,18713093;1,00000000
0,80479772;0,16686147;0,26820865;0,57363439;3,18713093;1,00000000
0,80486439;0,16686147;0,26820865;0,57332677;3,18713093;1,00000000
0,80493106;0,16686147;0,26790109;0,57301921;3,18713093;1,00000000
0,80499774;0,16686147;0,26790109;0,57255781;3,18651581;1,00000000
0,80506441;0,16686147;0,26790109;0,57225025;3,18620801;1,00000000
0,80513108;0,16686147;0,26790109;0,57209647;3,18620801;1,00000000
0,80519775;0,16686147;0,26820865;0,57163513;3,18620801;1,00000000
0,80526442;0,16701525;0,26820865;0,57132751;3,18620801;1,00000000
0,80533110;0,16701525;0,26820865;0,57101995;3,18590045;1,00000000
0,80539777;0,16716905;0,26820865;0,57055855;3,18559289;1,00000000
0,80546444;0,16716905;0,26820865;0,57040477;3,18590045;1,00000000
0,80553111;0,16732283;0,26790109;0,57009721;3,18528533;1,00000000
0,80559778;0,16747662;0,26790109;0,56994343;3,18559289;1,00000000
0,80566446;0,16747662;0,26790109;0,56978959;3,18559289;1,00000000
0,80573113;0,16747662;0,26790109;0,56948203;3,18559289;1,00000000
0,80579780;0,16763040;0,26790109;0,56932825;3,18559289;1,00000000
0,80586447;0,16778421;0,26759350;0,56902063;3,18559289;1,00000000
0,80593114;0,16778421;0,26728594;0,56886685;3,18590045;1,00000000
0,80599782;0,16793799;0,26697835;0,56871307;3,18590045;1,00000000
0,80606449;0,16809179;0,26728594;0,56855929;3,18559289;1,00000000
0,80613116;0,16809179;0,26697835;0,56840551;3,18528533;1,00000000
0,80619783;0,16793799;0,26667076;0,56840551;3,18528533;1,00000000
0,80626450;0,16809179;0,26636320;0,56840551;3,18528533;1,00000000
0,80633118;0,16809179;0,26605561;0,56840551;3,18528533;1,00000000
0,80639785;0,16809179;0,26574802;0,56840551;3,18528533;1,00000000
0,80646452;0,16809179;0,26544046;0,56840551;3,18559289;1,00000000
0,80653119;0,16809179;0,26513287;0,56855929;3,18559289;1,00000000
0,80659786;0,16793799;0,26482528;0,56855929;3,18467021;1,00000000
0,80666454;0,16793799;0,26482528;0,56855929;3,18405509;1,00000000
0,80673121;0,16793799;0,26451772;0,56855929;3,18405509;1,00000000
0,80679788;0,16778421;0,26421013;0,56871307;3,18405509;1,00000000
0,80686455;0,16778421;0,26390257;0,56886685;3,18405509;1,00000000
0,80693122;0,16778421;0,26359499;0,56902063;3,18405509;1,00000000
0,80699790;0,16778421;0,26328740;0,56917441;3,18405509;1,00000000
0,80706457;0,16778421;0,26328740;0,56932825;3,18436265;1,00000000
0,80713124;0,16778421;0,26297984;0,56948203;3,18436265;1,00000000
0,80719791;0,16778421;0,26297984;0,56978959;3,18436265;1,00000000
0,80726458;0,16778421;0,26328740;0,56994343;3,18436265;1,00000000
0,80733126;0,16778421;0,26328740;0,57025099;3,18436265;1,00000000
0,80739793;0,16778421;0,26359499;0,57055855;3,18436265;1,00000000
0,80746460;0,16778421;0,26359499;0,57086611;3,18436265;1,00000000
0,80753127;0,16778421;0,26359499;0,57117373;3,18436265;1,00000000
0,80759794;0,16778421;0,26359499;0,57148129;3,18436265;1,00000000
0,80766462;0,16778421;0,26390257;0,57209647;3,18528533;1,00000000
0,80773129;0,16793799;0,26421013;0,57255781;3,18528533;1,00000000
0,80779796;0,16793799;0,26390257;0,57286543;3,18559289;1,00000000
0,80786463;0,16793799;0,26421013;0,57332677;3,18559289;1,00000000
0,80793130;0,16778421;0,26451772;0,57378817;3,18559289;1,00000000
0,80799798;0,16778421;0,26451772;0,57440329;3,18559289;1,00000000
0,80806465;0,16778421;0,26451772;0,57501847;3,18590045;1,00000000
0,80813132;0,16763040;0,26451772;0,57547981;3,18620801;1,00000000
0,80819799;0,16763040;0,26451772;0,57594121;3,18682337;1,00000000
0,80826466;0,16763040;0,26451772;0,57624876;3,18713093;1,00000000
0,80833134;0,16763040;0,26482528;0,57671016;3,18713093;1,00000000
0,80839801;0,16747662;0,26513287;0,57701772;3,18713093;1,00000000
0,80846468;0,16732283;0,26513287;0,57747906;3,18713093;1,00000000
0,80853135;0,16732283;0,26544046;0,57794046;3,18713093;1,00000000
0,80859802;0,16747662;0,26574802;0,57840180;3,18713093;1,00000000
0,80866470;0,16747662;0,26605561;0,57901698;3,18743849;1,00000000
0,80873137;0,16763040;0,26636320;0,57947832;3,18774605;1,00000000
0,80879804;0,16763040;0,26636320;0,58009350;3,18805361;1,00000000
0,80886471;0,16763040;0,26636320;0,58055484;3,18774605;1,00000000
0,80893138;0,16778421;0,26667076;0,58101624;3,18774605;1,00000000
0,80899806;0,16793799;0,26697835;0,58147764;3,18774605;1,00000000
0,80906473;0,16793799;0,26697835;0,58193898;3,18774605;1,00000000
0,80913140;0,16793799;0,26728594;0,58240032;3,18805361;1,00000000
0,80919807;0,16793799;0,26759350;0,58270794;3,18836117;1,00000000
0,80926474;0,16793799;0,26790109;0,58316928;3,18866873;1,00000000
0,80933142;0,16793799;0,26820865;0,58363068;3,18897629;1,00000000
0,80939809;0,16793799;0,26851624;0,58409202;3,18897629;1,00000000
0,80946476;0,16809179;0,26882383;0,58455342;3,18897629;1,00000000
0,80953143;0,16809179;0,26882383;0,58501476;3,18897629;1,00000000
0,80959810;0,16809179;0,26913139;0,58516854;3,18928385;1,00000000
0,80966478;0,16809179;0,26943898;0,58562988;3,18928385;1,00000000
0,80973145;0,16809179;0,26943898;0,58578372;3,18928385;1,00000000
0,80979812;0,16809179;0,26974654;0,58593750;3,18928385;1,00000000
0,80986479;0,16809179;0,27005413;0,58624506;3,18928385;1,00000000
0,80993146;0,16809179;0,26974654;0,58639890;3,18897629;1,00000000
0,80999814;0,16824557;0,27005413;0,58655268;3,18866873;1,00000000
0,81006481;0,16839936;0,27036172;0,58686024;3,18866873;1,00000000
0,81013148;0,16839936;0,27005413;0,58716780;3,18866873;1,00000000
0,81019815;0,16839936;0,27005413;0,58747536;3,18866873;1,00000000
0,81026482;0,16839936;0,27005413;0,58778298;3,18866873;1,00000000
0,81033150;0,16824557;0,27005413;0,58793676;3,18866873;1,00000000
0,81039817;0,16824557;0,27005413;0,58793676;3,18836117;1,00000000
0,81046484;0,16824557;0,26974654;0,58809054;3,18805361;1,00000000
0,81053151;0,16824557;0,26974654;0,58809054;3,18774605;1,00000000
0,81059818;0,16824557;0,26974654;0,58824432;3,18743849;1,00000000
0,81066486;0,16824557;0,27005413;0,58824432;3,18713093;1,00000000
0,81073153;0,16824557;0,26974654;0,58824432;3,18713093;1,00000000
0,81079820;0,16824557;0,26974654;0,58839810;3,18713093;1,00000000
0,81086487;0,16824557;0,26974654;0,58839810;3,18713093;1,00000000
0,81093154;0,16824557;0,26974654;0,58839810;3,18713093;1,00000000
0,81099822;0,16824557;0,26974654;0,58839810;3,18743849;1,00000000
0,81106489;0,16824557;0,26974654;0,58839810;3,18713093;1,00000000
0,81113156;0,16839936;0,26974654;0,58839810;3,18713093;1,00000000
0,81119823;0,16824557;0,27005413;0,58839810;3,18713093;1,00000000
0,81126490;0,16809179;0,27005413;0,58839810;3,18713093;1,00000000
0,81133158;0,16809179;0,27005413;0,58839810;3,18713093;1,00000000
0,81139825;0,16809179;0,27005413;0,58824432;3,18713093;1,00000000
0,81146492;0,16809179;0,27005413;0,58824432;3,18682337;1,00000000
0,81153159;0,16809179;0,27005413;0,58809054;3,18682337;1,00000000
0,81159826;0,16793799;0,27005413;0,58793676;3,18682337;1,00000000
0,81166494;0,16793799;0,27005413;0,58793676;3,18682337;1,00000000
0,81173161;0,16793799;0,27005413;0,58793676;3,18682337;1,00000000
0,81179828;0,16793799;0,27005413;0,58793676;3,18682337;1,00000000
0,81186495;0,16793799;0,26974654;0,58778298;3,18682337;1,00000000
0,81193162;0,16793799;0,26974654;0,58778298;3,18682337;1,00000000
0,81199830;0,16793799;0,27005413;0,58778298;3,18682337;1,00000000
0,81206497;0,16793799;0,27005413;0,58762920;3,18713093;1,00000000
0,81213164;0,16793799;0,27036172;0,58747536;3,18743849;1,00000000
0,81219831;0,16793799;0,27036172;0,58716780;3,18743849;1,00000000
0,81226498;0,16793799;0,27036172;0,58701402;3,18743849;1,00000000
0,81233166;0,16793799;0,27005413;0,58686024;3,18774605;1,00000000
0,81239833;0,16793799;0,26974654;0,58655268;3,18774605;1,00000000
0,81246500;0,16793799;0,26974654;0,58624506;3,18713093;1,00000000
0,81253167;0,16793799;0,26974654;0,58593750;3,18743849;1,00000000
0,81259834;0,16793799;0,26974654;0,58578372;3,18774605;1,00000000
0,81266502;0,16778421;0,27005413;0,58547610;3,18805361;1,00000000
0,81273169;0,16778421;0,27005413;0,58532232;3,18805361;1,00000000
0,81279836;0,16778421;0,27005413;0,58501476;3,18805361;1,00000000
0,81286503;0,16763040;0,26974654;0,58486098;3,18805361;1,00000000
0,81293170;0,16763040;0,26974654;0,58455342;3,18774605;1,00000000
0,81299838;0,16763040;0,26943898;0,58439958;3,18774605;1,00000000
0,81306505;0,16763040;0,26913139;0,58409202;3,18774605;1,00000000
0,81313172;0,16763040;0,26913139;0,58378446;3,18805361;1,00000000
0,81319839;0,16747662;0,26913139;0,58363068;3,18836117;1,00000000
0,81326506;0,16747662;0,26882383;0,58316928;3,18866873;1,00000000
0,81333174;0,16747662;0,26882383;0,58286172;3,18897629;1,00000000
0,81339841;0,16732283;0,26882383;0,58255410;3,18928385;1,00000000
0,81346508;0,16732283;0,26851624;0,58209276;3,18928385;1,00000000
0,81353175;0,16716905;0,26851624;0,58178520;3,18897629;1,00000000
0,81359842;0,16701525;0,26851624;0,58147764;3,18897629;1,00000000
0,81366510;0,16701525;0,26851624;0,58117002;3,18928385;1,00000000
0,81373177;0,16686147;0,26882383;0,58086246;3,18959141;1,00000000
0,81379844;0,16686147;0,26882383;0,58040106;3,18959141;1,00000000
0,81386511;0,16670766;0,26882383;0,58009350;3,18959141;1,00000000
0,81393178;0,16670766;0,26882383;0,57993972;3,18959141;1,00000000
0,81399846;0,16670766;0,26913139;0,57978594;3,18959141;1,00000000
0,81406513;0,16655388;0,26882383;0,57947832;3,18959141;1,00000000
0,81413180;0,16655388;0,26882383;0,57917076;3,18959141;1,00000000
0,81419847;0,16640009;0,26882383;0,57886314;3,18959141;1,00000000
0,81426514;0,16640009;0,26882383;0,57855558;3,18989897;1,00000000
0,81433182;0,16640009;0,26882383;0,57824802;3,19051409;1,00000000
0,81439849;0,16624631;0,26882383;0,57794046;3,19020653;1,00000000
0,81446516;0,16624631;0,26851624;0,57763284;3,19051409;1,00000000
0,81453183;0,16624631;0,26851624;0,57732528;3,19051409;1,00000000
0,81459850;0,16640009;0,26851624;0,57717150;3,19051409;1,00000000
0,81466518;0,16640009;0,26851624;0,57686394;3,19051409;1,00000000
0,81473185;0,16640009;0,26851624;0,57655638;3,19051409;1,00000000
0,81479852;0,16640009;0,26882383;0,57640254;3,19112968;1,00000000
0,81486519;0,16640009;0,26882383;0,57640254;3,19112968;1,00000000
0,81493186;0,16624631;0,26882383;0,57624876;3,19143724;1,00000000
0,81499854;0,16624631;0,26882383;0,57609499;3,19143724;1,00000000
0,81506521;0,16624631;0,26882383;0,57594121;3,19143724;1,00000000
0,81513188;0,16609251;0,26882383;0,57594121;3,19143724;1,00000000
0,81519855;0,16593874;0,26882383;0,57578737;3,19143724;1,00000000
0,81526522;0,16593874;0,26913139;0,57578737;3,19143724;1,00000000
0,81533190;0,16578494;0,26943898;0,57563359;3,19205236;1,00000000
0,81539857;0,16593874;0,26943898;0,57563359;3,19205236;1,00000000
0,81546524;0,16593874;0,26913139;0,57563359;3,19205236;1,00000000
0,81553191;0,16593874;0,26943898;0,57563359;3,19205236;1,00000000
0,81559858;0,16593874;0,26974654;0,57563359;3,19235992;1,00000000
0,81566526;0,16578494;0,26943898;0,57578737;3,19235992;1,00000000
0,81573193;0,16578494;0,26943898;0,57594121;3,19235992;1,00000000
0,81579860;0,16578494;0,26943898;0,57594121;3,19235992;1,00000000
0,81586527;0,16563116;0,26943898;0,57594121;3,19235992;1,00000000
0,81593194;0,16578494;0,26943898;0,57594121;3,19297504;1,00000000
0,81599862;0,16578494;0,26943898;0,57594121;3,19297504;1,00000000
0,81606529;0,16578494;0,26943898;0,57609499;3,19266748;1,00000000
0,81613196;0,16578494;0,26974654;0,57624876;3,19266748;1,00000000
0,81619863;0,16563116;0,27005413;0,57624876;3,19235992;1,00000000
0,81626530;0,16578494;0,27005413;0,57655638;3,19235992;1,00000000
0,81633198;0,16578494;0,27005413;0,57686394;3,19235992;1,00000000
0,81639865;0,16593874;0,27005413;0,57717150;3,19235992;1,00000000
0,81646532;0,16593874;0,27036172;0,57747906;3,19266748;1,00000000
0,81653199;0,16609251;0,27036172;0,57763284;3,19328260;1,00000000
0,81659866;0,16624631;0,27036172;0,57778668;3,19297504;1,00000000
0,81666534;0,16624631;0,27066928;0,57794046;3,19297504;1,00000000
0,81673201;0,16624631;0,27097687;0,57824802;3,19297504;1,00000000
0,81679868;0,16624631;0,27066928;0,57855558;3,19297504;1,00000000
0,81686535;0,16624631;0,27066928;0,57886314;3,19297504;1,00000000
0,81693202;0,16624631;0,27066928;0,57901698;3,19297504;1,00000000
0,81699870;0,16640009;0,27066928;0,57917076;3,19297504;1,00000000
0,81706537;0,16624631;0,27097687;0,57932454;3,19297504;1,00000000
0,81713204;0,16624631;0,27066928;0,57963216;3,19266748;1,00000000
0,81719871;0,16609251;0,27036172;0,57978594;3,19205236;1,00000000
0,81726538;0,16609251;0,27036172;0,58009350;3,19174480;1,00000000
0,81733206;0,16624631;0,27005413;0,58040106;3,19143724;1,00000000
0,81739873;0,16640009;0,26974654;0,58070862;3,19174480;1,00000000
0,81746540;0,16640009;0,26974654;0,58101624;3,19174480;1,00000000
0,81753207;0,16640009;0,26974654;0,58132380;3,19174480;1,00000000
0,81759874;0,16640009;0,27005413;0,58163142;3,19174480;1,00000000
0,81766542;0,16655388;0,27005413;0,58193898;3,19174480;1,00000000
0,81773209;0,16655388;0,27036172;0,58224654;3,19112968;1,00000000
0,81779876;0,16655388;0,27036172;0,58255410;3,19051409;1,00000000
0,81786543;0,16670766;0,27036172;0,58270794;3,18989897;1,00000000
0,81793210;0,16670766;0,27036172;0,58286172;3,18959141;1,00000000
0,81799878;0,16655388;0,27005413;0,58316928;3,18959141;1,00000000
0,81806545;0,16670766;0,27036172;0,58332312;3,18959141;1,00000000
0,81813212;0,16670766;0,27036172;0,58347690;3,18928385;1,00000000
0,81819879;0,16670766;0,27036172;0,58393824;3,18897629;1,00000000
0,81826546;0,16655388;0,27036172;0,58424580;3,18836117;1,00000000
0,81833214;0,16670766;0,27005413;0,58455342;3,18774605;1,00000000
0,81839881;0,16670766;0,26974654;0,58470720;3,18743849;1,00000000
0,81846548;0,16670766;0,26974654;0,58501476;3,18713093;1,00000000
0,81853215;0,16686147;0,26974654;0,58532232;3,18713093;1,00000000
0,81859882;0,16686147;0,26974654;0,58547610;3,18713093;1,00000000
0,81866550;0,16701525;0,26974654;0,58578372;3,18713093;1,00000000
0,81873217;0,16701525;0,26943898;0,58609128;3,18682337;1,00000000
0,81879884;0,16686147;0,26943898;0,58624506;3,18651581;1,00000000
0,81886551;0,16686147;0,26943898;0,58655268;3,18620801;1,00000000
0,81893218;0,16686147;0,26913139;0,58670646;3,18620801;1,00000000
0,81899886;0,16670766;0,26913139;0,58686024;3,18620801;1,00000000
0,81906553;0,16655388;0,26913139;0,58686024;3,18590045;1,00000000
0,81913220;0,16655388;0,26913139;0,58701402;3,18559289;1,00000000
0,81919887;0,16640009;0,26913139;0,58716780;3,18467021;1,00000000
0,81926554;0,16655388;0,26882383;0,58732158;3,18436265;1,00000000
0,81933222;0,16640009;0,26882383;0,58747536;3,18436265;1,00000000
0,81939889;0,16640009;0,26851624;0,58762920;3,18436265;1,00000000
0,81946556;0,16624631;0,26882383;0,58778298;3,18405509;1,00000000
0,81953223;0,16624631;0,26882383;0,58793676;3,18405509;1,00000000
0,81959890;0,16609251;0,26851624;0,58809054;3,18343997;1,00000000
0,81966558;0,16609251;0,26851624;0,58839810;3,18313241;1,00000000
0,81973225;0,16609251;0,26851624;0,58855188;3,18313241;1,00000000
0,81979892;0,16609251;0,26851624;0,58885950;3,18313241;1,00000000
0,81986559;0,16609251;0,26820865;0,58901328;3,18313241;1,00000000
0,81993226;0,16609251;0,26820865;0,58916706;3,18313241;1,00000000
0,81999894;0,16624631;0,26820865;0,58947468;3,18343997;1,00000000
0,82006561;0,16640009;0,26820865;0,58962846;3,18313241;1,00000000
0,82013228;0,16640009;0,26820865;0,58978224;3,18282485;1,00000000
0,82019895;0,16640009;0,26820865;0,58993602;3,18282485;1,00000000
0,82026562;0,16640009;0,26820865;0,59008980;3,18282485;1,00000000
0,82033230;0,16640009;0,26851624;0,59024358;3,18313241;1,00000000
0,82039897;0,16655388;0,26820865;0,59039736;3,18343997;1,00000000
0,82046564;0,16655388;0,26820865;0,59055120;3,18313241;1,00000000
0,82053231;0,16655388;0,26790109;0,59070498;3,18282485;1,00000000
0,82059898;0,16655388;0,26820865;0,59070498;3,18282485;1,00000000
0,82066566;0,16655388;0,26820865;0,59085876;3,18282485;1,00000000
0,82073233;0,16640009;0,26820865;0,59101254;3,18313241;1,00000000
0,82079900;0,16640009;0,26820865;0,59116638;3,18343997;1,00000000
0,82086567;0,16640009;0,26820865;0,59101254;3,18374753;1,00000000
0,82093234;0,16655388;0,26790109;0,59116638;3,18343997;1,00000000
0,82099902;0,16655388;0,26790109;0,59101254;3,18313241;1,00000000
0,82106569;0,16655388;0,26790109;0,59116638;3,18343997;1,00000000
0,82113236;0,16640009;0,26790109;0,59116638;3,18374753;1,00000000
0,82119903;0,16640009;0,26790109;0,59116638;3,18405509;1,00000000
0,82126570;0,16640009;0,26790109;0,59101254;3,18436265;1,00000000
0,82133238;0,16624631;0,26790109;0,59101254;3,18436265;1,00000000
0,82139905;0,16624631;0,26790109;0,59085876;3,18405509;1,00000000
0,82146572;0,16640009;0,26790109;0,59085876;3,18374753;1,00000000
0,82153239;0,16640009;0,26820865;0,59070498;3,18436265;1,00000000
0,82159906;0,16655388;0,26820865;0,59055120;3,18467021;1,00000000
0,82166574;0,16655388;0,26820865;0,59039736;3,18528533;1,00000000
0,82173241;0,16655388;0,26820865;0,59024358;3,18559289;1,00000000
0,82179908;0,16655388;0,26820865;0,59008980;3,18559289;1,00000000
0,82186575;0,16640009;0,26790109;0,58993602;3,18559289;1,00000000
0,82193242;0,16655388;0,26820865;0,58978224;3,18559289;1,00000000
0,82199910;0,16670766;0,26820865;0,58962846;3,18590045;1,00000000
0,82206577;0,16686147;0,26790109;0,58947468;3,18651581;1,00000000
0,82213244;0,16701525;0,26790109;0,58916706;3,18682337;1,00000000
0,82219911;0,16716905;0,26790109;0,58885950;3,18713093;1,00000000
0,82226578;0,16732283;0,26790109;0,58855188;3,18713093;1,00000000
0,82233246;0,16732283;0,26759350;0,58824432;3,18713093;1,00000000
0,82239913;0,16732283;0,26759350;0,58793676;3,18713093;1,00000000
0,82246580;0,16747662;0,26790109;0,58778298;3,18713093;1,00000000
0,82253247;0,16747662;0,26820865;0,58747536;3,18713093;1,00000000
0,82259914;0,16747662;0,26851624;0,58732158;3,18774605;1,00000000
0,82266582;0,16763040;0,26882383;0,58686024;3,18805361;1,00000000
0,82273249;0,16763040;0,26851624;0,58655268;3,18805361;1,00000000
0,82279916;0,16763040;0,26851624;0,58624506;3,18805361;1,00000000
0,82286583;0,16763040;0,26851624;0,58593750;3,18805361;1,00000000
0,82293250;0,16763040;0,26882383;0,58562988;3,18805361;1,00000000
0,82299918;0,16778421;0,26882383;0,58516854;3,18774605;1,00000000
0,82306585;0,16763040;0,26882383;0,58486098;3,18774605;1,00000000
0,82313252;0,16778421;0,26882383;0,58439958;3,18805361;1,00000000
0,82319919;0,16793799;0,26913139;0,58409202;3,18805361;1,00000000
0,82326586;0,16793799;0,26943898;0,58363068;3,18805361;1,00000000
0,82333254;0,16793799;0,26974654;0,58316928;3,18805361;1,00000000
0,82339921;0,16809179;0,26974654;0,58270794;3,18805361;1,00000000
0,82346588;0,16809179;0,26974654;0,58224654;3,18805361;1,00000000
0,82353255;0,16824557;0,26974654;0,58178520;3,18774605;1,00000000
0,82359922;0,16839936;0,26974654;0,58132380;3,18774605;1,00000000
0,82366590;0,16839936;0,26974654;0,58101624;3,18805361;1,00000000
0,82373257;0,16855314;0,27005413;0,58055484;3,18836117;1,00000000
0,82379924;0,16870694;0,27036172;0,58009350;3,18836117;1,00000000
0,82386591;0,16886072;0,27066928;0,57963216;3,18836117;1,00000000
0,82393258;0,16901451;0,27066928;0,57917076;3,18836117;1,00000000
0,82399926;0,16916829;0,27066928;0,57886314;3,18836117;1,00000000
0,82406593;0,16932210;0,27097687;0,57855558;3,18866873;1,00000000
0,82413260;0,16932210;0,27097687;0,57809424;3,18805361;1,00000000
0,82419927;0,16947588;0,27128446;0,57778668;3,18774605;1,00000000
0,82426594;0,16947588;0,27159202;0,57732528;3,18805361;1,00000000
0,82433262;0,16962968;0,27128446;0,57701772;3,18805361;1,00000000
0,82439929;0,16962968;0,27128446;0,57655638;3,18805361;1,00000000
0,82446596;0,16978346;0,27128446;0,57624876;3,18836117;1,00000000
0,82453263;0,16978346;0,27159202;0,57578737;3,18866873;1,00000000
0,82459930;0,16993725;0,27128446;0,57532603;3,18836117;1,00000000
0,82466598;0,17009103;0,27128446;0,57501847;3,18836117;1,00000000
0,82473265;0,17024484;0,27128446;0,57455707;3,18805361;1,00000000
0,82479932;0,17024484;0,27097687;0,57409573;3,18836117;1,00000000
0,82486599;0,17024484;0,27128446;0,57378817;3,18836117;1,00000000
0,82493266;0,17024484;0,27128446;0,57332677;3,18836117;1,00000000
0,82499934;0,17039862;0,27097687;0,57286543;3,18836117;1,00000000
0,82506601;0,17055242;0,27128446;0,57255781;3,18866873;1,00000000
0,82513268;0,17055242;0,27159202;0,57209647;3,18805361;1,00000000
0,82519935;0,17085999;0,27189961;0,57163513;3,18774605;1,00000000
0,82526602;0,17101377;0,27189961;0,57132751;3,18743849;1,00000000
0,82533270;0,17116757;0,27220720;0,57117373;3,18713093;1,00000000
0,82539937;0,17116757;0,27189961;0,57071233;3,18713093;1,00000000
0,82546604;0,17132135;0,27189961;0,57040477;3,18743849;1,00000000
0,82553271;0,17147514;0,27189961;0,57025099;3,18774605;1,00000000
0,82559938;0,17147514;0,27159202;0,56994343;3,18805361;1,00000000
0,82566606;0,17147514;0,27128446;0,56963581;3,18774605;1,00000000
0,82573273;0,17147514;0,27097687;0,56932825;3,18774605;1,00000000
0,82579940;0,17132135;0,27097687;0,56902063;3,18743849;1,00000000
0,82586607;0,17132135;0,27128446;0,56871307;3,18713093;1,00000000
0,82593274;0,17132135;0,27128446;0,56855929;3,18743849;1,00000000
0,82599942;0,17116757;0,27128446;0,56855929;3,18743849;1,00000000
0,82606609;0,17116757;0,27097687;0,56855929;3,18743849;1,00000000
0,82613276;0,17116757;0,27097687;0,56840551;3,18774605;1,00000000
0,82619943;0,17116757;0,27066928;0,56840551;3,18713093;1,00000000
0,82626610;0,17116757;0,27036172;0,56840551;3,18713093;1,00000000
0,82633278;0,17116757;0,27036172;0,56840551;3,18682337;1,00000000
0,82639945;0,17116757;0,27005413;0,56840551;3,18651581;1,00000000
0,82646612;0,17116757;0,27005413;0,56840551;3,18651581;1,00000000
0,82653279;0,17116757;0,27005413;0,56840551;3,18651581;1,00000000
0,82659946;0,17132135;0,27005413;0,56840551;3,18651581;1,00000000
0,82666614;0,17132135;0,27005413;0,56855929;3,18682337;1,00000000
0,82673281;0,17132135;0,26974654;0,56855929;3,18651581;1,00000000
0,82679948;0,17132135;0,27005413;0,56871307;3,18620801;1,00000000
0,82686615;0,17132135;0,26974654;0,56886685;3,18620801;1,00000000
0,82693282;0,17147514;0,26943898;0,56902063;3,18620801;1,00000000
0,82699950;0,17147514;0,26974654;0,56917441;3,18651581;1,00000000
0,82706617;0,17132135;0,26974654;0,56932825;3,18651581;1,00000000
0,82713284;0,17116757;0,26943898;0,56963581;3,18682337;1,00000000
0,82719951;0,17116757;0,26943898;0,56978959;3,18682337;1,00000000
0,82726618;0,17116757;0,26943898;0,57009721;3,18682337;1,00000000
0,82733286;0,17116757;0,26974654;0,57040477;3,18651581;1,00000000
0,82739953;0,17116757;0,27005413;0,57055855;3,18651581;1,00000000
0,82746620;0,17116757;0,27005413;0,57086611;3,18651581;1,00000000
0,82753287;0,17132135;0,27005413;0,57117373;3,18651581;1,00000000
0,82759954;0,17132135;0,27005413;0,57163513;3,18682337;1,00000000
0,82766622;0,17132135;0,27036172;0,57225025;3,18743849;1,00000000
0,82773289;0,17132135;0,27005413;0,57271159;3,18774605;1,00000000
0,82779956;0,17132135;0,27036172;0,57317299;3,18805361;1,00000000
0,82786623;0,17147514;0,27036172;0,57348061;3,18774605;1,00000000
0,82793290;0,17162892;0,27066928;0,57394195;3,18743849;1,00000000
0,82799958;0,17162892;0,27097687;0,57424951;3,18713093;1,00000000
0,82806625;0,17162892;0,27097687;0,57471091;3,18713093;1,00000000
0,82813292;0,17162892;0,27097687;0,57517225;3,18743849;1,00000000
0,82819959;0,17147514;0,27128446;0,57563359;3,18743849;1,00000000
0,82826626;0,17147514;0,27128446;0,57609499;3,18743849;1,00000000
0,82833294;0,17162892;0,27159202;0,57655638;3,18774605;1,00000000
0,82839961;0,17162892;0,27159202;0,57686394;3,18805361;1,00000000
0,82846628;0,17162892;0,27159202;0,57747906;3,18836117;1,00000000
0,82853295;0,17178273;0,27159202;0,57794046;3,18836117;1,00000000
0,82859962;0,17178273;0,27189961;0,57855558;3,18836117;1,00000000
0,82866630;0,17193651;0,27220720;0,57901698;3,18836117;1,00000000
0,82873297;0,17193651;0,27251476;0,57947832;3,18866873;1,00000000
0,82879964;0,17193651;0,27251476;0,57978594;3,18866873;1,00000000
0,82886631;0,17178273;0,27282235;0,58009350;3,18897629;1,00000000
0,82893298;0,17178273;0,27282235;0,58040106;3,18928385;1,00000000
0,82899966;0,17178273;0,27312991;0,58070862;3,18959141;1,00000000
0,82906633;0,17178273;0,27282235;0,58101624;3,18959141;1,00000000
0,82913300;0,17178273;0,27312991;0,58132380;3,18959141;1,00000000
0,82919967;0,17193651;0,27312991;0,58163142;3,18959141;1,00000000
0,82926634;0,17193651;0,27343750;0,58209276;3,18959141;1,00000000
0,82933302;0,17193651;0,27374509;0,58240032;3,18959141;1,00000000
0,82939969;0,17224409;0,27405265;0,58270794;3,18928385;1,00000000
0,82946636;0,17224409;0,27405265;0,58316928;3,18959141;1,00000000
0,82953303;0,17239788;0,27405265;0,58363068;3,19020653;1,00000000
0,82959970;0,17239788;0,27405265;0,58393824;3,18989897;1,00000000
0,82966638;0,17239788;0,27436024;0,58409202;3,18989897;1,00000000
0,82973305;0,17239788;0,27405265;0,58455342;3,18989897;1,00000000
0,82979972;0,17239788;0,27405265;0,58470720;3,18989897;1,00000000
0,82986639;0,17255166;0,27405265;0,58501476;3,18989897;1,00000000
0,82993306;0,17255166;0,27436024;0,58532232;3,19020653;1,00000000
0,82999974;0,17270547;0,27466780;0,58562988;3,19051409;1,00000000
0,83006641;0,17285925;0,27497539;0,58578372;3,19082165;1,00000000
0,83013308;0,17301305;0,27528298;0,58609128;3,19051409;1,00000000
0,83019975;0,17301305;0,27528298;0,58624506;3,19020653;1,00000000
0,83026642;0,17301305;0,27528298;0,58624506;3,19020653;1,00000000
0,83033310;0,17301305;0,27528298;0,58655268;3,19020653;1,00000000
0,83039977;0,17301305;0,27528298;0,58655268;3,18989897;1,00000000
0,83046644;0,17301305;0,27528298;0,58670646;3,18959141;1,00000000
0,83053311;0,17301305;0,27559054;0,58686024;3,18959141;1,00000000
0,83059978;0,17301305;0,27528298;0,58686024;3,18928385;1,00000000
0,83066646;0,17301305;0,27528298;0,58686024;3,18897629;1,00000000
0,83073313;0,17301305;0,27528298;0,58686024;3,18897629;1,00000000
0,83079980;0,17301305;0,27497539;0,58686024;3,18897629;1,00000000
0,83086647;0,17301305;0,27497539;0,58701402;3,18897629;1,00000000
0,83093314;0,17301305;0,27497539;0,58701402;3,18897629;1,00000000
0,83099982;0,17316683;0,27497539;0,58686024;3,18897629;1,00000000
0,83106649;0,17301305;0,27466780;0,58670646;3,18866873;1,00000000
0,83113316;0,17301305;0,27497539;0,58670646;3,18836117;1,00000000
0,83119983;0,17301305;0,27497539;0,58655268;3,18836117;1,00000000
0,83126650;0,17316683;0,27528298;0,58655268;3,18836117;1,00000000
0,83133318;0,17316683;0,27528298;0,58655268;3,18836117;1,00000000
0,83139985;0,17316683;0,27528298;0,58639890;3,18805361;1,00000000
0,83146652;0,17316683;0,27528298;0,58624506;3,18836117;1,00000000
0,83153319;0,17316683;0,27559054;0,58624506;3,18805361;1,00000000
0,83159986;0,17301305;0,27528298;0,58609128;3,18774605;1,00000000
0,83166654;0,17285925;0,27497539;0,58593750;3,18774605;1,00000000
0,83173321;0,17285925;0,27497539;0,58578372;3,18774605;1,00000000
0,83179988;0,17285925;0,27497539;0,58562988;3,18774605;1,00000000
0,83186655;0,17285925;0,27497539;0,58532232;3,18743849;1,00000000
0,83193322;0,17285925;0,27497539;0,58516854;3,18774605;1,00000000
0,83199990;0,17285925;0,27497539;0,58486098;3,18774605;1,00000000
0,83206657;0,17285925;0,27497539;0,58470720;3,18774605;1,00000000
0,83213324;0,17285925;0,27528298;0,58439958;3,18774605;1,00000000
0,83219991;0,17285925;0,27497539;0,58393824;3,18774605;1,00000000
0,83226658;0,17301305;0,27497539;0,58393824;3,18774605;1,00000000
0,83233326;0,17301305;0,27466780;0,58363068;3,18774605;1,00000000
0,83239993;0,17301305;0,27436024;0,58332312;3,18743849;1,00000000
0,83246660;0,17270547;0,27436024;0,58301550;3,18774605;1,00000000
0,83253327;0,17270547;0,27466780;0,58270794;3,18805361;1,00000000
0,83259994;0,17270547;0,27436024;0,58255410;3,18836117;1,00000000
0,83266662;0,17270547;0,27436024;0,58224654;3,18836117;1,00000000
0,83273329;0,17270547;0,27436024;0,58193898;3,18836117;1,00000000
0,83279996;0,17270547;0,27405265;0,58147764;3,18836117;1,00000000
0,83286663;0,17270547;0,27436024;0,58117002;3,18836117;1,00000000
0,83293330;0,17270547;0,27436024;0,58086246;3,18866873;1,00000000
0,83299998;0,17255166;0,27436024;0,58055484;3,18805361;1,00000000
0,83306665;0,17255166;0,27436024;0,58040106;3,18836117;1,00000000
0,83313332;0,17255166;0,27436024;0,58009350;3,18866873;1,00000000
0,83319999;0,17255166;0,27436024;0,57963216;3,18897629;1,00000000
0,83326666;0,17270547;0,27436024;0,57932454;3,18928385;1,00000000
0,83333334;0,17255166;0,27466780;0,57886314;3,18928385;1,00000000
0,83340001;0,17239788;0,27466780;0,57840180;3,18959141;1,00000000
0,83346668;0,17224409;0,27497539;0,57794046;3,18959141;1,00000000
0,83353335;0,17224409;0,27466780;0,57747906;3,18959141;1,00000000
0,83360002;0,17209031;0,27466780;0,57701772;3,18928385;1,00000000
0,83366670;0,17209031;0,27466780;0,57655638;3,18959141;1,00000000
0,83373337;0,17209031;0,27466780;0,57624876;3,18959141;1,00000000
0,83380004;0,17209031;0,27466780;0,57594121;3,18959141;1,00000000
0,83386671;0,17209031;0,27497539;0,57563359;3,18989897;1,00000000
0,83393338;0,17209031;0,27528298;0,57532603;3,18959141;1,00000000
0,83400006;0,17209031;0,27559054;0,57501847;3,18959141;1,00000000
0,83406673;0,17178273;0,27559054;0,57486469;3,18959141;1,00000000
0,83413340;0,17178273;0,27528298;0,57455707;3,18959141;1,00000000
0,83420007;0,17178273;0,27559054;0,57424951;3,18989897;1,00000000
0,83426674;0,17178273;0,27559054;0,57409573;3,19020653;1,00000000
0,83433342;0,17178273;0,27559054;0,57378817;3,19020653;1,00000000
0,83440009;0,17162892;0,27589813;0,57363439;3,19051409;1,00000000
0,83446676;0,17132135;0,27620572;0,57332677;3,19051409;1,00000000
0,83453343;0,17132135;0,27651328;0,57317299;3,19051409;1,00000000
0,83460010;0,17132135;0,27682087;0,57301921;3,19051409;1,00000000
0,83466678;0,17116757;0,27651328;0,57271159;3,19051409;1,00000000
0,83473345;0,17101377;0,27651328;0,57240403;3,19020653;1,00000000
0,83480012;0,17101377;0,27620572;0,57209647;3,19051409;1,00000000
0,83486679;0,17085999;0,27589813;0,57178891;3,19112968;1,00000000
0,83493346;0,17085999;0,27559054;0,57178891;3,19112968;1,00000000
0,83500014;0,17085999;0,27559054;0,57163513;3,19143724;1,00000000
0,83506681;0,17085999;0,27559054;0,57132751;3,19143724;1,00000000
0,83513348;0,17070620;0,27559054;0,57132751;3,19143724;1,00000000
0,83520015;0,17070620;0,27589813;0,57132751;3,19143724;1,00000000
0,83526682;0,17070620;0,27559054;0,57117373;3,19143724;1,00000000
0,83533350;0,17070620;0,27559054;0,57117373;3,19174480;1,00000000
0,83540017;0,17055242;0,27559054;0,57117373;3,19174480;1,00000000
0,83546684;0,17039862;0,27559054;0,57117373;3,19205236;1,00000000
0,83553351;0,17024484;0,27559054;0,57117373;3,19235992;1,00000000
0,83560018;0,17009103;0,27589813;0,57117373;3,19235992;1,00000000
0,83566686;0,17009103;0,27620572;0,57117373;3,19235992;1,00000000
0,83573353;0,16993725;0,27620572;0,57132751;3,19235992;1,00000000
0,83580020;0,16993725;0,27620572;0,57132751;3,19235992;1,00000000
0,83586687;0,16993725;0,27620572;0,57163513;3,19297504;1,00000000
0,83593354;0,17009103;0,27589813;0,57163513;3,19297504;1,00000000
0,83600022;0,16993725;0,27589813;0,57163513;3,19266748;1,00000000
0,83606689;0,16993725;0,27620572;0,57178891;3,19235992;1,00000000
0,83613356;0,16993725;0,27620572;0,57209647;3,19235992;1,00000000
0,83620023;0,16993725;0,27651328;0,57240403;3,19235992;1,00000000
0,83626690;0,16993725;0,27682087;0,57255781;3,19266748;1,00000000
0,83633358;0,16978346;0,27743602;0,57286543;3,19328260;1,00000000
0,83640025;0,16978346;0,27682087;0,57317299;3,19328260;1,00000000
0,83646692;0,16962968;0,27743602;0,57332677;3,19297504;1,00000000
0,83653359;0,16962968;0,27682087;0,57363439;3,19266748;1,00000000
0,83660026;0,16962968;0,27743602;0,57394195;3,19235992;1,00000000
0,83666694;0,16962968;0,27774361;0,57424951;3,19266748;1,00000000
0,83673361;0,16978346;0,27774361;0,57455707;3,19266748;1,00000000
0,83680028;0,16978346;0,27774361;0,57486469;3,19266748;1,00000000
0,83686695;0,16962968;0,27805117;0,57517225;3,19266748;1,00000000
0,83693362;0,16978346;0,27805117;0,57547981;3,19266748;1,00000000
0,83700030;0,16962968;0,27774361;0,57578737;3,19266748;1,00000000
0,83706697;0,16962968;0,27805117;0,57594121;3,19205236;1,00000000
0,83713364;0,16947588;0,27805117;0,57624876;3,19174480;1,00000000
0,83720031;0,16947588;0,27835876;0,57640254;3,19143724;1,00000000
0,83726698;0,16947588;0,27835876;0,57671016;3,19143724;1,00000000
0,83733366;0,16962968;0,27866635;0,57701772;3,19143724;1,00000000
0,83740033;0,16962968;0,27866635;0,57732528;3,19112968;1,00000000
0,83746700;0,16947588;0,27897391;0,57763284;3,19082165;1,00000000
0,83753367;0,16962968;0,27897391;0,57794046;3,19082165;1,00000000
0,83760034;0,16962968;0,27897391;0,57824802;3,19020653;1,00000000
0,83766702;0,16978346;0,27866635;0,57870936;3,18989897;1,00000000
0,83773369;0,16978346;0,27866635;0,57901698;3,18959141;1,00000000
0,83780036;0,16993725;0,27897391;0,57932454;3,18928385;1,00000000
0,83786703;0,16993725;0,27897391;0,57947832;3,18897629;1,00000000
0,83793370;0,16993725;0,27897391;0,57993972;3,18866873;1,00000000
0,83800038;0,16993725;0,27928150;0,58024728;3,18866873;1,00000000
0,83806705;0,16993725;0,27928150;0,58070862;3,18866873;1,00000000
0,83813372;0,16993725;0,27928150;0,58086246;3,18836117;1,00000000
0,83820039;0,16993725;0,27897391;0,58101624;3,18774605;1,00000000
0,83826706;0,16993725;0,27866635;0,58117002;3,18713093;1,00000000
0,83833374;0,16978346;0,27897391;0,58147764;3,18651581;1,00000000
0,83840041;0,16993725;0,27866635;0,58193898;3,18651581;1,00000000
0,83846708;0,16993725;0,27897391;0,58224654;3,18651581;1,00000000
0,83853375;0,16978346;0,27866635;0,58240032;3,18651581;1,00000000
0,83860042;0,16962968;0,27835876;0,58270794;3,18620801;1,00000000
0,83866710;0,16962968;0,27805117;0,58301550;3,18590045;1,00000000
0,83873377;0,16947588;0,27774361;0,58316928;3,18528533;1,00000000
0,83880044;0,16947588;0,27743602;0,58347690;3,18436265;1,00000000
0,83886711;0,16947588;0,27743602;0,58378446;3,18405509;1,00000000
0,83893378;0,16947588;0,27743602;0,58393824;3,18405509;1,00000000
0,83900046;0,16932210;0,27743602;0,58424580;3,18405509;1,00000000
0,83906713;0,16916829;0,27743602;0,58455342;3,18374753;1,00000000
0,83913380;0,16916829;0,27743602;0,58470720;3,18343997;1,00000000
0,83920047;0,16901451;0,27743602;0,58501476;3,18313241;1,00000000
0,83926714;0,16886072;0,27743602;0,58516854;3,18251729;1,00000000
0,83933382;0,16870694;0,27682087;0,58547610;3,18220973;1,00000000
0,83940049;0,16855314;0,27682087;0,58578372;3,18190217;1,00000000
0,83946716;0,16855314;0,27651328;0,58609128;3,18190217;1,00000000
0,83953383;0,16839936;0,27620572;0,58639890;3,18190217;1,00000000
0,83960050;0,16839936;0,27589813;0,58670646;3,18159461;1,00000000
0,83966718;0,16824557;0,27559054;0,58701402;3,18128681;1,00000000
0,83973385;0,16809179;0,27528298;0,58732158;3,18097925;1,00000000
0,83980052;0,16809179;0,27528298;0,58762920;3,18097925;1,00000000
0,83986719;0,16809179;0,27497539;0,58778298;3,18097925;1,00000000
0,83993386;0,16809179;0,27497539;0,58793676;3,18097925;1,00000000
0,84000054;0,16793799;0,27466780;0,58824432;3,18097925;1,00000000
0,84006721;0,16778421;0,27466780;0,58839810;3,18097925;1,00000000
0,84013388;0,16778421;0,27466780;0,58855188;3,18097925;1,00000000
0,84020055;0,16763040;0,27436024;0,58855188;3,18097925;1,00000000
0,84026722;0,16747662;0,27405265;0,58885950;3,18097925;1,00000000
0,84033390;0,16747662;0,27374509;0,58901328;3,18097925;1,00000000
0,84040057;0,16732283;0,27374509;0,58916706;3,18097925;1,00000000
0,84046724;0,16716905;0,27374509;0,58947468;3,18097925;1,00000000
0,84053391;0,16716905;0,27405265;0,58962846;3,18128681;1,00000000
0,84060058;0,16701525;0,27436024;0,58978224;3,18159461;1,00000000
0,84066726;0,16686147;0,27466780;0,58993602;3,18159461;1,00000000
0,84073393;0,16686147;0,27497539;0,58993602;3,18190217;1,00000000
0,84080060;0,16686147;0,27497539;0,59008980;3,18190217;1,00000000
0,84086727;0,16686147;0,27466780;0,59024358;3,18190217;1,00000000
0,84093394;0,16686147;0,27466780;0,59024358;3,18190217;1,00000000
0,84100062;0,16686147;0,27466780;0,59024358;3,18220973;1,00000000
0,84106729;0,16670766;0,27466780;0,59024358;3,18251729;1,00000000
0,84113396;0,16655388;0,27466780;0,59024358;3,18251729;1,00000000
0,84120063;0,16670766;0,27466780;0,59039736;3,18313241;1,00000000
0,84126730;0,16670766;0,27466780;0,59039736;3,18313241;1,00000000
0,84133398;0,16686147;0,27466780;0,59039736;3,18313241;1,00000000
0,84140065;0,16686147;0,27466780;0,59024358;3,18313241;1,00000000
0,84146732;0,16701525;0,27466780;0,59024358;3,18343997;1,00000000
0,84153399;0,16701525;0,27466780;0,59008980;3,18343997;1,00000000
0,84160066;0,16701525;0,27436024;0,58993602;3,18343997;1,00000000
0,84166734;0,16701525;0,27466780;0,58978224;3,18374753;1,00000000
0,84173401;0,16686147;0,27466780;0,58978224;3,18374753;1,00000000
0,84180068;0,16686147;0,27466780;0,58962846;3,18405509;1,00000000
0,84186735;0,16701525;0,27466780;0,58947468;3,18405509;1,00000000
0,84193402;0,16716905;0,27466780;0,58916706;3,18436265;1,00000000
0,84200070;0,16732283;0,27466780;0,58901328;3,18467021;1,00000000
0,84206737;0,16747662;0,27466780;0,58885950;3,18528533;1,00000000
0,84213404;0,16747662;0,27436024;0,58855188;3,18467021;1,00000000
0,84220071;0,16747662;0,27405265;0,58839810;3,18528533;1,00000000
0,84226738;0,16747662;0,27405265;0,58809054;3,18528533;1,00000000
0,84233406;0,16747662;0,27374509;0,58778298;3,18528533;1,00000000
0,84240073;0,16732283;0,27343750;0,58747536;3,18528533;1,00000000
0,84246740;0,16732283;0,27343750;0,58732158;3,18559289;1,00000000
0,84253407;0,16732283;0,27343750;0,58701402;3,18559289;1,00000000
0,84260074;0,16732283;0,27374509;0,58670646;3,18528533;1,00000000
0,84266742;0,16732283;0,27374509;0,58639890;3,18467021;1,00000000
0,84273409;0,16716905;0,27374509;0,58609128;3,18528533;1,00000000
0,84280076;0,16716905;0,27374509;0,58578372;3,18528533;1,00000000
0,84286743;0,16732283;0,27374509;0,58547610;3,18559289;1,00000000
0,84293410;0,16732283;0,27374509;0,58516854;3,18590045;1,00000000
0,84300078;0,16747662;0,27374509;0,58470720;3,18620801;1,00000000
0,84306745;0,16763040;0,27374509;0,58424580;3,18620801;1,00000000
0,84313412;0,16763040;0,27374509;0,58378446;3,18620801;1,00000000
0,84320079;0,16763040;0,27343750;0,58347690;3,18590045;1,00000000
0,84326746;0,16763040;0,27374509;0,58301550;3,18620801;1,00000000
0,84333414;0,16763040;0,27374509;0,58270794;3,18620801;1,00000000
0,84340081;0,16778421;0,27343750;0,58240032;3,18651581;1,00000000
0,84346748;0,16793799;0,27374509;0,58193898;3,18682337;1,00000000
0,84353415;0,16793799;0,27343750;0,58147764;3,18682337;1,00000000
0,84360082;0,16778421;0,27312991;0,58117002;3,18682337;1,00000000
0,84366750;0,16778421;0,27312991;0,58070862;3,18682337;1,00000000
0,84373417;0,16778421;0,27282235;0,58040106;3,18651581;1,00000000
0,84380084;0,16793799;0,27312991;0,58009350;3,18713093;1,00000000
0,84386751;0,16809179;0,27282235;0,57963216;3,18774605;1,00000000
0,84393418;0,16824557;0,27282235;0,57917076;3,18805361;1,00000000
0,84400086;0,16824557;0,27282235;0,57870936;3,18805361;1,00000000
0,84406753;0,16824557;0,27282235;0,57824802;3,18805361;1,00000000
0,84413420;0,16824557;0,27282235;0,57794046;3,18805361;1,00000000
0,84420087;0,16824557;0,27312991;0,57747906;3,18805361;1,00000000
0,84426754;0,16824557;0,27343750;0,57717150;3,18805361;1,00000000
0,84433422;0,16824557;0,27374509;0,57671016;3,18836117;1,00000000
0,84440089;0,16824557;0,27343750;0,57624876;3,18836117;1,00000000
0,84446756;0,16839936;0,27312991;0,57594121;3,18836117;1,00000000
0,84453423;0,16855314;0,27343750;0,57563359;3,18836117;1,00000000
0,84460090;0,16839936;0,27374509;0,57532603;3,18836117;1,00000000
0,84466758;0,16839936;0,27374509;0,57486469;3,18836117;1,00000000
0,84473425;0,16855314;0,27374509;0,57440329;3,18836117;1,00000000
0,84480092;0,16855314;0,27374509;0,57394195;3,18866873;1,00000000
0,84486759;0,16855314;0,27374509;0,57348061;3,18805361;1,00000000
0,84493426;0,16839936;0,27374509;0,57317299;3,18836117;1,00000000
0,84500094;0,16824557;0,27343750;0,57286543;3,18866873;1,00000000
0,84506761;0,16839936;0,27343750;0,57271159;3,18897629;1,00000000
0,84513428;0,16839936;0,27374509;0,57225025;3,18897629;1,00000000
0,84520095;0,16855314;0,27405265;0,57163513;3,18928385;1,00000000
0,84526762;0,16855314;0,27405265;0,57117373;3,18928385;1,00000000
0,84533430;0,16855314;0,27374509;0,57071233;3,18959141;1,00000000
0,84540097;0,16855314;0,27343750;0,57040477;3,18897629;1,00000000
0,84546764;0,16855314;0,27343750;0,57025099;3,18866873;1,00000000
0,84553431;0,16855314;0,27343750;0,56994343;3,18836117;1,00000000
0,84560098;0,16839936;0,27343750;0,56963581;3,18836117;1,00000000
0,84566766;0,16839936;0,27343750;0,56932825;3,18836117;1,00000000
0,84573433;0,16839936;0,27343750;0,56917441;3,18836117;1,00000000
0,84580100;0,16839936;0,27343750;0,56902063;3,18836117;1,00000000
0,84586767;0,16839936;0,27312991;0,56886685;3,18866873;1,00000000
0,84593434;0,16870694;0,27312991;0,56871307;3,18836117;1,00000000
0,84600102;0,16870694;0,27312991;0,56855929;3,18805361;1,00000000
0,84606769;0,16870694;0,27282235;0,56840551;3,18774605;1,00000000
0,84613436;0,16870694;0,27282235;0,56825173;3,18774605;1,00000000
0,84620103;0,16870694;0,27282235;0,56809795;3,18774605;1,00000000
0,84626770;0,16855314;0,27251476;0,56794411;3,18805361;1,00000000
0,84633438;0,16855314;0,27220720;0,56794411;3,18836117;1,00000000
0,84640105;0,16855314;0,27189961;0,56779033;3,18866873;1,00000000
0,84646772;0,16839936;0,27159202;0,56779033;3,18836117;1,00000000
0,84653439;0,16839936;0,27189961;0,56779033;3,18805361;1,00000000
0,84660106;0,16824557;0,27159202;0,56779033;3,18774605;1,00000000
0,84666774;0,16824557;0,27189961;0,56794411;3,18805361;1,00000000
0,84673441;0,16824557;0,27189961;0,56809795;3,18805361;1,00000000
0,84680108;0,16824557;0,27220720;0,56809795;3,18805361;1,00000000
0,84686775;0,16824557;0,27220720;0,56825173;3,18805361;1,00000000
0,84693442;0,16809179;0,27220720;0,56840551;3,18836117;1,00000000
0,84700110;0,16809179;0,27189961;0,56840551;3,18805361;1,00000000
0,84706777;0,16793799;0,27159202;0,56855929;3,18805361;1,00000000
0,84713444;0,16778421;0,27128446;0,56886685;3,18774605;1,00000000
0,84720111;0,16763040;0,27097687;0,56917441;3,18805361;1,00000000
0,84726778;0,16763040;0,27097687;0,56932825;3,18836117;1,00000000
0,84733446;0,16763040;0,27097687;0,56978959;3,18836117;1,00000000
0,84740113;0,16763040;0,27128446;0,56994343;3,18836117;1,00000000
0,84746780;0,16763040;0,27159202;0,57025099;3,18836117;1,00000000
0,84753447;0,16763040;0,27159202;0,57055855;3,18866873;1,00000000
0,84760114;0,16763040;0,27159202;0,57086611;3,18836117;1,00000000
0,84766782;0,16763040;0,27189961;0,57117373;3,18866873;1,00000000
0,84773449;0,16763040;0,27220720;0,57163513;3,18897629;1,00000000
0,84780116;0,16763040;0,27220720;0,57209647;3,18897629;1,00000000
0,84786783;0,16778421;0,27220720;0,57240403;3,18897629;1,00000000
0,84793450;0,16778421;0,27251476;0,57286543;3,18897629;1,00000000
0,84800118;0,16778421;0,27220720;0,57317299;3,18897629;1,00000000
0,84806785;0,16763040;0,27220720;0,57378817;3,18928385;1,00000000
0,84813452;0,16778421;0,27220720;0,57440329;3,18959141;1,00000000
0,84820119;0,16778421;0,27220720;0,57486469;3,18989897;1,00000000
0,84826786;0,16778421;0,27220720;0,57532603;3,18989897;1,00000000
0,84833454;0,16763040;0,27189961;0,57563359;3,18989897;1,00000000
0,84840121;0,16763040;0,27189961;0,57609499;3,18989897;1,00000000
0,84846788;0,16763040;0,27189961;0,57671016;3,19020653;1,00000000
0,84853455;0,16763040;0,27220720;0,57732528;3,19051409;1,00000000
0,84860122;0,16747662;0,27220720;0,57763284;3,19112968;1,00000000
0,84866790;0,16763040;0,27251476;0,57809424;3,19143724;1,00000000
0,84873457;0,16747662;0,27251476;0,57855558;3,19143724;1,00000000
0,84880124;0,16747662;0,27282235;0,57917076;3,19143724;1,00000000
0,84886791;0,16747662;0,27282235;0,57978594;3,19143724;1,00000000
0,84893458;0,16747662;0,27251476;0,58040106;3,19143724;1,00000000
0,84900126;0,16747662;0,27282235;0,58086246;3,19143724;1,00000000
0,84906793;0,16747662;0,27282235;0,58132380;3,19174480;1,00000000
0,84913460;0,16732283;0,27282235;0,58178520;3,19205236;1,00000000
0,84920127;0,16732283;0,27282235;0,58224654;3,19235992;1,00000000
0,84926794;0,16732283;0,27312991;0,58270794;3,19235992;1,00000000
0,84933462;0,16732283;0,27343750;0,58301550;3,19235992;1,00000000
0,84940129;0,16732283;0,27374509;0,58347690;3,19235992;1,00000000
0,84946796;0,16747662;0,27405265;0,58409202;3,19235992;1,00000000
0,84953463;0,16763040;0,27436024;0,58439958;3,19235992;1,00000000
0,84960130;0,16763040;0,27436024;0,58486098;3,19235992;1,00000000
0,84966798;0,16763040;0,27466780;0,58516854;3,19266748;1,00000000
0,84973465;0,16763040;0,27466780;0,58547610;3,19297504;1,00000000
0,84980132;0,16763040;0,27466780;0,58578372;3,19297504;1,00000000
0,84986799;0,16763040;0,27497539;0,58624506;3,19297504;1,00000000
0,84993466;0,16763040;0,27466780;0,58670646;3,19297504;1,00000000
0,85000134;0,16763040;0,27497539;0,58701402;3,19266748;1,00000000
0,85006801;0,16763040;0,27497539;0,58732158;3,19297504;1,00000000
0,85013468;0,16763040;0,27497539;0,58747536;3,19297504;1,00000000
0,85020135;0,16763040;0,27528298;0,58762920;3,19297504;1,00000000
0,85026802;0,16763040;0,27497539;0,58778298;3,19266748;1,00000000
0,85033470;0,16747662;0,27497539;0,58809054;3,19235992;1,00000000
0,85040137;0,16747662;0,27466780;0,58839810;3,19205236;1,00000000
0,85046804;0,16763040;0,27466780;0,58855188;3,19174480;1,00000000
0,85053471;0,16763040;0,27436024;0,58885950;3,19174480;1,00000000
0,85060138;0,16763040;0,27436024;0,58901328;3,19174480;1,00000000
0,85066806;0,16763040;0,27436024;0,58916706;3,19174480;1,00000000
0,85073473;0,16747662;0,27436024;0,58932084;3,19174480;1,00000000
0,85080140;0,16747662;0,27405265;0,58962846;3,19174480;1,00000000
0,85086807;0,16747662;0,27374509;0,58962846;3,19143724;1,00000000
0,85093474;0,16747662;0,27343750;0,58962846;3,19112968;1,00000000
0,85100142;0,16747662;0,27312991;0,58962846;3,19143724;1,00000000
0,85106809;0,16747662;0,27282235;0,58962846;3,19143724;1,00000000
0,85113476;0,16747662;0,27312991;0,58962846;3,19143724;1,00000000
0,85120143;0,16747662;0,27343750;0,58962846;3,19143724;1,00000000
0,85126810;0,16747662;0,27343750;0,58962846;3,19143724;1,00000000
0,85133478;0,16747662;0,27343750;0,58962846;3,19112968;1,00000000
0,85140145;0,16747662;0,27312991;0,58932084;3,19082165;1,00000000
0,85146812;0,16747662;0,27282235;0,58916706;3,19051409;1,00000000
0,85153479;0,16763040;0,27251476;0,58901328;3,19051409;1,00000000
0,85160146;0,16747662;0,27220720;0,58885950;3,19051409;1,00000000
0,85166814;0,16747662;0,27189961;0,58855188;3,19051409;1,00000000
0,85173481;0,16763040;0,27189961;0,58839810;3,19051409;1,00000000
0,85180148;0,16763040;0,27189961;0,58824432;3,19082165;1,00000000
0,85186815;0,16747662;0,27189961;0,58824432;3,19082165;1,00000000
0,85193482;0,16747662;0,27220720;0,58824432;3,19051409;1,00000000
0,85200150;0,16716905;0,27251476;0,58793676;3,19082165;1,00000000
0,85206817;0,16701525;0,27251476;0,58778298;3,19082165;1,00000000
0,85213484;0,16701525;0,27282235;0,58762920;3,19082165;1,00000000
0,85220151;0,16701525;0,27251476;0,58747536;3,19082165;1,00000000
0,85226818;0,16701525;0,27220720;0,58716780;3,19051409;1,00000000
0,85233486;0,16701525;0,27220720;0,58686024;3,19020653;1,00000000
0,85240153;0,16686147;0,27220720;0,58655268;3,19020653;1,00000000
0,85246820;0,16686147;0,27251476;0,58639890;3,19051409;1,00000000
0,85253487;0,16686147;0,27251476;0,58624506;3,19051409;1,00000000
0,85260154;0,16686147;0,27251476;0,58609128;3,19051409;1,00000000
0,85266822;0,16686147;0,27220720;0,58578372;3,19051409;1,00000000
0,85273489;0,16686147;0,27220720;0,58547610;3,19051409;1,00000000
0,85280156;0,16686147;0,27220720;0,58501476;3,19051409;1,00000000
0,85286823;0,16670766;0,27251476;0,58486098;3,19051409;1,00000000
0,85293490;0,16670766;0,27251476;0,58470720;3,19020653;1,00000000
0,85300158;0,16655388;0,27251476;0,58439958;3,19051409;1,00000000
0,85306825;0,16655388;0,27282235;0,58409202;3,19082165;1,00000000
0,85313492;0,16655388;0,27251476;0,58393824;3,19143724;1,00000000
0,85320159;0,16655388;0,27282235;0,58347690;3,19112968;1,00000000
0,85326826;0,16655388;0,27251476;0,58316928;3,19112968;1,00000000
0,85333494;0,16655388;0,27220720;0,58286172;3,19112968;1,00000000
0,85340161;0,16655388;0,27220720;0,58240032;3,19082165;1,00000000
0,85346828;0,16655388;0,27220720;0,58209276;3,19082165;1,00000000
0,85353495;0,16655388;0,27189961;0,58193898;3,19112968;1,00000000
0,85360162;0,16655388;0,27220720;0,58147764;3,19143724;1,00000000
0,85366830;0,16655388;0,27189961;0,58117002;3,19174480;1,00000000
0,85373497;0,16655388;0,27159202;0,58086246;3,19143724;1,00000000
0,85380164;0,16640009;0,27189961;0,58055484;3,19143724;1,00000000
0,85386831;0,16640009;0,27189961;0,58024728;3,19143724;1,00000000
0,85393498;0,16640009;0,27159202;0,57978594;3,19143724;1,00000000
0,85400166;0,16624631;0,27159202;0,57947832;3,19143724;1,00000000
0,85406833;0,16624631;0,27189961;0,57901698;3,19143724;1,00000000
0,85413500;0,16609251;0,27159202;0,57886314;3,19143724;1,00000000
0,85420167;0,16593874;0,27159202;0,57855558;3,19174480;1,00000000
0,85426834;0,16593874;0,27128446;0,57855558;3,19205236;1,00000000
0,85433502;0,16593874;0,27159202;0,57840180;3,19205236;1,00000000
0,85440169;0,16578494;0,27128446;0,57809424;3,19205236;1,00000000
0,85446836;0,16578494;0,27097687;0,57778668;3,19205236;1,00000000
0,85453503;0,16578494;0,27066928;0,57763284;3,19205236;1,00000000
0,85460170;0,16563116;0,27036172;0,57732528;3,19205236;1,00000000
0,85466838;0,16563116;0,27036172;0,57717150;3,19235992;1,00000000
0,85473505;0,16547737;0,27036172;0,57701772;3,19235992;1,00000000
0,85480172;0,16547737;0,27005413;0,57671016;3,19266748;1,00000000
0,85486839;0,16532359;0,26974654;0,57640254;3,19266748;1,00000000
0,85493506;0,16532359;0,26943898;0,57640254;3,19266748;1,00000000
0,85500174;0,16532359;0,26974654;0,57624876;3,19266748;1,00000000
0,85506841;0,16501600;0,26974654;0,57594121;3,19266748;1,00000000
0,85513508;0,16486220;0,26943898;0,57578737;3,19297504;1,00000000
0,85520175;0,16486220;0,26943898;0,57563359;3,19266748;1,00000000
0,85526842;0,16470842;0,26943898;0,57547981;3,19297504;1,00000000
0,85533510;0,16455463;0,26974654;0,57547981;3,19328260;1,00000000
0,85540177;0,16455463;0,26943898;0,57547981;3,19359016;1,00000000
0,85546844;0,16440085;0,26943898;0,57532603;3,19359016;1,00000000
0,85553511;0,16455463;0,26913139;0,57532603;3,19359016;1,00000000
0,85560178;0,16455463;0,26913139;0,57532603;3,19389772;1,00000000
0,85566846;0,16470842;0,26943898;0,57532603;3,19359016;1,00000000
0,85573513;0,16455463;0,26943898;0,57532603;3,19359016;1,00000000
0,85580180;0,16455463;0,26974654;0,57547981;3,19389772;1,00000000
0,85586847;0,16440085;0,27005413;0,57563359;3,19420528;1,00000000
0,85593514;0,16440085;0,27005413;0,57563359;3,19451284;1,00000000
0,85600182;0,16440085;0,27036172;0,57563359;3,19451284;1,00000000
0,85606849;0,16440085;0,27005413;0,57563359;3,19451284;1,00000000
0,85613516;0,16440085;0,27005413;0,57563359;3,19420528;1,00000000
0,85620183;0,16424704;0,27036172;0,57594121;3,19389772;1,00000000
0,85626850;0,16424704;0,27066928;0,57594121;3,19389772;1,00000000
0,85633518;0,16424704;0,27066928;0,57624876;3,19389772;1,00000000
0,85640185;0,16424704;0,27066928;0,57624876;3,19420528;1,00000000
0,85646852;0,16424704;0,27066928;0,57640254;3,19451284;1,00000000
0,85653519;0,16440085;0,27066928;0,57640254;3,19451284;1,00000000
0,85660186;0,16440085;0,27097687;0,57640254;3,19451284;1,00000000
0,85666854;0,16440085;0,27097687;0,57640254;3,19451284;1,00000000
0,85673521;0,16455463;0,27097687;0,57655638;3,19420528;1,00000000
0,85680188;0,16470842;0,27128446;0,57686394;3,19389772;1,00000000
0,85686855;0,16470842;0,27159202;0,57686394;3,19389772;1,00000000
0,85693522;0,16470842;0,27159202;0,57717150;3,19389772;1,00000000
0,85700190;0,16455463;0,27128446;0,57732528;3,19389772;1,00000000
0,85706857;0,16455463;0,27128446;0,57747906;3,19389772;1,00000000
0,85713524;0,16455463;0,27159202;0,57763284;3,19389772;1,00000000
0,85720191;0,16455463;0,27159202;0,57778668;3,19359016;1,00000000
0,85726858;0,16455463;0,27159202;0,57824802;3,19266748;1,00000000
0,85733526;0,16470842;0,27159202;0,57840180;3,19235992;1,00000000
0,85740193;0,16470842;0,27189961;0,57855558;3,19205236;1,00000000
0,85746860;0,16470842;0,27189961;0,57886314;3,19205236;1,00000000
0,85753527;0,16486220;0,27189961;0,57917076;3,19205236;1,00000000
0,85760194;0,16486220;0,27159202;0,57947832;3,19174480;1,00000000
0,85766862;0,16486220;0,27128446;0,57978594;3,19143724;1,00000000
0,85773529;0,16501600;0,27097687;0,57993972;3,19112968;1,00000000
0,85780196;0,16501600;0,27097687;0,58024728;3,19082165;1,00000000
0,85786863;0,16501600;0,27066928;0,58055484;3,19051409;1,00000000
0,85793530;0,16486220;0,27097687;0,58086246;3,19020653;1,00000000
0,85800198;0,16486220;0,27097687;0,58117002;3,18989897;1,00000000
0,85806865;0,16470842;0,27097687;0,58147764;3,18928385;1,00000000
0,85813532;0,16470842;0,27097687;0,58163142;3,18866873;1,00000000
0,85820199;0,16470842;0,27097687;0,58193898;3,18836117;1,00000000
0,85826866;0,16455463;0,27097687;0,58224654;3,18805361;1,00000000
0,85833534;0,16455463;0,27097687;0,58240032;3,18805361;1,00000000
0,85840201;0,16440085;0,27097687;0,58255410;3,18805361;1,00000000
0,85846868;0,16440085;0,27097687;0,58286172;3,18774605;1,00000000
0,85853535;0,16424704;0,27066928;0,58316928;3,18713093;1,00000000
0,85860202;0,16424704;0,27036172;0,58347690;3,18651581;1,00000000
0,85866870;0,16424704;0,27036172;0,58378446;3,18590045;1,00000000
0,85873537;0,16409326;0,27005413;0,58409202;3,18590045;1,00000000
0,85880204;0,16424704;0,27005413;0,58424580;3,18590045;1,00000000
0,85886871;0,16409326;0,26974654;0,58455342;3,18559289;1,00000000
0,85893538;0,16393946;0,27005413;0,58486098;3,18559289;1,00000000
0,85900206;0,16378568;0,26974654;0,58516854;3,18467021;1,00000000
0,85906873;0,16363189;0,26943898;0,58532232;3,18405509;1,00000000
0,85913540;0,16363189;0,26943898;0,58562988;3,18343997;1,00000000
0,85920207;0,16363189;0,26943898;0,58593750;3,18343997;1,00000000
0,85926874;0,16363189;0,26943898;0,58624506;3,18313241;1,00000000
0,85933542;0,16347811;0,26913139;0,58639890;3,18313241;1,00000000
0,85940209;0,16332431;0,26913139;0,58655268;3,18313241;1,00000000
0,85946876;0,16347811;0,26913139;0,58686024;3,18313241;1,00000000
0,85953543;0,16347811;0,26913139;0,58716780;3,18282485;1,00000000
0,85960210;0,16332431;0,26882383;0,58732158;3,18220973;1,00000000
0,85966878;0,16347811;0,26851624;0,58747536;3,18190217;1,00000000
0,85973545;0,16347811;0,26851624;0,58778298;3,18190217;1,00000000
0,85980212;0,16347811;0,26851624;0,58793676;3,18190217;1,00000000
0,85986879;0,16347811;0,26851624;0,58824432;3,18190217;1,00000000
0,85993546;0,16332431;0,26820865;0,58839810;3,18159461;1,00000000
0,86000214;0,16347811;0,26820865;0,58855188;3,18159461;1,00000000
0,86006881;0,16332431;0,26820865;0,58870566;3,18128681;1,00000000
0,86013548;0,16317053;0,26790109;0,58885950;3,18128681;1,00000000
0,86020215;0,16317053;0,26790109;0,58901328;3,18128681;1,00000000
0,86026882;0,16317053;0,26820865;0,58916706;3,18128681;1,00000000
0,86033550;0,16317053;0,26790109;0,58932084;3,18128681;1,00000000
0,86040217;0,16317053;0,26790109;0,58932084;3,18128681;1,00000000
0,86046884;0,16301674;0,26790109;0,58932084;3,18128681;1,00000000
0,86053551;0,16286296;0,26759350;0,58947468;3,18128681;1,00000000
0,86060218;0,16286296;0,26759350;0,58962846;3,18128681;1,00000000
0,86066886;0,16301674;0,26790109;0,58962846;3,18128681;1,00000000
0,86073553;0,16286296;0,26790109;0,58962846;3,18159461;1,00000000
0,86080220;0,16286296;0,26790109;0,58947468;3,18159461;1,00000000
0,86086887;0,16286296;0,26759350;0,58947468;3,18159461;1,00000000
0,86093554;0,16286296;0,26790109;0,58962846;3,18159461;1,00000000
0,86100222;0,16270915;0,26790109;0,58978224;3,18159461;1,00000000
0,86106889;0,16270915;0,26790109;0,59008980;3,18159461;1,00000000
0,86113556;0,16270915;0,26759350;0,59024358;3,18159461;1,00000000
0,86120223;0,16286296;0,26759350;0,59024358;3,18159461;1,00000000
0,86126890;0,16286296;0,26759350;0,59024358;3,18190217;1,00000000
0,86133558;0,16286296;0,26728594;0,59008980;3,18220973;1,00000000
0,86140225;0,16286296;0,26697835;0,59008980;3,18220973;1,00000000
0,86146892;0,16286296;0,26697835;0,58978224;3,18282485;1,00000000
0,86153559;0,16286296;0,26697835;0,58962846;3,18282485;1,00000000
0,86160226;0,16286296;0,26697835;0,58947468;3,18282485;1,00000000
0,86166894;0,16301674;0,26667076;0,58932084;3,18282485;1,00000000
0,86173561;0,16317053;0,26697835;0,58916706;3,18282485;1,00000000
0,86180228;0,16317053;0,26697835;0,58901328;3,18251729;1,00000000
0,86186895;0,16332431;0,26728594;0,58885950;3,18251729;1,00000000
0,86193562;0,16347811;0,26728594;0,58870566;3,18313241;1,00000000
0,86200230;0,16363189;0,26728594;0,58855188;3,18282485;1,00000000
0,86206897;0,16363189;0,26728594;0,58839810;3,18282485;1,00000000
0,86213564;0,16363189;0,26728594;0,58824432;3,18282485;1,00000000
0,86220231;0,16378568;0,26697835;0,58809054;3,18282485;1,00000000
0,86226898;0,16378568;0,26697835;0,58793676;3,18251729;1,00000000
0,86233566;0,16393946;0,26697835;0,58778298;3,18251729;1,00000000
0,86240233;0,16409326;0,26697835;0,58778298;3,18220973;1,00000000
0,86246900;0,16424704;0,26728594;0,58747536;3,18282485;1,00000000
0,86253567;0,16440085;0,26728594;0,58701402;3,18313241;1,00000000
0,86260234;0,16455463;0,26759350;0,58670646;3,18313241;1,00000000
0,86266902;0,16455463;0,26759350;0,58639890;3,18313241;1,00000000
0,86273569;0,16455463;0,26728594;0,58609128;3,18313241;1,00000000
0,86280236;0,16470842;0,26728594;0,58593750;3,18313241;1,00000000
0,86286903;0,16486220;0,26697835;0,58547610;3,18282485;1,00000000
0,86293570;0,16501600;0,26697835;0,58516854;3,18282485;1,00000000
0,86300238;0,16501600;0,26667076;0,58486098;3,18282485;1,00000000
0,86306905;0,16501600;0,26667076;0,58455342;3,18251729;1,00000000
0,86313572;0,16516978;0,26667076;0,58424580;3,18251729;1,00000000
0,86320239;0,16516978;0,26697835;0,58393824;3,18251729;1,00000000
0,86326906;0,16516978;0,26667076;0,58363068;3,18251729;1,00000000
0,86333574;0,16516978;0,26697835;0,58332312;3,18220973;1,00000000
0,86340241;0,16516978;0,26728594;0,58286172;3,18220973;1,00000000
0,86346908;0,16516978;0,26728594;0,58255410;3,18220973;1,00000000
0,86353575;0,16516978;0,26759350;0,58224654;3,18251729;1,00000000
0,86360242;0,16516978;0,26728594;0,58178520;3,18251729;1,00000000
0,86366910;0,16516978;0,26728594;0,58147764;3,18251729;1,00000000
0,86373577;0,16532359;0,26728594;0,58117002;3,18251729;1,00000000
0,86380244;0,16532359;0,26697835;0,58070862;3,18251729;1,00000000
0,86386911;0,16547737;0,26667076;0,58040106;3,18282485;1,00000000
0,86393578;0,16563116;0,26667076;0,58009350;3,18313241;1,00000000
0,86400246;0,16563116;0,26667076;0,57978594;3,18282485;1,00000000
0,86406913;0,16563116;0,26697835;0,57947832;3,18282485;1,00000000
0,86413580;0,16563116;0,26728594;0,57901698;3,18282485;1,00000000
0,86420247;0,16563116;0,26728594;0,57855558;3,18282485;1,00000000
0,86426914;0,16563116;0,26728594;0,57809424;3,18282485;1,00000000
0,86433582;0,16578494;0,26728594;0,57778668;3,18313241;1,00000000
0,86440249;0,16593874;0,26697835;0,57732528;3,18343997;1,00000000
0,86446916;0,16593874;0,26697835;0,57717150;3,18343997;1,00000000
0,86453583;0,16609251;0,26697835;0,57686394;3,18343997;1,00000000
0,86460250;0,16624631;0,26667076;0,57640254;3,18313241;1,00000000
0,86466918;0,16640009;0,26667076;0,57609499;3,18343997;1,00000000
0,86473585;0,16640009;0,26636320;0,57578737;3,18343997;1,00000000
0,86480252;0,16655388;0,26636320;0,57532603;3,18343997;1,00000000
0,86486919;0,16655388;0,26636320;0,57501847;3,18343997;1,00000000
0,86493586;0,16640009;0,26636320;0,57471091;3,18313241;1,00000000
0,86500254;0,16655388;0,26605561;0,57424951;3,18282485;1,00000000
0,86506921;0,16655388;0,26636320;0,57394195;3,18282485;1,00000000
0,86513588;0,16670766;0,26605561;0,57363439;3,18251729;1,00000000
0,86520255;0,16670766;0,26605561;0,57317299;3,18251729;1,00000000
0,86526922;0,16686147;0,26574802;0,57286543;3,18251729;1,00000000
0,86533590;0,16701525;0,26574802;0,57271159;3,18251729;1,00000000
0,86540257;0,16716905;0,26574802;0,57240403;3,18251729;1,00000000
0,86546924;0,16732283;0,26605561;0,57194269;3,18220973;1,00000000
0,86553591;0,16732283;0,26636320;0,57163513;3,18190217;1,00000000
0,86560258;0,16732283;0,26636320;0,57132751;3,18159461;1,00000000
0,86566926;0,16747662;0,26636320;0,57117373;3,18128681;1,00000000
0,86573593;0,16747662;0,26605561;0,57101995;3,18128681;1,00000000
0,86580260;0,16763040;0,26605561;0,57071233;3,18128681;1,00000000
0,86586927;0,16778421;0,26605561;0,57040477;3,18128681;1,00000000
0,86593594;0,16778421;0,26605561;0,57009721;3,18159461;1,00000000
0,86600262;0,16793799;0,26636320;0,56978959;3,18190217;1,00000000
0,86606929;0,16793799;0,26636320;0,56948203;3,18159461;1,00000000
0,86613596;0,16793799;0,26636320;0,56932825;3,18128681;1,00000000
0,86620263;0,16809179;0,26605561;0,56917441;3,18097925;1,00000000
0,86626930;0,16809179;0,26574802;0,56917441;3,18067169;1,00000000
0,86633598;0,16809179;0,26544046;0,56917441;3,18067169;1,00000000
0,86640265;0,16809179;0,26544046;0,56917441;3,18067169;1,00000000
0,86646932;0,16809179;0,26544046;0,56917441;3,18097925;1,00000000
0,86653599;0,16793799;0,26544046;0,56902063;3,18067169;1,00000000
0,86660266;0,16793799;0,26544046;0,56917441;3,18036413;1,00000000
0,86666934;0,16793799;0,26513287;0,56932825;3,18036413;1,00000000
0,86673601;0,16809179;0,26482528;0,56932825;3,18005657;1,00000000
0,86680268;0,16809179;0,26451772;0,56948203;3,17974901;1,00000000
0,86686935;0,16809179;0,26482528;0,56948203;3,17974901;1,00000000
0,86693602;0,16824557;0,26451772;0,56948203;3,17974901;1,00000000
0,86700270;0,16824557;0,26451772;0,56948203;3,17974901;1,00000000
0,86706937;0,16824557;0,26451772;0,56963581;3,17974901;1,00000000
0,86713604;0,16824557;0,26482528;0,56978959;3,17974901;1,00000000
0,86720271;0,16824557;0,26513287;0,56994343;3,17974901;1,00000000
0,86726938;0,16824557;0,26513287;0,57009721;3,17974901;1,00000000
0,86733606;0,16824557;0,26513287;0,57040477;3,18005657;1,00000000
0,86740273;0,16824557;0,26482528;0,57071233;3,18036413;1,00000000
0,86746940;0,16824557;0,26482528;0,57086611;3,18067169;1,00000000
0,86753607;0,16824557;0,26482528;0,57117373;3,18067169;1,00000000
0,86760274;0,16824557;0,26513287;0,57132751;3,18097925;1,00000000
0,86766942;0,16824557;0,26544046;0,57178891;3,18128681;1,00000000
0,86773609;0,16824557;0,26544046;0,57209647;3,18097925;1,00000000
0,86780276;0,16824557;0,26544046;0,57271159;3,18097925;1,00000000
0,86786943;0,16824557;0,26544046;0,57301921;3,18097925;1,00000000
0,86793610;0,16824557;0,26544046;0,57332677;3,18128681;1,00000000
0,86800278;0,16824557;0,26574802;0,57378817;3,18128681;1,00000000
0,86806945;0,16824557;0,26574802;0,57409573;3,18128681;1,00000000
0,86813612;0,16824557;0,26605561;0,57455707;3,18159461;1,00000000
0,86820279;0,16824557;0,26574802;0,57501847;3,18190217;1,00000000
0,86826946;0,16809179;0,26544046;0,57547981;3,18159461;1,00000000
0,86833614;0,16809179;0,26544046;0,57594121;3,18159461;1,00000000
0,86840281;0,16809179;0,26544046;0,57640254;3,18190217;1,00000000
0,86846948;0,16809179;0,26544046;0,57701772;3,18220973;1,00000000
0,86853615;0,16809179;0,26574802;0,57747906;3,18251729;1,00000000
0,86860282;0,16809179;0,26574802;0,57809424;3,18282485;1,00000000
0,86866950;0,16809179;0,26605561;0,57855558;3,18313241;1,00000000
0,86873617;0,16809179;0,26605561;0,57917076;3,18343997;1,00000000
0,86880284;0,16809179;0,26605561;0,57963216;3,18374753;1,00000000
0,86886951;0,16809179;0,26605561;0,58024728;3,18343997;1,00000000
0,86893618;0,16809179;0,26636320;0,58055484;3,18343997;1,00000000
0,86900286;0,16809179;0,26605561;0,58086246;3,18343997;1,00000000
0,86906953;0,16824557;0,26605561;0,58147764;3,18343997;1,00000000
0,86913620;0,16839936;0,26605561;0,58193898;3,18343997;1,00000000
0,86920287;0,16839936;0,26605561;0,58240032;3,18374753;1,00000000
0,86926954;0,16839936;0,26636320;0,58270794;3,18405509;1,00000000
0,86933622;0,16839936;0,26667076;0,58301550;3,18436265;1,00000000
0,86940289;0,16855314;0,26697835;0,58347690;3,18467021;1,00000000
0,86946956;0,16870694;0,26728594;0,58393824;3,18467021;1,00000000
0,86953623;0,16870694;0,26697835;0,58409202;3,18467021;1,00000000
0,86960290;0,16870694;0,26728594;0,58439958;3,18467021;1,00000000
0,86966958;0,16870694;0,26728594;0,58470720;3,18467021;1,00000000
0,86973625;0,16870694;0,26759350;0,58516854;3,18467021;1,00000000
0,86980292;0,16886072;0,26759350;0,58547610;3,18528533;1,00000000
0,86986959;0,16886072;0,26790109;0,58578372;3,18559289;1,00000000
0,86993626;0,16886072;0,26790109;0,58609128;3,18528533;1,00000000
0,87000294;0,16886072;0,26820865;0,58624506;3,18528533;1,00000000
0,87006961;0,16886072;0,26820865;0,58655268;3,18528533;1,00000000
0,87013628;0,16886072;0,26820865;0,58686024;3,18528533;1,00000000
0,87020295;0,16886072;0,26820865;0,58701402;3,18467021;1,00000000
0,87026962;0,16886072;0,26790109;0,58732158;3,18528533;1,00000000
0,87033630;0,16901451;0,26790109;0,58747536;3,18528533;1,00000000
0,87040297;0,16901451;0,26790109;0,58762920;3,18528533;1,00000000
0,87046964;0,16886072;0,26790109;0,58793676;3,18528533;1,00000000
0,87053631;0,16886072;0,26820865;0,58793676;3,18467021;1,00000000
0,87060298;0,16886072;0,26820865;0,58793676;3,18436265;1,00000000
0,87066966;0,16886072;0,26790109;0,58809054;3,18436265;1,00000000
0,87073633;0,16886072;0,26790109;0,58809054;3,18436265;1,00000000
0,87080300;0,16886072;0,26790109;0,58809054;3,18467021;1,00000000
0,87086967;0,16886072;0,26759350;0,58809054;3,18467021;1,00000000
0,87093634;0,16886072;0,26759350;0,58809054;3,18436265;1,00000000
0,87100302;0,16886072;0,26759350;0,58824432;3,18405509;1,00000000
0,87106969;0,16886072;0,26759350;0,58824432;3,18405509;1,00000000
0,87113636;0,16886072;0,26759350;0,58839810;3,18374753;1,00000000
0,87120303;0,16886072;0,26759350;0,58839810;3,18405509;1,00000000
0,87126970;0,16901451;0,26759350;0,58824432;3,18405509;1,00000000
0,87133638;0,16901451;0,26759350;0,58809054;3,18405509;1,00000000
0,87140305;0,16901451;0,26759350;0,58793676;3,18374753;1,00000000
0,87146972;0,16901451;0,26759350;0,58778298;3,18343997;1,00000000
0,87153639;0,16901451;0,26759350;0,58778298;3,18343997;1,00000000
0,87160306;0,16901451;0,26759350;0,58762920;3,18343997;1,00000000
0,87166974;0,16901451;0,26759350;0,58762920;3,18343997;1,00000000
0,87173641;0,16901451;0,26759350;0,58747536;3,18374753;1,00000000
0,87180308;0,16901451;0,26759350;0,58716780;3,18405509;1,00000000
0,87186975;0,16886072;0,26759350;0,58701402;3,18405509;1,00000000
0,87193642;0,16886072;0,26759350;0,58701402;3,18374753;1,00000000
0,87200310;0,16886072;0,26790109;0,58686024;3,18343997;1,00000000
0,87206977;0,16870694;0,26790109;0,58670646;3,18343997;1,00000000
0,87213644;0,16886072;0,26759350;0,58670646;3,18343997;1,00000000
0,87220311;0,16886072;0,26759350;0,58639890;3,18313241;1,00000000
0,87226978;0,16870694;0,26759350;0,58624506;3,18343997;1,00000000
0,87233646;0,16886072;0,26759350;0,58609128;3,18343997;1,00000000
0,87240313;0,16886072;0,26728594;0,58578372;3,18313241;1,00000000
0,87246980;0,16886072;0,26728594;0,58547610;3,18313241;1,00000000
0,87253647;0,16886072;0,26759350;0,58532232;3,18313241;1,00000000
0,87260314;0,16870694;0,26790109;0,58501476;3,18313241;1,00000000
0,87266982;0,16870694;0,26820865;0,58470720;3,18282485;1,00000000
0,87273649;0,16855314;0,26790109;0,58455342;3,18313241;1,00000000
0,87280316;0,16855314;0,26790109;0,58424580;3,18343997;1,00000000
0,87286983;0,16839936;0,26759350;0,58393824;3,18343997;1,00000000
0,87293650;0,16839936;0,26759350;0,58347690;3,18343997;1,00000000
0,87300318;0,16839936;0,26790109;0,58316928;3,18343997;1,00000000
0,87306985;0,16839936;0,26759350;0,58286172;3,18343997;1,00000000
0,87313652;0,16839936;0,26790109;0,58255410;3,18343997;1,00000000
0,87320319;0,16839936;0,26790109;0,58240032;3,18405509;1,00000000
0,87326986;0,16839936;0,26759350;0,58193898;3,18405509;1,00000000
0,87333654;0,16839936;0,26728594;0,58178520;3,18405509;1,00000000
0,87340321;0,16839936;0,26728594;0,58132380;3,18436265;1,00000000
0,87346988;0,16839936;0,26728594;0,58117002;3,18436265;1,00000000
0,87353655;0,16839936;0,26759350;0,58086246;3,18436265;1,00000000
0,87360322;0,16824557;0,26759350;0,58070862;3,18436265;1,00000000
0,87366990;0,16824557;0,26759350;0,58040106;3,18436265;1,00000000
0,87373657;0,16824557;0,26759350;0,58024728;3,18405509;1,00000000
0,87380324;0,16809179;0,26759350;0,57978594;3,18405509;1,00000000
0,87386991;0,16793799;0,26728594;0,57963216;3,18436265;1,00000000
0,87393658;0,16793799;0,26697835;0,57947832;3,18436265;1,00000000
0,87400326;0,16793799;0,26697835;0,57917076;3,18436265;1,00000000
0,87406993;0,16793799;0,26697835;0,57901698;3,18436265;1,00000000
0,87413660;0,16793799;0,26697835;0,57855558;3,18436265;1,00000000
0,87420327;0,16793799;0,26697835;0,57840180;3,18405509;1,00000000
0,87426994;0,16793799;0,26697835;0,57824802;3,18405509;1,00000000
0,87433662;0,16793799;0,26728594;0,57794046;3,18467021;1,00000000
0,87440329;0,16778421;0,26759350;0,57778668;3,18528533;1,00000000
0,87446996;0,16778421;0,26728594;0,57778668;3,18559289;1,00000000
0,87453663;0,16778421;0,26697835;0,57763284;3,18559289;1,00000000
0,87460330;0,16763040;0,26728594;0,57732528;3,18559289;1,00000000
0,87466998;0,16763040;0,26728594;0,57701772;3,18559289;1,00000000
0,87473665;0,16763040;0,26759350;0,57671016;3,18559289;1,00000000
0,87480332;0,16747662;0,26790109;0,57655638;3,18559289;1,00000000
0,87486999;0,16747662;0,26759350;0,57640254;3,18559289;1,00000000
0,87493666;0,16732283;0,26759350;0,57624876;3,18590045;1,00000000
0,87500334;0,16732283;0,26728594;0,57609499;3,18620801;1,00000000
0,87507001;0,16716905;0,26697835;0,57594121;3,18651581;1,00000000
0,87513668;0,16716905;0,26697835;0,57578737;3,18682337;1,00000000
0,87520335;0,16716905;0,26728594;0,57578737;3,18713093;1,00000000
0,87527002;0,16716905;0,26728594;0,57563359;3,18713093;1,00000000
0,87533670;0,16732283;0,26759350;0,57547981;3,18713093;1,00000000
0,87540337;0,16716905;0,26759350;0,57563359;3,18713093;1,00000000
0,87547004;0,16716905;0,26728594;0,57563359;3,18713093;1,00000000
0,87553671;0,16701525;0,26728594;0,57563359;3,18743849;1,00000000
0,87560338;0,16701525;0,26728594;0,57547981;3,18743849;1,00000000
0,87567006;0,16686147;0,26759350;0,57563359;3,18774605;1,00000000
0,87573673;0,16701525;0,26790109;0,57563359;3,18805361;1,00000000
0,87580340;0,16701525;0,26820865;0,57578737;3,18805361;1,00000000
0,87587007;0,16686147;0,26851624;0,57594121;3,18805361;1,00000000
0,87593674;0,16686147;0,26882383;0,57609499;3,18805361;1,00000000
0,87600342;0,16701525;0,26882383;0,57609499;3,18805361;1,00000000
0,87607009;0,16701525;0,26882383;0,57609499;3,18866873;1,00000000
0,87613676;0,16716905;0,26882383;0,57640254;3,18866873;1,00000000
0,87620343;0,16701525;0,26882383;0,57640254;3,18866873;1,00000000
0,87627011;0,16686147;0,26913139;0,57640254;3,18836117;1,00000000
0,87633678;0,16686147;0,26913139;0,57655638;3,18866873;1,00000000
0,87640345;0,16686147;0,26943898;0,57686394;3,18866873;1,00000000
0,87647012;0,16686147;0,26974654;0,57717150;3,18866873;1,00000000
0,87653679;0,16686147;0,27005413;0,57732528;3,18866873;1,00000000
0,87660347;0,16686147;0,27005413;0,57747906;3,18866873;1,00000000
0,87667014;0,16686147;0,27005413;0,57778668;3,18866873;1,00000000
0,87673681;0,16670766;0,27005413;0,57809424;3,18866873;1,00000000
0,87680348;0,16670766;0,27005413;0,57824802;3,18836117;1,00000000
0,87687015;0,16670766;0,27036172;0,57855558;3,18836117;1,00000000
0,87693683;0,16686147;0,27066928;0,57870936;3,18836117;1,00000000
0,87700350;0,16686147;0,27066928;0,57886314;3,18836117;1,00000000
0,87707017;0,16670766;0,27036172;0,57917076;3,18805361;1,00000000
0,87713684;0,16670766;0,27036172;0,57932454;3,18805361;1,00000000
0,87720351;0,16670766;0,27036172;0,57963216;3,18836117;1,00000000
0,87727019;0,16686147;0,27036172;0,57993972;3,18805361;1,00000000
0,87733686;0,16686147;0,27036172;0,58024728;3,18774605;1,00000000
0,87740353;0,16686147;0,27066928;0,58055484;3,18743849;1,00000000
0,87747020;0,16686147;0,27097687;0,58086246;3,18713093;1,00000000
0,87753687;0,16686147;0,27128446;0,58117002;3,18682337;1,00000000
0,87760355;0,16686147;0,27128446;0,58147764;3,18651581;1,00000000
0,87767022;0,16686147;0,27128446;0,58163142;3,18651581;1,00000000
0,87773689;0,16670766;0,27097687;0,58193898;3,18651581;1,00000000
0,87780356;0,16686147;0,27097687;0,58240032;3,18620801;1,00000000
0,87787023;0,16686147;0,27128446;0,58286172;3,18590045;1,00000000
0,87793691;0,16670766;0,27128446;0,58316928;3,18528533;1,00000000
0,87800358;0,16670766;0,27128446;0,58347690;3,18467021;1,00000000
0,87807025;0,16670766;0,27159202;0,58363068;3,18405509;1,00000000
0,87813692;0,16655388;0,27159202;0,58378446;3,18405509;1,00000000
0,87820359;0,16655388;0,27159202;0,58409202;3,18405509;1,00000000
0,87827027;0,16640009;0,27128446;0,58424580;3,18405509;1,00000000
0,87833694;0,16655388;0,27097687;0,58439958;3,18374753;1,00000000
0,87840361;0,16655388;0,27097687;0,58470720;3,18313241;1,00000000
0,87847028;0,16670766;0,27128446;0,58486098;3,18251729;1,00000000
0,87853695;0,16670766;0,27128446;0,58516854;3,18190217;1,00000000
0,87860363;0,16670766;0,27159202;0,58547610;3,18159461;1,00000000
0,87867030;0,16655388;0,27159202;0,58578372;3,18128681;1,00000000
0,87873697;0,16640009;0,27159202;0,58609128;3,18097925;1,00000000
0,87880364;0,16624631;0,27128446;0,58639890;3,18097925;1,00000000
0,87887031;0,16609251;0,27097687;0,58670646;3,18097925;1,00000000
0,87893699;0,16593874;0,27066928;0,58701402;3,18067169;1,00000000
0,87900366;0,16578494;0,27036172;0,58732158;3,18005657;1,00000000
0,87907033;0,16563116;0,27036172;0,58762920;3,18005657;1,00000000
0,87913700;0,16563116;0,27036172;0,58778298;3,17974901;1,00000000
0,87920367;0,16547737;0,27005413;0,58793676;3,17974901;1,00000000
0,87927035;0,16532359;0,27005413;0,58809054;3,17974901;1,00000000
0,87933702;0,16532359;0,26974654;0,58839810;3,17974901;1,00000000
0,87940369;0,16516978;0,26943898;0,58870566;3,17974901;1,00000000
0,87947036;0,16501600;0,26943898;0,58885950;3,17974901;1,00000000
0,87953703;0,16486220;0,26913139;0,58901328;3,17913389;1,00000000
0,87960371;0,16470842;0,26913139;0,58962846;3,17851877;1,00000000
0,87967038;0,16455463;0,26882383;0,58993602;3,17851877;1,00000000
0,87973705;0,16455463;0,26882383;0,59024358;3,17851877;1,00000000
0,87980372;0,16455463;0,26882383;0,59039736;3,17851877;1,00000000
0,87987039;0,16440085;0,26851624;0,59039736;3,17851877;1,00000000
0,87993707;0,16440085;0,26851624;0,59055120;3,17851877;1,00000000
0,88000374;0,16424704;0,26851624;0,59070498;3,17851877;1,00000000
0,88007041;0,16424704;0,26882383;0,59085876;3,17851877;1,00000000
0,88013708;0,16424704;0,26882383;0,59101254;3,17882633;1,00000000
0,88020375;0,16409326;0,26913139;0,59116638;3,17882633;1,00000000
0,88027043;0,16409326;0,26913139;0,59147394;3,17913389;1,00000000
0,88033710;0,16424704;0,26943898;0,59162772;3,17944145;1,00000000
0,88040377;0,16424704;0,26913139;0,59193528;3,17974901;1,00000000
0,88047044;0,16440085;0,26882383;0,59208906;3,17944145;1,00000000
0,88053711;0,16455463;0,26913139;0,59224284;3,17913389;1,00000000
0,88060379;0,16470842;0,26913139;0,59224284;3,17913389;1,00000000
0,88067046;0,16470842;0,26943898;0,59239668;3,17913389;1,00000000
0,88073713;0,16470842;0,26974654;0,59239668;3,17944145;1,00000000
0,88080380;0,16470842;0,26974654;0,59255046;3,17974901;1,00000000
0,88087047;0,16470842;0,26974654;0,59270424;3,18005657;1,00000000
0,88093715;0,16470842;0,27005413;0,59270424;3,18005657;1,00000000
0,88100382;0,16470842;0,27005413;0,59270424;3,18005657;1,00000000
0,88107049;0,16486220;0,27005413;0,59255046;3,18005657;1,00000000
0,88113716;0,16501600;0,27005413;0,59255046;3,18005657;1,00000000
0,88120383;0,16501600;0,26974654;0,59270424;3,18036413;1,00000000
0,88127051;0,16501600;0,26974654;0,59255046;3,18067169;1,00000000
0,88133718;0,16501600;0,26974654;0,59255046;3,18097925;1,00000000
0,88140385;0,16486220;0,26974654;0,59239668;3,18097925;1,00000000
0,88147052;0,16486220;0,26974654;0,59239668;3,18097925;1,00000000
0,88153719;0,16501600;0,26974654;0,59224284;3,18097925;1,00000000
0,88160387;0,16486220;0,26974654;0,59208906;3,18097925;1,00000000
0,88167054;0,16470842;0,27005413;0,59193528;3,18097925;1,00000000
0,88173721;0,16470842;0,27005413;0,59178150;3,18097925;1,00000000
0,88180388;0,16470842;0,27036172;0,59162772;3,18097925;1,00000000
0,88187055;0,16470842;0,27036172;0,59147394;3,18128681;1,00000000
0,88193723;0,16486220;0,27036172;0,59132016;3,18159461;1,00000000
0,88200390;0,16486220;0,27036172;0,59116638;3,18190217;1,00000000
0,88207057;0,16486220;0,27036172;0,59101254;3,18220973;1,00000000
0,88213724;0,16501600;0,27005413;0,59070498;3,18220973;1,00000000
0,88220391;0,16486220;0,27005413;0,59039736;3,18220973;1,00000000
0,88227059;0,16486220;0,27036172;0,59024358;3,18251729;1,00000000
0,88233726;0,16470842;0,27066928;0,59008980;3,18282485;1,00000000
0,88240393;0,16470842;0,27097687;0,58993602;3,18313241;1,00000000
0,88247060;0,16470842;0,27097687;0,58962846;3,18313241;1,00000000
0,88253727;0,16455463;0,27097687;0,58947468;3,18343997;1,00000000
0,88260395;0,16455463;0,27097687;0,58901328;3,18343997;1,00000000
0,88267062;0,16470842;0,27066928;0,58870566;3,18343997;1,00000000
0,88273729;0,16486220;0,27036172;0,58839810;3,18343997;1,00000000
0,88280396;0,16486220;0,27066928;0,58809054;3,18374753;1,00000000
0,88287063;0,16486220;0,27097687;0,58778298;3,18405509;1,00000000
0,88293731;0,16486220;0,27097687;0,58762920;3,18405509;1,00000000
0,88300398;0,16501600;0,27097687;0,58732158;3,18374753;1,00000000
0,88307065;0,16486220;0,27097687;0,58701402;3,18343997;1,00000000
0,88313732;0,16501600;0,27097687;0,58670646;3,18374753;1,00000000
0,88320399;0,16516978;0,27097687;0,58639890;3,18374753;1,00000000
0,88327067;0,16532359;0,27128446;0,58593750;3,18405509;1,00000000
0,88333734;0,16532359;0,27159202;0,58547610;3,18405509;1,00000000
0,88340401;0,16532359;0,27189961;0,58501476;3,18374753;1,00000000
0,88347068;0,16532359;0,27189961;0,58455342;3,18374753;1,00000000
0,88353735;0,16547737;0,27159202;0,58424580;3,18343997;1,00000000
0,88360403;0,16547737;0,27159202;0,58378446;3,18374753;1,00000000
0,88367070;0,16563116;0,27159202;0,58347690;3,18405509;1,00000000
0,88373737;0,16563116;0,27159202;0,58301550;3,18405509;1,00000000
0,88380404;0,16563116;0,27159202;0,58270794;3,18405509;1,00000000
0,88387071;0,16563116;0,27159202;0,58224654;3,18405509;1,00000000
0,88393739;0,16563116;0,27159202;0,58193898;3,18405509;1,00000000
0,88400406;0,16563116;0,27159202;0,58163142;3,18405509;1,00000000
0,88407073;0,16578494;0,27159202;0,58132380;3,18405509;1,00000000
0,88413740;0,16593874;0,27128446;0,58101624;3,18405509;1,00000000
0,88420407;0,16609251;0,27097687;0,58070862;3,18436265;1,00000000
0,88427075;0,16624631;0,27066928;0,58024728;3,18467021;1,00000000
0,88433742;0,16624631;0,27066928;0,57993972;3,18436265;1,00000000
0,88440409;0,16640009;0,27097687;0,57963216;3,18436265;1,00000000
0,88447076;0,16655388;0,27128446;0,57917076;3,18436265;1,00000000
0,88453743;0,16670766;0,27159202;0,57886314;3,18436265;1,00000000
0,88460411;0,16670766;0,27159202;0,57855558;3,18436265;1,00000000
0,88467078;0,16670766;0,27128446;0,57824802;3,18436265;1,00000000
0,88473745;0,16670766;0,27097687;0,57778668;3,18436265;1,00000000
0,88480412;0,16670766;0,27097687;0,57763284;3,18436265;1,00000000
0,88487079;0,16686147;0,27128446;0,57732528;3,18436265;1,00000000
0,88493747;0,16701525;0,27128446;0,57701772;3,18436265;1,00000000
0,88500414;0,16701525;0,27159202;0,57686394;3,18436265;1,00000000
0,88507081;0,16716905;0,27159202;0,57655638;3,18436265;1,00000000
0,88513748;0,16732283;0,27159202;0,57640254;3,18467021;1,00000000
0,88520415;0,16747662;0,27159202;0,57609499;3,18467021;1,00000000
0,88527083;0,16763040;0,27189961;0,57578737;3,18405509;1,00000000
0,88533750;0,16778421;0,27189961;0,57532603;3,18436265;1,00000000
0,88540417;0,16778421;0,27159202;0,57486469;3,18436265;1,00000000
0,88547084;0,16778421;0,27189961;0,57455707;3,18436265;1,00000000
0,88553751;0,16778421;0,27189961;0,57424951;3,18436265;1,00000000
0,88560419;0,16778421;0,27159202;0,57394195;3,18405509;1,00000000
0,88567086;0,16778421;0,27189961;0,57363439;3,18374753;1,00000000
0,88573753;0,16778421;0,27159202;0,57332677;3,18343997;1,00000000
0,88580420;0,16778421;0,27159202;0,57301921;3,18282485;1,00000000
0,88587087;0,16778421;0,27159202;0,57301921;3,18220973;1,00000000
0,88593755;0,16778421;0,27159202;0,57286543;3,18220973;1,00000000
0,88600422;0,16778421;0,27128446;0,57271159;3,18220973;1,00000000
0,88607089;0,16778421;0,27128446;0,57240403;3,18220973;1,00000000
0,88613756;0,16778421;0,27128446;0,57209647;3,18220973;1,00000000
0,88620423;0,16778421;0,27159202;0,57209647;3,18220973;1,00000000
0,88627091;0,16778421;0,27159202;0,57194269;3,18220973;1,00000000
0,88633758;0,16778421;0,27159202;0,57178891;3,18220973;1,00000000
0,88640425;0,16778421;0,27128446;0,57178891;3,18190217;1,00000000
0,88647092;0,16763040;0,27128446;0,57178891;3,18159461;1,00000000
0,88653759;0,16778421;0,27128446;0,57178891;3,18128681;1,00000000
0,88660427;0,16778421;0,27128446;0,57194269;3,18128681;1,00000000
0,88667094;0,16778421;0,27128446;0,57194269;3,18128681;1,00000000
0,88673761;0,16778421;0,27159202;0,57194269;3,18128681;1,00000000
0,88680428;0,16778421;0,27128446;0,57194269;3,18128681;1,00000000
0,88687095;0,16763040;0,27128446;0,57209647;3,18128681;1,00000000
0,88693763;0,16763040;0,27097687;0,57225025;3,18097925;1,00000000
0,88700430;0,16763040;0,27066928;0,57225025;3,18159461;1,00000000
0,88707097;0,16763040;0,27036172;0,57271159;3,18128681;1,00000000
0,88713764;0,16778421;0,27066928;0,57301921;3,18128681;1,00000000
0,88720431;0,16778421;0,27066928;0,57317299;3,18128681;1,00000000
0,88727099;0,16778421;0,27066928;0,57332677;3,18128681;1,00000000
0,88733766;0,16778421;0,27066928;0,57363439;3,18128681;1,00000000
0,88740433;0,16763040;0,27097687;0,57378817;3,18128681;1,00000000
0,88747100;0,16763040;0,27128446;0,57409573;3,18128681;1,00000000
0,88753767;0,16778421;0,27097687;0,57424951;3,18159461;1,00000000
0,88760435;0,16778421;0,27097687;0,57455707;3,18220973;1,00000000
0,88767102;0,16778421;0,27128446;0,57501847;3,18251729;1,00000000
0,88773769;0,16778421;0,27159202;0,57547981;3,18251729;1,00000000
0,88780436;0,16778421;0,27159202;0,57594121;3,18251729;1,00000000
0,88787103;0,16778421;0,27159202;0,57624876;3,18251729;1,00000000
0,88793771;0,16778421;0,27189961;0,57671016;3,18251729;1,00000000
0,88800438;0,16763040;0,27189961;0,57717150;3,18313241;1,00000000
0,88807105;0,16763040;0,27189961;0,57747906;3,18374753;1,00000000
0,88813772;0,16763040;0,27189961;0,57794046;3,18405509;1,00000000
0,88820439;0,16763040;0,27159202;0,57840180;3,18374753;1,00000000
0,88827107;0,16763040;0,27159202;0,57886314;3,18374753;1,00000000
0,88833774;0,16763040;0,27159202;0,57947832;3,18374753;1,00000000
0,88840441;0,16763040;0,27189961;0,57993972;3,18374753;1,00000000
0,88847108;0,16763040;0,27189961;0,58040106;3,18405509;1,00000000
0,88853775;0,16763040;0,27189961;0,58101624;3,18436265;1,00000000
0,88860443;0,16763040;0,27189961;0,58132380;3,18467021;1,00000000
0,88867110;0,16778421;0,27220720;0,58178520;3,18528533;1,00000000
0,88873777;0,16778421;0,27251476;0,58209276;3,18559289;1,00000000
0,88880444;0,16778421;0,27251476;0,58240032;3,18559289;1,00000000
0,88887111;0,16763040;0,27282235;0,58301550;3,18559289;1,00000000
0,88893779;0,16763040;0,27282235;0,58347690;3,18559289;1,00000000
0,88900446;0,16763040;0,27312991;0,58393824;3,18590045;1,00000000
0,88907113;0,16763040;0,27312991;0,58439958;3,18651581;1,00000000
0,88913780;0,16763040;0,27282235;0,58470720;3,18682337;1,00000000
0,88920447;0,16763040;0,27312991;0,58501476;3,18713093;1,00000000
0,88927115;0,16763040;0,27312991;0,58547610;3,18743849;1,00000000
0,88933782;0,16763040;0,27312991;0,58593750;3,18743849;1,00000000
0,88940449;0,16763040;0,27343750;0,58639890;3,18743849;1,00000000
0,88947116;0,16763040;0,27374509;0,58686024;3,18774605;1,00000000
0,88953783;0,16763040;0,27405265;0,58732158;3,18774605;1,00000000
0,88960451;0,16763040;0,27405265;0,58747536;3,18805361;1,00000000
0,88967118;0,16763040;0,27405265;0,58778298;3,18836117;1,00000000
0,88973785;0,16763040;0,27405265;0,58809054;3,18866873;1,00000000
0,88980452;0,16763040;0,27436024;0,58824432;3,18866873;1,00000000
0,88987119;0,16763040;0,27466780;0,58870566;3,18836117;1,00000000
0,88993787;0,16778421;0,27497539;0,58901328;3,18836117;1,00000000
0,89000454;0,16778421;0,27497539;0,58932084;3,18836117;1,00000000
0,89007121;0,16778421;0,27466780;0,58978224;3,18836117;1,00000000
0,89013788;0,16778421;0,27497539;0,59008980;3,18866873;1,00000000
0,89020455;0,16793799;0,27466780;0,59039736;3,18866873;1,00000000
0,89027123;0,16793799;0,27497539;0,59055120;3,18805361;1,00000000
0,89033790;0,16778421;0,27497539;0,59070498;3,18836117;1,00000000
0,89040457;0,16778421;0,27528298;0,59085876;3,18836117;1,00000000
0,89047124;0,16778421;0,27528298;0,59116638;3,18836117;1,00000000
0,89053791;0,16778421;0,27559054;0,59116638;3,18836117;1,00000000
0,89060459;0,16793799;0,27528298;0,59132016;3,18836117;1,00000000
0,89067126;0,16793799;0,27528298;0,59132016;3,18836117;1,00000000
0,89073793;0,16793799;0,27497539;0,59147394;3,18836117;1,00000000
0,89080460;0,16793799;0,27497539;0,59147394;3,18836117;1,00000000
0,89087127;0,16793799;0,27497539;0,59162772;3,18836117;1,00000000
0,89093795;0,16793799;0,27528298;0,59147394;3,18836117;1,00000000
0,89100462;0,16793799;0,27528298;0,59147394;3,18836117;1,00000000
0,89107129;0,16793799;0,27559054;0,59132016;3,18836117;1,00000000
0,89113796;0,16809179;0,27559054;0,59132016;3,18836117;1,00000000
0,89120463;0,16809179;0,27559054;0,59147394;3,18805361;1,00000000
0,89127131;0,16809179;0,27528298;0,59132016;3,18805361;1,00000000
0,89133798;0,16809179;0,27528298;0,59132016;3,18774605;1,00000000
0,89140465;0,16809179;0,27497539;0,59132016;3,18743849;1,00000000
0,89147132;0,16809179;0,27466780;0,59116638;3,18743849;1,00000000
0,89153799;0,16809179;0,27466780;0,59101254;3,18743849;1,00000000
0,89160467;0,16809179;0,27466780;0,59085876;3,18743849;1,00000000
0,89167134;0,16809179;0,27466780;0,59085876;3,18743849;1,00000000
0,89173801;0,16809179;0,27497539;0,59085876;3,18743849;1,00000000
0,89180468;0,16809179;0,27466780;0,59070498;3,18713093;1,00000000
0,89187135;0,16809179;0,27466780;0,59055120;3,18713093;1,00000000
0,89193803;0,16809179;0,27466780;0,59039736;3,18713093;1,00000000
0,89200470;0,16809179;0,27497539;0,59024358;3,18713093;1,00000000
0,89207137;0,16793799;0,27497539;0,58993602;3,18713093;1,00000000
0,89213804;0,16778421;0,27497539;0,58962846;3,18713093;1,00000000
0,89220471;0,16778421;0,27497539;0,58916706;3,18743849;1,00000000
0,89227139;0,16778421;0,27497539;0,58885950;3,18713093;1,00000000
0,89233806;0,16778421;0,27466780;0,58870566;3,18713093;1,00000000
0,89240473;0,16763040;0,27436024;0,58839810;3,18713093;1,00000000
0,89247140;0,16763040;0,27436024;0,58793676;3,18713093;1,00000000
0,89253807;0,16763040;0,27436024;0,58762920;3,18713093;1,00000000
0,89260475;0,16763040;0,27466780;0,58732158;3,18713093;1,00000000
0,89267142;0,16763040;0,27466780;0,58701402;3,18743849;1,00000000
0,89273809;0,16763040;0,27436024;0,58655268;3,18743849;1,00000000
0,89280476;0,16747662;0,27405265;0,58639890;3,18743849;1,00000000
0,89287143;0,16747662;0,27374509;0,58609128;3,18743849;1,00000000
0,89293811;0,16747662;0,27343750;0,58578372;3,18743849;1,00000000
0,89300478;0,16747662;0,27312991;0,58547610;3,18743849;1,00000000
0,89307145;0,16732283;0,27282235;0,58516854;3,18774605;1,00000000
0,89313812;0,16716905;0,27282235;0,58501476;3,18743849;1,00000000
0,89320479;0,16686147;0,27282235;0,58470720;3,18774605;1,00000000
0,89327147;0,16686147;0,27312991;0,58455342;3,18805361;1,00000000
0,89333814;0,16686147;0,27282235;0,58424580;3,18836117;1,00000000
0,89340481;0,16686147;0,27312991;0,58378446;3,18836117;1,00000000
0,89347148;0,16686147;0,27312991;0,58332312;3,18836117;1,00000000
0,89353815;0,16686147;0,27282235;0,58301550;3,18836117;1,00000000
0,89360483;0,16670766;0,27282235;0,58270794;3,18836117;1,00000000
0,89367150;0,16670766;0,27312991;0,58240032;3,18836117;1,00000000
0,89373817;0,16670766;0,27343750;0,58209276;3,18866873;1,00000000
0,89380484;0,16670766;0,27374509;0,58178520;3,18897629;1,00000000
0,89387151;0,16670766;0,27405265;0,58147764;3,18928385;1,00000000
0,89393819;0,16670766;0,27374509;0,58117002;3,18928385;1,00000000
0,89400486;0,16655388;0,27374509;0,58086246;3,18959141;1,00000000
0,89407153;0,16655388;0,27374509;0,58086246;3,18959141;1,00000000
0,89413820;0,16655388;0,27374509;0,58055484;3,18959141;1,00000000
0,89420487;0,16655388;0,27374509;0,58040106;3,18959141;1,00000000
0,89427155;0,16655388;0,27374509;0,58009350;3,18928385;1,00000000
0,89433822;0,16640009;0,27405265;0,57978594;3,18959141;1,00000000
0,89440489;0,16640009;0,27405265;0,57947832;3,19020653;1,00000000
0,89447156;0,16640009;0,27405265;0,57917076;3,19020653;1,00000000
0,89453823;0,16640009;0,27374509;0,57886314;3,19051409;1,00000000
0,89460491;0,16640009;0,27343750;0,57855558;3,19051409;1,00000000
0,89467158;0,16640009;0,27343750;0,57840180;3,19051409;1,00000000
0,89473825;0,16640009;0,27343750;0,57824802;3,19051409;1,00000000
0,89480492;0,16640009;0,27343750;0,57794046;3,19051409;1,00000000
0,89487159;0,16624631;0,27343750;0,57778668;3,19051409;1,00000000
0,89493827;0,16624631;0,27312991;0,57747906;3,19082165;1,00000000
0,89500494;0,16624631;0,27343750;0,57732528;3,19082165;1,00000000
0,89507161;0,16609251;0,27343750;0,57717150;3,19051409;1,00000000
0,89513828;0,16609251;0,27343750;0,57701772;3,19051409;1,00000000
0,89520495;0,16609251;0,27374509;0,57717150;3,19051409;1,00000000
0,89527163;0,16609251;0,27374509;0,57717150;3,19051409;1,00000000
0,89533830;0,16609251;0,27374509;0,57717150;3,19051409;1,00000000
0,89540497;0,16593874;0,27374509;0,57717150;3,19051409;1,00000000
0,89547164;0,16593874;0,27374509;0,57717150;3,19082165;1,00000000
0,89553831;0,16578494;0,27374509;0,57732528;3,19143724;1,00000000
0,89560499;0,16578494;0,27405265;0,57732528;3,19143724;1,00000000
0,89567166;0,16578494;0,27405265;0,57732528;3,19143724;1,00000000
0,89573833;0,16578494;0,27405265;0,57732528;3,19174480;1,00000000
0,89580500;0,16578494;0,27405265;0,57732528;3,19205236;1,00000000
0,89587167;0,16578494;0,27405265;0,57732528;3,19205236;1,00000000
0,89593835;0,16578494;0,27436024;0,57732528;3,19205236;1,00000000
0,89600502;0,16578494;0,27436024;0,57732528;3,19205236;1,00000000
0,89607169;0,16578494;0,27466780;0,57732528;3,19235992;1,00000000
0,89613836;0,16593874;0,27497539;0,57732528;3,19266748;1,00000000
0,89620503;0,16593874;0,27497539;0,57732528;3,19266748;1,00000000
0,89627171;0,16593874;0,27528298;0,57747906;3,19235992;1,00000000
0,89633838;0,16593874;0,27528298;0,57778668;3,19205236;1,00000000
0,89640505;0,16578494;0,27559054;0,57794046;3,19205236;1,00000000
0,89647172;0,16578494;0,27559054;0,57794046;3,19205236;1,00000000
0,89653839;0,16578494;0,27589813;0,57809424;3,19205236;1,00000000
0,89660507;0,16578494;0,27589813;0,57840180;3,19235992;1,00000000
0,89667174;0,16578494;0,27620572;0,57855558;3,19266748;1,00000000
0,89673841;0,16593874;0,27620572;0,57855558;3,19235992;1,00000000
0,89680508;0,16593874;0,27651328;0,57870936;3,19205236;1,00000000
0,89687175;0,16593874;0,27682087;0,57886314;3,19174480;1,00000000
0,89693843;0,16593874;0,27743602;0,57917076;3,19174480;1,00000000
0,89700510;0,16578494;0,27774361;0,57947832;3,19174480;1,00000000
0,89707177;0,16578494;0,27774361;0,57978594;3,19143724;1,00000000
0,89713844;0,16578494;0,27774361;0,58009350;3,19143724;1,00000000
0,89720511;0,16578494;0,27805117;0,58040106;3,19174480;1,00000000
0,89727179;0,16578494;0,27774361;0,58055484;3,19143724;1,00000000
0,89733846;0,16578494;0,27774361;0,58070862;3,19082165;1,00000000
0,89740513;0,16563116;0,27774361;0,58086246;3,19020653;1,00000000
0,89747180;0,16578494;0,27805117;0,58101624;3,18989897;1,00000000
0,89753847;0,16578494;0,27835876;0,58132380;3,18989897;1,00000000
0,89760515;0,16563116;0,27805117;0,58163142;3,18989897;1,00000000
0,89767182;0,16547737;0,27774361;0,58193898;3,18989897;1,00000000
0,89773849;0,16547737;0,27774361;0,58224654;3,18989897;1,00000000
0,89780516;0,16563116;0,27743602;0,58240032;3,18959141;1,00000000
0,89787183;0,16563116;0,27743602;0,58255410;3,18897629;1,00000000
0,89793851;0,16578494;0,27774361;0,58270794;3,18836117;1,00000000
0,89800518;0,16563116;0,27774361;0,58286172;3,18774605;1,00000000
0,89807185;0,16547737;0,27743602;0,58301550;3,18743849;1,00000000
0,89813852;0,16532359;0,27682087;0,58332312;3,18743849;1,00000000
0,89820519;0,16516978;0,27651328;0,58347690;3,18743849;1,00000000
0,89827187;0,16532359;0,27651328;0,58363068;3,18713093;1,00000000
0,89833854;0,16532359;0,27682087;0,58393824;3,18682337;1,00000000
0,89840521;0,16532359;0,27682087;0,58424580;3,18620801;1,00000000
0,89847188;0,16532359;0,27682087;0,58455342;3,18559289;1,00000000
0,89853855;0,16516978;0,27682087;0,58470720;3,18467021;1,00000000
0,89860523;0,16501600;0,27682087;0,58486098;3,18436265;1,00000000
0,89867190;0,16501600;0,27651328;0,58501476;3,18405509;1,00000000
0,89873857;0,16516978;0,27620572;0,58532232;3,18374753;1,00000000
0,89880524;0,16501600;0,27620572;0,58562988;3,18374753;1,00000000
0,89887191;0,16501600;0,27589813;0,58578372;3,18374753;1,00000000
0,89893859;0,16486220;0,27559054;0,58609128;3,18343997;1,00000000
0,89900526;0,16470842;0,27559054;0,58639890;3,18282485;1,00000000
0,89907193;0,16486220;0,27559054;0,58655268;3,18251729;1,00000000
0,89913860;0,16470842;0,27559054;0,58686024;3,18251729;1,00000000
0,89920527;0,16455463;0,27559054;0,58732158;3,18220973;1,00000000
0,89927195;0,16455463;0,27559054;0,58747536;3,18190217;1,00000000
0,89933862;0,16470842;0,27528298;0,58762920;3,18159461;1,00000000
0,89940529;0,16470842;0,27497539;0,58762920;3,18128681;1,00000000
0,89947196;0,16455463;0,27466780;0,58762920;3,18128681;1,00000000
0,89953863;0,16455463;0,27466780;0,58778298;3,18097925;1,00000000
0,89960531;0,16455463;0,27436024;0,58793676;3,18067169;1,00000000
0,89967198;0,16455463;0,27405265;0,58809054;3,18067169;1,00000000
0,89973865;0,16440085;0,27405265;0,58824432;3,18067169;1,00000000
0,89980532;0,16424704;0,27405265;0,58855188;3,18067169;1,00000000
0,89987199;0,16424704;0,27374509;0,58870566;3,18036413;1,00000000
0,89993867;0,16424704;0,27343750;0,58885950;3,18036413;1,00000000
0,90000534;0,16409326;0,27312991;0,58885950;3,18036413;1,00000000
0,90007201;0,16393946;0,27312991;0,58901328;3,18036413;1,00000000
0,90013868;0,16409326;0,27312991;0,58916706;3,18036413;1,00000000
0,90020535;0,16393946;0,27312991;0,58947468;3,18067169;1,00000000
0,90027203;0,16378568;0,27282235;0,58962846;3,18067169;1,00000000
0,90033870;0,16378568;0,27251476;0,58978224;3,18067169;1,00000000
0,90040537;0,16393946;0,27220720;0,59008980;3,18067169;1,00000000
0,90047204;0,16393946;0,27189961;0,59024358;3,18097925;1,00000000
0,90053871;0,16393946;0,27189961;0,59039736;3,18097925;1,00000000
0,90060539;0,16378568;0,27220720;0,59039736;3,18097925;1,00000000
0,90067206;0,16393946;0,27220720;0,59055120;3,18128681;1,00000000
0,90073873;0,16378568;0,27220720;0,59055120;3,18159461;1,00000000
0,90080540;0,16378568;0,27220720;0,59039736;3,18190217;1,00000000
0,90087207;0,16363189;0,27251476;0,59039736;3,18220973;1,00000000
0,90093875;0,16378568;0,27282235;0,59055120;3,18220973;1,00000000
0,90100542;0,16393946;0,27251476;0,59055120;3,18220973;1,00000000
0,90107209;0,16378568;0,27282235;0,59055120;3,18220973;1,00000000
0,90113876;0,16363189;0,27312991;0,59039736;3,18220973;1,00000000
0,90120543;0,16347811;0,27312991;0,59024358;3,18220973;1,00000000
0,90127211;0,16332431;0,27343750;0,59024358;3,18220973;1,00000000
0,90133878;0,16317053;0,27374509;0,59024358;3,18220973;1,00000000
0,90140545;0,16317053;0,27374509;0,59008980;3,18251729;1,00000000
0,90147212;0,16317053;0,27343750;0,58978224;3,18251729;1,00000000
0,90153879;0,16317053;0,27312991;0,58978224;3,18282485;1,00000000
0,90160547;0,16317053;0,27312991;0,58962846;3,18313241;1,00000000
0,90167214;0,16317053;0,27343750;0,58962846;3,18343997;1,00000000
0,90173881;0,16317053;0,27374509;0,58947468;3,18343997;1,00000000
0,90180548;0,16332431;0,27374509;0,58932084;3,18343997;1,00000000
0,90187215;0,16332431;0,27405265;0,58901328;3,18374753;1,00000000
0,90193883;0,16332431;0,27405265;0,58870566;3,18374753;1,00000000
0,90200550;0,16332431;0,27405265;0,58855188;3,18374753;1,00000000
0,90207217;0,16332431;0,27405265;0,58824432;3,18405509;1,00000000
0,90213884;0,16332431;0,27405265;0,58793676;3,18436265;1,00000000
0,90220551;0,16317053;0,27405265;0,58762920;3,18436265;1,00000000
0,90227219;0,16301674;0,27374509;0,58732158;3,18405509;1,00000000
0,90233886;0,16286296;0,27374509;0,58701402;3,18436265;1,00000000
0,90240553;0,16286296;0,27374509;0,58686024;3,18436265;1,00000000
0,90247220;0,16286296;0,27405265;0,58670646;3,18436265;1,00000000
0,90253887;0,16286296;0,27405265;0,58639890;3,18436265;1,00000000
0,90260555;0,16301674;0,27436024;0,58609128;3,18436265;1,00000000
0,90267222;0,16317053;0,27436024;0,58578372;3,18467021;1,00000000
0,90273889;0,16332431;0,27405265;0,58547610;3,18436265;1,00000000
0,90280556;0,16332431;0,27405265;0,58516854;3,18436265;1,00000000
0,90287223;0,16347811;0,27436024;0,58486098;3,18467021;1,00000000
0,90293891;0,16347811;0,27436024;0,58439958;3,18528533;1,00000000
0,90300558;0,16347811;0,27436024;0,58393824;3,18528533;1,00000000
0,90307225;0,16347811;0,27436024;0,58363068;3,18528533;1,00000000
0,90313892;0,16347811;0,27466780;0,58347690;3,18528533;1,00000000
0,90320559;0,16363189;0,27466780;0,58332312;3,18559289;1,00000000
0,90327227;0,16363189;0,27466780;0,58286172;3,18590045;1,00000000
0,90333894;0,16378568;0,27436024;0,58240032;3,18559289;1,00000000
0,90340561;0,16393946;0,27436024;0,58224654;3,18528533;1,00000000
0,90347228;0,16409326;0,27466780;0,58193898;3,18559289;1,00000000
0,90353895;0,16409326;0,27466780;0,58147764;3,18590045;1,00000000
0,90360563;0,16409326;0,27466780;0,58101624;3,18620801;1,00000000
0,90367230;0,16409326;0,27466780;0,58055484;3,18620801;1,00000000
0,90373897;0,16424704;0,27436024;0,58024728;3,18590045;1,00000000
0,90380564;0,16424704;0,27405265;0,57993972;3,18559289;1,00000000
0,90387231;0,16424704;0,27405265;0,57963216;3,18559289;1,00000000
0,90393899;0,16440085;0,27405265;0,57932454;3,18528533;1,00000000
0,90400566;0,16455463;0,27405265;0,57901698;3,18528533;1,00000000
0,90407233;0,16470842;0,27436024;0,57870936;3,18467021;1,00000000
0,90413900;0,16486220;0,27466780;0,57824802;3,18559289;1,00000000
0,90420567;0,16470842;0,27436024;0,57763284;3,18528533;1,00000000
0,90427235;0,16470842;0,27436024;0,57732528;3,18467021;1,00000000
0,90433902;0,16486220;0,27466780;0,57701772;3,18467021;1,00000000
0,90440569;0,16486220;0,27497539;0,57655638;3,18467021;1,00000000
0,90447236;0,16486220;0,27497539;0,57624876;3,18467021;1,00000000
0,90453903;0,16501600;0,27497539;0,57594121;3,18467021;1,00000000
0,90460571;0,16516978;0,27497539;0,57578737;3,18436265;1,00000000
0,90467238;0,16516978;0,27497539;0,57547981;3,18405509;1,00000000
0,90473905;0,16532359;0,27497539;0,57501847;3,18436265;1,00000000
0,90480572;0,16547737;0,27497539;0,57455707;3,18436265;1,00000000
0,90487239;0,16563116;0,27497539;0,57424951;3,18436265;1,00000000
0,90493907;0,16563116;0,27497539;0,57394195;3,18436265;1,00000000
0,90500574;0,16578494;0,27497539;0,57363439;3,18436265;1,00000000
0,90507241;0,16593874;0,27497539;0,57317299;3,18405509;1,00000000
0,90513908;0,16609251;0,27528298;0,57286543;3,18405509;1,00000000
0,90520575;0,16624631;0,27559054;0,57225025;3,18405509;1,00000000
0,90527243;0,16624631;0,27589813;0,57178891;3,18436265;1,00000000
0,90533910;0,16624631;0,27620572;0,57148129;3,18436265;1,00000000
0,90540577;0,16624631;0,27651328;0,57101995;3,18436265;1,00000000
0,90547244;0,16624631;0,27620572;0,57071233;3,18436265;1,00000000
0,90553911;0,16640009;0,27620572;0,57040477;3,18436265;1,00000000
0,90560579;0,16655388;0,27620572;0,56994343;3,18436265;1,00000000
0,90567246;0,16655388;0,27620572;0,56978959;3,18436265;1,00000000
0,90573913;0,16640009;0,27589813;0,56948203;3,18436265;1,00000000
0,90580580;0,16640009;0,27559054;0,56932825;3,18374753;1,00000000
0,90587247;0,16655388;0,27589813;0,56917441;3,18374753;1,00000000
0,90593915;0,16670766;0,27559054;0,56886685;3,18374753;1,00000000
0,90600582;0,16670766;0,27559054;0,56871307;3,18374753;1,00000000
0,90607249;0,16670766;0,27559054;0,56840551;3,18374753;1,00000000
0,90613916;0,16670766;0,27528298;0,56825173;3,18343997;1,00000000
0,90620583;0,16670766;0,27528298;0,56825173;3,18343997;1,00000000
0,90627251;0,16670766;0,27497539;0,56825173;3,18343997;1,00000000
0,90633918;0,16670766;0,27497539;0,56825173;3,18282485;1,00000000
0,90640585;0,16670766;0,27528298;0,56809795;3,18251729;1,00000000
0,90647252;0,16655388;0,27528298;0,56809795;3,18251729;1,00000000
0,90653919;0,16655388;0,27528298;0,56794411;3,18251729;1,00000000
0,90660587;0,16655388;0,27528298;0,56794411;3,18251729;1,00000000
0,90667254;0,16655388;0,27497539;0,56809795;3,18220973;1,00000000
0,90673921;0,16655388;0,27497539;0,56825173;3,18190217;1,00000000
0,90680588;0,16655388;0,27466780;0,56840551;3,18190217;1,00000000
0,90687255;0,16655388;0,27436024;0,56855929;3,18220973;1,00000000
0,90693923;0,16655388;0,27436024;0,56855929;3,18190217;1,00000000
0,90700590;0,16655388;0,27436024;0,56871307;3,18190217;1,00000000
0,90707257;0,16655388;0,27405265;0,56886685;3,18190217;1,00000000
0,90713924;0,16670766;0,27436024;0,56917441;3,18190217;1,00000000
0,90720591;0,16670766;0,27405265;0,56932825;3,18159461;1,00000000
0,90727259;0,16655388;0,27436024;0,56948203;3,18159461;1,00000000
0,90733926;0,16655388;0,27405265;0,56963581;3,18190217;1,00000000
0,90740593;0,16670766;0,27405265;0,56994343;3,18220973;1,00000000
0,90747260;0,16670766;0,27405265;0,57009721;3,18190217;1,00000000
0,90753927;0,16670766;0,27405265;0,57040477;3,18190217;1,00000000
0,90760595;0,16670766;0,27374509;0,57071233;3,18190217;1,00000000
0,90767262;0,16655388;0,27374509;0,57101995;3,18190217;1,00000000
0,90773929;0,16655388;0,27374509;0,57148129;3,18220973;1,00000000
0,90780596;0,16655388;0,27374509;0,57194269;3,18251729;1,00000000
0,90787263;0,16655388;0,27374509;0,57240403;3,18313241;1,00000000
0,90793931;0,16655388;0,27405265;0,57271159;3,18374753;1,00000000
0,90800598;0,16655388;0,27374509;0,57301921;3,18374753;1,00000000
0,90807265;0,16655388;0,27405265;0,57348061;3,18374753;1,00000000
0,90813932;0,16655388;0,27405265;0,57409573;3,18374753;1,00000000
0,90820599;0,16640009;0,27405265;0,57455707;3,18374753;1,00000000
0,90827267;0,16640009;0,27405265;0,57486469;3,18405509;1,00000000
0,90833934;0,16624631;0,27405265;0,57532603;3,18467021;1,00000000
0,90840601;0,16624631;0,27436024;0,57578737;3,18559289;1,00000000
0,90847268;0,16624631;0,27436024;0,57609499;3,18620801;1,00000000
0,90853935;0,16624631;0,27466780;0,57655638;3,18620801;1,00000000
0,90860603;0,16624631;0,27497539;0,57701772;3,18620801;1,00000000
0,90867270;0,16624631;0,27528298;0,57747906;3,18620801;1,00000000
0,90873937;0,16624631;0,27497539;0,57778668;3,18620801;1,00000000
0,90880604;0,16609251;0,27466780;0,57809424;3,18651581;1,00000000
0,90887271;0,16609251;0,27497539;0,57870936;3,18713093;1,00000000
0,90893939;0,16609251;0,27497539;0,57917076;3,18743849;1,00000000
0,90900606;0,16609251;0,27528298;0,57947832;3,18774605;1,00000000
0,90907273;0,16609251;0,27528298;0,57978594;3,18774605;1,00000000
0,90913940;0,16624631;0,27559054;0,58024728;3,18774605;1,00000000
0,90920607;0,16640009;0,27589813;0,58070862;3,18774605;1,00000000
0,90927275;0,16640009;0,27620572;0,58117002;3,18743849;1,00000000
0,90933942;0,16640009;0,27589813;0,58163142;3,18774605;1,00000000
0,90940609;0,16640009;0,27620572;0,58193898;3,18805361;1,00000000
0,90947276;0,16640009;0,27651328;0,58240032;3,18836117;1,00000000
0,90953943;0,16640009;0,27651328;0,58270794;3,18866873;1,00000000
0,90960611;0,16655388;0,27682087;0,58316928;3,18866873;1,00000000
0,90967278;0,16670766;0,27682087;0,58363068;3,18866873;1,00000000
0,90973945;0,16686147;0,27743602;0,58393824;3,18866873;1,00000000
0,90980612;0,16686147;0,27774361;0,58424580;3,18866873;1,00000000
0,90987279;0,16686147;0,27805117;0,58455342;3,18866873;1,00000000
0,90993947;0,16686147;0,27805117;0,58470720;3,18866873;1,00000000
0,91000614;0,16686147;0,27835876;0,58486098;3,18866873;1,00000000
0,91007281;0,16686147;0,27835876;0,58501476;3,18866873;1,00000000
0,91013948;0,16686147;0,27866635;0,58516854;3,18866873;1,00000000
0,91020615;0,16701525;0,27897391;0,58516854;3,18866873;1,00000000
0,91027283;0,16716905;0,27928150;0,58532232;3,18866873;1,00000000
0,91033950;0,16716905;0,27928150;0,58532232;3,18866873;1,00000000
0,91040617;0,16716905;0,27928150;0,58562988;3,18866873;1,00000000
0,91047284;0,16716905;0,27897391;0,58578372;3,18866873;1,00000000
0,91053951;0,16716905;0,27866635;0,58593750;3,18866873;1,00000000
0,91060619;0,16716905;0,27897391;0,58593750;3,18866873;1,00000000
0,91067286;0,16716905;0,27866635;0,58593750;3,18836117;1,00000000
0,91073953;0,16716905;0,27835876;0,58593750;3,18805361;1,00000000
0,91080620;0,16716905;0,27805117;0,58578372;3,18805361;1,00000000
0,91087287;0,16716905;0,27774361;0,58578372;3,18805361;1,00000000
0,91093955;0,16716905;0,27743602;0,58578372;3,18805361;1,00000000
0,91100622;0,16716905;0,27743602;0,58578372;3,18805361;1,00000000
0,91107289;0,16716905;0,27682087;0,58562988;3,18774605;1,00000000
0,91113956;0,16716905;0,27743602;0,58547610;3,18743849;1,00000000
0,91120623;0,16716905;0,27743602;0,58547610;3,18743849;1,00000000
0,91127291;0,16701525;0,27743602;0,58532232;3,18743849;1,00000000
0,91133958;0,16701525;0,27743602;0,58516854;3,18743849;1,00000000
0,91140625;0,16686147;0,27682087;0,58501476;3,18743849;1,00000000
0,91147292;0,16686147;0,27651328;0,58486098;3,18713093;1,00000000
0,91153959;0,16686147;0,27620572;0,58486098;3,18743849;1,00000000
0,91160627;0,16670766;0,27620572;0,58470720;3,18713093;1,00000000
0,91167294;0,16670766;0,27651328;0,58455342;3,18682337;1,00000000
0,91173961;0,16670766;0,27682087;0,58439958;3,18682337;1,00000000
0,91180628;0,16670766;0,27743602;0,58424580;3,18682337;1,00000000
0,91187295;0,16670766;0,27774361;0,58409202;3,18682337;1,00000000
0,91193963;0,16670766;0,27774361;0,58393824;3,18682337;1,00000000
0,91200630;0,16655388;0,27774361;0,58378446;3,18651581;1,00000000
0,91207297;0,16655388;0,27743602;0,58347690;3,18682337;1,00000000
0,91213964;0,16655388;0,27682087;0,58332312;3,18713093;1,00000000
0,91220631;0,16655388;0,27651328;0,58316928;3,18743849;1,00000000
0,91227299;0,16655388;0,27620572;0,58286172;3,18743849;1,00000000
0,91233966;0,16655388;0,27651328;0,58255410;3,18743849;1,00000000
0,91240633;0,16655388;0,27651328;0,58224654;3,18743849;1,00000000
0,91247300;0,16655388;0,27682087;0,58193898;3,18713093;1,00000000
0,91253967;0,16655388;0,27682087;0,58163142;3,18713093;1,00000000
0,91260635;0,16655388;0,27651328;0,58132380;3,18682337;1,00000000
0,91267302;0,16640009;0,27620572;0,58101624;3,18713093;1,00000000
0,91273969;0,16624631;0,27589813;0,58070862;3,18743849;1,00000000
0,91280636;0,16624631;0,27589813;0,58040106;3,18774605;1,00000000
0,91287303;0,16624631;0,27589813;0,58024728;3,18774605;1,00000000
0,91293971;0,16624631;0,27620572;0,57993972;3,18743849;1,00000000
0,91300638;0,16624631;0,27620572;0,57978594;3,18743849;1,00000000
0,91307305;0,16624631;0,27620572;0,57963216;3,18743849;1,00000000
0,91313972;0,16624631;0,27589813;0,57947832;3,18743849;1,00000000
0,91320639;0,16609251;0,27559054;0,57932454;3,18743849;1,00000000
0,91327307;0,16609251;0,27559054;0,57917076;3,18774605;1,00000000
0,91333974;0,16609251;0,27528298;0,57886314;3,18805361;1,00000000
0,91340641;0,16609251;0,27528298;0,57855558;3,18805361;1,00000000
0,91347308;0,16609251;0,27497539;0,57824802;3,18774605;1,00000000
0,91353975;0,16609251;0,27528298;0,57809424;3,18774605;1,00000000
0,91360643;0,16609251;0,27497539;0,57778668;3,18774605;1,00000000
0,91367310;0,16609251;0,27497539;0,57747906;3,18774605;1,00000000
0,91373977;0,16609251;0,27466780;0,57717150;3,18774605;1,00000000
0,91380644;0,16593874;0,27466780;0,57701772;3,18805361;1,00000000
0,91387311;0,16593874;0,27436024;0,57671016;3,18836117;1,00000000
0,91393979;0,16609251;0,27436024;0,57655638;3,18836117;1,00000000
0,91400646;0,16609251;0,27436024;0,57624876;3,18836117;1,00000000
0,91407313;0,16609251;0,27436024;0,57594121;3,18836117;1,00000000
0,91413980;0,16624631;0,27466780;0,57563359;3,18836117;1,00000000
0,91420647;0,16593874;0,27436024;0,57532603;3,18836117;1,00000000
0,91427315;0,16593874;0,27405265;0,57501847;3,18805361;1,00000000
0,91433982;0,16593874;0,27405265;0,57486469;3,18866873;1,00000000
0,91440649;0,16593874;0,27374509;0,57455707;3,18866873;1,00000000
0,91447316;0,16593874;0,27374509;0,57440329;3,18897629;1,00000000
0,91453983;0,16578494;0,27343750;0,57409573;3,18897629;1,00000000
0,91460651;0,16563116;0,27312991;0,57378817;3,18897629;1,00000000
0,91467318;0,16563116;0,27312991;0,57348061;3,18897629;1,00000000
0,91473985;0,16563116;0,27312991;0,57317299;3,18897629;1,00000000
0,91480652;0,16563116;0,27282235;0,57301921;3,18897629;1,00000000
0,91487319;0,16547737;0,27282235;0,57301921;3,18897629;1,00000000
0,91493987;0,16532359;0,27251476;0,57286543;3,18897629;1,00000000
0,91500654;0,16516978;0,27220720;0,57271159;3,18928385;1,00000000
0,91507321;0,16516978;0,27189961;0,57271159;3,18959141;1,00000000
0,91513988;0,16516978;0,27189961;0,57271159;3,18959141;1,00000000
0,91520655;0,16516978;0,27189961;0,57271159;3,18959141;1,00000000
0,91527323;0,16516978;0,27189961;0,57271159;3,18989897;1,00000000
0,91533990;0,16501600;0,27220720;0,57271159;3,19020653;1,00000000
0,91540657;0,16486220;0,27189961;0,57255781;3,18989897;1,00000000
0,91547324;0,16486220;0,27189961;0,57240403;3,19020653;1,00000000
0,91553991;0,16486220;0,27220720;0,57240403;3,19020653;1,00000000
0,91560659;0,16501600;0,27220720;0,57240403;3,19051409;1,00000000
0,91567326;0,16501600;0,27189961;0,57255781;3,19082165;1,00000000
0,91573993;0,16501600;0,27220720;0,57286543;3,19112968;1,00000000
0,91580660;0,16486220;0,27220720;0,57286543;3,19143724;1,00000000
0,91587327;0,16486220;0,27220720;0,57301921;3,19174480;1,00000000
0,91593995;0,16486220;0,27251476;0,57317299;3,19174480;1,00000000
0,91600662;0,16486220;0,27251476;0,57317299;3,19143724;1,00000000
0,91607329;0,16486220;0,27251476;0,57317299;3,19174480;1,00000000
0,91613996;0,16470842;0,27251476;0,57348061;3,19205236;1,00000000
0,91620663;0,16470842;0,27251476;0,57363439;3,19205236;1,00000000
0,91627331;0,16470842;0,27282235;0,57363439;3,19235992;1,00000000
0,91633998;0,16470842;0,27282235;0,57394195;3,19266748;1,00000000
0,91640665;0,16470842;0,27312991;0,57424951;3,19266748;1,00000000
0,91647332;0,16470842;0,27312991;0,57455707;3,19266748;1,00000000
0,91653999;0,16470842;0,27343750;0,57486469;3,19205236;1,00000000
0,91660667;0,16486220;0,27343750;0,57517225;3,19205236;1,00000000
0,91667334;0,16486220;0,27343750;0,57532603;3,19235992;1,00000000
0,91674001;0,16486220;0,27343750;0,57563359;3,19235992;1,00000000
0,91680668;0,16486220;0,27374509;0,57594121;3,19235992;1,00000000
0,91687335;0,16486220;0,27374509;0,57609499;3,19235992;1,00000000
0,91694003;0,16501600;0,27374509;0,57640254;3,19266748;1,00000000
0,91700670;0,16501600;0,27374509;0,57671016;3,19266748;1,00000000
0,91707337;0,16516978;0,27374509;0,57701772;3,19235992;1,00000000
0,91714004;0,16516978;0,27374509;0,57732528;3,19205236;1,00000000
0,91720671;0,16501600;0,27343750;0,57763284;3,19174480;1,00000000
0,91727339;0,16501600;0,27343750;0,57778668;3,19143724;1,00000000
0,91734006;0,16501600;0,27343750;0,57809424;3,19143724;1,00000000
0,91740673;0,16486220;0,27374509;0,57840180;3,19112968;1,00000000
0,91747340;0,16470842;0,27405265;0,57870936;3,19112968;1,00000000
0,91754007;0,16470842;0,27405265;0,57886314;3,19112968;1,00000000
0,91760675;0,16486220;0,27374509;0,57917076;3,19143724;1,00000000
0,91767342;0,16486220;0,27343750;0,57932454;3,19112968;1,00000000
0,91774009;0,16470842;0,27312991;0,57963216;3,19082165;1,00000000
0,91780676;0,16486220;0,27312991;0,57993972;3,19051409;1,00000000
0,91787343;0,16486220;0,27343750;0,58040106;3,19020653;1,00000000
0,91794011;0,16486220;0,27312991;0,58070862;3,18989897;1,00000000
0,91800678;0,16470842;0,27282235;0,58101624;3,18989897;1,00000000
0,91807345;0,16455463;0,27282235;0,58117002;3,18989897;1,00000000
0,91814012;0,16470842;0,27251476;0,58147764;3,18989897;1,00000000
0,91820679;0,16470842;0,27220720;0,58178520;3,18959141;1,00000000
0,91827347;0,16486220;0,27251476;0,58224654;3,18928385;1,00000000
0,91834014;0,16501600;0,27251476;0,58255410;3,18866873;1,00000000
0,91840681;0,16516978;0,27220720;0,58286172;3,18805361;1,00000000
0,91847348;0,16516978;0,27220720;0,58316928;3,18805361;1,00000000
0,91854015;0,16501600;0,27220720;0,58363068;3,18805361;1,00000000
0,91860683;0,16486220;0,27220720;0,58378446;3,18774605;1,00000000
0,91867350;0,16470842;0,27189961;0,58409202;3,18743849;1,00000000
0,91874017;0,16470842;0,27159202;0,58424580;3,18713093;1,00000000
0,91880684;0,16470842;0,27128446;0,58455342;3,18651581;1,00000000
0,91887351;0,16455463;0,27159202;0,58486098;3,18590045;1,00000000
0,91894019;0,16455463;0,27128446;0,58516854;3,18559289;1,00000000
0,91900686;0,16440085;0,27097687;0,58547610;3,18528533;1,00000000
0,91907353;0,16440085;0,27097687;0,58578372;3,18528533;1,00000000
0,91914020;0,16455463;0,27066928;0,58609128;3,18467021;1,00000000
0,91920687;0,16440085;0,27036172;0,58624506;3,18436265;1,00000000
0,91927355;0,16440085;0,27036172;0,58655268;3,18405509;1,00000000
0,91934022;0,16440085;0,27036172;0,58686024;3,18374753;1,00000000
0,91940689;0,16440085;0,27005413;0,58701402;3,18343997;1,00000000
0,91947356;0,16440085;0,27005413;0,58716780;3,18343997;1,00000000
0,91954023;0,16440085;0,27005413;0,58732158;3,18343997;1,00000000
0,91960691;0,16440085;0,26974654;0,58747536;3,18343997;1,00000000
0,91967358;0,16440085;0,26943898;0,58762920;3,18343997;1,00000000
0,91974025;0,16424704;0,26943898;0,58793676;3,18313241;1,00000000
0,91980692;0,16409326;0,26943898;0,58809054;3,18374753;1,00000000
0,91987359;0,16409326;0,26943898;0,58824432;3,18343997;1,00000000
0,91994027;0,16393946;0,26913139;0,58855188;3,18343997;1,00000000
0,92000694;0,16393946;0,26943898;0,58870566;3,18343997;1,00000000
0,92007361;0,16393946;0,26943898;0,58885950;3,18343997;1,00000000
0,92014028;0,16393946;0,26974654;0,58901328;3,18343997;1,00000000
0,92020695;0,16393946;0,26943898;0,58901328;3,18374753;1,00000000
0,92027363;0,16378568;0,26913139;0,58901328;3,18374753;1,00000000
0,92034030;0,16378568;0,26882383;0,58932084;3,18343997;1,00000000
0,92040697;0,16363189;0,26882383;0,58947468;3,18343997;1,00000000
0,92047364;0,16363189;0,26882383;0,58947468;3,18343997;1,00000000
0,92054031;0,16347811;0,26851624;0,58962846;3,18343997;1,00000000
0,92060699;0,16347811;0,26820865;0,58978224;3,18374753;1,00000000
0,92067366;0,16347811;0,26820865;0,58993602;3,18405509;1,00000000
0,92074033;0,16347811;0,26820865;0,59008980;3,18436265;1,00000000
0,92080700;0,16332431;0,26820865;0,59008980;3,18467021;1,00000000
0,92087367;0,16347811;0,26820865;0,59008980;3,18528533;1,00000000
0,92094035;0,16347811;0,26820865;0,59008980;3,18528533;1,00000000
0,92100702;0,16347811;0,26820865;0,59008980;3,18559289;1,00000000
0,92107369;0,16332431;0,26851624;0,59008980;3,18590045;1,00000000
0,92114036;0,16317053;0,26851624;0,59008980;3,18620801;1,00000000
0,92120703;0,16301674;0,26851624;0,59008980;3,18620801;1,00000000
0,92127371;0,16301674;0,26851624;0,59024358;3,18651581;1,00000000
0,92134038;0,16301674;0,26851624;0,59024358;3,18682337;1,00000000
0,92140705;0,16301674;0,26851624;0,59024358;3,18682337;1,00000000
0,92147372;0,16317053;0,26820865;0,59024358;3,18682337;1,00000000
0,92154039;0,16332431;0,26820865;0,59024358;3,18713093;1,00000000
0,92160707;0,16317053;0,26820865;0,59008980;3,18713093;1,00000000
0,92167374;0,16317053;0,26820865;0,58993602;3,18743849;1,00000000
0,92174041;0,16317053;0,26820865;0,58978224;3,18774605;1,00000000
0,92180708;0,16317053;0,26820865;0,58962846;3,18743849;1,00000000
0,92187375;0,16317053;0,26820865;0,58962846;3,18743849;1,00000000
0,92194043;0,16317053;0,26820865;0,58932084;3,18743849;1,00000000
0,92200710;0,16332431;0,26820865;0,58901328;3,18743849;1,00000000
0,92207377;0,16332431;0,26820865;0,58870566;3,18774605;1,00000000
0,92214044;0,16332431;0,26851624;0,58855188;3,18805361;1,00000000
0,92220711;0,16332431;0,26851624;0,58839810;3,18774605;1,00000000
0,92227379;0,16332431;0,26820865;0,58824432;3,18743849;1,00000000
0,92234046;0,16347811;0,26820865;0,58809054;3,18743849;1,00000000
0,92240713;0,16347811;0,26820865;0,58778298;3,18743849;1,00000000
0,92247380;0,16363189;0,26790109;0,58778298;3,18743849;1,00000000
0,92254047;0,16363189;0,26790109;0,58747536;3,18743849;1,00000000
0,92260715;0,16347811;0,26790109;0,58716780;3,18774605;1,00000000
0,92267382;0,16347811;0,26790109;0,58701402;3,18774605;1,00000000
0,92274049;0,16347811;0,26790109;0,58670646;3,18743849;1,00000000
0,92280716;0,16347811;0,26820865;0,58639890;3,18713093;1,00000000
0,92287383;0,16363189;0,26851624;0,58609128;3,18743849;1,00000000
0,92294051;0,16363189;0,26820865;0,58578372;3,18743849;1,00000000
0,92300718;0,16363189;0,26820865;0,58547610;3,18774605;1,00000000
0,92307385;0,16378568;0,26820865;0,58516854;3,18743849;1,00000000
0,92314052;0,16378568;0,26820865;0,58501476;3,18743849;1,00000000
0,92320719;0,16393946;0,26851624;0,58455342;3,18743849;1,00000000
0,92327387;0,16393946;0,26851624;0,58409202;3,18713093;1,00000000
0,92334054;0,16409326;0,26882383;0,58363068;3,18713093;1,00000000
0,92340721;0,16409326;0,26913139;0,58316928;3,18743849;1,00000000
0,92347388;0,16409326;0,26913139;0,58286172;3,18805361;1,00000000
0,92354055;0,16424704;0,26882383;0,58240032;3,18805361;1,00000000
0,92360723;0,16424704;0,26851624;0,58209276;3,18805361;1,00000000
0,92367390;0,16440085;0,26851624;0,58178520;3,18805361;1,00000000
0,92374057;0,16440085;0,26882383;0,58132380;3,18805361;1,00000000
0,92380724;0,16440085;0,26851624;0,58101624;3,18805361;1,00000000
0,92387391;0,16455463;0,26882383;0,58070862;3,18774605;1,00000000
0,92394059;0,16455463;0,26913139;0,58040106;3,18774605;1,00000000
0,92400726;0,16455463;0,26882383;0,58009350;3,18805361;1,00000000
0,92407393;0,16455463;0,26851624;0,57963216;3,18805361;1,00000000
0,92414060;0,16470842;0,26851624;0,57917076;3,18805361;1,00000000
0,92420727;0,16455463;0,26820865;0,57870936;3,18805361;1,00000000
0,92427395;0,16455463;0,26851624;0,57840180;3,18805361;1,00000000
0,92434062;0,16470842;0,26820865;0,57809424;3,18836117;1,00000000
0,92440729;0,16470842;0,26820865;0,57778668;3,18836117;1,00000000
0,92447396;0,16470842;0,26851624;0,57747906;3,18774605;1,00000000
0,92454063;0,16470842;0,26851624;0,57717150;3,18805361;1,00000000
0,92460731;0,16470842;0,26882383;0,57671016;3,18805361;1,00000000
0,92467398;0,16470842;0,26882383;0,57640254;3,18805361;1,00000000
0,92474065;0,16470842;0,26882383;0,57594121;3,18805361;1,00000000
0,92480732;0,16486220;0,26882383;0,57547981;3,18774605;1,00000000
0,92487399;0,16486220;0,26882383;0,57501847;3,18743849;1,00000000
0,92494067;0,16486220;0,26882383;0,57471091;3,18713093;1,00000000
0,92500734;0,16486220;0,26882383;0,57455707;3,18682337;1,00000000
0,92507401;0,16486220;0,26913139;0,57440329;3,18682337;1,00000000
0,92514068;0,16501600;0,26913139;0,57409573;3,18682337;1,00000000
0,92520735;0,16501600;0,26882383;0,57363439;3,18682337;1,00000000
0,92527403;0,16516978;0,26882383;0,57332677;3,18713093;1,00000000
0,92534070;0,16516978;0,26882383;0,57301921;3,18713093;1,00000000
0,92540737;0,16532359;0,26913139;0,57271159;3,18651581;1,00000000
0,92547404;0,16532359;0,26913139;0,57225025;3,18620801;1,00000000
0,92554071;0,16532359;0,26943898;0,57209647;3,18590045;1,00000000
0,92560739;0,16532359;0,26913139;0,57163513;3,18590045;1,00000000
0,92567406;0,16532359;0,26882383;0,57132751;3,18590045;1,00000000
0,92574073;0,16532359;0,26851624;0,57101995;3,18590045;1,00000000
0,92580740;0,16547737;0,26851624;0,57086611;3,18620801;1,00000000
0,92587407;0,16563116;0,26851624;0,57071233;3,18620801;1,00000000
0,92594075;0,16563116;0,26820865;0,57040477;3,18559289;1,00000000
0,92600742;0,16563116;0,26820865;0,57025099;3,18528533;1,00000000
0,92607409;0,16563116;0,26820865;0,57009721;3,18467021;1,00000000
0,92614076;0,16563116;0,26820865;0,56994343;3,18467021;1,00000000
0,92620743;0,16578494;0,26790109;0,56994343;3,18467021;1,00000000
0,92627411;0,16578494;0,26759350;0,56994343;3,18467021;1,00000000
0,92634078;0,16578494;0,26759350;0,56994343;3,18528533;1,00000000
0,92640745;0,16578494;0,26759350;0,56994343;3,18467021;1,00000000
0,92647412;0,16578494;0,26728594;0,56994343;3,18436265;1,00000000
0,92654079;0,16578494;0,26728594;0,56994343;3,18405509;1,00000000
0,92660747;0,16578494;0,26728594;0,57009721;3,18374753;1,00000000
0,92667414;0,16563116;0,26697835;0,57009721;3,18374753;1,00000000
0,92674081;0,16547737;0,26667076;0,56994343;3,18405509;1,00000000
0,92680748;0,16532359;0,26636320;0,57009721;3,18405509;1,00000000
0,92687415;0,16532359;0,26605561;0,57025099;3,18374753;1,00000000
0,92694083;0,16532359;0,26605561;0,57025099;3,18374753;1,00000000
0,92700750;0,16532359;0,26605561;0,57040477;3,18374753;1,00000000
0,92707417;0,16532359;0,26605561;0,57071233;3,18374753;1,00000000
0,92714084;0,16532359;0,26636320;0,57086611;3,18374753;1,00000000
0,92720751;0,16532359;0,26636320;0,57117373;3,18343997;1,00000000
0,92727419;0,16532359;0,26605561;0,57163513;3,18343997;1,00000000
0,92734086;0,16532359;0,26574802;0,57178891;3,18374753;1,00000000
0,92740753;0,16532359;0,26544046;0,57225025;3,18405509;1,00000000
0,92747420;0,16532359;0,26544046;0,57240403;3,18374753;1,00000000
0,92754087;0,16532359;0,26544046;0,57271159;3,18374753;1,00000000
0,92760755;0,16532359;0,26544046;0,57317299;3,18374753;1,00000000
0,92767422;0,16532359;0,26544046;0,57363439;3,18374753;1,00000000
0,92774089;0,16532359;0,26574802;0,57409573;3,18405509;1,00000000
0,92780756;0,16532359;0,26605561;0,57455707;3,18467021;1,00000000
0,92787423;0,16532359;0,26605561;0,57501847;3,18467021;1,00000000
0,92794091;0,16532359;0,26605561;0,57547981;3,18436265;1,00000000
0,92800758;0,16532359;0,26605561;0,57578737;3,18436265;1,00000000
0,92807425;0,16532359;0,26636320;0,57624876;3,18436265;1,00000000
0,92814092;0,16532359;0,26667076;0,57686394;3,18436265;1,00000000
0,92820759;0,16532359;0,26636320;0,57732528;3,18467021;1,00000000
0,92827427;0,16532359;0,26667076;0,57778668;3,18528533;1,00000000
0,92834094;0,16547737;0,26697835;0,57840180;3,18559289;1,00000000
0,92840761;0,16547737;0,26697835;0,57886314;3,18590045;1,00000000
0,92847428;0,16563116;0,26697835;0,57947832;3,18590045;1,00000000
0,92854095;0,16563116;0,26728594;0,58009350;3,18590045;1,00000000
0,92860763;0,16563116;0,26759350;0,58055484;3,18590045;1,00000000
0,92867430;0,16578494;0,26790109;0,58101624;3,18620801;1,00000000
0,92874097;0,16578494;0,26759350;0,58147764;3,18651581;1,00000000
0,92880764;0,16578494;0,26759350;0,58193898;3,18682337;1,00000000
0,92887431;0,16578494;0,26728594;0,58240032;3,18713093;1,00000000
0,92894099;0,16593874;0,26697835;0,58301550;3,18743849;1,00000000
0,92900766;0,16593874;0,26697835;0,58332312;3,18743849;1,00000000
0,92907433;0,16593874;0,26697835;0,58393824;3,18774605;1,00000000
0,92914100;0,16593874;0,26728594;0,58439958;3,18774605;1,00000000
0,92920767;0,16593874;0,26759350;0,58470720;3,18774605;1,00000000
0,92927435;0,16593874;0,26790109;0,58516854;3,18805361;1,00000000
0,92934102;0,16593874;0,26820865;0,58547610;3,18836117;1,00000000
0,92940769;0,16593874;0,26820865;0,58578372;3,18866873;1,00000000
0,92947436;0,16593874;0,26851624;0,58624506;3,18897629;1,00000000
0,92954103;0,16609251;0,26851624;0,58655268;3,18928385;1,00000000
0,92960771;0,16609251;0,26851624;0,58701402;3,18928385;1,00000000
0,92967438;0,16609251;0,26882383;0,58732158;3,18928385;1,00000000
0,92974105;0,16624631;0,26913139;0,58778298;3,18928385;1,00000000
0,92980772;0,16640009;0,26943898;0,58809054;3,18959141;1,00000000
0,92987439;0,16655388;0,26943898;0,58839810;3,18928385;1,00000000
0,92994107;0,16670766;0,26974654;0,58855188;3,18928385;1,00000000
0,93000774;0,16686147;0,26943898;0,58885950;3,18959141;1,00000000
0,93007441;0,16686147;0,26913139;0,58901328;3,18959141;1,00000000
0,93014108;0,16686147;0,26913139;0,58901328;3,18959141;1,00000000
0,93020775;0,16686147;0,26913139;0,58901328;3,18959141;1,00000000
0,93027443;0,16686147;0,26913139;0,58901328;3,18959141;1,00000000
0,93034110;0,16686147;0,26943898;0,58901328;3,18959141;1,00000000
0,93040777;0,16686147;0,26943898;0,58901328;3,18928385;1,00000000
0,93047444;0,16686147;0,26943898;0,58901328;3,18928385;1,00000000
0,93054111;0,16686147;0,26974654;0,58901328;3,18959141;1,00000000
0,93060779;0,16686147;0,26943898;0,58932084;3,18959141;1,00000000
0,93067446;0,16686147;0,26943898;0,58932084;3,18959141;1,00000000
0,93074113;0,16686147;0,26943898;0,58932084;3,18959141;1,00000000
0,93080780;0,16686147;0,26943898;0,58932084;3,18959141;1,00000000
0,93087447;0,16686147;0,26943898;0,58932084;3,18928385;1,00000000
0,93094115;0,16686147;0,26974654;0,58932084;3,18928385;1,00000000
0,93100782;0,16670766;0,26943898;0,58932084;3,18959141;1,00000000
0,93107449;0,16670766;0,26913139;0,58932084;3,18959141;1,00000000
0,93114116;0,16670766;0,26882383;0,58901328;3,18959141;1,00000000
0,93120783;0,16655388;0,26851624;0,58885950;3,18959141;1,00000000
0,93127451;0,16670766;0,26851624;0,58870566;3,18959141;1,00000000
0,93134118;0,16670766;0,26851624;0,58855188;3,18928385;1,00000000
0,93140785;0,16670766;0,26851624;0,58839810;3,18866873;1,00000000
0,93147452;0,16670766;0,26882383;0,58839810;3,18897629;1,00000000
0,93154119;0,16670766;0,26851624;0,58839810;3,18897629;1,00000000
0,93160787;0,16670766;0,26851624;0,58824432;3,18897629;1,00000000
0,93167454;0,16670766;0,26851624;0,58824432;3,18897629;1,00000000
0,93174121;0,16670766;0,26851624;0,58809054;3,18866873;1,00000000
0,93180788;0,16670766;0,26851624;0,58809054;3,18866873;1,00000000
0,93187455;0,16670766;0,26882383;0,58793676;3,18866873;1,00000000
0,93194123;0,16670766;0,26913139;0,58762920;3,18866873;1,00000000
0,93200790;0,16670766;0,26943898;0,58732158;3,18897629;1,00000000
0,93207457;0,16670766;0,26943898;0,58732158;3,18897629;1,00000000
0,93214124;0,16670766;0,26943898;0,58716780;3,18897629;1,00000000
0,93220791;0,16670766;0,26943898;0,58686024;3,18866873;1,00000000
0,93227459;0,16670766;0,26943898;0,58655268;3,18866873;1,00000000
0,93234126;0,16670766;0,26943898;0,58639890;3,18836117;1,00000000
0,93240793;0,16686147;0,26943898;0,58609128;3,18805361;1,00000000
0,93247460;0,16701525;0,26943898;0,58609128;3,18836117;1,00000000
0,93254127;0,16701525;0,26974654;0,58578372;3,18836117;1,00000000
0,93260795;0,16701525;0,26943898;0,58547610;3,18866873;1,00000000
0,93267462;0,16686147;0,26943898;0,58532232;3,18866873;1,00000000
0,93274129;0,16686147;0,26943898;0,58501476;3,18866873;1,00000000
0,93280796;0,16686147;0,26913139;0,58455342;3,18866873;1,00000000
0,93287463;0,16686147;0,26943898;0,58439958;3,18866873;1,00000000
0,93294131;0,16686147;0,26943898;0,58393824;3,18836117;1,00000000
0,93300798;0,16670766;0,26913139;0,58363068;3,18836117;1,00000000
0,93307465;0,16670766;0,26943898;0,58332312;3,18866873;1,00000000
0,93314132;0,16670766;0,26943898;0,58316928;3,18866873;1,00000000
0,93320799;0,16670766;0,26943898;0,58270794;3,18866873;1,00000000
0,93327467;0,16670766;0,26974654;0,58240032;3,18866873;1,00000000
0,93334134;0,16670766;0,26943898;0,58209276;3,18866873;1,00000000
0,93340801;0,16670766;0,26943898;0,58178520;3,18866873;1,00000000
0,93347468;0,16655388;0,26913139;0,58147764;3,18866873;1,00000000
0,93354135;0,16655388;0,26913139;0,58117002;3,18866873;1,00000000
0,93360803;0,16655388;0,26913139;0,58070862;3,18866873;1,00000000
0,93367470;0,16640009;0,26943898;0,58040106;3,18866873;1,00000000
0,93374137;0,16640009;0,26943898;0,58009350;3,18866873;1,00000000
0,93380804;0,16640009;0,26943898;0,57978594;3,18866873;1,00000000
0,93387471;0,16640009;0,26913139;0,57947832;3,18866873;1,00000000
0,93394139;0,16640009;0,26913139;0,57917076;3,18866873;1,00000000
0,93400806;0,16640009;0,26913139;0,57886314;3,18866873;1,00000000
0,93407473;0,16640009;0,26913139;0,57855558;3,18866873;1,00000000
0,93414140;0,16624631;0,26913139;0,57840180;3,18866873;1,00000000
0,93420807;0,16624631;0,26943898;0,57809424;3,18866873;1,00000000
0,93427475;0,16624631;0,26974654;0,57778668;3,18897629;1,00000000
0,93434142;0,16624631;0,26943898;0,57763284;3,18897629;1,00000000
0,93440809;0,16624631;0,26943898;0,57732528;3,18897629;1,00000000
0,93447476;0,16624631;0,26943898;0,57701772;3,18897629;1,00000000
0,93454143;0,16624631;0,26913139;0,57671016;3,18897629;1,00000000
0,93460811;0,16624631;0,26943898;0,57655638;3,18897629;1,00000000
0,93467478;0,16609251;0,26943898;0,57624876;3,18866873;1,00000000
0,93474145;0,16609251;0,26974654;0,57609499;3,18866873;1,00000000
0,93480812;0,16609251;0,26974654;0,57578737;3,18836117;1,00000000
0,93487479;0,16593874;0,26943898;0,57563359;3,18836117;1,00000000
0,93494147;0,16593874;0,26913139;0,57532603;3,18836117;1,00000000
0,93500814;0,16593874;0,26913139;0,57517225;3,18836117;1,00000000
0,93507481;0,16593874;0,26913139;0,57501847;3,18836117;1,00000000
0,93514148;0,16593874;0,26943898;0,57501847;3,18866873;1,00000000
0,93520815;0,16578494;0,26974654;0,57486469;3,18836117;1,00000000
0,93527483;0,16578494;0,27005413;0,57486469;3,18866873;1,00000000
0,93534150;0,16563116;0,26974654;0,57471091;3,18866873;1,00000000
0,93540817;0,16547737;0,26943898;0,57455707;3,18897629;1,00000000
0,93547484;0,16532359;0,26943898;0,57455707;3,18928385;1,00000000
0,93554151;0,16532359;0,26913139;0,57471091;3,18928385;1,00000000
0,93560819;0,16547737;0,26943898;0,57455707;3,18928385;1,00000000
0,93567486;0,16547737;0,26974654;0,57455707;3,18928385;1,00000000
0,93574153;0,16547737;0,27005413;0,57455707;3,18959141;1,00000000
0,93580820;0,16547737;0,27036172;0,57471091;3,18928385;1,00000000
0,93587487;0,16547737;0,27066928;0,57471091;3,18959141;1,00000000
0,93594155;0,16563116;0,27036172;0,57471091;3,18989897;1,00000000
0,93600822;0,16563116;0,27036172;0,57471091;3,19020653;1,00000000
0,93607489;0,16563116;0,27036172;0,57471091;3,19051409;1,00000000
0,93614156;0,16563116;0,27036172;0,57471091;3,19051409;1,00000000
0,93620823;0,16547737;0,27036172;0,57471091;3,19051409;1,00000000
0,93627491;0,16547737;0,27066928;0,57501847;3,19020653;1,00000000
0,93634158;0,16547737;0,27066928;0,57501847;3,18989897;1,00000000
0,93640825;0,16547737;0,27066928;0,57517225;3,18989897;1,00000000
0,93647492;0,16547737;0,27097687;0,57547981;3,19020653;1,00000000
0,93654159;0,16563116;0,27097687;0,57578737;3,19020653;1,00000000
0,93660827;0,16563116;0,27066928;0,57609499;3,19020653;1,00000000
0,93667494;0,16563116;0,27066928;0,57640254;3,19020653;1,00000000
0,93674161;0,16563116;0,27066928;0,57655638;3,19020653;1,00000000
0,93680828;0,16563116;0,27066928;0,57671016;3,18989897;1,00000000
0,93687495;0,16563116;0,27097687;0,57701772;3,18959141;1,00000000
0,93694163;0,16563116;0,27128446;0,57732528;3,18989897;1,00000000
0,93700830;0,16578494;0,27128446;0,57747906;3,18989897;1,00000000
0,93707497;0,16578494;0,27097687;0,57778668;3,18989897;1,00000000
0,93714164;0,16578494;0,27066928;0,57809424;3,18989897;1,00000000
0,93720831;0,16593874;0,27066928;0,57840180;3,18989897;1,00000000
0,93727499;0,16609251;0,27066928;0,57855558;3,18959141;1,00000000
0,93734166;0,16609251;0,27066928;0,57870936;3,18897629;1,00000000
0,93740833;0,16624631;0,27066928;0,57901698;3,18866873;1,00000000
0,93747500;0,16624631;0,27066928;0,57917076;3,18836117;1,00000000
0,93754167;0,16624631;0,27066928;0,57947832;3,18836117;1,00000000
0,93760835;0,16624631;0,27066928;0,57978594;3,18836117;1,00000000
0,93767502;0,16624631;0,27066928;0,58009350;3,18805361;1,00000000
0,93774169;0,16624631;0,27066928;0,58040106;3,18774605;1,00000000
0,93780836;0,16624631;0,27066928;0,58055484;3,18743849;1,00000000
0,93787503;0,16624631;0,27097687;0,58070862;3,18743849;1,00000000
0,93794171;0,16609251;0,27097687;0,58101624;3,18713093;1,00000000
0,93800838;0,16609251;0,27128446;0,58117002;3,18682337;1,00000000
0,93807505;0,16593874;0,27097687;0,58147764;3,18620801;1,00000000
0,93814172;0,16609251;0,27066928;0,58163142;3,18590045;1,00000000
0,93820839;0,16609251;0,27036172;0,58193898;3,18559289;1,00000000
0,93827507;0,16624631;0,27005413;0,58224654;3,18528533;1,00000000
0,93834174;0,16640009;0,27005413;0,58240032;3,18528533;1,00000000
0,93840841;0,16655388;0,27005413;0,58255410;3,18528533;1,00000000
0,93847508;0,16640009;0,26974654;0,58270794;3,18467021;1,00000000
0,93854175;0,16624631;0,26974654;0,58286172;3,18436265;1,00000000
0,93860843;0,16609251;0,26974654;0,58301550;3,18374753;1,00000000
0,93867510;0,16609251;0,26943898;0,58332312;3,18343997;1,00000000
0,93874177;0,16609251;0,26943898;0,58347690;3,18282485;1,00000000
0,93880844;0,16609251;0,26913139;0,58378446;3,18220973;1,00000000
0,93887511;0,16593874;0,26882383;0,58409202;3,18220973;1,00000000
0,93894179;0,16578494;0,26851624;0,58424580;3,18220973;1,00000000
0,93900846;0,16578494;0,26851624;0,58455342;3,18220973;1,00000000
0,93907513;0,16578494;0,26851624;0,58470720;3,18190217;1,00000000
0,93914180;0,16563116;0,26851624;0,58486098;3,18128681;1,00000000
0,93920847;0,16563116;0,26820865;0,58516854;3,18067169;1,00000000
0,93927515;0,16563116;0,26790109;0,58547610;3,18036413;1,00000000
0,93934182;0,16547737;0,26790109;0,58562988;3,18036413;1,00000000
0,93940849;0,16532359;0,26790109;0,58593750;3,18036413;1,00000000
0,93947516;0,16532359;0,26759350;0,58624506;3,18036413;1,00000000
0,93954183;0,16516978;0,26759350;0,58624506;3,18036413;1,00000000
0,93960851;0,16516978;0,26759350;0,58639890;3,18005657;1,00000000
0,93967518;0,16516978;0,26728594;0,58655268;3,17974901;1,00000000
0,93974185;0,16501600;0,26728594;0,58670646;3,17974901;1,00000000
0,93980852;0,16501600;0,26728594;0,58686024;3,17974901;1,00000000
0,93987519;0,16501600;0,26697835;0,58701402;3,17974901;1,00000000
0,93994187;0,16486220;0,26667076;0,58716780;3,17974901;1,00000000
0,94000854;0,16470842;0,26667076;0,58732158;3,18005657;1,00000000
0,94007521;0,16470842;0,26667076;0,58747536;3,17944145;1,00000000
0,94014188;0,16455463;0,26697835;0,58762920;3,17974901;1,00000000
0,94020855;0,16455463;0,26697835;0,58762920;3,17974901;1,00000000
0,94027523;0,16440085;0,26667076;0,58778298;3,17974901;1,00000000
0,94034190;0,16440085;0,26667076;0,58809054;3,18005657;1,00000000
0,94040857;0,16424704;0,26636320;0,58839810;3,18005657;1,00000000
0,94047524;0,16424704;0,26605561;0,58839810;3,18036413;1,00000000
0,94054191;0,16424704;0,26574802;0,58855188;3,18005657;1,00000000
0,94060859;0,16424704;0,26574802;0,58870566;3,18005657;1,00000000
0,94067526;0,16424704;0,26605561;0,58885950;3,18005657;1,00000000
0,94074193;0,16409326;0,26605561;0,58885950;3,18005657;1,00000000
0,94080860;0,16409326;0,26574802;0,58901328;3,18005657;1,00000000
0,94087527;0,16424704;0,26605561;0,58901328;3,18036413;1,00000000
0,94094195;0,16424704;0,26574802;0,58901328;3,18067169;1,00000000
0,94100862;0,16440085;0,26544046;0,58885950;3,18067169;1,00000000
0,94107529;0,16440085;0,26544046;0,58885950;3,18097925;1,00000000
0,94114196;0,16440085;0,26574802;0,58901328;3,18097925;1,00000000
0,94120863;0,16440085;0,26605561;0,58916706;3,18097925;1,00000000
0,94127531;0,16455463;0,26636320;0,58916706;3,18097925;1,00000000
0,94134198;0,16455463;0,26636320;0,58901328;3,18097925;1,00000000
0,94140865;0,16455463;0,26636320;0,58885950;3,18097925;1,00000000
0,94147532;0,16455463;0,26636320;0,58870566;3,18128681;1,00000000
0,94154199;0,16470842;0,26605561;0,58870566;3,18190217;1,00000000
0,94160867;0,16486220;0,26574802;0,58870566;3,18190217;1,00000000
0,94167534;0,16501600;0,26574802;0,58870566;3,18190217;1,00000000
0,94174201;0,16516978;0,26605561;0,58855188;3,18190217;1,00000000
0,94180868;0,16532359;0,26636320;0,58839810;3,18190217;1,00000000
0,94187535;0,16532359;0,26636320;0,58824432;3,18220973;1,00000000
0,94194203;0,16532359;0,26636320;0,58809054;3,18251729;1,00000000
0,94200870;0,16547737;0,26636320;0,58793676;3,18282485;1,00000000
0,94207537;0,16547737;0,26605561;0,58762920;3,18282485;1,00000000
0,94214204;0,16563116;0,26574802;0,58732158;3,18282485;1,00000000
0,94220871;0,16563116;0,26574802;0,58701402;3,18282485;1,00000000
0,94227539;0,16563116;0,26605561;0,58686024;3,18282485;1,00000000
0,94234206;0,16563116;0,26636320;0,58655268;3,18251729;1,00000000
0,94240873;0,16563116;0,26636320;0,58639890;3,18282485;1,00000000
0,94247540;0,16578494;0,26605561;0,58624506;3,18282485;1,00000000
0,94254207;0,16578494;0,26574802;0,58609128;3,18282485;1,00000000
0,94260875;0,16593874;0,26544046;0,58578372;3,18282485;1,00000000
0,94267542;0,16609251;0,26544046;0,58547610;3,18282485;1,00000000
0,94274209;0,16624631;0,26574802;0,58516854;3,18282485;1,00000000
0,94280876;0,16624631;0,26574802;0,58486098;3,18282485;1,00000000
0,94287543;0,16609251;0,26605561;0,58470720;3,18282485;1,00000000
0,94294211;0,16624631;0,26605561;0,58455342;3,18282485;1,00000000
0,94300878;0,16624631;0,26605561;0,58424580;3,18313241;1,00000000
0,94307545;0,16640009;0,26605561;0,58393824;3,18313241;1,00000000
0,94314212;0,16655388;0,26574802;0,58378446;3,18313241;1,00000000
0,94320879;0,16655388;0,26544046;0,58347690;3,18313241;1,00000000
0,94327547;0,16655388;0,26574802;0,58301550;3,18313241;1,00000000
0,94334214;0,16670766;0,26605561;0,58255410;3,18313241;1,00000000
0,94340881;0,16670766;0,26574802;0,58209276;3,18313241;1,00000000
0,94347548;0,16686147;0,26605561;0,58163142;3,18343997;1,00000000
0,94354215;0,16701525;0,26605561;0,58117002;3,18343997;1,00000000
0,94360883;0,16716905;0,26605561;0,58086246;3,18343997;1,00000000
0,94367550;0,16716905;0,26574802;0,58040106;3,18343997;1,00000000
0,94374217;0,16716905;0,26605561;0,58009350;3,18374753;1,00000000
0,94380884;0,16716905;0,26605561;0,57978594;3,18343997;1,00000000
0,94387551;0,16716905;0,26605561;0,57932454;3,18374753;1,00000000
0,94394219;0,16716905;0,26636320;0,57901698;3,18405509;1,00000000
0,94400886;0,16732283;0,26636320;0,57870936;3,18405509;1,00000000
0,94407553;0,16732283;0,26636320;0,57840180;3,18405509;1,00000000
0,94414220;0,16747662;0,26636320;0,57794046;3,18405509;1,00000000
0,94420887;0,16763040;0,26605561;0,57763284;3,18405509;1,00000000
0,94427555;0,16778421;0,26574802;0,57732528;3,18436265;1,00000000
0,94434222;0,16793799;0,26605561;0,57686394;3,18436265;1,00000000
0,94440889;0,16809179;0,26636320;0,57655638;3,18405509;1,00000000
0,94447556;0,16809179;0,26667076;0,57624876;3,18374753;1,00000000
0,94454223;0,16809179;0,26697835;0,57594121;3,18405509;1,00000000
0,94460891;0,16824557;0,26697835;0,57563359;3,18405509;1,00000000
0,94467558;0,16824557;0,26697835;0,57517225;3,18405509;1,00000000
0,94474225;0,16824557;0,26667076;0,57471091;3,18405509;1,00000000
0,94480892;0,16824557;0,26636320;0,57424951;3,18374753;1,00000000
0,94487559;0,16824557;0,26636320;0,57378817;3,18343997;1,00000000
0,94494227;0,16824557;0,26636320;0,57363439;3,18343997;1,00000000
0,94500894;0,16824557;0,26667076;0,57317299;3,18374753;1,00000000
0,94507561;0,16839936;0,26697835;0,57301921;3,18374753;1,00000000
0,94514228;0,16855314;0,26697835;0,57271159;3,18374753;1,00000000
0,94520895;0,16870694;0,26697835;0,57240403;3,18374753;1,00000000
0,94527563;0,16886072;0,26697835;0,57178891;3,18405509;1,00000000
0,94534230;0,16901451;0,26697835;0,57148129;3,18343997;1,00000000
0,94540897;0,16916829;0,26667076;0,57117373;3,18282485;1,00000000
0,94547564;0,16916829;0,26667076;0,57101995;3,18251729;1,00000000
0,94554231;0,16932210;0,26697835;0,57071233;3,18251729;1,00000000
0,94560899;0,16932210;0,26697835;0,57040477;3,18251729;1,00000000
0,94567566;0,16932210;0,26697835;0,57009721;3,18251729;1,00000000
0,94574233;0,16932210;0,26667076;0,56994343;3,18282485;1,00000000
0,94580900;0,16932210;0,26697835;0,56978959;3,18313241;1,00000000
0,94587567;0,16932210;0,26667076;0,56948203;3,18282485;1,00000000
0,94594235;0,16932210;0,26667076;0,56948203;3,18220973;1,00000000
0,94600902;0,16916829;0,26667076;0,56917441;3,18159461;1,00000000
0,94607569;0,16916829;0,26667076;0,56917441;3,18159461;1,00000000
0,94614236;0,16932210;0,26667076;0,56902063;3,18159461;1,00000000
0,94620903;0,16932210;0,26667076;0,56902063;3,18159461;1,00000000
0,94627571;0,16932210;0,26667076;0,56902063;3,18159461;1,00000000
0,94634238;0,16932210;0,26636320;0,56902063;3,18159461;1,00000000
0,94640905;0,16916829;0,26605561;0,56902063;3,18097925;1,00000000
0,94647572;0,16916829;0,26605561;0,56902063;3,18036413;1,00000000
0,94654239;0,16916829;0,26574802;0,56902063;3,18005657;1,00000000
0,94660907;0,16901451;0,26544046;0,56917441;3,18005657;1,00000000
0,94667574;0,16901451;0,26544046;0,56917441;3,18005657;1,00000000
0,94674241;0,16901451;0,26544046;0,56932825;3,18005657;1,00000000
0,94680908;0,16901451;0,26513287;0,56932825;3,18005657;1,00000000
0,94687575;0,16886072;0,26482528;0,56948203;3,18005657;1,00000000
0,94694243;0,16870694;0,26451772;0,56963581;3,17974901;1,00000000
0,94700910;0,16855314;0,26421013;0,56994343;3,17944145;1,00000000
0,94707577;0,16839936;0,26421013;0,57009721;3,17913389;1,00000000
0,94714244;0,16839936;0,26451772;0,57040477;3,17913389;1,00000000
0,94720911;0,16839936;0,26451772;0,57071233;3,17913389;1,00000000
0,94727579;0,16839936;0,26451772;0,57101995;3,17913389;1,00000000
0,94734246;0,16839936;0,26451772;0,57148129;3,17913389;1,00000000
0,94740913;0,16839936;0,26421013;0,57178891;3,17913389;1,00000000
0,94747580;0,16839936;0,26421013;0,57209647;3,17974901;1,00000000
0,94754247;0,16839936;0,26421013;0,57271159;3,17974901;1,00000000
0,94760915;0,16839936;0,26390257;0,57301921;3,17974901;1,00000000
0,94767582;0,16839936;0,26390257;0,57332677;3,17974901;1,00000000
0,94774249;0,16839936;0,26421013;0,57378817;3,17974901;1,00000000
0,94780916;0,16839936;0,26451772;0,57409573;3,17974901;1,00000000
0,94787583;0,16839936;0,26482528;0,57455707;3,17974901;1,00000000
0,94794251;0,16839936;0,26513287;0,57501847;3,18036413;1,00000000
0,94800918;0,16839936;0,26482528;0,57547981;3,18067169;1,00000000
0,94807585;0,16839936;0,26482528;0,57594121;3,18067169;1,00000000
0,94814252;0,16839936;0,26482528;0,57624876;3,18067169;1,00000000
0,94820919;0,16839936;0,26513287;0,57686394;3,18067169;1,00000000
0,94827587;0,16839936;0,26513287;0,57747906;3,18067169;1,00000000
0,94834254;0,16839936;0,26513287;0,57809424;3,18067169;1,00000000
0,94840921;0,16839936;0,26544046;0,57870936;3,18128681;1,00000000
0,94847588;0,16839936;0,26574802;0,57932454;3,18190217;1,00000000
0,94854255;0,16839936;0,26574802;0,57978594;3,18220973;1,00000000
0,94860923;0,16839936;0,26605561;0,58009350;3,18190217;1,00000000
0,94867590;0,16839936;0,26605561;0,58055484;3,18190217;1,00000000
0,94874257;0,16839936;0,26636320;0,58101624;3,18190217;1,00000000
0,94880924;0,16839936;0,26667076;0,58147764;3,18220973;1,00000000
0,94887591;0,16839936;0,26697835;0,58178520;3,18220973;1,00000000
0,94894259;0,16839936;0,26697835;0,58224654;3,18251729;1,00000000
0,94900926;0,16839936;0,26697835;0,58286172;3,18282485;1,00000000
0,94907593;0,16839936;0,26697835;0,58347690;3,18313241;1,00000000
0,94914260;0,16839936;0,26728594;0,58393824;3,18343997;1,00000000
0,94920927;0,16839936;0,26728594;0,58439958;3,18343997;1,00000000
0,94927595;0,16839936;0,26759350;0,58486098;3,18374753;1,00000000
0,94934262;0,16839936;0,26790109;0,58532232;3,18374753;1,00000000
0,94940929;0,16855314;0,26790109;0,58562988;3,18374753;1,00000000
0,94947596;0,16839936;0,26790109;0,58609128;3,18374753;1,00000000
0,94954263;0,16839936;0,26790109;0,58639890;3,18374753;1,00000000
0,94960931;0,16855314;0,26790109;0,58670646;3,18374753;1,00000000
0,94967598;0,16855314;0,26820865;0,58716780;3,18405509;1,00000000
0,94974265;0,16855314;0,26820865;0,58732158;3,18374753;1,00000000
0,94980932;0,16855314;0,26851624;0,58762920;3,18374753;1,00000000
0,94987599;0,16855314;0,26882383;0,58793676;3,18374753;1,00000000
0,94994267;0,16855314;0,26851624;0,58809054;3,18374753;1,00000000
0,95000934;0,16855314;0,26851624;0,58855188;3,18374753;1,00000000
0,95007601;0,16870694;0,26851624;0,58885950;3,18374753;1,00000000
0,95014268;0,16870694;0,26851624;0,58916706;3,18374753;1,00000000
0,95020935;0,16870694;0,26882383;0,58932084;3,18374753;1,00000000
0,95027603;0,16870694;0,26882383;0,58978224;3,18374753;1,00000000
0,95034270;0,16870694;0,26882383;0,58993602;3,18343997;1,00000000
0,95040937;0,16870694;0,26913139;0,59008980;3,18343997;1,00000000
0,95047604;0,16870694;0,26943898;0,59024358;3,18343997;1,00000000
0,95054271;0,16870694;0,26974654;0,59024358;3,18343997;1,00000000
0,95060939;0,16870694;0,27005413;0,59024358;3,18343997;1,00000000
0,95067606;0,16870694;0,26974654;0,59039736;3,18374753;1,00000000
0,95074273;0,16870694;0,26974654;0,59055120;3,18405509;1,00000000
0,95080940;0,16855314;0,26974654;0,59070498;3,18374753;1,00000000
0,95087607;0,16839936;0,26974654;0,59070498;3,18374753;1,00000000
0,95094275;0,16839936;0,26974654;0,59070498;3,18374753;1,00000000
0,95100942;0,16839936;0,27005413;0,59070498;3,18374753;1,00000000
0,95107609;0,16824557;0,27036172;0,59070498;3,18343997;1,00000000
0,95114276;0,16824557;0,27036172;0,59070498;3,18313241;1,00000000
0,95120943;0,16824557;0,27036172;0,59055120;3,18313241;1,00000000
0,95127611;0,16824557;0,27005413;0,59055120;3,18313241;1,00000000
0,95134278;0,16824557;0,26974654;0,59039736;3,18282485;1,00000000
0,95140945;0,16824557;0,26974654;0,59008980;3,18251729;1,00000000
0,95147612;0,16824557;0,26974654;0,59008980;3,18251729;1,00000000
0,95154279;0,16824557;0,26943898;0,58993602;3,18251729;1,00000000
0,95160947;0,16824557;0,26943898;0,58993602;3,18251729;1,00000000
0,95167614;0,16824557;0,26943898;0,58993602;3,18251729;1,00000000
0,95174281;0,16824557;0,26943898;0,58978224;3,18220973;1,00000000
0,95180948;0,16839936;0,26943898;0,58962846;3,18251729;1,00000000
0,95187615;0,16839936;0,26943898;0,58932084;3,18282485;1,00000000
0,95194283;0,16839936;0,26974654;0,58916706;3,18282485;1,00000000
0,95200950;0,16824557;0,26974654;0,58901328;3,18282485;1,00000000
0,95207617;0,16824557;0,26974654;0,58870566;3,18313241;1,00000000
0,95214284;0,16824557;0,26974654;0,58855188;3,18313241;1,00000000
0,95220951;0,16824557;0,26943898;0,58824432;3,18282485;1,00000000
0,95227619;0,16824557;0,26913139;0,58809054;3,18313241;1,00000000
0,95234286;0,16824557;0,26913139;0,58778298;3,18313241;1,00000000
0,95240953;0,16824557;0,26913139;0,58762920;3,18343997;1,00000000
0,95247620;0,16824557;0,26913139;0,58747536;3,18343997;1,00000000
0,95254287;0,16824557;0,26913139;0,58716780;3,18343997;1,00000000
0,95260955;0,16824557;0,26913139;0,58670646;3,18343997;1,00000000
0,95267622;0,16809179;0,26882383;0,58639890;3,18343997;1,00000000
0,95274289;0,16809179;0,26851624;0,58609128;3,18343997;1,00000000
0,95280956;0,16809179;0,26851624;0,58578372;3,18313241;1,00000000
0,95287623;0,16809179;0,26820865;0,58547610;3,18343997;1,00000000
0,95294291;0,16824557;0,26790109;0,58516854;3,18343997;1,00000000
0,95300958;0,16809179;0,26790109;0,58486098;3,18343997;1,00000000
0,95307625;0,16809179;0,26790109;0,58455342;3,18343997;1,00000000
0,95314292;0,16809179;0,26790109;0,58439958;3,18343997;1,00000000
0,95320959;0,16793799;0,26790109;0,58409202;3,18343997;1,00000000
0,95327627;0,16793799;0,26790109;0,58378446;3,18343997;1,00000000
0,95334294;0,16793799;0,26759350;0,58347690;3,18374753;1,00000000
0,95340961;0,16793799;0,26759350;0,58332312;3,18405509;1,00000000
0,95347628;0,16793799;0,26759350;0,58301550;3,18405509;1,00000000
0,95354295;0,16793799;0,26728594;0,58270794;3,18405509;1,00000000
0,95360963;0,16778421;0,26728594;0,58240032;3,18405509;1,00000000
0,95367630;0,16778421;0,26759350;0,58209276;3,18405509;1,00000000
0,95374297;0,16778421;0,26759350;0,58178520;3,18405509;1,00000000
0,95380964;0,16763040;0,26759350;0,58147764;3,18405509;1,00000000
0,95387631;0,16778421;0,26790109;0,58117002;3,18436265;1,00000000
0,95394299;0,16778421;0,26759350;0,58086246;3,18405509;1,00000000
0,95400966;0,16778421;0,26728594;0,58040106;3,18405509;1,00000000
0,95407633;0,16763040;0,26728594;0,58009350;3,18405509;1,00000000
0,95414300;0,16763040;0,26759350;0,57978594;3,18405509;1,00000000
0,95420967;0,16763040;0,26759350;0,57947832;3,18405509;1,00000000
0,95427635;0,16747662;0,26728594;0,57932454;3,18405509;1,00000000
0,95434302;0,16732283;0,26728594;0,57917076;3,18405509;1,00000000
0,95440969;0,16732283;0,26728594;0,57901698;3,18436265;1,00000000
0,95447636;0,16716905;0,26728594;0,57870936;3,18436265;1,00000000
0,95454303;0,16701525;0,26728594;0,57855558;3,18467021;1,00000000
0,95460971;0,16686147;0,26697835;0,57824802;3,18467021;1,00000000
0,95467638;0,16686147;0,26697835;0,57809424;3,18467021;1,00000000
0,95474305;0,16686147;0,26697835;0,57794046;3,18467021;1,00000000
0,95480972;0,16670766;0,26667076;0,57763284;3,18467021;1,00000000
0,95487639;0,16670766;0,26667076;0,57763284;3,18467021;1,00000000
0,95494307;0,16670766;0,26667076;0,57763284;3,18467021;1,00000000
0,95500974;0,16670766;0,26667076;0,57747906;3,18559289;1,00000000
0,95507641;0,16670766;0,26636320;0,57747906;3,18559289;1,00000000
0,95514308;0,16670766;0,26636320;0,57732528;3,18559289;1,00000000
0,95520975;0,16655388;0,26636320;0,57732528;3,18559289;1,00000000
0,95527643;0,16655388;0,26636320;0,57717150;3,18559289;1,00000000
0,95534310;0,16640009;0,26636320;0,57701772;3,18559289;1,00000000
0,95540977;0,16624631;0,26636320;0,57701772;3,18559289;1,00000000
0,95547644;0,16609251;0,26605561;0,57701772;3,18590045;1,00000000
0,95554311;0,16624631;0,26636320;0,57701772;3,18651581;1,00000000
0,95560979;0,16624631;0,26667076;0,57701772;3,18651581;1,00000000
0,95567646;0,16624631;0,26667076;0,57717150;3,18682337;1,00000000
0,95574313;0,16624631;0,26697835;0,57717150;3,18713093;1,00000000
0,95580980;0,16609251;0,26728594;0,57717150;3,18743849;1,00000000
0,95587647;0,16624631;0,26728594;0,57717150;3,18774605;1,00000000
0,95594315;0,16640009;0,26759350;0,57717150;3,18774605;1,00000000
0,95600982;0,16640009;0,26759350;0,57717150;3,18774605;1,00000000
0,95607649;0,16624631;0,26790109;0,57732528;3,18774605;1,00000000
0,95614316;0,16624631;0,26790109;0,57747906;3,18774605;1,00000000
0,95620983;0,16624631;0,26790109;0,57763284;3,18774605;1,00000000
0,95627651;0,16624631;0,26820865;0,57778668;3,18774605;1,00000000
0,95634318;0,16609251;0,26851624;0,57794046;3,18805361;1,00000000
0,95640985;0,16609251;0,26882383;0,57824802;3,18805361;1,00000000
0,95647652;0,16609251;0,26882383;0,57840180;3,18805361;1,00000000
0,95654319;0,16609251;0,26913139;0,57855558;3,18805361;1,00000000
0,95660987;0,16624631;0,26913139;0,57870936;3,18805361;1,00000000
0,95667654;0,16624631;0,26913139;0,57901698;3,18805361;1,00000000
0,95674321;0,16624631;0,26913139;0,57932454;3,18774605;1,00000000
0,95680988;0,16624631;0,26943898;0,57947832;3,18743849;1,00000000
0,95687655;0,16624631;0,26974654;0,57978594;3,18743849;1,00000000
0,95694323;0,16624631;0,27005413;0,58009350;3,18743849;1,00000000
0,95700990;0,16624631;0,27036172;0,58040106;3,18743849;1,00000000
0,95707657;0,16624631;0,27036172;0,58070862;3,18713093;1,00000000
0,95714324;0,16640009;0,27036172;0,58101624;3,18743849;1,00000000
0,95720991;0,16640009;0,27036172;0,58132380;3,18774605;1,00000000
0,95727659;0,16640009;0,27005413;0,58163142;3,18743849;1,00000000
0,95734326;0,16640009;0,27036172;0,58193898;3,18713093;1,00000000
0,95740993;0,16640009;0,27066928;0,58209276;3,18651581;1,00000000
0,95747660;0,16655388;0,27097687;0,58209276;3,18620801;1,00000000
0,95754327;0,16655388;0,27097687;0,58255410;3,18590045;1,00000000
0,95760995;0,16655388;0,27097687;0,58286172;3,18590045;1,00000000
0,95767662;0,16670766;0,27097687;0,58316928;3,18590045;1,00000000
0,95774329;0,16670766;0,27066928;0,58347690;3,18590045;1,00000000
0,95780996;0,16670766;0,27036172;0,58363068;3,18559289;1,00000000
0,95787663;0,16686147;0,27036172;0,58378446;3,18528533;1,00000000
0,95794331;0,16670766;0,27036172;0,58409202;3,18436265;1,00000000
0,95800998;0,16655388;0,27036172;0,58439958;3,18405509;1,00000000
0,95807665;0,16655388;0,27036172;0,58470720;3,18374753;1,00000000
0,95814332;0,16670766;0,27036172;0,58486098;3,18343997;1,00000000
0,95820999;0,16686147;0,27005413;0,58501476;3,18343997;1,00000000
0,95827667;0,16670766;0,26974654;0,58516854;3,18343997;1,00000000
0,95834334;0,16670766;0,26943898;0,58532232;3,18343997;1,00000000
0,95841001;0,16686147;0,26943898;0,58562988;3,18313241;1,00000000
0,95847668;0,16686147;0,26974654;0,58593750;3,18251729;1,00000000
0,95854335;0,16686147;0,27005413;0,58639890;3,18190217;1,00000000
0,95861003;0,16686147;0,27005413;0,58655268;3,18128681;1,00000000
0,95867670;0,16670766;0,27005413;0,58655268;3,18097925;1,00000000
0,95874337;0,16670766;0,26974654;0,58670646;3,18097925;1,00000000
0,95881004;0,16655388;0,26943898;0,58701402;3,18097925;1,00000000
0,95887671;0,16655388;0,26913139;0,58732158;3,18097925;1,00000000
0,95894339;0,16655388;0,26913139;0,58747536;3,18067169;1,00000000
0,95901006;0,16655388;0,26913139;0,58778298;3,18005657;1,00000000
0,95907673;0,16655388;0,26913139;0,58809054;3,17944145;1,00000000
0,95914340;0,16655388;0,26943898;0,58824432;3,17913389;1,00000000
0,95921007;0,16640009;0,26943898;0,58839810;3,17882633;1,00000000
0,95927675;0,16640009;0,26913139;0,58870566;3,17882633;1,00000000
0,95934342;0,16640009;0,26882383;0,58885950;3,17882633;1,00000000
0,95941009;0,16624631;0,26851624;0,58901328;3,17882633;1,00000000
0,95947676;0,16624631;0,26851624;0,58947468;3,17821121;1,00000000
0,95954343;0,16609251;0,26851624;0,58962846;3,17821121;1,00000000
0,95961011;0,16624631;0,26851624;0,58993602;3,17821121;1,00000000
0,95967678;0,16609251;0,26851624;0,59008980;3,17821121;1,00000000
0,95974345;0,16593874;0,26882383;0,59024358;3,17821121;1,00000000
0,95981012;0,16578494;0,26851624;0,59055120;3,17821121;1,00000000
0,95987679;0,16578494;0,26851624;0,59070498;3,17821121;1,00000000
0,95994347;0,16578494;0,26820865;0,59070498;3,17790365;1,00000000
0,96001014;0,16563116;0,26820865;0,59070498;3,17728853;1,00000000
0,96007681;0,16563116;0,26820865;0,59085876;3,17698097;1,00000000
0,96014348;0,16563116;0,26790109;0,59101254;3,17698097;1,00000000
0,96021015;0,16547737;0,26820865;0,59116638;3,17698097;1,00000000
0,96027683;0,16547737;0,26820865;0,59132016;3,17698097;1,00000000
0,96034350;0,16547737;0,26820865;0,59147394;3,17728853;1,00000000
0,96041017;0,16532359;0,26790109;0,59162772;3,17728853;1,00000000
0,96047684;0,16547737;0,26790109;0,59178150;3,17728853;1,00000000
0,96054351;0,16547737;0,26759350;0,59193528;3,17728853;1,00000000
0,96061019;0,16532359;0,26759350;0,59208906;3,17728853;1,00000000
0,96067686;0,16532359;0,26759350;0,59224284;3,17728853;1,00000000
0,96074353;0,16532359;0,26790109;0,59239668;3,17728853;1,00000000
0,96081020;0,16547737;0,26759350;0,59239668;3,17698097;1,00000000
0,96087687;0,16563116;0,26790109;0,59255046;3,17728853;1,00000000
0,96094355;0,16578494;0,26790109;0,59270424;3,17728853;1,00000000
0,96101022;0,16593874;0,26759350;0,59270424;3,17728853;1,00000000
0,96107689;0,16593874;0,26759350;0,59270424;3,17728853;1,00000000
0,96114356;0,16609251;0,26759350;0,59270424;3,17728853;1,00000000
0,96121023;0,16609251;0,26728594;0,59270424;3,17728853;1,00000000
0,96127691;0,16609251;0,26759350;0,59270424;3,17759609;1,00000000
0,96134358;0,16609251;0,26790109;0,59255046;3,17759609;1,00000000
0,96141025;0,16593874;0,26790109;0,59239668;3,17790365;1,00000000
0,96147692;0,16593874;0,26759350;0,59224284;3,17790365;1,00000000
0,96154359;0,16593874;0,26728594;0,59224284;3,17790365;1,00000000
0,96161027;0,16593874;0,26728594;0,59208906;3,17790365;1,00000000
0,96167694;0,16578494;0,26759350;0,59208906;3,17790365;1,00000000
0,96174361;0,16593874;0,26790109;0,59193528;3,17821121;1,00000000
0,96181028;0,16609251;0,26790109;0,59178150;3,17851877;1,00000000
0,96187695;0,16609251;0,26820865;0,59162772;3,17913389;1,00000000
0,96194363;0,16609251;0,26820865;0,59147394;3,17913389;1,00000000
0,96201030;0,16624631;0,26820865;0,59116638;3,17913389;1,00000000
0,96207697;0,16640009;0,26820865;0,59085876;3,17913389;1,00000000
0,96214364;0,16624631;0,26820865;0,59070498;3,17944145;1,00000000
0,96221031;0,16624631;0,26790109;0,59039736;3,17944145;1,00000000
0,96227699;0,16609251;0,26790109;0,59008980;3,17974901;1,00000000
0,96234366;0,16609251;0,26820865;0,59008980;3,17944145;1,00000000
0,96241033;0,16609251;0,26820865;0,58978224;3,17974901;1,00000000
0,96247700;0,16593874;0,26851624;0,58932084;3,18005657;1,00000000
0,96254367;0,16593874;0,26882383;0,58901328;3,18005657;1,00000000
0,96261035;0,16593874;0,26882383;0,58870566;3,18036413;1,00000000
0,96267702;0,16609251;0,26851624;0,58824432;3,18036413;1,00000000
0,96274369;0,16624631;0,26851624;0,58793676;3,18036413;1,00000000
0,96281036;0,16640009;0,26851624;0,58762920;3,18036413;1,00000000
0,96287703;0,16655388;0,26820865;0,58732158;3,18005657;1,00000000
0,96294371;0,16670766;0,26851624;0,58701402;3,18005657;1,00000000
0,96301038;0,16686147;0,26882383;0,58655268;3,18036413;1,00000000
0,96307705;0,16686147;0,26913139;0,58624506;3,18067169;1,00000000
0,96314372;0,16701525;0,26882383;0,58578372;3,18067169;1,00000000
0,96321039;0,16701525;0,26882383;0,58532232;3,18097925;1,00000000
0,96327707;0,16701525;0,26882383;0,58486098;3,18097925;1,00000000
0,96334374;0,16716905;0,26851624;0,58439958;3,18097925;1,00000000
0,96341041;0,16716905;0,26851624;0,58393824;3,18067169;1,00000000
0,96347708;0,16732283;0,26851624;0,58347690;3,18097925;1,00000000
0,96354375;0,16747662;0,26851624;0,58301550;3,18128681;1,00000000
0,96361043;0,16763040;0,26882383;0,58255410;3,18128681;1,00000000
0,96367710;0,16778421;0,26913139;0,58224654;3,18159461;1,00000000
0,96374377;0,16778421;0,26913139;0,58178520;3,18159461;1,00000000
0,96381044;0,16778421;0,26882383;0,58117002;3,18159461;1,00000000
0,96387711;0,16778421;0,26913139;0,58086246;3,18159461;1,00000000
0,96394379;0,16793799;0,26913139;0,58040106;3,18128681;1,00000000
0,96401046;0,16793799;0,26943898;0,57993972;3,18159461;1,00000000
0,96407713;0,16809179;0,26974654;0,57932454;3,18220973;1,00000000
0,96414380;0,16824557;0,27005413;0,57901698;3,18282485;1,00000000
0,96421047;0,16839936;0,26974654;0,57855558;3,18313241;1,00000000
0,96427715;0,16839936;0,27005413;0,57824802;3,18313241;1,00000000
0,96434382;0,16839936;0,27005413;0,57794046;3,18313241;1,00000000
0,96441049;0,16855314;0,27036172;0,57747906;3,18313241;1,00000000
0,96447716;0,16870694;0,27036172;0,57717150;3,18313241;1,00000000
0,96454383;0,16886072;0,27036172;0,57686394;3,18282485;1,00000000
0,96461051;0,16886072;0,27066928;0,57640254;3,18313241;1,00000000
0,96467718;0,16886072;0,27097687;0,57609499;3,18282485;1,00000000
0,96474385;0,16901451;0,27097687;0,57563359;3,18251729;1,00000000
0,96481052;0,16916829;0,27097687;0,57517225;3,18251729;1,00000000
0,96487719;0,16932210;0,27066928;0,57486469;3,18251729;1,00000000
0,96494387;0,16947588;0,27066928;0,57440329;3,18251729;1,00000000
0,96501054;0,16962968;0,27036172;0,57394195;3,18220973;1,00000000
0,96507721;0,16978346;0,27036172;0,57348061;3,18190217;1,00000000
0,96514388;0,16978346;0,27066928;0,57301921;3,18190217;1,00000000
0,96521055;0,16978346;0,27066928;0,57271159;3,18159461;1,00000000
0,96527723;0,16993725;0,27066928;0,57240403;3,18159461;1,00000000
0,96534390;0,16993725;0,27066928;0,57194269;3,18159461;1,00000000
0,96541057;0,16993725;0,27066928;0,57163513;3,18159461;1,00000000
0,96547724;0,17009103;0,27066928;0,57132751;3,18128681;1,00000000
0,96554391;0,17009103;0,27036172;0,57101995;3,18097925;1,00000000
0,96561059;0,17009103;0,27005413;0,57071233;3,18067169;1,00000000
0,96567726;0,17009103;0,26974654;0,57055855;3,18097925;1,00000000
0,96574393;0,17009103;0,27005413;0,57040477;3,18097925;1,00000000
0,96581060;0,17009103;0,26974654;0,57009721;3,18097925;1,00000000
0,96587727;0,17009103;0,26943898;0,56994343;3,18097925;1,00000000
0,96594395;0,17009103;0,26943898;0,56978959;3,18097925;1,00000000
0,96601062;0,17009103;0,26913139;0,56948203;3,18067169;1,00000000
0,96607729;0,17009103;0,26913139;0,56917441;3,18067169;1,00000000
0,96614396;0,17009103;0,26882383;0,56886685;3,18005657;1,00000000
0,96621063;0,17009103;0,26851624;0,56855929;3,17974901;1,00000000
0,96627731;0,17009103;0,26851624;0,56825173;3,17974901;1,00000000
0,96634398;0,17009103;0,26851624;0,56825173;3,17974901;1,00000000
0,96641065;0,17009103;0,26851624;0,56825173;3,17974901;1,00000000
0,96647732;0,16993725;0,26882383;0,56809795;3,17974901;1,00000000
0,96654399;0,16993725;0,26851624;0,56809795;3,17974901;1,00000000
0,96661067;0,16993725;0,26882383;0,56809795;3,18005657;1,00000000
0,96667734;0,16978346;0,26882383;0,56825173;3,18005657;1,00000000
0,96674401;0,16978346;0,26851624;0,56825173;3,17974901;1,00000000
0,96681068;0,16978346;0,26851624;0,56840551;3,18005657;1,00000000
0,96687735;0,16978346;0,26851624;0,56840551;3,18005657;1,00000000
0,96694403;0,16978346;0,26851624;0,56855929;3,18005657;1,00000000
0,96701070;0,16978346;0,26882383;0,56871307;3,18005657;1,00000000
0,96707737;0,16978346;0,26851624;0,56871307;3,18005657;1,00000000
0,96714404;0,16978346;0,26851624;0,56886685;3,18036413;1,00000000
0,96721071;0,16978346;0,26820865;0,56902063;3,18005657;1,00000000
0,96727739;0,16978346;0,26790109;0,56932825;3,18005657;1,00000000
0,96734406;0,16978346;0,26790109;0,56948203;3,17974901;1,00000000
0,96741073;0,16978346;0,26759350;0,56978959;3,18005657;1,00000000
0,96747740;0,16978346;0,26759350;0,57025099;3,18005657;1,00000000
0,96754407;0,16978346;0,26759350;0,57055855;3,18005657;1,00000000
0,96761075;0,16978346;0,26759350;0,57101995;3,18036413;1,00000000
0,96767742;0,16978346;0,26759350;0,57132751;3,18067169;1,00000000
0,96774409;0,16978346;0,26759350;0,57163513;3,18097925;1,00000000
0,96781076;0,16978346;0,26728594;0,57178891;3,18067169;1,00000000
0,96787743;0,16993725;0,26728594;0,57240403;3,18097925;1,00000000
0,96794411;0,17009103;0,26728594;0,57286543;3,18097925;1,00000000
0,96801078;0,17009103;0,26759350;0,57317299;3,18097925;1,00000000
0,96807745;0,17009103;0,26759350;0,57363439;3,18097925;1,00000000
0,96814412;0,17009103;0,26759350;0,57409573;3,18128681;1,00000000
0,96821079;0,17009103;0,26759350;0,57440329;3,18159461;1,00000000
0,96827747;0,17009103;0,26759350;0,57471091;3,18220973;1,00000000
0,96834414;0,17009103;0,26759350;0,57517225;3,18282485;1,00000000
0,96841081;0,17009103;0,26759350;0,57563359;3,18313241;1,00000000
0,96847748;0,17009103;0,26790109;0,57624876;3,18343997;1,00000000
0,96854415;0,17009103;0,26820865;0,57655638;3,18343997;1,00000000
0,96861083;0,17009103;0,26851624;0,57701772;3,18343997;1,00000000
0,96867750;0,16993725;0,26882383;0,57747906;3,18343997;1,00000000
0,96874417;0,16993725;0,26882383;0,57794046;3,18374753;1,00000000
0,96881084;0,16978346;0,26913139;0,57840180;3,18436265;1,00000000
0,96887751;0,16962968;0,26913139;0,57886314;3,18467021;1,00000000
0,96894419;0,16962968;0,26913139;0,57932454;3,18467021;1,00000000
0,96901086;0,16962968;0,26913139;0,57978594;3,18467021;1,00000000
0,96907753;0,16978346;0,26913139;0,58024728;3,18528533;1,00000000
0,96914420;0,16978346;0,26943898;0,58070862;3,18467021;1,00000000
0,96921087;0,16978346;0,26974654;0,58101624;3,18528533;1,00000000
0,96927755;0,16978346;0,27005413;0,58147764;3,18559289;1,00000000
0,96934422;0,16978346;0,27005413;0,58178520;3,18528533;1,00000000
0,96941089;0,16993725;0,26974654;0,58224654;3,18528533;1,00000000
0,96947756;0,16993725;0,26974654;0,58255410;3,18528533;1,00000000
0,96954423;0,16993725;0,27005413;0,58286172;3,18528533;1,00000000
0,96961091;0,16993725;0,27036172;0,58332312;3,18528533;1,00000000
0,96967758;0,16993725;0,27066928;0,58378446;3,18559289;1,00000000
0,96974425;0,16993725;0,27097687;0,58424580;3,18590045;1,00000000
0,96981092;0,16993725;0,27097687;0,58455342;3,18620801;1,00000000
0,96987759;0,16978346;0,27066928;0,58486098;3,18590045;1,00000000
0,96994427;0,16993725;0,27097687;0,58501476;3,18590045;1,00000000
0,97001094;0,16978346;0,27097687;0,58532232;3,18590045;1,00000000
0,97007761;0,16978346;0,27128446;0,58562988;3,18590045;1,00000000
0,97014428;0,16978346;0,27159202;0,58593750;3,18590045;1,00000000
0,97021095;0,16978346;0,27189961;0,58609128;3,18590045;1,00000000
0,97027763;0,16978346;0,27220720;0,58639890;3,18590045;1,00000000
0,97034430;0,16978346;0,27251476;0,58670646;3,18590045;1,00000000
0,97041097;0,16978346;0,27282235;0,58686024;3,18559289;1,00000000
0,97047764;0,16978346;0,27282235;0,58686024;3,18559289;1,00000000
0,97054431;0,16978346;0,27282235;0,58686024;3,18559289;1,00000000
0,97061099;0,16978346;0,27282235;0,58686024;3,18559289;1,00000000
0,97067766;0,16978346;0,27312991;0,58686024;3,18559289;1,00000000
0,97074433;0,16978346;0,27282235;0,58686024;3,18559289;1,00000000
0,97081100;0,16978346;0,27312991;0,58686024;3,18559289;1,00000000
0,97087767;0,16978346;0,27343750;0,58686024;3,18528533;1,00000000
0,97094435;0,16962968;0,27312991;0,58701402;3,18467021;1,00000000
0,97101102;0,16962968;0,27312991;0,58701402;3,18528533;1,00000000
0,97107769;0,16962968;0,27312991;0,58716780;3,18528533;1,00000000
0,97114436;0,16962968;0,27312991;0,58701402;3,18528533;1,00000000
0,97121103;0,16962968;0,27282235;0,58701402;3,18528533;1,00000000
0,97127771;0,16962968;0,27312991;0,58701402;3,18528533;1,00000000
0,97134438;0,16962968;0,27312991;0,58670646;3,18467021;1,00000000
0,97141105;0,16962968;0,27343750;0,58655268;3,18467021;1,00000000
0,97147772;0,16962968;0,27343750;0,58639890;3,18467021;1,00000000
0,97154439;0,16978346;0,27343750;0,58639890;3,18528533;1,00000000
0,97161107;0,16993725;0,27374509;0,58624506;3,18528533;1,00000000
0,97167774;0,16993725;0,27374509;0,58609128;3,18528533;1,00000000
0,97174441;0,16993725;0,27374509;0,58593750;3,18467021;1,00000000
0,97181108;0,16993725;0,27374509;0,58578372;3,18436265;1,00000000
0,97187775;0,16993725;0,27405265;0,58562988;3,18436265;1,00000000
0,97194443;0,16993725;0,27436024;0,58532232;3,18436265;1,00000000
0,97201110;0,16993725;0,27405265;0,58516854;3,18436265;1,00000000
0,97207777;0,16993725;0,27405265;0,58501476;3,18405509;1,00000000
0,97214444;0,16993725;0,27405265;0,58470720;3,18436265;1,00000000
0,97221111;0,16993725;0,27436024;0,58439958;3,18436265;1,00000000
0,97227779;0,17009103;0,27436024;0,58424580;3,18436265;1,00000000
0,97234446;0,17009103;0,27466780;0,58393824;3,18436265;1,00000000
0,97241113;0,17009103;0,27466780;0,58363068;3,18436265;1,00000000
0,97247780;0,17009103;0,27466780;0,58332312;3,18436265;1,00000000
0,97254447;0,17009103;0,27466780;0,58301550;3,18405509;1,00000000
0,97261115;0,16993725;0,27436024;0,58270794;3,18374753;1,00000000
0,97267782;0,16993725;0,27405265;0,58240032;3,18374753;1,00000000
0,97274449;0,16993725;0,27374509;0,58193898;3,18343997;1,00000000
0,97281116;0,16993725;0,27343750;0,58163142;3,18343997;1,00000000
0,97287783;0,16993725;0,27343750;0,58132380;3,18343997;1,00000000
0,97294451;0,16978346;0,27374509;0,58117002;3,18343997;1,00000000
0,97301118;0,16962968;0,27343750;0,58086246;3,18343997;1,00000000
0,97307785;0,16962968;0,27374509;0,58070862;3,18343997;1,00000000
0,97314452;0,16962968;0,27343750;0,58040106;3,18343997;1,00000000
0,97321119;0,16947588;0,27343750;0,58009350;3,18374753;1,00000000
0,97327787;0,16947588;0,27312991;0,57978594;3,18405509;1,00000000
0,97334454;0,16947588;0,27282235;0,57947832;3,18436265;1,00000000
0,97341121;0,16947588;0,27251476;0,57917076;3,18436265;1,00000000
0,97347788;0,16947588;0,27251476;0,57886314;3,18436265;1,00000000
0,97354455;0,16947588;0,27220720;0,57855558;3,18436265;1,00000000
0,97361123;0,16947588;0,27220720;0,57809424;3,18436265;1,00000000
0,97367790;0,16932210;0,27251476;0,57794046;3,18436265;1,00000000
0,97374457;0,16932210;0,27251476;0,57763284;3,18467021;1,00000000
0,97381124;0,16932210;0,27251476;0,57732528;3,18528533;1,00000000
0,97387791;0,16932210;0,27220720;0,57717150;3,18559289;1,00000000
0,97394459;0,16932210;0,27189961;0,57686394;3,18559289;1,00000000
0,97401126;0,16916829;0,27159202;0,57640254;3,18590045;1,00000000
0,97407793;0,16916829;0,27159202;0,57609499;3,18559289;1,00000000
0,97414460;0,16916829;0,27189961;0,57578737;3,18559289;1,00000000
0,97421127;0,16901451;0,27189961;0,57547981;3,18559289;1,00000000
0,97427795;0,16901451;0,27189961;0,57517225;3,18528533;1,00000000
0,97434462;0,16901451;0,27189961;0,57486469;3,18559289;1,00000000
0,97441129;0,16901451;0,27159202;0,57455707;3,18620801;1,00000000
0,97447796;0,16886072;0,27128446;0,57424951;3,18651581;1,00000000
0,97454463;0,16870694;0,27128446;0,57409573;3,18620801;1,00000000
0,97461131;0,16870694;0,27128446;0,57378817;3,18620801;1,00000000
0,97467798;0,16870694;0,27159202;0,57363439;3,18620801;1,00000000
0,97474465;0,16855314;0,27159202;0,57332677;3,18620801;1,00000000
0,97481132;0,16855314;0,27159202;0,57317299;3,18620801;1,00000000
0,97487799;0,16855314;0,27159202;0,57301921;3,18651581;1,00000000
0,97494467;0,16839936;0,27159202;0,57301921;3,18682337;1,00000000
0,97501134;0,16824557;0,27128446;0,57271159;3,18682337;1,00000000
0,97507801;0,16824557;0,27159202;0,57240403;3,18651581;1,00000000
0,97514468;0,16809179;0,27159202;0,57240403;3,18651581;1,00000000
0,97521135;0,16793799;0,27159202;0,57225025;3,18651581;1,00000000
0,97527803;0,16778421;0,27159202;0,57209647;3,18651581;1,00000000
0,97534470;0,16778421;0,27159202;0,57178891;3,18651581;1,00000000
0,97541137;0,16763040;0,27159202;0,57178891;3,18651581;1,00000000
0,97547804;0,16747662;0,27159202;0,57178891;3,18713093;1,00000000
0,97554471;0,16732283;0,27128446;0,57178891;3,18713093;1,00000000
0,97561139;0,16732283;0,27128446;0,57163513;3,18743849;1,00000000
0,97567806;0,16716905;0,27128446;0,57163513;3,18774605;1,00000000
0,97574473;0,16716905;0,27128446;0,57209647;3,18805361;1,00000000
0,97581140;0,16701525;0,27128446;0,57209647;3,18805361;1,00000000
0,97587807;0,16701525;0,27128446;0,57209647;3,18805361;1,00000000
0,97594475;0,16686147;0,27128446;0,57209647;3,18805361;1,00000000
0,97601142;0,16670766;0,27128446;0,57240403;3,18774605;1,00000000
0,97607809;0,16670766;0,27128446;0,57240403;3,18774605;1,00000000
0,97614476;0,16670766;0,27128446;0,57255781;3,18774605;1,00000000
0,97621143;0,16670766;0,27097687;0,57286543;3,18805361;1,00000000
0,97627811;0,16670766;0,27097687;0,57301921;3,18836117;1,00000000
0,97634478;0,16670766;0,27097687;0,57301921;3,18836117;1,00000000
0,97641145;0,16670766;0,27128446;0,57317299;3,18836117;1,00000000
0,97647812;0,16670766;0,27128446;0,57348061;3,18866873;1,00000000
0,97654479;0,16686147;0,27128446;0,57363439;3,18928385;1,00000000
0,97661147;0,16686147;0,27128446;0,57394195;3,18928385;1,00000000
0,97667814;0,16686147;0,27159202;0,57394195;3,18897629;1,00000000
0,97674481;0,16701525;0,27189961;0,57409573;3,18897629;1,00000000
0,97681148;0,16701525;0,27189961;0,57440329;3,18897629;1,00000000
0,97687815;0,16716905;0,27220720;0,57455707;3,18897629;1,00000000
0,97694483;0,16716905;0,27251476;0,57471091;3,18897629;1,00000000
0,97701150;0,16716905;0,27251476;0,57501847;3,18897629;1,00000000
0,97707817;0,16716905;0,27251476;0,57517225;3,18928385;1,00000000
0,97714484;0,16716905;0,27251476;0,57532603;3,18928385;1,00000000
0,97721151;0,16701525;0,27282235;0,57563359;3,18897629;1,00000000
0,97727819;0,16701525;0,27251476;0,57578737;3,18897629;1,00000000
0,97734486;0,16701525;0,27282235;0,57594121;3,18897629;1,00000000
0,97741153;0,16701525;0,27282235;0,57609499;3,18866873;1,00000000
0,97747820;0,16701525;0,27312991;0,57640254;3,18866873;1,00000000
0,97754487;0,16686147;0,27343750;0,57671016;3,18836117;1,00000000
0,97761155;0,16670766;0,27374509;0,57701772;3,18866873;1,00000000
0,97767822;0,16670766;0,27374509;0,57732528;3,18836117;1,00000000
0,97774489;0,16655388;0,27374509;0,57747906;3,18805361;1,00000000
0,97781156;0,16655388;0,27374509;0,57778668;3,18774605;1,00000000
0,97787823;0,16640009;0,27374509;0,57809424;3,18743849;1,00000000
0,97794491;0,16624631;0,27343750;0,57824802;3,18713093;1,00000000
0,97801158;0,16609251;0,27343750;0,57855558;3,18682337;1,00000000
0,97807825;0,16593874;0,27374509;0,57870936;3,18682337;1,00000000
0,97814492;0,16578494;0,27343750;0,57901698;3,18682337;1,00000000
0,97821159;0,16578494;0,27343750;0,57917076;3,18682337;1,00000000
0,97827827;0,16563116;0,27343750;0,57932454;3,18651581;1,00000000
0,97834494;0,16563116;0,27312991;0,57947832;3,18590045;1,00000000
0,97841161;0,16547737;0,27282235;0,57978594;3,18528533;1,00000000
0,97847828;0,16547737;0,27282235;0,58009350;3,18436265;1,00000000
0,97854495;0,16532359;0,27282235;0,58055484;3,18405509;1,00000000
0,97861163;0,16532359;0,27282235;0,58070862;3,18405509;1,00000000
0,97867830;0,16532359;0,27251476;0,58101624;3,18405509;1,00000000
0,97874497;0,16547737;0,27220720;0,58117002;3,18405509;1,00000000
0,97881164;0,16547737;0,27189961;0,58147764;3,18374753;1,00000000
0,97887831;0,16532359;0,27189961;0,58163142;3,18313241;1,00000000
0,97894499;0,16547737;0,27189961;0,58193898;3,18251729;1,00000000
0,97901166;0,16563116;0,27159202;0,58224654;3,18251729;1,00000000
0,97907833;0,16547737;0,27159202;0,58240032;3,18251729;1,00000000
0,97914500;0,16532359;0,27128446;0,58270794;3,18251729;1,00000000
0,97921167;0,16547737;0,27097687;0,58270794;3,18220973;1,00000000
0,97927835;0,16547737;0,27097687;0,58301550;3,18190217;1,00000000
0,97934502;0,16563116;0,27066928;0,58332312;3,18159461;1,00000000
0,97941169;0,16547737;0,27036172;0,58347690;3,18159461;1,00000000
0,97947836;0,16532359;0,27005413;0,58363068;3,18159461;1,00000000
0,97954503;0,16532359;0,26974654;0,58378446;3,18159461;1,00000000
0,97961171;0,16532359;0,26943898;0,58409202;3,18159461;1,00000000
0,97967838;0,16516978;0,26913139;0,58424580;3,18097925;1,00000000
0,97974505;0,16501600;0,26913139;0,58455342;3,18097925;1,00000000
0,97981172;0,16486220;0,26882383;0,58470720;3,18097925;1,00000000
0,97987839;0,16470842;0,26882383;0,58501476;3,18067169;1,00000000
0,97994507;0,16455463;0,26882383;0,58516854;3,18097925;1,00000000
0,98001174;0,16440085;0,26882383;0,58532232;3,18128681;1,00000000
0,98007841;0,16424704;0,26882383;0,58547610;3,18159461;1,00000000
0,98014508;0,16424704;0,26851624;0,58562988;3,18159461;1,00000000
0,98021175;0,16409326;0,26851624;0,58578372;3,18159461;1,00000000
0,98027843;0,16409326;0,26851624;0,58593750;3,18128681;1,00000000
0,98034510;0,16409326;0,26820865;0,58609128;3,18159461;1,00000000
0,98041177;0,16393946;0,26820865;0,58624506;3,18159461;1,00000000
0,98047844;0,16393946;0,26820865;0,58639890;3,18190217;1,00000000
0,98054511;0,16393946;0,26851624;0,58655268;3,18190217;1,00000000
0,98061179;0,16378568;0,26851624;0,58686024;3,18190217;1,00000000
0,98067846;0,16363189;0,26820865;0,58686024;3,18190217;1,00000000
0,98074513;0,16347811;0,26820865;0,58670646;3,18159461;1,00000000
0,98081180;0,16347811;0,26851624;0,58686024;3,18190217;1,00000000
0,98087847;0,16363189;0,26851624;0,58701402;3,18220973;1,00000000
0,98094515;0,16363189;0,26851624;0,58701402;3,18251729;1,00000000
0,98101182;0,16347811;0,26851624;0,58716780;3,18251729;1,00000000
0,98107849;0,16347811;0,26851624;0,58732158;3,18251729;1,00000000
0,98114516;0,16332431;0,26820865;0,58747536;3,18220973;1,00000000
0,98121183;0,16317053;0,26820865;0,58732158;3,18190217;1,00000000
0,98127851;0,16301674;0,26851624;0,58732158;3,18190217;1,00000000
0,98134518;0,16301674;0,26820865;0,58732158;3,18220973;1,00000000
0,98141185;0,16301674;0,26820865;0,58732158;3,18251729;1,00000000
0,98147852;0,16301674;0,26820865;0,58716780;3,18251729;1,00000000
0,98154519;0,16301674;0,26851624;0,58701402;3,18251729;1,00000000
0,98161187;0,16286296;0,26882383;0,58686024;3,18251729;1,00000000
0,98167854;0,16286296;0,26882383;0,58686024;3,18282485;1,00000000
0,98174521;0,16286296;0,26851624;0,58670646;3,18343997;1,00000000
0,98181188;0,16270915;0,26882383;0,58655268;3,18405509;1,00000000
0,98187855;0,16255537;0,26882383;0,58639890;3,18405509;1,00000000
0,98194523;0,16240157;0,26882383;0,58624506;3,18405509;1,00000000
0,98201190;0,16224779;0,26851624;0,58609128;3,18405509;1,00000000
0,98207857;0,16209400;0,26851624;0,58609128;3,18405509;1,00000000
0,98214524;0,16209400;0,26882383;0,58593750;3,18436265;1,00000000
0,98221191;0,16224779;0,26882383;0,58578372;3,18467021;1,00000000
0,98227859;0,16224779;0,26913139;0,58562988;3,18559289;1,00000000
0,98234526;0,16224779;0,26913139;0,58532232;3,18559289;1,00000000
0,98241193;0,16224779;0,26913139;0,58501476;3,18559289;1,00000000
0,98247860;0,16240157;0,26913139;0,58470720;3,18559289;1,00000000
0,98254527;0,16240157;0,26882383;0,58439958;3,18559289;1,00000000
0,98261195;0,16240157;0,26882383;0,58409202;3,18590045;1,00000000
0,98267862;0,16240157;0,26882383;0,58378446;3,18590045;1,00000000
0,98274529;0,16255537;0,26913139;0,58332312;3,18620801;1,00000000
0,98281196;0,16255537;0,26913139;0,58301550;3,18620801;1,00000000
0,98287863;0,16270915;0,26943898;0,58270794;3,18620801;1,00000000
0,98294531;0,16286296;0,26974654;0,58240032;3,18620801;1,00000000
0,98301198;0,16286296;0,26974654;0,58209276;3,18620801;1,00000000
0,98307865;0,16286296;0,27005413;0,58178520;3,18620801;1,00000000
0,98314532;0,16301674;0,26974654;0,58147764;3,18620801;1,00000000
0,98321199;0,16301674;0,26974654;0,58117002;3,18682337;1,00000000
0,98327867;0,16317053;0,27005413;0,58086246;3,18682337;1,00000000
0,98334534;0,16317053;0,27036172;0,58055484;3,18682337;1,00000000
0,98341201;0,16317053;0,27036172;0,58024728;3,18682337;1,00000000
0,98347868;0,16332431;0,27036172;0,57978594;3,18713093;1,00000000
0,98354535;0,16347811;0,27036172;0,57947832;3,18743849;1,00000000
0,98361203;0,16363189;0,27066928;0,57917076;3,18713093;1,00000000
0,98367870;0,16363189;0,27066928;0,57870936;3,18651581;1,00000000
0,98374537;0,16378568;0,27036172;0,57840180;3,18620801;1,00000000
0,98381204;0,16378568;0,27066928;0,57794046;3,18620801;1,00000000
0,98387871;0,16393946;0,27097687;0,57763284;3,18620801;1,00000000
0,98394539;0,16409326;0,27097687;0,57732528;3,18620801;1,00000000
0,98401206;0,16424704;0,27097687;0,57686394;3,18620801;1,00000000
0,98407873;0,16440085;0,27097687;0,57655638;3,18620801;1,00000000
0,98414540;0,16440085;0,27128446;0,57624876;3,18620801;1,00000000
0,98421207;0,16440085;0,27159202;0,57578737;3,18590045;1,00000000
0,98427875;0,16440085;0,27159202;0,57547981;3,18651581;1,00000000
0,98434542;0,16455463;0,27189961;0,57501847;3,18651581;1,00000000
0,98441209;0,16455463;0,27220720;0,57471091;3,18682337;1,00000000
0,98447876;0,16455463;0,27251476;0,57424951;3,18682337;1,00000000
0,98454543;0,16470842;0,27251476;0,57394195;3,18682337;1,00000000
0,98461211;0,16486220;0,27251476;0,57348061;3,18682337;1,00000000
0,98467878;0,16486220;0,27220720;0,57301921;3,18682337;1,00000000
0,98474545;0,16501600;0,27220720;0,57271159;3,18682337;1,00000000
0,98481212;0,16516978;0,27251476;0,57240403;3,18620801;1,00000000
0,98487879;0,16532359;0,27282235;0,57225025;3,18651581;1,00000000
0,98494547;0,16547737;0,27312991;0,57163513;3,18651581;1,00000000
0,98501214;0,16547737;0,27312991;0,57117373;3,18651581;1,00000000
0,98507881;0,16563116;0,27312991;0,57086611;3,18651581;1,00000000
0,98514548;0,16563116;0,27282235;0,57055855;3,18651581;1,00000000
0,98521215;0,16563116;0,27282235;0,57025099;3,18620801;1,00000000
0,98527883;0,16578494;0,27282235;0,57009721;3,18590045;1,00000000
0,98534550;0,16578494;0,27282235;0,56978959;3,18559289;1,00000000
0,98541217;0,16578494;0,27282235;0,56948203;3,18528533;1,00000000
0,98547884;0,16578494;0,27282235;0,56932825;3,18528533;1,00000000
0,98554551;0,16578494;0,27251476;0,56902063;3,18528533;1,00000000
0,98561219;0,16578494;0,27251476;0,56886685;3,18528533;1,00000000
0,98567886;0,16578494;0,27251476;0,56871307;3,18559289;1,00000000
0,98574553;0,16593874;0,27220720;0,56855929;3,18590045;1,00000000
0,98581220;0,16593874;0,27189961;0,56825173;3,18528533;1,00000000
0,98587887;0,16609251;0,27159202;0,56809795;3,18467021;1,00000000
0,98594555;0,16609251;0,27128446;0,56794411;3,18436265;1,00000000
0,98601222;0,16609251;0,27128446;0,56779033;3,18436265;1,00000000
0,98607889;0,16609251;0,27097687;0,56748277;3,18436265;1,00000000
0,98614556;0,16624631;0,27097687;0,56732899;3,18405509;1,00000000
0,98621223;0,16624631;0,27066928;0,56717521;3,18436265;1,00000000
0,98627891;0,16624631;0,27066928;0,56717521;3,18436265;1,00000000
0,98634558;0,16624631;0,27066928;0,56717521;3,18374753;1,00000000
0,98641225;0,16624631;0,27066928;0,56717521;3,18405509;1,00000000
0,98647892;0,16609251;0,27066928;0,56717521;3,18405509;1,00000000
0,98654559;0,16609251;0,27066928;0,56717521;3,18405509;1,00000000
0,98661227;0,16609251;0,27066928;0,56717521;3,18405509;1,00000000
0,98667894;0,16609251;0,27036172;0,56717521;3,18405509;1,00000000
0,98674561;0,16609251;0,27036172;0,56717521;3,18374753;1,00000000
0,98681228;0,16609251;0,27036172;0,56717521;3,18374753;1,00000000
0,98687895;0,16609251;0,27036172;0,56732899;3,18313241;1,00000000
0,98694563;0,16624631;0,27036172;0,56748277;3,18313241;1,00000000
0,98701230;0,16609251;0,27036172;0,56763655;3,18313241;1,00000000
0,98707897;0,16609251;0,27036172;0,56779033;3,18313241;1,00000000
0,98714564;0,16609251;0,27036172;0,56794411;3,18313241;1,00000000
0,98721231;0,16609251;0,27036172;0,56809795;3,18313241;1,00000000
0,98727899;0,16609251;0,27036172;0,56825173;3,18313241;1,00000000
0,98734566;0,16609251;0,27036172;0,56840551;3,18313241;1,00000000
0,98741233;0,16609251;0,27005413;0,56855929;3,18343997;1,00000000
0,98747900;0,16609251;0,26974654;0,56871307;3,18343997;1,00000000
0,98754567;0,16624631;0,27005413;0,56917441;3,18313241;1,00000000
0,98761235;0,16624631;0,27005413;0,56948203;3,18343997;1,00000000
0,98767902;0,16624631;0,27005413;0,56978959;3,18343997;1,00000000
0,98774569;0,16624631;0,26974654;0,57025099;3,18343997;1,00000000
0,98781236;0,16624631;0,27005413;0,57055855;3,18343997;1,00000000
0,98787903;0,16624631;0,27005413;0,57101995;3,18343997;1,00000000
0,98794571;0,16624631;0,26974654;0,57148129;3,18405509;1,00000000
0,98801238;0,16624631;0,26974654;0,57178891;3,18467021;1,00000000
0,98807905;0,16624631;0,27005413;0,57225025;3,18467021;1,00000000
0,98814572;0,16624631;0,27005413;0,57271159;3,18467021;1,00000000
0,98821239;0,16624631;0,27036172;0,57332677;3,18467021;1,00000000
0,98827907;0,16624631;0,27036172;0,57378817;3,18467021;1,00000000
0,98834574;0,16624631;0,27036172;0,57409573;3,18528533;1,00000000
0,98841241;0,16624631;0,27066928;0,57471091;3,18590045;1,00000000
0,98847908;0,16624631;0,27066928;0,57532603;3,18620801;1,00000000
0,98854575;0,16624631;0,27066928;0,57594121;3,18620801;1,00000000
0,98861243;0,16609251;0,27097687;0,57624876;3,18620801;1,00000000
0,98867910;0,16609251;0,27066928;0,57686394;3,18620801;1,00000000
0,98874577;0,16609251;0,27066928;0,57747906;3,18620801;1,00000000
0,98881244;0,16609251;0,27097687;0,57794046;3,18682337;1,00000000
0,98887911;0,16609251;0,27128446;0,57824802;3,18743849;1,00000000
0,98894579;0,16609251;0,27128446;0,57886314;3,18774605;1,00000000
0,98901246;0,16609251;0,27128446;0,57932454;3,18805361;1,00000000
0,98907913;0,16609251;0,27159202;0,57978594;3,18805361;1,00000000
0,98914580;0,16609251;0,27189961;0,58024728;3,18805361;1,00000000
0,98921247;0,16609251;0,27220720;0,58070862;3,18805361;1,00000000
0,98927915;0,16609251;0,27189961;0,58132380;3,18836117;1,00000000
0,98934582;0,16593874;0,27220720;0,58163142;3,18866873;1,00000000
0,98941249;0,16593874;0,27220720;0,58209276;3,18897629;1,00000000
0,98947916;0,16609251;0,27251476;0,58255410;3,18928385;1,00000000
0,98954583;0,16609251;0,27282235;0,58301550;3,18959141;1,00000000
0,98961251;0,16609251;0,27312991;0,58347690;3,18959141;1,00000000
0,98967918;0,16609251;0,27312991;0,58393824;3,18959141;1,00000000
0,98974585;0,16609251;0,27343750;0,58424580;3,18989897;1,00000000
0,98981252;0,16609251;0,27374509;0,58470720;3,19020653;1,00000000
0,98987919;0,16609251;0,27405265;0,58501476;3,19020653;1,00000000
0,98994587;0,16609251;0,27405265;0,58532232;3,19020653;1,00000000
0,99001254;0,16609251;0,27405265;0,58547610;3,19051409;1,00000000
0,99007921;0,16609251;0,27436024;0,58562988;3,19020653;1,00000000
0,99014588;0,16609251;0,27436024;0,58578372;3,19020653;1,00000000
0,99021255;0,16609251;0,27466780;0,58593750;3,19020653;1,00000000
0,99027923;0,16624631;0,27497539;0,58624506;3,19020653;1,00000000
0,99034590;0,16624631;0,27528298;0,58639890;3,19020653;1,00000000
0,99041257;0,16624631;0,27528298;0,58639890;3,19020653;1,00000000
0,99047924;0,16624631;0,27528298;0,58639890;3,19020653;1,00000000
0,99054591;0,16624631;0,27497539;0,58655268;3,19020653;1,00000000
0,99061259;0,16624631;0,27528298;0,58655268;3,18989897;1,00000000
0,99067926;0,16624631;0,27497539;0,58670646;3,18959141;1,00000000
0,99074593;0,16624631;0,27466780;0,58670646;3,18959141;1,00000000
0,99081260;0,16624631;0,27466780;0,58670646;3,18959141;1,00000000
0,99087927;0,16624631;0,27466780;0,58670646;3,18959141;1,00000000
0,99094595;0,16624631;0,27497539;0,58670646;3,18959141;1,00000000
0,99101262;0,16624631;0,27497539;0,58670646;3,18959141;1,00000000
0,99107929;0,16640009;0,27528298;0,58670646;3,18897629;1,00000000
0,99114596;0,16640009;0,27528298;0,58670646;3,18897629;1,00000000
0,99121263;0,16624631;0,27497539;0,58670646;3,18866873;1,00000000
0,99127931;0,16624631;0,27528298;0,58670646;3,18836117;1,00000000
0,99134598;0,16624631;0,27497539;0,58670646;3,18836117;1,00000000
0,99141265;0,16624631;0,27497539;0,58655268;3,18836117;1,00000000
0,99147932;0,16624631;0,27497539;0,58655268;3,18805361;1,00000000
0,99154599;0,16640009;0,27497539;0,58639890;3,18805361;1,00000000
0,99161267;0,16640009;0,27497539;0,58639890;3,18805361;1,00000000
0,99167934;0,16640009;0,27528298;0,58624506;3,18805361;1,00000000
0,99174601;0,16640009;0,27497539;0,58593750;3,18805361;1,00000000
0,99181268;0,16640009;0,27497539;0,58593750;3,18805361;1,00000000
0,99187935;0,16640009;0,27497539;0,58578372;3,18805361;1,00000000
0,99194603;0,16640009;0,27497539;0,58578372;3,18805361;1,00000000
0,99201270;0,16640009;0,27497539;0,58562988;3,18805361;1,00000000
0,99207937;0,16655388;0,27528298;0,58547610;3,18836117;1,00000000
0,99214604;0,16655388;0,27528298;0,58547610;3,18866873;1,00000000
0,99221271;0,16655388;0,27528298;0,58516854;3,18866873;1,00000000
0,99227939;0,16640009;0,27528298;0,58501476;3,18866873;1,00000000
0,99234606;0,16655388;0,27528298;0,58486098;3,18866873;1,00000000
0,99241273;0,16655388;0,27528298;0,58470720;3,18866873;1,00000000
0,99247940;0,16655388;0,27528298;0,58455342;3,18836117;1,00000000
0,99254607;0,16655388;0,27497539;0,58439958;3,18774605;1,00000000
0,99261275;0,16655388;0,27497539;0,58409202;3,18774605;1,00000000
0,99267942;0,16655388;0,27497539;0,58378446;3,18774605;1,00000000
0,99274609;0,16655388;0,27497539;0,58347690;3,18774605;1,00000000
0,99281276;0,16655388;0,27528298;0,58301550;3,18774605;1,00000000
0,99287943;0,16655388;0,27528298;0,58270794;3,18774605;1,00000000
0,99294611;0,16655388;0,27528298;0,58240032;3,18774605;1,00000000
0,99301278;0,16655388;0,27528298;0,58224654;3,18774605;1,00000000
0,99307945;0,16655388;0,27528298;0,58178520;3,18805361;1,00000000
0,99314612;0,16655388;0,27559054;0,58163142;3,18836117;1,00000000
0,99321279;0,16640009;0,27559054;0,58132380;3,18866873;1,00000000
0,99327947;0,16640009;0,27559054;0,58101624;3,18866873;1,00000000
0,99334614;0,16640009;0,27589813;0,58086246;3,18866873;1,00000000
0,99341281;0,16624631;0,27589813;0,58070862;3,18866873;1,00000000
0,99347948;0,16624631;0,27559054;0,58055484;3,18836117;1,00000000
0,99354615;0,16624631;0,27559054;0,58024728;3,18805361;1,00000000
0,99361283;0,16609251;0,27559054;0,57978594;3,18774605;1,00000000
0,99367950;0,16609251;0,27559054;0,57947832;3,18805361;1,00000000
0,99374617;0,16609251;0,27528298;0,57932454;3,18836117;1,00000000
0,99381284;0,16593874;0,27497539;0,57901698;3,18836117;1,00000000
0,99387951;0,16593874;0,27466780;0,57870936;3,18836117;1,00000000
0,99394619;0,16578494;0,27436024;0,57840180;3,18805361;1,00000000
0,99401286;0,16578494;0,27436024;0,57809424;3,18774605;1,00000000
0,99407953;0,16578494;0,27466780;0,57778668;3,18774605;1,00000000
0,99414620;0,16578494;0,27466780;0,57763284;3,18774605;1,00000000
0,99421287;0,16578494;0,27497539;0,57747906;3,18805361;1,00000000
0,99427955;0,16578494;0,27497539;0,57717150;3,18866873;1,00000000
0,99434622;0,16578494;0,27497539;0,57686394;3,18897629;1,00000000
0,99441289;0,16578494;0,27466780;0,57671016;3,18897629;1,00000000
0,99447956;0,16563116;0,27466780;0,57655638;3,18897629;1,00000000
0,99454623;0,16563116;0,27466780;0,57640254;3,18897629;1,00000000
0,99461291;0,16578494;0,27466780;0,57609499;3,18897629;1,00000000
0,99467958;0,16578494;0,27436024;0,57594121;3,18866873;1,00000000
0,99474625;0,16578494;0,27436024;0,57563359;3,18897629;1,00000000
0,99481292;0,16578494;0,27405265;0,57547981;3,18959141;1,00000000
0,99487959;0,16578494;0,27405265;0,57532603;3,19020653;1,00000000
0,99494627;0,16578494;0,27436024;0,57501847;3,19020653;1,00000000
0,99501294;0,16578494;0,27436024;0,57501847;3,19020653;1,00000000
0,99507961;0,16578494;0,27466780;0,57471091;3,19020653;1,00000000
0,99514628;0,16578494;0,27436024;0,57471091;3,19020653;1,00000000
0,99521295;0,16578494;0,27436024;0,57455707;3,19020653;1,00000000
0,99527963;0,16563116;0,27436024;0,57455707;3,19020653;1,00000000
0,99534630;0,16563116;0,27436024;0,57455707;3,19082165;1,00000000
0,99541297;0,16547737;0,27436024;0,57455707;3,19082165;1,00000000
0,99547964;0,16547737;0,27466780;0,57455707;3,19112968;1,00000000
0,99554631;0,16547737;0,27436024;0,57455707;3,19143724;1,00000000
0,99561299;0,16547737;0,27466780;0,57455707;3,19174480;1,00000000
0,99567966;0,16563116;0,27466780;0,57455707;3,19174480;1,00000000
0,99574633;0,16563116;0,27497539;0,57455707;3,19174480;1,00000000
0,99581300;0,16547737;0,27497539;0,57455707;3,19174480;1,00000000
0,99587967;0,16532359;0,27497539;0,57455707;3,19143724;1,00000000
0,99594635;0,16532359;0,27497539;0,57486469;3,19143724;1,00000000
0,99601302;0,16516978;0,27497539;0,57486469;3,19174480;1,00000000
0,99607969;0,16501600;0,27528298;0,57486469;3,19174480;1,00000000
0,99614636;0,16516978;0,27559054;0,57517225;3,19174480;1,00000000
0,99621303;0,16516978;0,27559054;0,57532603;3,19174480;1,00000000
0,99627971;0,16516978;0,27589813;0,57563359;3,19174480;1,00000000
0,99634638;0,16501600;0,27620572;0,57563359;3,19205236;1,00000000
0,99641305;0,16486220;0,27620572;0,57578737;3,19235992;1,00000000
0,99647972;0,16486220;0,27651328;0,57578737;3,19205236;1,00000000
0,99654639;0,16501600;0,27651328;0,57609499;3,19174480;1,00000000
0,99661307;0,16501600;0,27682087;0,57640254;3,19174480;1,00000000
0,99667974;0,16501600;0,27743602;0,57655638;3,19174480;1,00000000
0,99674641;0,16501600;0,27774361;0,57671016;3,19205236;1,00000000
0,99681308;0,16501600;0,27774361;0,57701772;3,19205236;1,00000000
0,99687975;0,16501600;0,27805117;0,57717150;3,19205236;1,00000000
0,99694643;0,16501600;0,27805117;0,57717150;3,19174480;1,00000000
0,99701310;0,16501600;0,27835876;0,57732528;3,19112968;1,00000000
0,99707977;0,16501600;0,27805117;0,57763284;3,19051409;1,00000000
0,99714644;0,16516978;0,27805117;0,57794046;3,19020653;1,00000000
0,99721311;0,16516978;0,27835876;0,57824802;3,19020653;1,00000000
0,99727979;0,16516978;0,27835876;0,57855558;3,19020653;1,00000000
0,99734646;0,16516978;0,27835876;0,57886314;3,19020653;1,00000000
0,99741313;0,16532359;0,27835876;0,57901698;3,18989897;1,00000000
0,99747980;0,16532359;0,27835876;0,57932454;3,19020653;1,00000000
0,99754647;0,16532359;0,27866635;0,57963216;3,18959141;1,00000000
0,99761315;0,16532359;0,27866635;0,57993972;3,18928385;1,00000000
0,99767982;0,16532359;0,27866635;0,58009350;3,18897629;1,00000000
0,99774649;0,16532359;0,27866635;0,58040106;3,18897629;1,00000000
0,99781316;0,16532359;0,27835876;0,58086246;3,18897629;1,00000000
0,99787983;0,16532359;0,27805117;0,58101624;3,18866873;1,00000000
0,99794651;0,16532359;0,27835876;0,58132380;3,18836117;1,00000000
0,99801318;0,16547737;0,27805117;0,58163142;3,18805361;1,00000000
0,99807985;0,16547737;0,27805117;0,58178520;3,18805361;1,00000000
0,99814652;0,16563116;0,27805117;0,58193898;3,18774605;1,00000000
0,99821319;0,16578494;0,27835876;0,58209276;3,18743849;1,00000000
0,99827987;0,16593874;0,27805117;0,58255410;3,18713093;1,00000000
0,99834654;0,16609251;0,27774361;0,58270794;3,18682337;1,00000000
0,99841321;0,16624631;0,27774361;0,58286172;3,18620801;1,00000000
0,99847988;0,16624631;0,27774361;0,58301550;3,18590045;1,00000000
0,99854655;0,16624631;0,27743602;0,58332312;3,18590045;1,00000000
0,99861323;0,16624631;0,27682087;0,58363068;3,18590045;1,00000000
0,99867990;0,16640009;0,27651328;0,58393824;3,18590045;1,00000000
0,99874657;0,16655388;0,27620572;0,58409202;3,18528533;1,00000000
0,99881324;0,16670766;0,27620572;0,58439958;3,18436265;1,00000000
0,99887991;0,16670766;0,27620572;0,58470720;3,18374753;1,00000000
0,99894659;0,16670766;0,27620572;0,58501476;3,18343997;1,00000000
0,99901326;0,16670766;0,27620572;0,58516854;3,18343997;1,00000000
0,99907993;0,16670766;0,27620572;0,58532232;3,18343997;1,00000000
0,99914660;0,16670766;0,27620572;0,58532232;3,18343997;1,00000000
0,99921327;0,16655388;0,27589813;0,58547610;3,18313241;1,00000000
0,99927995;0,16640009;0,27559054;0,58578372;3,18251729;1,00000000
0,99934662;0,16655388;0,27559054;0,58609128;3,18190217;1,00000000
0,99941329;0,16640009;0,27528298;0,58624506;3,18190217;1,00000000
0,99947996;0,16640009;0,27559054;0,58639890;3,18190217;1,00000000
0,99954663;0,16624631;0,27559054;0,58670646;3,18190217;1,00000000
0,99961331;0,16624631;0,27559054;0,58686024;3,18190217;1,00000000
0,99967998;0,16624631;0,27559054;0,58701402;3,18190217;1,00000000
0,99974665;0,16624631;0,27559054;0,58716780;3,18159461;1,00000000
0,99981332;0,16609251;0,27559054;0,58747536;3,18128681;1,00000000
0,99987999;0,16609251;0,27528298;0,58762920;3,18128681;1,00000000
0,99994667;0,16609251;0,27497539;0,58778298;3,18128681;1,00000000
1,00001334;0,16593874;0,27466780;0,58793676;3,18128681;1,00000000
1,00008001;0,16593874;0,27436024;0,58809054;3,18128681;1,00000000
1,00014668;0,16609251;0,27436024;0,58824432;3,18128681;1,00000000
1,00021335;0,16609251;0,27436024;0,58839810;3,18128681;1,00000000
1,00028003;0,16624631;0,27436024;0,58855188;3,18067169;1,00000000
1,00034670;0,16624631;0,27405265;0,58870566;3,18067169;1,00000000
1,00041337;0,16624631;0,27405265;0,58901328;3,18067169;1,00000000
1,00048004;0,16640009;0,27374509;0,58901328;3,18067169;1,00000000
1,00054671;0,16624631;0,27374509;0,58916706;3,18036413;1,00000000
1,00061339;0,16609251;0,27343750;0,58932084;3,18036413;1,00000000
1,00068006;0,16593874;0,27343750;0,58932084;3,18067169;1,00000000
1,00074673;0,16593874;0,27312991;0,58947468;3,18128681;1,00000000
1,00081340;0,16578494;0,27343750;0,58947468;3,18190217;1,00000000
1,00088007;0,16578494;0,27343750;0,58962846;3,18190217;1,00000000
1,00094675;0,16578494;0,27312991;0,58962846;3,18190217;1,00000000
1,00101342;0,16563116;0,27312991;0,58947468;3,18190217;1,00000000
1,00108009;0,16547737;0,27312991;0,58962846;3,18220973;1,00000000
1,00114676;0,16532359;0,27312991;0,58962846;3,18251729;1,00000000
1,00121343;0,16547737;0,27312991;0,58947468;3,18282485;1,00000000
1,00128011;0,16563116;0,27282235;0,58947468;3,18313241;1,00000000
1,00134678;0,16563116;0,27282235;0,58932084;3,18313241;1,00000000
1,00141345;0,16563116;0,27282235;0,58916706;3,18313241;1,00000000
1,00148012;0,16578494;0,27282235;0,58916706;3,18313241;1,00000000
1,00154679;0,16578494;0,27251476;0,58901328;3,18313241;1,00000000
1,00161347;0,16563116;0,27251476;0,58885950;3,18343997;1,00000000
1,00168014;0,16547737;0,27251476;0,58870566;3,18343997;1,00000000
1,00174681;0,16563116;0,27251476;0,58855188;3,18343997;1,00000000
1,00181348;0,16547737;0,27251476;0,58855188;3,18343997;1,00000000
1,00188015;0,16532359;0,27251476;0,58839810;3,18374753;1,00000000
1,00194683;0,16516978;0,27251476;0,58809054;3,18374753;1,00000000
1,00201350;0,16516978;0,27251476;0,58793676;3,18374753;1,00000000
1,00208017;0,16516978;0,27251476;0,58778298;3,18374753;1,00000000
1,00214684;0,16501600;0,27251476;0,58762920;3,18374753;1,00000000
1,00221351;0,16501600;0,27282235;0,58732158;3,18405509;1,00000000
1,00228019;0,16516978;0,27282235;0,58701402;3,18436265;1,00000000
1,00234686;0,16516978;0,27312991;0,58670646;3,18436265;1,00000000
1,00241353;0,16532359;0,27312991;0,58655268;3,18436265;1,00000000
1,00248020;0,16532359;0,27312991;0,58624506;3,18436265;1,00000000
1,00254687;0,16532359;0,27312991;0,58593750;3,18436265;1,00000000
1,00261355;0,16547737;0,27312991;0,58562988;3,18467021;1,00000000
1,00268022;0,16547737;0,27312991;0,58532232;3,18528533;1,00000000
1,00274689;0,16547737;0,27282235;0,58501476;3,18467021;1,00000000
1,00281356;0,16547737;0,27282235;0,58455342;3,18436265;1,00000000
1,00288023;0,16563116;0,27312991;0,58439958;3,18467021;1,00000000
1,00294691;0,16578494;0,27343750;0,58409202;3,18467021;1,00000000
1,00301358;0,16578494;0,27374509;0,58378446;3,18467021;1,00000000
1,00308025;0,16578494;0,27374509;0,58347690;3,18528533;1,00000000
1,00314692;0,16578494;0,27405265;0,58316928;3,18559289;1,00000000
1,00321359;0,16578494;0,27436024;0,58286172;3,18559289;1,00000000
1,00328027;0,16593874;0,27436024;0,58255410;3,18528533;1,00000000
1,00334694;0,16593874;0,27436024;0,58209276;3,18467021;1,00000000
1,00341361;0,16609251;0,27405265;0,58163142;3,18559289;1,00000000
1,00348028;0,16609251;0,27405265;0,58117002;3,18559289;1,00000000
1,00354695;0,16609251;0,27436024;0,58086246;3,18559289;1,00000000
1,00361363;0,16609251;0,27466780;0,58040106;3,18590045;1,00000000
1,00368030;0,16624631;0,27466780;0,57993972;3,18620801;1,00000000
1,00374697;0,16640009;0,27497539;0,57947832;3,18620801;1,00000000
1,00381364;0,16655388;0,27497539;0,57917076;3,18620801;1,00000000
1,00388031;0,16655388;0,27466780;0,57886314;3,18590045;1,00000000
1,00394699;0,16670766;0,27497539;0,57855558;3,18620801;1,00000000
1,00401366;0,16686147;0,27497539;0,57824802;3,18651581;1,00000000
1,00408033;0,16701525;0,27497539;0,57794046;3,18682337;1,00000000
1,00414700;0,16716905;0,27528298;0,57747906;3,18713093;1,00000000
1,00421367;0,16732283;0,27528298;0,57701772;3,18713093;1,00000000
1,00428035;0,16747662;0,27497539;0,57655638;3,18713093;1,00000000
1,00434702;0,16763040;0,27466780;0,57624876;3,18713093;1,00000000
1,00441369;0,16778421;0,27436024;0,57594121;3,18713093;1,00000000
1,00448036;0,16778421;0,27436024;0,57563359;3,18682337;1,00000000
1,00454703;0,16778421;0,27436024;0,57532603;3,18713093;1,00000000
1,00461371;0,16763040;0,27405265;0,57486469;3,18774605;1,00000000
1,00468038;0,16763040;0,27405265;0,57455707;3,18805361;1,00000000
1,00474705;0,16763040;0,27436024;0,57424951;3,18805361;1,00000000
1,00481372;0,16778421;0,27466780;0,57378817;3,18805361;1,00000000
1,00488039;0,16778421;0,27466780;0,57348061;3,18805361;1,00000000
1,00494707;0,16793799;0,27466780;0,57317299;3,18805361;1,00000000
1,00501374;0,16793799;0,27497539;0,57301921;3,18774605;1,00000000
1,00508041;0,16793799;0,27497539;0,57255781;3,18743849;1,00000000
1,00514708;0,16809179;0,27466780;0,57240403;3,18774605;1,00000000
1,00521375;0,16809179;0,27466780;0,57194269;3,18743849;1,00000000
1,00528043;0,16809179;0,27436024;0,57148129;3,18713093;1,00000000
1,00534710;0,16809179;0,27436024;0,57117373;3,18713093;1,00000000
1,00541377;0,16824557;0,27436024;0,57101995;3,18682337;1,00000000
1,00548044;0,16824557;0,27436024;0,57071233;3,18651581;1,00000000
1,00554711;0,16824557;0,27405265;0,57040477;3,18620801;1,00000000
1,00561379;0,16824557;0,27405265;0,57009721;3,18620801;1,00000000
1,00568046;0,16839936;0,27405265;0,56994343;3,18620801;1,00000000
1,00574713;0,16839936;0,27405265;0,56963581;3,18651581;1,00000000
1,00581380;0,16839936;0,27436024;0,56932825;3,18651581;1,00000000
1,00588047;0,16839936;0,27405265;0,56902063;3,18620801;1,00000000
1,00594715;0,16839936;0,27374509;0,56886685;3,18590045;1,00000000
1,00601382;0,16839936;0,27343750;0,56855929;3,18559289;1,00000000
1,00608049;0,16839936;0,27312991;0,56840551;3,18528533;1,00000000
1,00614716;0,16839936;0,27312991;0,56809795;3,18528533;1,00000000
1,00621383;0,16855314;0,27282235;0,56794411;3,18559289;1,00000000
1,00628051;0,16855314;0,27251476;0,56779033;3,18559289;1,00000000
1,00634718;0,16855314;0,27251476;0,56748277;3,18528533;1,00000000
1,00641385;0,16855314;0,27220720;0,56732899;3,18467021;1,00000000
1,00648052;0,16855314;0,27220720;0,56732899;3,18436265;1,00000000
1,00654719;0,16839936;0,27220720;0,56732899;3,18405509;1,00000000
1,00661387;0,16839936;0,27220720;0,56732899;3,18374753;1,00000000
1,00668054;0,16839936;0,27189961;0,56732899;3,18374753;1,00000000
1,00674721;0,16855314;0,27220720;0,56732899;3,18374753;1,00000000
1,00681388;0,16855314;0,27189961;0,56748277;3,18405509;1,00000000
1,00688055;0,16855314;0,27159202;0,56748277;3,18374753;1,00000000
1,00694723;0,16855314;0,27159202;0,56763655;3,18343997;1,00000000
1,00701390;0,16855314;0,27128446;0,56779033;3,18343997;1,00000000
1,00708057;0,16855314;0,27097687;0,56794411;3,18313241;1,00000000
1,00714724;0,16855314;0,27097687;0,56825173;3,18343997;1,00000000
1,00721391;0,16855314;0,27066928;0,56840551;3,18343997;1,00000000
1,00728059;0,16855314;0,27066928;0,56855929;3,18374753;1,00000000
1,00734726;0,16839936;0,27066928;0,56871307;3,18374753;1,00000000
1,00741393;0,16839936;0,27036172;0,56902063;3,18374753;1,00000000
1,00748060;0,16855314;0,27036172;0,56932825;3,18374753;1,00000000
1,00754727;0,16870694;0,27036172;0,56963581;3,18374753;1,00000000
1,00761395;0,16870694;0,27066928;0,56978959;3,18374753;1,00000000
1,00768062;0,16870694;0,27036172;0,57009721;3,18405509;1,00000000
1,00774729;0,16870694;0,27036172;0,57040477;3,18436265;1,00000000
1,00781396;0,16870694;0,27066928;0,57086611;3,18436265;1,00000000
1,00788063;0,16870694;0,27066928;0,57117373;3,18467021;1,00000000
1,00794731;0,16870694;0,27097687;0,57148129;3,18528533;1,00000000
1,00801398;0,16870694;0,27066928;0,57178891;3,18528533;1,00000000
1,00808065;0,16870694;0,27066928;0,57240403;3,18467021;1,00000000
1,00814732;0,16870694;0,27066928;0,57286543;3,18528533;1,00000000
1,00821399;0,16870694;0,27066928;0,57332677;3,18559289;1,00000000
1,00828067;0,16886072;0,27066928;0,57378817;3,18590045;1,00000000
1,00834734;0,16886072;0,27066928;0,57424951;3,18651581;1,00000000
1,00841401;0,16886072;0,27066928;0,57471091;3,18682337;1,00000000
1,00848068;0,16870694;0,27066928;0,57532603;3,18713093;1,00000000
1,00854735;0,16870694;0,27097687;0,57578737;3,18743849;1,00000000
1,00861403;0,16870694;0,27128446;0,57624876;3,18743849;1,00000000
1,00868070;0,16870694;0,27097687;0,57655638;3,18774605;1,00000000
1,00874737;0,16870694;0,27097687;0,57717150;3,18774605;1,00000000
1,00881404;0,16870694;0,27097687;0,57763284;3,18774605;1,00000000
1,00888071;0,16870694;0,27128446;0,57809424;3,18805361;1,00000000
1,00894739;0,16870694;0,27159202;0,57840180;3,18836117;1,00000000
1,00901406;0,16870694;0,27159202;0,57886314;3,18866873;1,00000000
1,00908073;0,16886072;0,27189961;0,57932454;3,18866873;1,00000000
1,00914740;0,16886072;0,27189961;0,57978594;3,18866873;1,00000000
1,00921407;0,16886072;0,27189961;0,58009350;3,18866873;1,00000000
1,00928075;0,16886072;0,27220720;0,58055484;3,18866873;1,00000000
1,00934742;0,16901451;0,27251476;0,58101624;3,18866873;1,00000000
1,00941409;0,16886072;0,27282235;0,58147764;3,18897629;1,00000000
1,00948076;0,16886072;0,27312991;0,58209276;3,18928385;1,00000000
1,00954743;0,16886072;0,27312991;0,58224654;3,18989897;1,00000000
1,00961411;0,16901451;0,27312991;0,58255410;3,18989897;1,00000000
1,00968078;0,16901451;0,27312991;0,58286172;3,19020653;1,00000000
1,00974745;0,16901451;0,27312991;0,58316928;3,19020653;1,00000000
1,00981412;0,16901451;0,27343750;0,58363068;3,19020653;1,00000000
1,00988079;0,16901451;0,27343750;0,58393824;3,19020653;1,00000000
1,00994747;0,16916829;0,27374509;0,58424580;3,19020653;1,00000000
1,01001414;0,16916829;0,27405265;0,58455342;3,19020653;1,00000000
1,01008081;0,16916829;0,27436024;0,58486098;3,19020653;1,00000000
1,01014748;0,16916829;0,27466780;0,58516854;3,19020653;1,00000000
1,01021415;0,16916829;0,27436024;0,58532232;3,19020653;1,00000000
1,01028083;0,16932210;0,27466780;0,58547610;3,18989897;1,00000000
1,01034750;0,16932210;0,27497539;0,58562988;3,18989897;1,00000000
1,01041417;0,16932210;0,27466780;0,58578372;3,18989897;1,00000000
1,01048084;0,16932210;0,27466780;0,58593750;3,18989897;1,00000000
1,01054751;0,16947588;0,27497539;0,58593750;3,19020653;1,00000000
1,01061419;0,16947588;0,27497539;0,58593750;3,19020653;1,00000000
1,01068086;0,16947588;0,27497539;0,58609128;3,19020653;1,00000000
1,01074753;0,16947588;0,27497539;0,58609128;3,18989897;1,00000000
1,01081420;0,16932210;0,27497539;0,58593750;3,18959141;1,00000000
1,01088087;0,16932210;0,27497539;0,58609128;3,18928385;1,00000000
1,01094755;0,16932210;0,27497539;0,58593750;3,18928385;1,00000000
1,01101422;0,16932210;0,27528298;0,58593750;3,18959141;1,00000000
1,01108089;0,16932210;0,27497539;0,58609128;3,18989897;1,00000000
1,01114756;0,16932210;0,27466780;0,58609128;3,18989897;1,00000000
1,01121423;0,16932210;0,27466780;0,58593750;3,18989897;1,00000000
1,01128091;0,16932210;0,27436024;0,58578372;3,18959141;1,00000000
1,01134758;0,16932210;0,27405265;0,58578372;3,18928385;1,00000000
1,01141425;0,16932210;0,27405265;0,58562988;3,18866873;1,00000000
1,01148092;0,16932210;0,27405265;0,58562988;3,18866873;1,00000000
1,01154759;0,16932210;0,27405265;0,58562988;3,18866873;1,00000000
1,01161427;0,16932210;0,27405265;0,58547610;3,18866873;1,00000000
1,01168094;0,16916829;0,27374509;0,58547610;3,18836117;1,00000000
1,01174761;0,16916829;0,27374509;0,58532232;3,18836117;1,00000000
1,01181428;0,16916829;0,27374509;0,58516854;3,18836117;1,00000000
1,01188095;0,16916829;0,27405265;0,58486098;3,18805361;1,00000000
1,01194763;0,16916829;0,27374509;0,58470720;3,18774605;1,00000000
1,01201430;0,16916829;0,27343750;0,58470720;3,18805361;1,00000000
1,01208097;0,16916829;0,27343750;0,58439958;3,18805361;1,00000000
1,01214764;0,16916829;0,27312991;0,58439958;3,18774605;1,00000000
1,01221431;0,16916829;0,27312991;0,58409202;3,18743849;1,00000000
1,01228099;0,16916829;0,27343750;0,58378446;3,18743849;1,00000000
1,01234766;0,16916829;0,27343750;0,58347690;3,18743849;1,00000000
1,01241433;0,16916829;0,27343750;0,58316928;3,18713093;1,00000000
1,01248100;0,16916829;0,27343750;0,58286172;3,18743849;1,00000000
1,01254767;0,16901451;0,27312991;0,58270794;3,18743849;1,00000000
1,01261435;0,16901451;0,27343750;0,58240032;3,18743849;1,00000000
1,01268102;0,16901451;0,27343750;0,58193898;3,18743849;1,00000000
1,01274769;0,16886072;0,27374509;0,58178520;3,18743849;1,00000000
1,01281436;0,16886072;0,27374509;0,58147764;3,18743849;1,00000000
1,01288103;0,16886072;0,27374509;0,58117002;3,18743849;1,00000000
1,01294771;0,16886072;0,27405265;0,58086246;3,18774605;1,00000000
1,01301438;0,16886072;0,27405265;0,58055484;3,18805361;1,00000000
1,01308105;0,16886072;0,27405265;0,58024728;3,18774605;1,00000000
1,01314772;0,16886072;0,27405265;0,58009350;3,18774605;1,00000000
1,01321439;0,16870694;0,27405265;0,57963216;3,18774605;1,00000000
1,01328107;0,16870694;0,27436024;0,57947832;3,18774605;1,00000000
1,01334774;0,16855314;0,27405265;0,57917076;3,18774605;1,00000000
1,01341441;0,16839936;0,27374509;0,57901698;3,18774605;1,00000000
1,01348108;0,16839936;0,27374509;0,57870936;3,18713093;1,00000000
1,01354775;0,16839936;0,27343750;0,57855558;3,18743849;1,00000000
1,01361443;0,16824557;0,27374509;0,57824802;3,18743849;1,00000000
1,01368110;0,16824557;0,27343750;0,57794046;3,18743849;1,00000000
1,01374777;0,16824557;0,27312991;0,57763284;3,18743849;1,00000000
1,01381444;0,16809179;0,27312991;0,57732528;3,18743849;1,00000000
1,01388111;0,16809179;0,27312991;0,57701772;3,18743849;1,00000000
1,01394779;0,16809179;0,27312991;0,57686394;3,18743849;1,00000000
1,01401446;0,16809179;0,27312991;0,57671016;3,18743849;1,00000000
1,01408113;0,16824557;0,27312991;0,57655638;3,18774605;1,00000000
1,01414780;0,16824557;0,27312991;0,57624876;3,18805361;1,00000000
1,01421447;0,16809179;0,27312991;0,57594121;3,18805361;1,00000000
1,01428115;0,16809179;0,27312991;0,57563359;3,18805361;1,00000000
1,01434782;0,16809179;0,27343750;0,57532603;3,18805361;1,00000000
1,01441449;0,16809179;0,27343750;0,57501847;3,18805361;1,00000000
1,01448116;0,16793799;0,27343750;0,57486469;3,18805361;1,00000000
1,01454783;0,16793799;0,27343750;0,57455707;3,18743849;1,00000000
1,01461451;0,16793799;0,27343750;0,57424951;3,18774605;1,00000000
1,01468118;0,16793799;0,27343750;0,57394195;3,18805361;1,00000000
1,01474785;0,16809179;0,27343750;0,57378817;3,18836117;1,00000000
1,01481452;0,16809179;0,27374509;0,57363439;3,18836117;1,00000000
1,01488119;0,16809179;0,27374509;0,57332677;3,18836117;1,00000000
1,01494787;0,16809179;0,27374509;0,57317299;3,18836117;1,00000000
1,01501454;0,16793799;0,27343750;0,57301921;3,18836117;1,00000000
1,01508121;0,16778421;0,27343750;0,57271159;3,18836117;1,00000000
1,01514788;0,16778421;0,27343750;0,57271159;3,18836117;1,00000000
1,01521455;0,16747662;0,27312991;0,57271159;3,18866873;1,00000000
1,01528123;0,16732283;0,27312991;0,57271159;3,18897629;1,00000000
1,01534790;0,16716905;0,27312991;0,57255781;3,18928385;1,00000000
1,01541457;0,16701525;0,27312991;0,57255781;3,18928385;1,00000000
1,01548124;0,16701525;0,27343750;0,57255781;3,18989897;1,00000000
1,01554791;0,16701525;0,27343750;0,57255781;3,18989897;1,00000000
1,01561459;0,16686147;0,27343750;0,57255781;3,18959141;1,00000000
1,01568126;0,16670766;0,27343750;0,57255781;3,18959141;1,00000000
1,01574793;0,16655388;0,27343750;0,57255781;3,18959141;1,00000000
1,01581460;0,16655388;0,27343750;0,57255781;3,18989897;1,00000000
1,01588127;0,16640009;0,27343750;0,57255781;3,19020653;1,00000000
1,01594795;0,16640009;0,27343750;0,57255781;3,19051409;1,00000000
1,01601462;0,16640009;0,27343750;0,57271159;3,19082165;1,00000000
1,01608129;0,16640009;0,27343750;0,57286543;3,19112968;1,00000000
1,01614796;0,16640009;0,27343750;0,57301921;3,19082165;1,00000000
1,01621463;0,16640009;0,27343750;0,57332677;3,19051409;1,00000000
1,01628131;0,16640009;0,27343750;0,57348061;3,19020653;1,00000000
1,01634798;0,16655388;0,27343750;0,57348061;3,19051409;1,00000000
1,01641465;0,16640009;0,27343750;0,57348061;3,19082165;1,00000000
1,01648132;0,16640009;0,27343750;0,57363439;3,19082165;1,00000000
1,01654799;0,16655388;0,27312991;0,57394195;3,19082165;1,00000000
1,01661467;0,16655388;0,27312991;0,57409573;3,19082165;1,00000000
1,01668134;0,16640009;0,27312991;0,57424951;3,19051409;1,00000000
1,01674801;0,16655388;0,27343750;0,57440329;3,18989897;1,00000000
1,01681468;0,16655388;0,27374509;0,57471091;3,19020653;1,00000000
1,01688135;0,16655388;0,27374509;0,57501847;3,19020653;1,00000000
1,01694803;0,16655388;0,27374509;0,57532603;3,19020653;1,00000000
1,01701470;0,16640009;0,27374509;0,57563359;3,19020653;1,00000000
1,01708137;0,16640009;0,27405265;0,57594121;3,19020653;1,00000000
1,01714804;0,16655388;0,27436024;0,57624876;3,19020653;1,00000000
1,01721471;0,16640009;0,27436024;0,57640254;3,18989897;1,00000000
1,01728139;0,16624631;0,27466780;0,57671016;3,18928385;1,00000000
1,01734806;0,16609251;0,27497539;0,57701772;3,18928385;1,00000000
1,01741473;0,16593874;0,27497539;0,57732528;3,18928385;1,00000000
1,01748140;0,16609251;0,27497539;0,57747906;3,18928385;1,00000000
1,01754807;0,16593874;0,27497539;0,57763284;3,18928385;1,00000000
1,01761475;0,16593874;0,27466780;0,57794046;3,18928385;1,00000000
1,01768142;0,16609251;0,27466780;0,57824802;3,18897629;1,00000000
1,01774809;0,16609251;0,27436024;0,57855558;3,18897629;1,00000000
1,01781476;0,16609251;0,27436024;0,57886314;3,18836117;1,00000000
1,01788143;0,16609251;0,27405265;0,57901698;3,18774605;1,00000000
1,01794811;0,16624631;0,27405265;0,57932454;3,18774605;1,00000000
1,01801478;0,16624631;0,27436024;0,57963216;3,18774605;1,00000000
1,01808145;0,16624631;0,27405265;0,58009350;3,18774605;1,00000000
1,01814812;0,16640009;0,27374509;0,58024728;3,18743849;1,00000000
1,01821479;0,16640009;0,27343750;0,58040106;3,18713093;1,00000000
1,01828147;0,16624631;0,27343750;0,58070862;3,18682337;1,00000000
1,01834814;0,16609251;0,27374509;0,58101624;3,18651581;1,00000000
1,01841481;0,16624631;0,27374509;0,58132380;3,18590045;1,00000000
1,01848148;0,16624631;0,27374509;0,58163142;3,18559289;1,00000000
1,01854815;0,16609251;0,27343750;0,58178520;3,18528533;1,00000000
1,01861483;0,16609251;0,27343750;0,58209276;3,18467021;1,00000000
1,01868150;0,16609251;0,27312991;0,58224654;3,18405509;1,00000000
1,01874817;0,16609251;0,27282235;0,58255410;3,18405509;1,00000000
1,01881484;0,16593874;0,27282235;0,58286172;3,18374753;1,00000000
1,01888151;0,16609251;0,27282235;0,58301550;3,18343997;1,00000000
1,01894819;0,16609251;0,27282235;0,58316928;3,18343997;1,00000000
1,01901486;0,16609251;0,27282235;0,58347690;3,18313241;1,00000000
1,01908153;0,16593874;0,27251476;0,58363068;3,18282485;1,00000000
1,01914820;0,16593874;0,27251476;0,58378446;3,18251729;1,00000000
1,01921487;0,16609251;0,27251476;0,58409202;3,18251729;1,00000000
1,01928155;0,16609251;0,27220720;0,58439958;3,18220973;1,00000000
1,01934822;0,16609251;0,27189961;0,58455342;3,18190217;1,00000000
1,01941489;0,16593874;0,27159202;0,58486098;3,18190217;1,00000000
1,01948156;0,16578494;0,27159202;0,58501476;3,18190217;1,00000000
1,01954823;0,16578494;0,27159202;0,58532232;3,18190217;1,00000000
1,01961491;0,16578494;0,27159202;0,58547610;3,18159461;1,00000000
1,01968158;0,16563116;0,27159202;0,58562988;3,18097925;1,00000000
1,01974825;0,16563116;0,27128446;0,58578372;3,18067169;1,00000000
1,01981492;0,16563116;0,27128446;0,58593750;3,18067169;1,00000000
1,01988159;0,16563116;0,27128446;0,58609128;3,18067169;1,00000000
1,01994827;0,16547737;0,27097687;0,58609128;3,18067169;1,00000000
1,02001494;0,16532359;0,27066928;0,58624506;3,18067169;1,00000000
1,02008161;0,16532359;0,27066928;0,58655268;3,18036413;1,00000000
1,02014828;0,16532359;0,27066928;0,58670646;3,18005657;1,00000000
1,02021495;0,16532359;0,27036172;0,58686024;3,17974901;1,00000000
1,02028163;0,16516978;0,27036172;0,58716780;3,17974901;1,00000000
1,02034830;0,16516978;0,27036172;0,58732158;3,18005657;1,00000000
1,02041497;0,16516978;0,27005413;0,58747536;3,18005657;1,00000000
1,02048164;0,16501600;0,27005413;0,58762920;3,18005657;1,00000000
1,02054831;0,16501600;0,27005413;0,58778298;3,18036413;1,00000000
1,02061499;0,16501600;0,27005413;0,58778298;3,18036413;1,00000000
1,02068166;0,16501600;0,26974654;0,58793676;3,18005657;1,00000000
1,02074833;0,16486220;0,26943898;0,58809054;3,17974901;1,00000000
1,02081500;0,16470842;0,26943898;0,58824432;3,17974901;1,00000000
1,02088167;0,16455463;0,26913139;0,58824432;3,18005657;1,00000000
1,02094835;0,16455463;0,26943898;0,58824432;3,18036413;1,00000000
1,02101502;0,16455463;0,26943898;0,58824432;3,18067169;1,00000000
1,02108169;0,16440085;0,26943898;0,58809054;3,18067169;1,00000000
1,02114836;0,16424704;0,26943898;0,58809054;3,18036413;1,00000000
1,02121503;0,16409326;0,26913139;0,58824432;3,18005657;1,00000000
1,02128171;0,16393946;0,26913139;0,58824432;3,18005657;1,00000000
1,02134838;0,16378568;0,26943898;0,58839810;3,18036413;1,00000000
1,02141505;0,16363189;0,26943898;0,58839810;3,18067169;1,00000000
1,02148172;0,16347811;0,26943898;0,58839810;3,18097925;1,00000000
1,02154839;0,16347811;0,26974654;0,58839810;3,18128681;1,00000000
1,02161507;0,16363189;0,27005413;0,58824432;3,18128681;1,00000000
1,02168174;0,16363189;0,27036172;0,58824432;3,18097925;1,00000000
1,02174841;0,16378568;0,27066928;0,58809054;3,18067169;1,00000000
1,02181508;0,16378568;0,27036172;0,58809054;3,18067169;1,00000000
1,02188175;0,16363189;0,27005413;0,58793676;3,18097925;1,00000000
1,02194843;0,16363189;0,26974654;0,58778298;3,18128681;1,00000000
1,02201510;0,16347811;0,26943898;0,58747536;3,18128681;1,00000000
1,02208177;0,16363189;0,26943898;0,58716780;3,18128681;1,00000000
1,02214844;0,16378568;0,26943898;0,58701402;3,18128681;1,00000000
1,02221511;0,16378568;0,26974654;0,58670646;3,18097925;1,00000000
1,02228179;0,16393946;0,27005413;0,58655268;3,18128681;1,00000000
1,02234846;0,16409326;0,27036172;0,58639890;3,18190217;1,00000000
1,02241513;0,16409326;0,27066928;0,58609128;3,18220973;1,00000000
1,02248180;0,16393946;0,27036172;0,58578372;3,18220973;1,00000000
1,02254847;0,16409326;0,27005413;0,58547610;3,18220973;1,00000000
1,02261515;0,16424704;0,27005413;0,58516854;3,18220973;1,00000000
1,02268182;0,16424704;0,27036172;0,58486098;3,18220973;1,00000000
1,02274849;0,16424704;0,27036172;0,58455342;3,18251729;1,00000000
1,02281516;0,16440085;0,27036172;0,58424580;3,18251729;1,00000000
1,02288183;0,16455463;0,27036172;0,58393824;3,18282485;1,00000000
1,02294851;0,16455463;0,27066928;0,58363068;3,18251729;1,00000000
1,02301518;0,16455463;0,27097687;0,58332312;3,18251729;1,00000000
1,02308185;0,16455463;0,27128446;0,58301550;3,18251729;1,00000000
1,02314852;0,16455463;0,27128446;0,58286172;3,18251729;1,00000000
1,02321519;0,16470842;0,27097687;0,58255410;3,18251729;1,00000000
1,02328187;0,16455463;0,27097687;0,58209276;3,18251729;1,00000000
1,02334854;0,16455463;0,27128446;0,58178520;3,18251729;1,00000000
1,02341521;0,16455463;0,27159202;0,58147764;3,18313241;1,00000000
1,02348188;0,16455463;0,27189961;0,58117002;3,18313241;1,00000000
1,02354855;0,16470842;0,27189961;0,58070862;3,18313241;1,00000000
1,02361523;0,16470842;0,27189961;0,58024728;3,18313241;1,00000000
1,02368190;0,16470842;0,27159202;0,57978594;3,18313241;1,00000000
1,02374857;0,16470842;0,27159202;0,57947832;3,18313241;1,00000000
1,02381524;0,16470842;0,27128446;0,57901698;3,18343997;1,00000000
1,02388191;0,16470842;0,27159202;0,57870936;3,18343997;1,00000000
1,02394859;0,16470842;0,27159202;0,57840180;3,18374753;1,00000000
1,02401526;0,16486220;0,27159202;0,57809424;3,18405509;1,00000000
1,02408193;0,16501600;0,27189961;0,57778668;3,18405509;1,00000000
1,02414860;0,16516978;0,27220720;0,57732528;3,18405509;1,00000000
1,02421527;0,16532359;0,27220720;0,57686394;3,18405509;1,00000000
1,02428195;0,16532359;0,27220720;0,57640254;3,18436265;1,00000000
1,02434862;0,16547737;0,27220720;0,57609499;3,18405509;1,00000000
1,02441529;0,16547737;0,27220720;0,57578737;3,18405509;1,00000000
1,02448196;0,16547737;0,27220720;0,57547981;3,18405509;1,00000000
1,02454863;0,16547737;0,27251476;0,57517225;3,18405509;1,00000000
1,02461531;0,16532359;0,27251476;0,57486469;3,18405509;1,00000000
1,02468198;0,16532359;0,27220720;0,57455707;3,18405509;1,00000000
1,02474865;0,16547737;0,27251476;0,57440329;3,18436265;1,00000000
1,02481532;0,16547737;0,27282235;0,57409573;3,18436265;1,00000000
1,02488199;0,16547737;0,27251476;0,57363439;3,18436265;1,00000000
1,02494867;0,16563116;0,27282235;0,57348061;3,18405509;1,00000000
1,02501534;0,16563116;0,27282235;0,57332677;3,18374753;1,00000000
1,02508201;0,16563116;0,27282235;0,57301921;3,18374753;1,00000000
1,02514868;0,16563116;0,27312991;0,57255781;3,18436265;1,00000000
1,02521535;0,16563116;0,27312991;0,57209647;3,18467021;1,00000000
1,02528203;0,16563116;0,27312991;0,57178891;3,18467021;1,00000000
1,02534870;0,16563116;0,27343750;0,57148129;3,18467021;1,00000000
1,02541537;0,16563116;0,27312991;0,57117373;3,18436265;1,00000000
1,02548204;0,16578494;0,27343750;0,57086611;3,18405509;1,00000000
1,02554871;0,16593874;0,27343750;0,57040477;3,18374753;1,00000000
1,02561539;0,16609251;0,27343750;0,57009721;3,18374753;1,00000000
1,02568206;0,16609251;0,27343750;0,56978959;3,18343997;1,00000000
1,02574873;0,16609251;0,27374509;0,56963581;3,18343997;1,00000000
1,02581540;0,16609251;0,27343750;0,56932825;3,18343997;1,00000000
1,02588207;0,16609251;0,27343750;0,56917441;3,18343997;1,00000000
1,02594875;0,16609251;0,27312991;0,56902063;3,18313241;1,00000000
1,02601542;0,16609251;0,27282235;0,56902063;3,18282485;1,00000000
1,02608209;0,16609251;0,27282235;0,56886685;3,18282485;1,00000000
1,02614876;0,16593874;0,27282235;0,56855929;3,18251729;1,00000000
1,02621543;0,16593874;0,27251476;0,56840551;3,18251729;1,00000000
1,02628211;0,16593874;0,27220720;0,56840551;3,18251729;1,00000000
1,02634878;0,16593874;0,27220720;0,56840551;3,18251729;1,00000000
1,02641545;0,16593874;0,27189961;0,56825173;3,18251729;1,00000000
1,02648212;0,16593874;0,27159202;0,56825173;3,18220973;1,00000000
1,02654879;0,16593874;0,27128446;0,56809795;3,18190217;1,00000000
1,02661547;0,16593874;0,27159202;0,56809795;3,18190217;1,00000000
1,02668214;0,16578494;0,27159202;0,56809795;3,18190217;1,00000000
1,02674881;0,16578494;0,27159202;0,56825173;3,18159461;1,00000000
1,02681548;0,16578494;0,27159202;0,56840551;3,18159461;1,00000000
1,02688215;0,16578494;0,27159202;0,56840551;3,18159461;1,00000000
1,02694883;0,16578494;0,27128446;0,56855929;3,18159461;1,00000000
1,02701550;0,16563116;0,27128446;0,56886685;3,18159461;1,00000000
1,02708217;0,16563116;0,27097687;0,56902063;3,18190217;1,00000000
1,02714884;0,16547737;0,27066928;0,56902063;3,18190217;1,00000000
1,02721551;0,16547737;0,27036172;0,56917441;3,18220973;1,00000000
1,02728219;0,16547737;0,27066928;0,56932825;3,18190217;1,00000000
1,02734886;0,16532359;0,27066928;0,56963581;3,18190217;1,00000000
1,02741553;0,16532359;0,27066928;0,56994343;3,18190217;1,00000000
1,02748220;0,16532359;0,27066928;0,57009721;3,18190217;1,00000000
1,02754887;0,16532359;0,27066928;0,57025099;3,18190217;1,00000000
1,02761555;0,16516978;0,27036172;0,57055855;3,18190217;1,00000000
1,02768222;0,16516978;0,27036172;0,57086611;3,18190217;1,00000000
1,02774889;0,16516978;0,27036172;0,57132751;3,18190217;1,00000000
1,02781556;0,16501600;0,27066928;0,57163513;3,18251729;1,00000000
1,02788223;0,16501600;0,27097687;0,57209647;3,18251729;1,00000000
1,02794891;0,16501600;0,27128446;0,57271159;3,18282485;1,00000000
1,02801558;0,16486220;0,27128446;0,57332677;3,18282485;1,00000000
1,02808225;0,16486220;0,27128446;0,57363439;3,18282485;1,00000000
1,02814892;0,16486220;0,27159202;0,57394195;3,18282485;1,00000000
1,02821559;0,16486220;0,27159202;0,57424951;3,18313241;1,00000000
1,02828227;0,16486220;0,27159202;0,57486469;3,18343997;1,00000000
1,02834894;0,16486220;0,27189961;0,57547981;3,18405509;1,00000000
1,02841561;0,16470842;0,27189961;0,57578737;3,18405509;1,00000000
1,02848228;0,16470842;0,27220720;0,57640254;3,18436265;1,00000000
1,02854895;0,16470842;0,27220720;0,57686394;3,18436265;1,00000000
1,02861563;0,16470842;0,27189961;0,57732528;3,18436265;1,00000000
1,02868230;0,16470842;0,27159202;0,57778668;3,18467021;1,00000000
1,02874897;0,16470842;0,27159202;0,57824802;3,18559289;1,00000000
1,02881564;0,16455463;0,27189961;0,57870936;3,18590045;1,00000000
1,02888231;0,16455463;0,27220720;0,57932454;3,18620801;1,00000000
1,02894899;0,16440085;0,27220720;0,57978594;3,18620801;1,00000000
1,02901566;0,16440085;0,27251476;0,58024728;3,18620801;1,00000000
1,02908233;0,16440085;0,27282235;0,58055484;3,18620801;1,00000000
1,02914900;0,16440085;0,27312991;0,58101624;3,18620801;1,00000000
1,02921567;0,16440085;0,27343750;0,58132380;3,18682337;1,00000000
1,02928235;0,16440085;0,27374509;0,58178520;3,18743849;1,00000000
1,02934902;0,16455463;0,27374509;0,58224654;3,18774605;1,00000000
1,02941569;0,16470842;0,27405265;0,58270794;3,18805361;1,00000000
1,02948236;0,16470842;0,27405265;0,58316928;3,18805361;1,00000000
1,02954903;0,16470842;0,27436024;0,58363068;3,18805361;1,00000000
1,02961571;0,16486220;0,27466780;0,58393824;3,18805361;1,00000000
1,02968238;0,16486220;0,27466780;0,58439958;3,18805361;1,00000000
1,02974905;0,16486220;0,27466780;0,58470720;3,18805361;1,00000000
1,02981572;0,16486220;0,27466780;0,58486098;3,18805361;1,00000000
1,02988239;0,16486220;0,27466780;0,58516854;3,18836117;1,00000000
1,02994907;0,16486220;0,27497539;0,58547610;3,18866873;1,00000000
1,03001574;0,16486220;0,27497539;0,58578372;3,18836117;1,00000000
1,03008241;0,16501600;0,27528298;0,58593750;3,18805361;1,00000000
1,03014908;0,16501600;0,27528298;0,58624506;3,18836117;1,00000000
1,03021575;0,16501600;0,27528298;0,58639890;3,18836117;1,00000000
1,03028243;0,16501600;0,27528298;0,58655268;3,18836117;1,00000000
1,03034910;0,16501600;0,27497539;0,58670646;3,18836117;1,00000000
1,03041577;0,16501600;0,27497539;0,58686024;3,18836117;1,00000000
1,03048244;0,16516978;0,27497539;0,58686024;3,18836117;1,00000000
1,03054911;0,16516978;0,27497539;0,58686024;3,18836117;1,00000000
1,03061579;0,16516978;0,27528298;0,58686024;3,18836117;1,00000000
1,03068246;0,16516978;0,27528298;0,58701402;3,18866873;1,00000000
1,03074913;0,16516978;0,27528298;0,58701402;3,18866873;1,00000000
1,03081580;0,16516978;0,27528298;0,58701402;3,18866873;1,00000000
1,03088247;0,16532359;0,27497539;0,58701402;3,18866873;1,00000000
1,03094915;0,16532359;0,27528298;0,58701402;3,18866873;1,00000000
1,03101582;0,16532359;0,27497539;0,58701402;3,18836117;1,00000000
1,03108249;0,16532359;0,27497539;0,58701402;3,18866873;1,00000000
1,03114916;0,16516978;0,27466780;0,58686024;3,18866873;1,00000000
1,03121583;0,16501600;0,27466780;0,58670646;3,18866873;1,00000000
1,03128251;0,16501600;0,27436024;0,58655268;3,18866873;1,00000000
1,03134918;0,16501600;0,27405265;0,58639890;3,18866873;1,00000000
1,03141585;0,16501600;0,27374509;0,58639890;3,18866873;1,00000000
1,03148252;0,16501600;0,27405265;0,58639890;3,18866873;1,00000000
1,03154919;0,16501600;0,27436024;0,58639890;3,18866873;1,00000000
1,03161587;0,16501600;0,27436024;0,58624506;3,18897629;1,00000000
1,03168254;0,16501600;0,27405265;0,58624506;3,18897629;1,00000000
1,03174921;0,16501600;0,27405265;0,58609128;3,18897629;1,00000000
1,03181588;0,16486220;0,27374509;0,58578372;3,18897629;1,00000000
1,03188255;0,16486220;0,27343750;0,58562988;3,18897629;1,00000000
1,03194923;0,16486220;0,27343750;0,58547610;3,18866873;1,00000000
1,03201590;0,16470842;0,27343750;0,58547610;3,18866873;1,00000000
1,03208257;0,16470842;0,27343750;0,58532232;3,18866873;1,00000000
1,03214924;0,16470842;0,27343750;0,58532232;3,18866873;1,00000000
1,03221591;0,16470842;0,27343750;0,58501476;3,18866873;1,00000000
1,03228259;0,16486220;0,27374509;0,58470720;3,18866873;1,00000000
1,03234926;0,16486220;0,27343750;0,58455342;3,18866873;1,00000000
1,03241593;0,16486220;0,27343750;0,58424580;3,18866873;1,00000000
1,03248260;0,16486220;0,27374509;0,58393824;3,18866873;1,00000000
1,03254927;0,16470842;0,27343750;0,58378446;3,18836117;1,00000000
1,03261595;0,16470842;0,27343750;0,58363068;3,18836117;1,00000000
1,03268262;0,16470842;0,27374509;0,58332312;3,18866873;1,00000000
1,03274929;0,16470842;0,27374509;0,58316928;3,18866873;1,00000000
1,03281596;0,16470842;0,27405265;0,58301550;3,18866873;1,00000000
1,03288263;0,16455463;0,27436024;0,58286172;3,18866873;1,00000000
1,03294931;0,16455463;0,27466780;0,58255410;3,18866873;1,00000000
1,03301598;0,16440085;0,27436024;0,58224654;3,18866873;1,00000000
1,03308265;0,16440085;0,27436024;0,58178520;3,18866873;1,00000000
1,03314932;0,16440085;0,27436024;0,58147764;3,18836117;1,00000000
1,03321599;0,16440085;0,27436024;0,58132380;3,18866873;1,00000000
1,03328267;0,16440085;0,27436024;0,58086246;3,18897629;1,00000000
1,03334934;0,16440085;0,27466780;0,58070862;3,18928385;1,00000000
1,03341601;0,16424704;0,27497539;0,58040106;3,18928385;1,00000000
1,03348268;0,16424704;0,27466780;0,58024728;3,18928385;1,00000000
1,03354935;0,16424704;0,27466780;0,57993972;3,18928385;1,00000000
1,03361603;0,16409326;0,27466780;0,57963216;3,18928385;1,00000000
1,03368270;0,16409326;0,27497539;0,57932454;3,18928385;1,00000000
1,03374937;0,16393946;0,27497539;0,57901698;3,18959141;1,00000000
1,03381604;0,16378568;0,27466780;0,57886314;3,18989897;1,00000000
1,03388271;0,16378568;0,27436024;0,57840180;3,18989897;1,00000000
1,03394939;0,16378568;0,27405265;0,57809424;3,18989897;1,00000000
1,03401606;0,16378568;0,27436024;0,57778668;3,18989897;1,00000000
1,03408273;0,16378568;0,27436024;0,57747906;3,18989897;1,00000000
1,03414940;0,16378568;0,27405265;0,57717150;3,18989897;1,00000000
1,03421607;0,16363189;0,27405265;0,57686394;3,18959141;1,00000000
1,03428275;0,16347811;0,27374509;0,57671016;3,18989897;1,00000000
1,03434942;0,16347811;0,27343750;0,57640254;3,19020653;1,00000000
1,03441609;0,16347811;0,27312991;0,57624876;3,19051409;1,00000000
1,03448276;0,16347811;0,27312991;0,57594121;3,19051409;1,00000000
1,03454943;0,16332431;0,27312991;0,57563359;3,19051409;1,00000000
1,03461611;0,16317053;0,27312991;0,57547981;3,19082165;1,00000000
1,03468278;0,16332431;0,27312991;0,57517225;3,19051409;1,00000000
1,03474945;0,16317053;0,27343750;0,57486469;3,19051409;1,00000000
1,03481612;0,16317053;0,27343750;0,57455707;3,19051409;1,00000000
1,03488279;0,16317053;0,27343750;0,57424951;3,19082165;1,00000000
1,03494947;0,16317053;0,27343750;0,57409573;3,19112968;1,00000000
1,03501614;0,16301674;0,27343750;0,57394195;3,19143724;1,00000000
1,03508281;0,16286296;0,27312991;0,57378817;3,19143724;1,00000000
1,03514948;0,16286296;0,27312991;0,57348061;3,19112968;1,00000000
1,03521615;0,16270915;0,27343750;0,57348061;3,19112968;1,00000000
1,03528283;0,16270915;0,27343750;0,57348061;3,19112968;1,00000000
1,03534950;0,16270915;0,27343750;0,57348061;3,19112968;1,00000000
1,03541617;0,16270915;0,27312991;0,57348061;3,19112968;1,00000000
1,03548284;0,16255537;0,27312991;0,57332677;3,19143724;1,00000000
1,03554951;0,16240157;0,27312991;0,57332677;3,19143724;1,00000000
1,03561619;0,16240157;0,27343750;0,57332677;3,19143724;1,00000000
1,03568286;0,16240157;0,27374509;0,57332677;3,19143724;1,00000000
1,03574953;0,16240157;0,27405265;0,57348061;3,19174480;1,00000000
1,03581620;0,16240157;0,27405265;0,57348061;3,19174480;1,00000000
1,03588287;0,16240157;0,27405265;0,57363439;3,19174480;1,00000000
1,03594955;0,16240157;0,27405265;0,57378817;3,19174480;1,00000000
1,03601622;0,16240157;0,27405265;0,57409573;3,19174480;1,00000000
1,03608289;0,16240157;0,27374509;0,57409573;3,19235992;1,00000000
1,03614956;0,16240157;0,27405265;0,57424951;3,19235992;1,00000000
1,03621623;0,16240157;0,27405265;0,57440329;3,19235992;1,00000000
1,03628291;0,16240157;0,27405265;0,57440329;3,19205236;1,00000000
1,03634958;0,16255537;0,27405265;0,57440329;3,19174480;1,00000000
1,03641625;0,16240157;0,27436024;0,57455707;3,19143724;1,00000000
1,03648292;0,16240157;0,27466780;0,57471091;3,19143724;1,00000000
1,03654959;0,16240157;0,27497539;0,57501847;3,19143724;1,00000000
1,03661627;0,16240157;0,27528298;0,57517225;3,19143724;1,00000000
1,03668294;0,16255537;0,27528298;0,57547981;3,19205236;1,00000000
1,03674961;0,16270915;0,27528298;0,57578737;3,19205236;1,00000000
1,03681628;0,16270915;0,27528298;0,57594121;3,19174480;1,00000000
1,03688295;0,16270915;0,27528298;0,57624876;3,19174480;1,00000000
1,03694963;0,16270915;0,27528298;0,57655638;3,19174480;1,00000000
1,03701630;0,16270915;0,27559054;0,57671016;3,19174480;1,00000000
1,03708297;0,16270915;0,27589813;0,57686394;3,19174480;1,00000000
1,03714964;0,16270915;0,27559054;0,57701772;3,19235992;1,00000000
1,03721631;0,16270915;0,27589813;0,57732528;3,19266748;1,00000000
1,03728299;0,16270915;0,27589813;0,57763284;3,19235992;1,00000000
1,03734966;0,16270915;0,27559054;0,57778668;3,19205236;1,00000000
1,03741633;0,16270915;0,27559054;0,57794046;3,19143724;1,00000000
1,03748300;0,16270915;0,27589813;0,57824802;3,19143724;1,00000000
1,03754967;0,16270915;0,27620572;0,57855558;3,19112968;1,00000000
1,03761635;0,16270915;0,27620572;0,57886314;3,19082165;1,00000000
1,03768302;0,16270915;0,27620572;0,57901698;3,19082165;1,00000000
1,03774969;0,16286296;0,27651328;0,57932454;3,19082165;1,00000000
1,03781636;0,16286296;0,27651328;0,57947832;3,19051409;1,00000000
1,03788303;0,16286296;0,27620572;0,57963216;3,19020653;1,00000000
1,03794971;0,16301674;0,27651328;0,57993972;3,18959141;1,00000000
1,03801638;0,16301674;0,27651328;0,58024728;3,18897629;1,00000000
1,03808305;0,16301674;0,27651328;0,58055484;3,18836117;1,00000000
1,03814972;0,16301674;0,27651328;0,58101624;3,18836117;1,00000000
1,03821639;0,16317053;0,27651328;0,58117002;3,18836117;1,00000000
1,03828307;0,16332431;0,27682087;0,58132380;3,18836117;1,00000000
1,03834974;0,16332431;0,27651328;0,58163142;3,18836117;1,00000000
1,03841641;0,16347811;0,27620572;0,58178520;3,18774605;1,00000000
1,03848308;0,16347811;0,27620572;0,58209276;3,18713093;1,00000000
1,03854975;0,16347811;0,27620572;0,58224654;3,18651581;1,00000000
1,03861643;0,16347811;0,27620572;0,58240032;3,18590045;1,00000000
1,03868310;0,16332431;0,27620572;0,58270794;3,18559289;1,00000000
1,03874977;0,16332431;0,27589813;0,58286172;3,18559289;1,00000000
1,03881644;0,16332431;0,27589813;0,58316928;3,18559289;1,00000000
1,03888311;0,16332431;0,27589813;0,58332312;3,18559289;1,00000000
1,03894979;0,16347811;0,27620572;0,58347690;3,18528533;1,00000000
1,03901646;0,16347811;0,27620572;0,58378446;3,18436265;1,00000000
1,03908313;0,16347811;0,27620572;0,58409202;3,18405509;1,00000000
1,03914980;0,16347811;0,27589813;0,58439958;3,18374753;1,00000000
1,03921647;0,16332431;0,27589813;0,58455342;3,18343997;1,00000000
1,03928315;0,16317053;0,27589813;0,58486098;3,18343997;1,00000000
1,03934982;0,16317053;0,27559054;0,58486098;3,18343997;1,00000000
1,03941649;0,16301674;0,27528298;0,58501476;3,18313241;1,00000000
1,03948316;0,16301674;0,27497539;0,58532232;3,18282485;1,00000000
1,03954983;0,16301674;0,27497539;0,58547610;3,18282485;1,00000000
1,03961651;0,16286296;0,27497539;0,58578372;3,18251729;1,00000000
1,03968318;0,16270915;0,27497539;0,58593750;3,18220973;1,00000000
1,03974985;0,16270915;0,27466780;0,58624506;3,18220973;1,00000000
1,03981652;0,16255537;0,27436024;0,58655268;3,18190217;1,00000000
1,03988319;0,16240157;0,27466780;0,58670646;3,18159461;1,00000000
1,03994987;0,16224779;0,27436024;0,58686024;3,18128681;1,00000000
1,04001654;0,16224779;0,27405265;0,58701402;3,18190217;1,00000000
1,04008321;0,16224779;0,27374509;0,58716780;3,18220973;1,00000000
1,04014988;0,16224779;0,27343750;0,58732158;3,18220973;1,00000000
1,04021655;0,16224779;0,27374509;0,58747536;3,18220973;1,00000000
1,04028323;0,16209400;0,27374509;0,58762920;3,18220973;1,00000000
1,04034990;0,16224779;0,27374509;0,58778298;3,18190217;1,00000000
1,04041657;0,16224779;0,27374509;0,58793676;3,18220973;1,00000000
1,04048324;0,16224779;0,27343750;0,58809054;3,18220973;1,00000000
1,04054991;0,16240157;0,27343750;0,58824432;3,18251729;1,00000000
1,04061659;0,16224779;0,27312991;0,58839810;3,18282485;1,00000000
1,04068326;0,16224779;0,27282235;0,58855188;3,18282485;1,00000000
1,04074993;0,16240157;0,27312991;0,58870566;3,18282485;1,00000000
1,04081660;0,16240157;0,27312991;0,58870566;3,18282485;1,00000000
1,04088327;0,16224779;0,27343750;0,58885950;3,18251729;1,00000000
1,04094995;0,16224779;0,27343750;0,58885950;3,18220973;1,00000000
1,04101662;0,16224779;0,27343750;0,58885950;3,18220973;1,00000000
1,04108329;0,16224779;0,27343750;0,58885950;3,18251729;1,00000000
1,04114996;0,16209400;0,27312991;0,58885950;3,18282485;1,00000000
1,04121663;0,16194022;0,27282235;0,58885950;3,18313241;1,00000000
1,04128331;0,16178641;0,27251476;0,58885950;3,18313241;1,00000000
1,04134998;0,16194022;0,27282235;0,58901328;3,18282485;1,00000000
1,04141665;0,16194022;0,27282235;0,58885950;3,18282485;1,00000000
1,04148332;0,16194022;0,27282235;0,58885950;3,18313241;1,00000000
1,04154999;0,16194022;0,27312991;0,58870566;3,18343997;1,00000000
1,04161667;0,16178641;0,27312991;0,58855188;3,18374753;1,00000000
1,04168334;0,16178641;0,27343750;0,58839810;3,18405509;1,00000000
1,04175001;0,16178641;0,27343750;0,58824432;3,18405509;1,00000000
1,04181668;0,16178641;0,27343750;0,58793676;3,18374753;1,00000000
1,04188335;0,16194022;0,27343750;0,58778298;3,18374753;1,00000000
1,04195003;0,16209400;0,27343750;0,58762920;3,18374753;1,00000000
1,04201670;0,16194022;0,27343750;0,58732158;3,18405509;1,00000000
1,04208337;0,16209400;0,27312991;0,58701402;3,18436265;1,00000000
1,04215004;0,16224779;0,27343750;0,58686024;3,18467021;1,00000000
1,04221671;0,16240157;0,27312991;0,58670646;3,18436265;1,00000000
1,04228339;0,16240157;0,27282235;0,58670646;3,18405509;1,00000000
1,04235006;0,16240157;0,27251476;0,58655268;3,18405509;1,00000000
1,04241673;0,16255537;0,27251476;0,58624506;3,18405509;1,00000000
1,04248340;0,16255537;0,27282235;0,58578372;3,18436265;1,00000000
1,04255007;0,16240157;0,27282235;0,58547610;3,18467021;1,00000000
1,04261675;0,16240157;0,27282235;0,58532232;3,18528533;1,00000000
1,04268342;0,16240157;0,27282235;0,58501476;3,18467021;1,00000000
1,04275009;0,16255537;0,27251476;0,58486098;3,18528533;1,00000000
1,04281676;0,16255537;0,27220720;0,58455342;3,18528533;1,00000000
1,04288343;0,16270915;0,27220720;0,58424580;3,18528533;1,00000000
1,04295011;0,16286296;0,27251476;0,58393824;3,18528533;1,00000000
1,04301678;0,16286296;0,27282235;0,58347690;3,18559289;1,00000000
1,04308345;0,16301674;0,27282235;0,58301550;3,18528533;1,00000000
1,04315012;0,16301674;0,27312991;0,58255410;3,18467021;1,00000000
1,04321679;0,16317053;0,27312991;0,58224654;3,18528533;1,00000000
1,04328347;0,16332431;0,27312991;0,58193898;3,18528533;1,00000000
1,04335014;0,16347811;0,27343750;0,58147764;3,18528533;1,00000000
1,04341681;0,16363189;0,27343750;0,58117002;3,18559289;1,00000000
1,04348348;0,16363189;0,27343750;0,58086246;3,18559289;1,00000000
1,04355015;0,16378568;0,27374509;0,58040106;3,18590045;1,00000000
1,04361683;0,16378568;0,27405265;0,58009350;3,18590045;1,00000000
1,04368350;0,16378568;0,27405265;0,57978594;3,18559289;1,00000000
1,04375017;0,16378568;0,27405265;0,57932454;3,18590045;1,00000000
1,04381684;0,16393946;0,27405265;0,57901698;3,18620801;1,00000000
1,04388351;0,16409326;0,27374509;0,57870936;3,18620801;1,00000000
1,04395019;0,16424704;0,27374509;0,57824802;3,18651581;1,00000000
1,04401686;0,16440085;0,27405265;0,57794046;3,18651581;1,00000000
1,04408353;0,16440085;0,27405265;0,57732528;3,18682337;1,00000000
1,04415020;0,16455463;0,27436024;0,57686394;3,18651581;1,00000000
1,04421687;0,16470842;0,27466780;0,57640254;3,18651581;1,00000000
1,04428355;0,16470842;0,27497539;0,57609499;3,18620801;1,00000000
1,04435022;0,16486220;0,27497539;0,57578737;3,18651581;1,00000000
1,04441689;0,16501600;0,27466780;0,57517225;3,18682337;1,00000000
1,04448356;0,16501600;0,27466780;0,57471091;3,18682337;1,00000000
1,04455023;0,16501600;0,27497539;0,57424951;3,18713093;1,00000000
1,04461691;0,16501600;0,27497539;0,57394195;3,18713093;1,00000000
1,04468358;0,16516978;0,27528298;0,57363439;3,18713093;1,00000000
1,04475025;0,16532359;0,27559054;0,57332677;3,18713093;1,00000000
1,04481692;0,16547737;0,27589813;0,57286543;3,18713093;1,00000000
1,04488359;0,16578494;0,27589813;0,57271159;3,18682337;1,00000000
1,04495027;0,16593874;0,27589813;0,57255781;3,18743849;1,00000000
1,04501694;0,16609251;0,27589813;0,57194269;3,18743849;1,00000000
1,04508361;0,16624631;0,27589813;0,57148129;3,18743849;1,00000000
1,04515028;0,16624631;0,27559054;0,57117373;3,18743849;1,00000000
1,04521695;0,16640009;0,27528298;0,57101995;3,18713093;1,00000000
1,04528363;0,16655388;0,27559054;0,57086611;3,18682337;1,00000000
1,04535030;0,16670766;0,27589813;0,57055855;3,18651581;1,00000000
1,04541697;0,16670766;0,27589813;0,57025099;3,18620801;1,00000000
1,04548364;0,16686147;0,27620572;0,57009721;3,18620801;1,00000000
1,04555031;0,16701525;0,27620572;0,56978959;3,18620801;1,00000000
1,04561699;0,16716905;0,27620572;0,56948203;3,18590045;1,00000000
1,04568366;0,16732283;0,27651328;0,56917441;3,18559289;1,00000000
1,04575033;0,16732283;0,27682087;0,56886685;3,18528533;1,00000000
1,04581700;0,16732283;0,27682087;0,56855929;3,18467021;1,00000000
1,04588367;0,16747662;0,27651328;0,56825173;3,18436265;1,00000000
1,04595035;0,16747662;0,27620572;0,56809795;3,18436265;1,00000000
1,04601702;0,16763040;0,27589813;0,56794411;3,18436265;1,00000000
1,04608369;0,16763040;0,27559054;0,56763655;3,18467021;1,00000000
1,04615036;0,16763040;0,27528298;0,56748277;3,18436265;1,00000000
1,04621703;0,16763040;0,27528298;0,56748277;3,18436265;1,00000000
1,04628371;0,16763040;0,27497539;0,56732899;3,18405509;1,00000000
1,04635038;0,16763040;0,27497539;0,56717521;3,18374753;1,00000000
1,04641705;0,16747662;0,27497539;0,56717521;3,18343997;1,00000000
1,04648372;0,16732283;0,27497539;0,56717521;3,18313241;1,00000000
1,04655039;0,16732283;0,27528298;0,56717521;3,18343997;1,00000000
1,04661707;0,16732283;0,27497539;0,56717521;3,18374753;1,00000000
1,04668374;0,16732283;0,27466780;0,56702143;3,18343997;1,00000000
1,04675041;0,16732283;0,27436024;0,56702143;3,18343997;1,00000000
1,04681708;0,16732283;0,27436024;0,56717521;3,18343997;1,00000000
1,04688375;0,16732283;0,27436024;0,56732899;3,18343997;1,00000000
1,04695043;0,16747662;0,27436024;0,56748277;3,18313241;1,00000000
1,04701710;0,16747662;0,27436024;0,56763655;3,18282485;1,00000000
1,04708377;0,16747662;0,27405265;0,56779033;3,18343997;1,00000000
1,04715044;0,16732283;0,27374509;0,56794411;3,18405509;1,00000000
1,04721711;0,16732283;0,27343750;0,56809795;3,18374753;1,00000000
1,04728379;0,16732283;0,27312991;0,56825173;3,18343997;1,00000000
1,04735046;0,16732283;0,27312991;0,56855929;3,18343997;1,00000000
1,04741713;0,16732283;0,27343750;0,56871307;3,18343997;1,00000000
1,04748380;0,16732283;0,27343750;0,56902063;3,18343997;1,00000000
1,04755047;0,16732283;0,27343750;0,56948203;3,18343997;1,00000000
1,04761715;0,16732283;0,27343750;0,56994343;3,18374753;1,00000000
1,04768382;0,16732283;0,27312991;0,57025099;3,18374753;1,00000000
1,04775049;0,16732283;0,27282235;0,57055855;3,18405509;1,00000000
1,04781716;0,16732283;0,27282235;0,57086611;3,18405509;1,00000000
1,04788383;0,16732283;0,27282235;0,57117373;3,18405509;1,00000000
1,04795051;0,16732283;0,27282235;0,57163513;3,18405509;1,00000000
1,04801718;0,16716905;0,27282235;0,57225025;3,18405509;1,00000000
1,04808385;0,16716905;0,27312991;0,57271159;3,18436265;1,00000000
1,04815052;0,16716905;0,27312991;0,57317299;3,18436265;1,00000000
1,04821719;0,16716905;0,27312991;0,57378817;3,18467021;1,00000000
1,04828387;0,16732283;0,27312991;0,57424951;3,18528533;1,00000000
1,04835054;0,16732283;0,27312991;0,57471091;3,18467021;1,00000000
1,04841721;0,16732283;0,27343750;0,57532603;3,18467021;1,00000000
1,04848388;0,16716905;0,27374509;0,57578737;3,18467021;1,00000000
1,04855055;0,16701525;0,27343750;0,57609499;3,18467021;1,00000000
1,04861723;0,16701525;0,27343750;0,57655638;3,18528533;1,00000000
1,04868390;0,16686147;0,27374509;0,57717150;3,18559289;1,00000000
1,04875057;0,16686147;0,27374509;0,57747906;3,18590045;1,00000000
1,04881724;0,16686147;0,27343750;0,57809424;3,18620801;1,00000000
1,04888391;0,16686147;0,27374509;0,57870936;3,18651581;1,00000000
1,04895059;0,16686147;0,27405265;0,57917076;3,18651581;1,00000000
1,04901726;0,16686147;0,27436024;0,57963216;3,18682337;1,00000000
1,04908393;0,16701525;0,27466780;0,58009350;3,18713093;1,00000000
1,04915060;0,16701525;0,27497539;0,58040106;3,18743849;1,00000000
1,04921727;0,16701525;0,27528298;0,58086246;3,18774605;1,00000000
1,04928395;0,16716905;0,27559054;0,58147764;3,18805361;1,00000000
1,04935062;0,16716905;0,27559054;0,58193898;3,18836117;1,00000000
1,04941729;0,16716905;0,27589813;0,58224654;3,18836117;1,00000000
1,04948396;0,16716905;0,27620572;0,58270794;3,18836117;1,00000000
1,04955063;0,16716905;0,27589813;0,58301550;3,18836117;1,00000000
1,04961731;0,16716905;0,27620572;0,58332312;3,18836117;1,00000000
1,04968398;0,16716905;0,27651328;0,58363068;3,18836117;1,00000000
1,04975065;0,16716905;0,27651328;0,58409202;3,18836117;1,00000000
1,04981732;0,16716905;0,27682087;0,58424580;3,18866873;1,00000000
1,04988399;0,16716905;0,27682087;0,58439958;3,18866873;1,00000000
1,04995067;0,16716905;0,27651328;0,58455342;3,18866873;1,00000000
1,05001734;0,16732283;0,27651328;0,58486098;3,18866873;1,00000000
1,05008401;0,16747662;0,27682087;0,58516854;3,18866873;1,00000000
1,05015068;0,16747662;0,27682087;0,58547610;3,18866873;1,00000000
1,05021735;0,16747662;0,27743602;0,58578372;3,18866873;1,00000000
1,05028403;0,16747662;0,27774361;0,58593750;3,18866873;1,00000000
1,05035070;0,16763040;0,27805117;0,58609128;3,18866873;1,00000000
1,05041737;0,16763040;0,27774361;0,58624506;3,18866873;1,00000000
1,05048404;0,16763040;0,27743602;0,58639890;3,18836117;1,00000000
1,05055071;0,16778421;0,27743602;0,58639890;3,18805361;1,00000000
1,05061739;0,16778421;0,27743602;0,58655268;3,18774605;1,00000000
1,05068406;0,16778421;0,27743602;0,58655268;3,18743849;1,00000000
1,05075073;0,16778421;0,27743602;0,58655268;3,18743849;1,00000000
1,05081740;0,16793799;0,27774361;0,58670646;3,18743849;1,00000000
1,05088407;0,16793799;0,27774361;0,58670646;3,18743849;1,00000000
1,05095075;0,16793799;0,27774361;0,58686024;3,18743849;1,00000000
1,05101742;0,16793799;0,27805117;0,58686024;3,18743849;1,00000000
1,05108409;0,16793799;0,27805117;0,58686024;3,18743849;1,00000000
1,05115076;0,16793799;0,27805117;0,58670646;3,18713093;1,00000000
1,05121743;0,16793799;0,27805117;0,58670646;3,18713093;1,00000000
1,05128411;0,16793799;0,27805117;0,58670646;3,18743849;1,00000000
1,05135078;0,16809179;0,27805117;0,58670646;3,18743849;1,00000000
1,05141745;0,16809179;0,27805117;0,58670646;3,18743849;1,00000000
1,05148412;0,16809179;0,27805117;0,58639890;3,18713093;1,00000000
1,05155079;0,16809179;0,27805117;0,58624506;3,18713093;1,00000000
1,05161747;0,16809179;0,27805117;0,58609128;3,18713093;1,00000000
1,05168414;0,16824557;0,27805117;0,58593750;3,18682337;1,00000000
1,05175081;0,16809179;0,27805117;0,58578372;3,18713093;1,00000000
1,05181748;0,16809179;0,27774361;0,58578372;3,18713093;1,00000000
1,05188415;0,16809179;0,27805117;0,58562988;3,18713093;1,00000000
1,05195083;0,16809179;0,27835876;0,58562988;3,18682337;1,00000000
1,05201750;0,16809179;0,27866635;0,58562988;3,18651581;1,00000000
1,05208417;0,16809179;0,27835876;0,58532232;3,18620801;1,00000000
1,05215084;0,16809179;0,27866635;0,58516854;3,18620801;1,00000000
1,05221751;0,16809179;0,27866635;0,58501476;3,18651581;1,00000000
1,05228419;0,16809179;0,27866635;0,58486098;3,18651581;1,00000000
1,05235086;0,16809179;0,27866635;0,58455342;3,18651581;1,00000000
1,05241753;0,16809179;0,27866635;0,58439958;3,18620801;1,00000000
1,05248420;0,16809179;0,27866635;0,58409202;3,18620801;1,00000000
1,05255087;0,16809179;0,27866635;0,58393824;3,18620801;1,00000000
1,05261755;0,16809179;0,27835876;0,58363068;3,18651581;1,00000000
1,05268422;0,16824557;0,27835876;0,58347690;3,18682337;1,00000000
1,05275089;0,16824557;0,27835876;0,58332312;3,18713093;1,00000000
1,05281756;0,16824557;0,27805117;0,58286172;3,18713093;1,00000000
1,05288423;0,16824557;0,27805117;0,58255410;3,18713093;1,00000000
1,05295091;0,16824557;0,27835876;0,58224654;3,18682337;1,00000000
1,05301758;0,16809179;0,27835876;0,58178520;3,18682337;1,00000000
1,05308425;0,16824557;0,27805117;0,58147764;3,18682337;1,00000000
1,05315092;0,16824557;0,27805117;0,58117002;3,18651581;1,00000000
1,05321759;0,16824557;0,27774361;0,58101624;3,18682337;1,00000000
1,05328427;0,16824557;0,27805117;0,58086246;3,18713093;1,00000000
1,05335094;0,16809179;0,27774361;0,58070862;3,18743849;1,00000000
1,05341761;0,16793799;0,27805117;0,58040106;3,18743849;1,00000000
1,05348428;0,16793799;0,27774361;0,58009350;3,18774605;1,00000000
1,05355095;0,16793799;0,27743602;0,57963216;3,18774605;1,00000000
1,05361763;0,16793799;0,27682087;0,57932454;3,18774605;1,00000000
1,05368430;0,16793799;0,27651328;0,57901698;3,18774605;1,00000000
1,05375097;0,16778421;0,27651328;0,57870936;3,18774605;1,00000000
1,05381764;0,16763040;0,27651328;0,57840180;3,18774605;1,00000000
1,05388431;0,16763040;0,27651328;0,57824802;3,18774605;1,00000000
1,05395099;0,16763040;0,27651328;0,57778668;3,18774605;1,00000000
1,05401766;0,16763040;0,27651328;0,57747906;3,18774605;1,00000000
1,05408433;0,16763040;0,27620572;0,57732528;3,18774605;1,00000000
1,05415100;0,16763040;0,27589813;0,57732528;3,18774605;1,00000000
1,05421767;0,16763040;0,27620572;0,57701772;3,18743849;1,00000000
1,05428435;0,16763040;0,27620572;0,57686394;3,18743849;1,00000000
1,05435102;0,16763040;0,27620572;0,57655638;3,18805361;1,00000000
1,05441769;0,16763040;0,27620572;0,57624876;3,18836117;1,00000000
1,05448436;0,16763040;0,27651328;0,57609499;3,18866873;1,00000000
1,05455103;0,16763040;0,27620572;0,57578737;3,18866873;1,00000000
1,05461771;0,16763040;0,27620572;0,57547981;3,18866873;1,00000000
1,05468438;0,16763040;0,27651328;0,57517225;3,18866873;1,00000000
1,05475105;0,16763040;0,27651328;0,57517225;3,18897629;1,00000000
1,05481772;0,16747662;0,27620572;0,57486469;3,18928385;1,00000000
1,05488439;0,16747662;0,27620572;0,57471091;3,18928385;1,00000000
1,05495107;0,16747662;0,27651328;0,57471091;3,18928385;1,00000000
1,05501774;0,16732283;0,27651328;0,57440329;3,18959141;1,00000000
1,05508441;0,16732283;0,27620572;0,57409573;3,18989897;1,00000000
1,05515108;0,16716905;0,27620572;0,57394195;3,19020653;1,00000000
1,05521775;0,16716905;0,27651328;0,57378817;3,19020653;1,00000000
1,05528443;0,16701525;0,27620572;0,57378817;3,19020653;1,00000000
1,05535110;0,16686147;0,27589813;0,57378817;3,19051409;1,00000000
1,05541777;0,16686147;0,27589813;0,57378817;3,19020653;1,00000000
1,05548444;0,16670766;0,27589813;0,57378817;3,19051409;1,00000000
1,05555111;0,16670766;0,27620572;0,57363439;3,19082165;1,00000000
1,05561779;0,16670766;0,27620572;0,57348061;3,19112968;1,00000000
1,05568446;0,16686147;0,27620572;0,57363439;3,19143724;1,00000000
1,05575113;0,16686147;0,27620572;0,57363439;3,19174480;1,00000000
1,05581780;0,16686147;0,27620572;0,57363439;3,19174480;1,00000000
1,05588447;0,16670766;0,27589813;0,57363439;3,19143724;1,00000000
1,05595115;0,16670766;0,27589813;0,57378817;3,19112968;1,00000000
1,05601782;0,16655388;0,27589813;0,57409573;3,19082165;1,00000000
1,05608449;0,16655388;0,27589813;0,57424951;3,19112968;1,00000000
1,05615116;0,16655388;0,27589813;0,57424951;3,19143724;1,00000000
1,05621783;0,16640009;0,27620572;0,57440329;3,19174480;1,00000000
1,05628451;0,16640009;0,27651328;0,57455707;3,19205236;1,00000000
1,05635118;0,16640009;0,27651328;0,57471091;3,19205236;1,00000000
1,05641785;0,16624631;0,27682087;0,57501847;3,19235992;1,00000000
1,05648452;0,16624631;0,27682087;0,57517225;3,19205236;1,00000000
1,05655119;0,16624631;0,27743602;0,57517225;3,19174480;1,00000000
1,05661787;0,16624631;0,27774361;0,57532603;3,19143724;1,00000000
1,05668454;0,16640009;0,27774361;0,57532603;3,19174480;1,00000000
1,05675121;0,16655388;0,27805117;0,57563359;3,19205236;1,00000000
1,05681788;0,16655388;0,27835876;0,57563359;3,19205236;1,00000000
1,05688455;0,16670766;0,27866635;0,57578737;3,19205236;1,00000000
1,05695123;0,16670766;0,27866635;0,57609499;3,19205236;1,00000000
1,05701790;0,16670766;0,27866635;0,57640254;3,19205236;1,00000000
1,05708457;0,16686147;0,27866635;0,57671016;3,19143724;1,00000000
1,05715124;0,16701525;0,27866635;0,57686394;3,19082165;1,00000000
1,05721791;0,16701525;0,27897391;0,57701772;3,19082165;1,00000000
1,05728459;0,16701525;0,27897391;0,57717150;3,19082165;1,00000000
1,05735126;0,16701525;0,27928150;0,57747906;3,19082165;1,00000000
1,05741793;0,16686147;0,27958906;0,57778668;3,19082165;1,00000000
1,05748460;0,16686147;0,27928150;0,57809424;3,19051409;1,00000000
1,05755127;0,16686147;0,27928150;0,57840180;3,19020653;1,00000000
1,05761795;0,16670766;0,27897391;0,57870936;3,18959141;1,00000000
1,05768462;0,16670766;0,27897391;0,57901698;3,18897629;1,00000000
1,05775129;0,16670766;0,27928150;0,57917076;3,18866873;1,00000000
1,05781796;0,16655388;0,27897391;0,57947832;3,18866873;1,00000000
1,05788463;0,16655388;0,27897391;0,57978594;3,18866873;1,00000000
1,05795131;0,16655388;0,27866635;0,57993972;3,18866873;1,00000000
1,05801798;0,16670766;0,27835876;0,58024728;3,18866873;1,00000000
1,05808465;0,16686147;0,27835876;0,58040106;3,18866873;1,00000000
1,05815132;0,16686147;0,27805117;0,58070862;3,18805361;1,00000000
1,05821799;0,16701525;0,27805117;0,58086246;3,18743849;1,00000000
1,05828467;0,16701525;0,27835876;0,58117002;3,18682337;1,00000000
1,05835134;0,16716905;0,27866635;0,58147764;3,18651581;1,00000000
1,05841801;0,16701525;0,27835876;0,58163142;3,18651581;1,00000000
1,05848468;0,16701525;0,27835876;0,58193898;3,18651581;1,00000000
1,05855135;0,16701525;0,27805117;0,58209276;3,18620801;1,00000000
1,05861803;0,16701525;0,27774361;0,58240032;3,18590045;1,00000000
1,05868470;0,16701525;0,27743602;0,58255410;3,18528533;1,00000000
1,05875137;0,16701525;0,27682087;0,58286172;3,18436265;1,00000000
1,05881804;0,16701525;0,27682087;0,58316928;3,18405509;1,00000000
1,05888471;0,16701525;0,27651328;0,58347690;3,18374753;1,00000000
1,05895139;0,16686147;0,27620572;0,58378446;3,18343997;1,00000000
1,05901806;0,16670766;0,27620572;0,58409202;3,18343997;1,00000000
1,05908473;0,16670766;0,27589813;0,58424580;3,18313241;1,00000000
1,05915140;0,16655388;0,27589813;0,58439958;3,18282485;1,00000000
1,05921807;0,16640009;0,27559054;0,58470720;3,18251729;1,00000000
1,05928475;0,16640009;0,27559054;0,58486098;3,18220973;1,00000000
1,05935142;0,16655388;0,27559054;0,58486098;3,18190217;1,00000000
1,05941809;0,16655388;0,27559054;0,58501476;3,18159461;1,00000000
1,05948476;0,16640009;0,27528298;0,58516854;3,18159461;1,00000000
1,05955143;0,16640009;0,27497539;0,58562988;3,18128681;1,00000000
1,05961811;0,16640009;0,27466780;0,58578372;3,18097925;1,00000000
1,05968478;0,16640009;0,27466780;0,58593750;3,18067169;1,00000000
1,05975145;0,16624631;0,27436024;0,58609128;3,18067169;1,00000000
1,05981812;0,16624631;0,27436024;0,58624506;3,18036413;1,00000000
1,05988479;0,16624631;0,27436024;0,58655268;3,18005657;1,00000000
1,05995147;0,16609251;0,27436024;0,58670646;3,18005657;1,00000000
1,06001814;0,16593874;0,27405265;0,58701402;3,18005657;1,00000000
1,06008481;0,16593874;0,27374509;0,58716780;3,18005657;1,00000000
1,06015148;0,16578494;0,27405265;0,58732158;3,18036413;1,00000000
1,06021815;0,16578494;0,27374509;0,58747536;3,18005657;1,00000000
1,06028483;0,16563116;0,27343750;0,58762920;3,18005657;1,00000000
1,06035150;0,16547737;0,27343750;0,58778298;3,18005657;1,00000000
1,06041817;0,16532359;0,27312991;0,58793676;3,18005657;1,00000000
1,06048484;0,16516978;0,27312991;0,58793676;3,18005657;1,00000000
1,06055151;0,16532359;0,27312991;0,58809054;3,18005657;1,00000000
1,06061819;0,16516978;0,27312991;0,58824432;3,18005657;1,00000000
1,06068486;0,16516978;0,27282235;0,58824432;3,18036413;1,00000000
1,06075153;0,16516978;0,27251476;0,58839810;3,18036413;1,00000000
1,06081820;0,16532359;0,27282235;0,58855188;3,18036413;1,00000000
1,06088487;0,16532359;0,27312991;0,58855188;3,18036413;1,00000000
1,06095155;0,16516978;0,27343750;0,58855188;3,18036413;1,00000000
1,06101822;0,16501600;0,27343750;0,58870566;3,18036413;1,00000000
1,06108489;0,16486220;0,27343750;0,58870566;3,18067169;1,00000000
1,06115156;0,16486220;0,27343750;0,58885950;3,18067169;1,00000000
1,06121823;0,16470842;0,27343750;0,58901328;3,18097925;1,00000000
1,06128491;0,16486220;0,27312991;0,58901328;3,18097925;1,00000000
1,06135158;0,16486220;0,27312991;0,58901328;3,18097925;1,00000000
1,06141825;0,16486220;0,27282235;0,58901328;3,18097925;1,00000000
1,06148492;0,16470842;0,27282235;0,58901328;3,18128681;1,00000000
1,06155159;0,16486220;0,27282235;0,58885950;3,18159461;1,00000000
1,06161827;0,16501600;0,27282235;0,58885950;3,18159461;1,00000000
1,06168494;0,16501600;0,27282235;0,58885950;3,18159461;1,00000000
1,06175161;0,16501600;0,27282235;0,58870566;3,18159461;1,00000000
1,06181828;0,16486220;0,27251476;0,58855188;3,18159461;1,00000000
1,06188495;0,16470842;0,27220720;0,58839810;3,18159461;1,00000000
1,06195163;0,16470842;0,27189961;0,58824432;3,18159461;1,00000000
1,06201830;0,16470842;0,27159202;0,58793676;3,18128681;1,00000000
1,06208497;0,16455463;0,27159202;0,58793676;3,18159461;1,00000000
1,06215164;0,16470842;0,27189961;0,58778298;3,18159461;1,00000000
1,06221831;0,16470842;0,27189961;0,58778298;3,18159461;1,00000000
1,06228499;0,16470842;0,27189961;0,58747536;3,18190217;1,00000000
1,06235166;0,16470842;0,27159202;0,58716780;3,18190217;1,00000000
1,06241833;0,16470842;0,27128446;0,58686024;3,18220973;1,00000000
1,06248500;0,16486220;0,27097687;0,58655268;3,18251729;1,00000000
1,06255167;0,16486220;0,27066928;0,58624506;3,18282485;1,00000000
1,06261835;0,16470842;0,27066928;0,58593750;3,18282485;1,00000000
1,06268502;0,16455463;0,27097687;0,58562988;3,18313241;1,00000000
1,06275169;0,16455463;0,27066928;0,58532232;3,18343997;1,00000000
1,06281836;0,16470842;0,27036172;0,58501476;3,18343997;1,00000000
1,06288503;0,16470842;0,27066928;0,58486098;3,18374753;1,00000000
1,06295171;0,16486220;0,27066928;0,58455342;3,18405509;1,00000000
1,06301838;0,16501600;0,27066928;0,58409202;3,18374753;1,00000000
1,06308505;0,16501600;0,27066928;0,58378446;3,18374753;1,00000000
1,06315172;0,16501600;0,27097687;0,58347690;3,18343997;1,00000000
1,06321839;0,16501600;0,27128446;0,58332312;3,18374753;1,00000000
1,06328507;0,16516978;0,27128446;0,58286172;3,18374753;1,00000000
1,06335174;0,16532359;0,27159202;0,58255410;3,18405509;1,00000000
1,06341841;0,16532359;0,27128446;0,58224654;3,18405509;1,00000000
1,06348508;0,16547737;0,27097687;0,58178520;3,18405509;1,00000000
1,06355175;0,16563116;0,27066928;0,58132380;3,18405509;1,00000000
1,06361843;0,16578494;0,27036172;0,58086246;3,18374753;1,00000000
1,06368510;0,16578494;0,27066928;0,58040106;3,18343997;1,00000000
1,06375177;0,16593874;0,27066928;0,58024728;3,18374753;1,00000000
1,06381844;0,16609251;0,27066928;0,57978594;3,18374753;1,00000000
1,06388511;0,16609251;0,27036172;0,57932454;3,18374753;1,00000000
1,06395179;0,16609251;0,27005413;0,57901698;3,18405509;1,00000000
1,06401846;0,16609251;0,26974654;0,57855558;3,18405509;1,00000000
1,06408513;0,16624631;0,26943898;0,57824802;3,18405509;1,00000000
1,06415180;0,16640009;0,26974654;0,57794046;3,18374753;1,00000000
1,06421847;0,16640009;0,27005413;0,57763284;3,18343997;1,00000000
1,06428515;0,16640009;0,27036172;0,57732528;3,18374753;1,00000000
1,06435182;0,16655388;0,27036172;0,57686394;3,18436265;1,00000000
1,06441849;0,16655388;0,27005413;0,57655638;3,18467021;1,00000000
1,06448516;0,16655388;0,27005413;0,57624876;3,18436265;1,00000000
1,06455183;0,16655388;0,27005413;0,57578737;3,18436265;1,00000000
1,06461851;0,16655388;0,27005413;0,57532603;3,18436265;1,00000000
1,06468518;0,16655388;0,27036172;0,57486469;3,18436265;1,00000000
1,06475185;0,16670766;0,27066928;0,57455707;3,18436265;1,00000000
1,06481852;0,16670766;0,27097687;0,57409573;3,18405509;1,00000000
1,06488519;0,16670766;0,27128446;0,57378817;3,18436265;1,00000000
1,06495187;0,16686147;0,27159202;0,57348061;3,18405509;1,00000000
1,06501854;0,16686147;0,27189961;0,57317299;3,18405509;1,00000000
1,06508521;0,16716905;0,27189961;0,57271159;3,18405509;1,00000000
1,06515188;0,16716905;0,27189961;0,57240403;3,18405509;1,00000000
1,06521855;0,16716905;0,27220720;0,57178891;3,18405509;1,00000000
1,06528523;0,16732283;0,27251476;0,57148129;3,18405509;1,00000000
1,06535190;0,16732283;0,27282235;0,57117373;3,18405509;1,00000000
1,06541857;0,16747662;0,27312991;0,57101995;3,18467021;1,00000000
1,06548524;0,16763040;0,27312991;0,57071233;3,18436265;1,00000000
1,06555191;0,16778421;0,27312991;0,57040477;3,18436265;1,00000000
1,06561859;0,16793799;0,27343750;0,57025099;3,18436265;1,00000000
1,06568526;0,16793799;0,27312991;0,56978959;3,18405509;1,00000000
1,06575193;0,16809179;0,27282235;0,56932825;3,18374753;1,00000000
1,06581860;0,16809179;0,27312991;0,56917441;3,18343997;1,00000000
1,06588527;0,16809179;0,27312991;0,56886685;3,18343997;1,00000000
1,06595195;0,16809179;0,27312991;0,56855929;3,18313241;1,00000000
1,06601862;0,16809179;0,27282235;0,56840551;3,18343997;1,00000000
1,06608529;0,16809179;0,27251476;0,56825173;3,18343997;1,00000000
1,06615196;0,16824557;0,27220720;0,56794411;3,18313241;1,00000000
1,06621863;0,16824557;0,27189961;0,56779033;3,18282485;1,00000000
1,06628531;0,16824557;0,27159202;0,56748277;3,18251729;1,00000000
1,06635198;0,16809179;0,27128446;0,56717521;3,18220973;1,00000000
1,06641865;0,16809179;0,27128446;0,56717521;3,18190217;1,00000000
1,06648532;0,16809179;0,27097687;0,56702143;3,18220973;1,00000000
1,06655199;0,16809179;0,27097687;0,56686765;3,18251729;1,00000000
1,06661867;0,16809179;0,27128446;0,56702143;3,18220973;1,00000000
1,06668534;0,16809179;0,27128446;0,56702143;3,18190217;1,00000000
1,06675201;0,16824557;0,27128446;0,56702143;3,18190217;1,00000000
1,06681868;0,16824557;0,27097687;0,56686765;3,18190217;1,00000000
1,06688535;0,16824557;0,27066928;0,56686765;3,18159461;1,00000000
1,06695203;0,16824557;0,27036172;0,56702143;3,18159461;1,00000000
1,06701870;0,16824557;0,27066928;0,56717521;3,18159461;1,00000000
1,06708537;0,16809179;0,27036172;0,56732899;3,18159461;1,00000000
1,06715204;0,16809179;0,27005413;0,56748277;3,18159461;1,00000000
1,06721871;0,16793799;0,26974654;0,56763655;3,18128681;1,00000000
1,06728539;0,16809179;0,26974654;0,56779033;3,18128681;1,00000000
1,06735206;0,16809179;0,26943898;0,56794411;3,18128681;1,00000000
1,06741873;0,16793799;0,26913139;0,56825173;3,18128681;1,00000000
1,06748540;0,16793799;0,26943898;0,56840551;3,18128681;1,00000000
1,06755207;0,16793799;0,26943898;0,56886685;3,18159461;1,00000000
1,06761875;0,16778421;0,26974654;0,56932825;3,18220973;1,00000000
1,06768542;0,16778421;0,26974654;0,56978959;3,18251729;1,00000000
1,06775209;0,16778421;0,26974654;0,57009721;3,18282485;1,00000000
1,06781876;0,16778421;0,26943898;0,57055855;3,18251729;1,00000000
1,06788543;0,16778421;0,26943898;0,57101995;3,18251729;1,00000000
1,06795211;0,16778421;0,26943898;0,57132751;3,18251729;1,00000000
1,06801878;0,16778421;0,26974654;0,57178891;3,18251729;1,00000000
1,06808545;0,16778421;0,26943898;0,57225025;3,18251729;1,00000000
1,06815212;0,16778421;0,26943898;0,57286543;3,18282485;1,00000000
1,06821879;0,16763040;0,26943898;0,57348061;3,18343997;1,00000000
1,06828547;0,16763040;0,26943898;0,57378817;3,18343997;1,00000000
1,06835214;0,16763040;0,26943898;0,57409573;3,18343997;1,00000000
1,06841881;0,16763040;0,26943898;0,57455707;3,18343997;1,00000000
1,06848548;0,16763040;0,26943898;0,57501847;3,18343997;1,00000000
1,06855215;0,16763040;0,26974654;0,57547981;3,18374753;1,00000000
1,06861883;0,16763040;0,27005413;0,57609499;3,18405509;1,00000000
1,06868550;0,16763040;0,27005413;0,57671016;3,18436265;1,00000000
1,06875217;0,16763040;0,27036172;0,57732528;3,18467021;1,00000000
1,06881884;0,16763040;0,27066928;0,57778668;3,18528533;1,00000000
1,06888551;0,16763040;0,27097687;0,57809424;3,18528533;1,00000000
1,06895219;0,16763040;0,27097687;0,57855558;3,18528533;1,00000000
1,06901886;0,16763040;0,27097687;0,57901698;3,18559289;1,00000000
1,06908553;0,16763040;0,27097687;0,57932454;3,18620801;1,00000000
1,06915220;0,16763040;0,27128446;0,57993972;3,18620801;1,00000000
1,06921887;0,16763040;0,27128446;0,58024728;3,18651581;1,00000000
1,06928555;0,16763040;0,27159202;0,58070862;3,18682337;1,00000000
1,06935222;0,16763040;0,27159202;0,58101624;3,18713093;1,00000000
1,06941889;0,16763040;0,27189961;0,58147764;3,18713093;1,00000000
1,06948556;0,16763040;0,27189961;0,58178520;3,18743849;1,00000000
1,06955223;0,16763040;0,27220720;0,58224654;3,18743849;1,00000000
1,06961891;0,16763040;0,27251476;0,58270794;3,18743849;1,00000000
1,06968558;0,16763040;0,27282235;0,58316928;3,18743849;1,00000000
1,06975225;0,16747662;0,27282235;0,58347690;3,18774605;1,00000000
1,06981892;0,16747662;0,27282235;0,58363068;3,18805361;1,00000000
1,06988559;0,16763040;0,27312991;0,58393824;3,18774605;1,00000000
1,06995227;0,16763040;0,27343750;0,58424580;3,18774605;1,00000000
1,07001894;0,16763040;0,27343750;0,58439958;3,18805361;1,00000000
1,07008561;0,16763040;0,27343750;0,58470720;3,18805361;1,00000000
1,07015228;0,16747662;0,27374509;0,58486098;3,18805361;1,00000000
1,07021895;0,16747662;0,27405265;0,58516854;3,18805361;1,00000000
1,07028563;0,16747662;0,27405265;0,58532232;3,18805361;1,00000000
1,07035230;0,16747662;0,27405265;0,58547610;3,18805361;1,00000000
1,07041897;0,16747662;0,27436024;0,58547610;3,18774605;1,00000000
1,07048564;0,16747662;0,27436024;0,58578372;3,18805361;1,00000000
1,07055231;0,16747662;0,27436024;0,58593750;3,18774605;1,00000000
1,07061899;0,16747662;0,27436024;0,58609128;3,18774605;1,00000000
1,07068566;0,16732283;0,27436024;0,58609128;3,18774605;1,00000000
1,07075233;0,16732283;0,27466780;0,58609128;3,18774605;1,00000000
1,07081900;0,16732283;0,27466780;0,58609128;3,18743849;1,00000000
1,07088567;0,16732283;0,27466780;0,58609128;3,18774605;1,00000000
1,07095235;0,16732283;0,27466780;0,58609128;3,18774605;1,00000000
1,07101902;0,16732283;0,27466780;0,58624506;3,18743849;1,00000000
1,07108569;0,16732283;0,27466780;0,58609128;3,18743849;1,00000000
1,07115236;0,16732283;0,27466780;0,58609128;3,18743849;1,00000000
1,07121904;0,16732283;0,27466780;0,58578372;3,18743849;1,00000000
1,07128571;0,16732283;0,27436024;0,58578372;3,18743849;1,00000000
1,07135238;0,16747662;0,27405265;0,58562988;3,18713093;1,00000000
1,07141905;0,16747662;0,27436024;0,58562988;3,18682337;1,00000000
1,07148572;0,16747662;0,27466780;0,58547610;3,18682337;1,00000000
1,07155240;0,16732283;0,27466780;0,58547610;3,18682337;1,00000000
1,07161907;0,16732283;0,27466780;0,58532232;3,18682337;1,00000000
1,07168574;0,16732283;0,27466780;0,58532232;3,18682337;1,00000000
1,07175241;0,16732283;0,27436024;0,58516854;3,18682337;1,00000000
1,07181908;0,16716905;0,27405265;0,58486098;3,18620801;1,00000000
1,07188576;0,16716905;0,27405265;0,58486098;3,18590045;1,00000000
1,07195243;0,16716905;0,27405265;0,58470720;3,18620801;1,00000000
1,07201910;0,16716905;0,27405265;0,58455342;3,18651581;1,00000000
1,07208577;0,16716905;0,27405265;0,58455342;3,18651581;1,00000000
1,07215244;0,16716905;0,27405265;0,58439958;3,18651581;1,00000000
1,07221912;0,16716905;0,27374509;0,58409202;3,18651581;1,00000000
1,07228579;0,16716905;0,27343750;0,58378446;3,18620801;1,00000000
1,07235246;0,16716905;0,27343750;0,58363068;3,18620801;1,00000000
1,07241913;0,16716905;0,27343750;0,58332312;3,18590045;1,00000000
1,07248580;0,16716905;0,27343750;0,58301550;3,18620801;1,00000000
1,07255248;0,16716905;0,27343750;0,58270794;3,18620801;1,00000000
1,07261915;0,16716905;0,27343750;0,58240032;3,18620801;1,00000000
1,07268582;0,16716905;0,27343750;0,58224654;3,18651581;1,00000000
1,07275249;0,16701525;0,27312991;0,58193898;3,18620801;1,00000000
1,07281916;0,16686147;0,27312991;0,58163142;3,18620801;1,00000000
1,07288584;0,16686147;0,27343750;0,58132380;3,18620801;1,00000000
1,07295251;0,16686147;0,27374509;0,58117002;3,18651581;1,00000000
1,07301918;0,16670766;0,27374509;0,58070862;3,18682337;1,00000000
1,07308585;0,16670766;0,27343750;0,58024728;3,18713093;1,00000000
1,07315252;0,16670766;0,27343750;0,57993972;3,18682337;1,00000000
1,07321920;0,16670766;0,27343750;0,57963216;3,18682337;1,00000000
1,07328587;0,16670766;0,27312991;0,57932454;3,18651581;1,00000000
1,07335254;0,16670766;0,27282235;0,57917076;3,18651581;1,00000000
1,07341921;0,16670766;0,27251476;0,57870936;3,18651581;1,00000000
1,07348588;0,16670766;0,27220720;0,57840180;3,18620801;1,00000000
1,07355256;0,16670766;0,27220720;0,57824802;3,18682337;1,00000000
1,07361923;0,16670766;0,27220720;0,57794046;3,18743849;1,00000000
1,07368590;0,16670766;0,27189961;0,57778668;3,18743849;1,00000000
1,07375257;0,16655388;0,27189961;0,57763284;3,18743849;1,00000000
1,07381924;0,16640009;0,27159202;0,57732528;3,18743849;1,00000000
1,07388592;0,16624631;0,27128446;0,57717150;3,18743849;1,00000000
1,07395259;0,16609251;0,27097687;0,57686394;3,18743849;1,00000000
1,07401926;0,16609251;0,27066928;0,57671016;3,18743849;1,00000000
1,07408593;0,16609251;0,27097687;0,57640254;3,18743849;1,00000000
1,07415260;0,16593874;0,27128446;0,57609499;3,18805361;1,00000000
1,07421928;0,16578494;0,27159202;0,57594121;3,18836117;1,00000000
1,07428595;0,16578494;0,27128446;0,57578737;3,18836117;1,00000000
1,07435262;0,16578494;0,27097687;0,57547981;3,18836117;1,00000000
1,07441929;0,16578494;0,27066928;0,57517225;3,18836117;1,00000000
1,07448596;0,16578494;0,27036172;0,57486469;3,18836117;1,00000000
1,07455264;0,16578494;0,27066928;0,57455707;3,18866873;1,00000000
1,07461931;0,16578494;0,27066928;0,57424951;3,18866873;1,00000000
1,07468598;0,16578494;0,27097687;0,57394195;3,18897629;1,00000000
1,07475265;0,16578494;0,27097687;0,57378817;3,18928385;1,00000000
1,07481932;0,16578494;0,27066928;0,57378817;3,18959141;1,00000000
1,07488600;0,16563116;0,27066928;0,57348061;3,18959141;1,00000000
1,07495267;0,16563116;0,27066928;0,57317299;3,18959141;1,00000000
1,07501934;0,16563116;0,27097687;0,57301921;3,18959141;1,00000000
1,07508601;0,16547737;0,27097687;0,57271159;3,18959141;1,00000000
1,07515268;0,16532359;0,27128446;0,57271159;3,18989897;1,00000000
1,07521936;0,16516978;0,27128446;0,57255781;3,19020653;1,00000000
1,07528603;0,16516978;0,27159202;0,57255781;3,19051409;1,00000000
1,07535270;0,16516978;0,27128446;0,57255781;3,19082165;1,00000000
1,07541937;0,16501600;0,27128446;0,57255781;3,19112968;1,00000000
1,07548604;0,16501600;0,27159202;0,57255781;3,19112968;1,00000000
1,07555272;0,16486220;0,27128446;0,57271159;3,19112968;1,00000000
1,07561939;0,16486220;0,27128446;0,57255781;3,19143724;1,00000000
1,07568606;0,16486220;0,27128446;0,57255781;3,19143724;1,00000000
1,07575273;0,16501600;0,27159202;0,57271159;3,19174480;1,00000000
1,07581940;0,16516978;0,27189961;0,57271159;3,19205236;1,00000000
1,07588608;0,16516978;0,27189961;0,57271159;3,19235992;1,00000000
1,07595275;0,16501600;0,27220720;0,57271159;3,19266748;1,00000000
1,07601942;0,16516978;0,27251476;0,57286543;3,19297504;1,00000000
1,07608609;0,16516978;0,27282235;0,57286543;3,19297504;1,00000000
1,07615276;0,16516978;0,27282235;0,57301921;3,19297504;1,00000000
1,07621944;0,16516978;0,27282235;0,57317299;3,19266748;1,00000000
1,07628611;0,16516978;0,27312991;0,57317299;3,19235992;1,00000000
1,07635278;0,16501600;0,27343750;0,57348061;3,19266748;1,00000000
1,07641945;0,16486220;0,27374509;0,57363439;3,19297504;1,00000000
1,07648612;0,16486220;0,27405265;0,57363439;3,19328260;1,00000000
1,07655280;0,16501600;0,27436024;0,57378817;3,19328260;1,00000000
1,07661947;0,16501600;0,27466780;0,57378817;3,19328260;1,00000000
1,07668614;0,16501600;0,27466780;0,57409573;3,19297504;1,00000000
1,07675281;0,16501600;0,27466780;0,57440329;3,19266748;1,00000000
1,07681948;0,16501600;0,27466780;0,57471091;3,19235992;1,00000000
1,07688616;0,16486220;0,27497539;0,57501847;3,19266748;1,00000000
1,07695283;0,16486220;0,27497539;0,57517225;3,19297504;1,00000000
1,07701950;0,16486220;0,27528298;0,57547981;3,19297504;1,00000000
1,07708617;0,16486220;0,27559054;0,57547981;3,19297504;1,00000000
1,07715284;0,16486220;0,27559054;0,57563359;3,19266748;1,00000000
1,07721952;0,16486220;0,27528298;0,57578737;3,19297504;1,00000000
1,07728619;0,16501600;0,27528298;0,57594121;3,19297504;1,00000000
1,07735286;0,16501600;0,27528298;0,57624876;3,19266748;1,00000000
1,07741953;0,16516978;0,27559054;0,57655638;3,19235992;1,00000000
1,07748620;0,16516978;0,27559054;0,57686394;3,19205236;1,00000000
1,07755288;0,16516978;0,27528298;0,57701772;3,19174480;1,00000000
1,07761955;0,16501600;0,27528298;0,57732528;3,19174480;1,00000000
1,07768622;0,16501600;0,27528298;0,57763284;3,19143724;1,00000000
1,07775289;0,16501600;0,27559054;0,57778668;3,19112968;1,00000000
1,07781956;0,16501600;0,27559054;0,57809424;3,19112968;1,00000000
1,07788624;0,16486220;0,27528298;0,57824802;3,19112968;1,00000000
1,07795291;0,16486220;0,27497539;0,57855558;3,19082165;1,00000000
1,07801958;0,16486220;0,27466780;0,57886314;3,19051409;1,00000000
1,07808625;0,16501600;0,27466780;0,57917076;3,18989897;1,00000000
1,07815292;0,16501600;0,27466780;0,57947832;3,18959141;1,00000000
1,07821960;0,16516978;0,27466780;0,57963216;3,18928385;1,00000000
1,07828627;0,16532359;0,27466780;0,57993972;3,18897629;1,00000000
1,07835294;0,16516978;0,27466780;0,58040106;3,18897629;1,00000000
1,07841961;0,16516978;0,27436024;0,58055484;3,18897629;1,00000000
1,07848628;0,16501600;0,27436024;0,58070862;3,18866873;1,00000000
1,07855296;0,16501600;0,27436024;0,58101624;3,18805361;1,00000000
1,07861963;0,16501600;0,27436024;0,58132380;3,18743849;1,00000000
1,07868630;0,16501600;0,27436024;0,58163142;3,18713093;1,00000000
1,07875297;0,16516978;0,27436024;0,58178520;3,18682337;1,00000000
1,07881964;0,16516978;0,27436024;0,58209276;3,18682337;1,00000000
1,07888632;0,16516978;0,27436024;0,58240032;3,18682337;1,00000000
1,07895299;0,16516978;0,27436024;0,58255410;3,18682337;1,00000000
1,07901966;0,16516978;0,27436024;0,58270794;3,18651581;1,00000000
1,07908633;0,16501600;0,27436024;0,58286172;3,18620801;1,00000000
1,07915300;0,16516978;0,27436024;0,58286172;3,18590045;1,00000000
1,07921968;0,16516978;0,27405265;0,58316928;3,18590045;1,00000000
1,07928635;0,16516978;0,27405265;0,58316928;3,18590045;1,00000000
1,07935302;0,16501600;0,27405265;0,58347690;3,18620801;1,00000000
1,07941969;0,16486220;0,27405265;0,58363068;3,18620801;1,00000000
1,07948636;0,16470842;0,27405265;0,58378446;3,18559289;1,00000000
1,07955304;0,16455463;0,27405265;0,58393824;3,18467021;1,00000000
1,07961971;0,16455463;0,27405265;0,58409202;3,18436265;1,00000000
1,07968638;0,16470842;0,27374509;0,58424580;3,18436265;1,00000000
1,07975305;0,16470842;0,27343750;0,58455342;3,18436265;1,00000000
1,07981972;0,16455463;0,27343750;0,58470720;3,18436265;1,00000000
1,07988640;0,16440085;0,27343750;0,58501476;3,18467021;1,00000000
1,07995307;0,16440085;0,27312991;0,58501476;3,18405509;1,00000000
1,08001974;0,16424704;0,27312991;0,58516854;3,18374753;1,00000000
1,08008641;0,16409326;0,27343750;0,58532232;3,18374753;1,00000000
1,08015308;0,16409326;0,27343750;0,58547610;3,18374753;1,00000000
1,08021976;0,16409326;0,27312991;0,58578372;3,18374753;1,00000000
1,08028643;0,16409326;0,27282235;0,58578372;3,18374753;1,00000000
1,08035310;0,16393946;0,27282235;0,58593750;3,18405509;1,00000000
1,08041977;0,16378568;0,27282235;0,58609128;3,18405509;1,00000000
1,08048644;0,16378568;0,27282235;0,58624506;3,18405509;1,00000000
1,08055312;0,16363189;0,27312991;0,58639890;3,18405509;1,00000000
1,08061979;0,16363189;0,27312991;0,58655268;3,18405509;1,00000000
1,08068646;0,16347811;0,27312991;0,58670646;3,18405509;1,00000000
1,08075313;0,16347811;0,27282235;0,58686024;3,18436265;1,00000000
1,08081980;0,16347811;0,27312991;0,58686024;3,18467021;1,00000000
1,08088648;0,16332431;0,27343750;0,58701402;3,18528533;1,00000000
1,08095315;0,16332431;0,27374509;0,58716780;3,18528533;1,00000000
1,08101982;0,16332431;0,27374509;0,58716780;3,18467021;1,00000000
1,08108649;0,16317053;0,27405265;0,58732158;3,18467021;1,00000000
1,08115316;0,16301674;0,27405265;0,58732158;3,18528533;1,00000000
1,08121984;0,16286296;0,27405265;0,58732158;3,18528533;1,00000000
1,08128651;0,16286296;0,27374509;0,58716780;3,18559289;1,00000000
1,08135318;0,16286296;0,27343750;0,58701402;3,18590045;1,00000000
1,08141985;0,16286296;0,27343750;0,58716780;3,18559289;1,00000000
1,08148652;0,16286296;0,27374509;0,58701402;3,18528533;1,00000000
1,08155320;0,16286296;0,27343750;0,58686024;3,18559289;1,00000000
1,08161987;0,16286296;0,27374509;0,58670646;3,18559289;1,00000000
1,08168654;0,16286296;0,27405265;0,58655268;3,18590045;1,00000000
1,08175321;0,16286296;0,27374509;0,58639890;3,18620801;1,00000000
1,08181988;0,16286296;0,27374509;0,58624506;3,18651581;1,00000000
1,08188656;0,16286296;0,27343750;0,58624506;3,18651581;1,00000000
1,08195323;0,16286296;0,27312991;0,58609128;3,18620801;1,00000000
1,08201990;0,16286296;0,27312991;0,58593750;3,18651581;1,00000000
1,08208657;0,16301674;0,27312991;0,58578372;3,18651581;1,00000000
1,08215324;0,16286296;0,27312991;0,58562988;3,18682337;1,00000000
1,08221992;0,16301674;0,27282235;0,58532232;3,18713093;1,00000000
1,08228659;0,16317053;0,27251476;0,58516854;3,18713093;1,00000000
1,08235326;0,16317053;0,27220720;0,58486098;3,18682337;1,00000000
1,08241993;0,16332431;0,27189961;0,58470720;3,18651581;1,00000000
1,08248660;0,16317053;0,27159202;0,58439958;3,18620801;1,00000000
1,08255328;0,16317053;0,27159202;0,58409202;3,18651581;1,00000000
1,08261995;0,16317053;0,27159202;0,58378446;3,18651581;1,00000000
1,08268662;0,16332431;0,27128446;0,58347690;3,18651581;1,00000000
1,08275329;0,16347811;0,27159202;0,58332312;3,18682337;1,00000000
1,08281996;0,16347811;0,27159202;0,58316928;3,18651581;1,00000000
1,08288664;0,16347811;0,27159202;0,58286172;3,18651581;1,00000000
1,08295331;0,16347811;0,27159202;0,58255410;3,18620801;1,00000000
1,08301998;0,16363189;0,27159202;0,58224654;3,18620801;1,00000000
1,08308665;0,16378568;0,27189961;0,58193898;3,18590045;1,00000000
1,08315332;0,16393946;0,27220720;0,58163142;3,18590045;1,00000000
1,08322000;0,16393946;0,27220720;0,58132380;3,18620801;1,00000000
1,08328667;0,16393946;0,27251476;0,58101624;3,18620801;1,00000000
1,08335334;0,16409326;0,27282235;0,58070862;3,18651581;1,00000000
1,08342001;0,16409326;0,27312991;0,58040106;3,18651581;1,00000000
1,08348668;0,16424704;0,27312991;0,57993972;3,18651581;1,00000000
1,08355336;0,16440085;0,27343750;0,57963216;3,18620801;1,00000000
1,08362003;0,16455463;0,27312991;0,57932454;3,18590045;1,00000000
1,08368670;0,16470842;0,27312991;0,57901698;3,18620801;1,00000000
1,08375337;0,16470842;0,27312991;0,57855558;3,18682337;1,00000000
1,08382004;0,16455463;0,27312991;0,57809424;3,18713093;1,00000000
1,08388672;0,16455463;0,27343750;0,57778668;3,18713093;1,00000000
1,08395339;0,16470842;0,27374509;0,57747906;3,18713093;1,00000000
1,08402006;0,16470842;0,27405265;0,57701772;3,18713093;1,00000000
1,08408673;0,16470842;0,27374509;0,57655638;3,18713093;1,00000000
1,08415340;0,16470842;0,27374509;0,57624876;3,18743849;1,00000000
1,08422008;0,16470842;0,27374509;0,57594121;3,18743849;1,00000000
1,08428675;0,16486220;0,27405265;0,57563359;3,18805361;1,00000000
1,08435342;0,16470842;0,27405265;0,57532603;3,18805361;1,00000000
1,08442009;0,16470842;0,27436024;0,57501847;3,18805361;1,00000000
1,08448676;0,16470842;0,27466780;0,57471091;3,18805361;1,00000000
1,08455344;0,16486220;0,27436024;0,57440329;3,18805361;1,00000000
1,08462011;0,16486220;0,27466780;0,57378817;3,18805361;1,00000000
1,08468678;0,16486220;0,27466780;0,57332677;3,18774605;1,00000000
1,08475345;0,16501600;0,27497539;0,57286543;3,18805361;1,00000000
1,08482012;0,16516978;0,27528298;0,57255781;3,18805361;1,00000000
1,08488680;0,16516978;0,27559054;0,57225025;3,18836117;1,00000000
1,08495347;0,16532359;0,27559054;0,57163513;3,18836117;1,00000000
1,08502014;0,16547737;0,27589813;0,57132751;3,18836117;1,00000000
1,08508681;0,16547737;0,27589813;0,57086611;3,18836117;1,00000000
1,08515348;0,16563116;0,27589813;0,57040477;3,18866873;1,00000000
1,08522016;0,16578494;0,27589813;0,56994343;3,18866873;1,00000000
1,08528683;0,16609251;0,27620572;0,56948203;3,18836117;1,00000000
1,08535350;0,16624631;0,27651328;0,56917441;3,18836117;1,00000000
1,08542017;0,16640009;0,27620572;0,56902063;3,18836117;1,00000000
1,08548684;0,16640009;0,27620572;0,56855929;3,18836117;1,00000000
1,08555352;0,16640009;0,27620572;0,56825173;3,18866873;1,00000000
1,08562019;0,16640009;0,27589813;0,56809795;3,18866873;1,00000000
1,08568686;0,16640009;0,27559054;0,56763655;3,18866873;1,00000000
1,08575353;0,16640009;0,27559054;0,56732899;3,18836117;1,00000000
1,08582020;0,16640009;0,27559054;0,56702143;3,18805361;1,00000000
1,08588688;0,16640009;0,27559054;0,56686765;3,18774605;1,00000000
1,08595355;0,16640009;0,27559054;0,56671381;3,18774605;1,00000000
1,08602022;0,16640009;0,27528298;0,56656003;3,18774605;1,00000000
1,08608689;0,16640009;0,27528298;0,56625247;3,18743849;1,00000000
1,08615356;0,16640009;0,27528298;0,56609863;3,18713093;1,00000000
1,08622024;0,16640009;0,27497539;0,56579107;3,18713093;1,00000000
1,08628691;0,16640009;0,27466780;0,56563729;3,18682337;1,00000000
1,08635358;0,16655388;0,27436024;0,56563729;3,18651581;1,00000000
1,08642025;0,16670766;0,27405265;0,56563729;3,18620801;1,00000000
1,08648692;0,16670766;0,27374509;0,56548351;3,18651581;1,00000000
1,08655360;0,16670766;0,27343750;0,56548351;3,18651581;1,00000000
1,08662027;0,16670766;0,27343750;0,56548351;3,18651581;1,00000000
1,08668694;0,16670766;0,27343750;0,56548351;3,18651581;1,00000000
1,08675361;0,16670766;0,27312991;0,56548351;3,18651581;1,00000000
1,08682028;0,16686147;0,27282235;0,56548351;3,18620801;1,00000000
1,08688696;0,16686147;0,27251476;0,56563729;3,18620801;1,00000000
1,08695363;0,16670766;0,27220720;0,56579107;3,18682337;1,00000000
1,08702030;0,16670766;0,27220720;0,56594485;3,18682337;1,00000000
1,08708697;0,16670766;0,27220720;0,56609863;3,18651581;1,00000000
1,08715364;0,16670766;0,27189961;0,56625247;3,18651581;1,00000000
1,08722032;0,16670766;0,27189961;0,56640625;3,18651581;1,00000000
1,08728699;0,16670766;0,27159202;0,56671381;3,18651581;1,00000000
1,08735366;0,16670766;0,27159202;0,56702143;3,18651581;1,00000000
1,08742033;0,16670766;0,27159202;0,56717521;3,18651581;1,00000000
1,08748700;0,16670766;0,27128446;0,56748277;3,18713093;1,00000000
1,08755368;0,16670766;0,27128446;0,56763655;3,18713093;1,00000000
1,08762035;0,16670766;0,27128446;0,56794411;3,18743849;1,00000000
1,08768702;0,16670766;0,27128446;0,56825173;3,18743849;1,00000000
1,08775369;0,16686147;0,27159202;0,56871307;3,18743849;1,00000000
1,08782036;0,16686147;0,27159202;0,56902063;3,18743849;1,00000000
1,08788704;0,16686147;0,27159202;0,56932825;3,18743849;1,00000000
1,08795371;0,16686147;0,27159202;0,56978959;3,18774605;1,00000000
1,08802038;0,16670766;0,27159202;0,57009721;3,18836117;1,00000000
1,08808705;0,16670766;0,27189961;0,57055855;3,18836117;1,00000000
1,08815372;0,16670766;0,27220720;0,57117373;3,18836117;1,00000000
1,08822040;0,16655388;0,27220720;0,57148129;3,18836117;1,00000000
1,08828707;0,16655388;0,27251476;0,57209647;3,18836117;1,00000000
1,08835374;0,16640009;0,27282235;0,57255781;3,18866873;1,00000000
1,08842041;0,16624631;0,27282235;0,57301921;3,18866873;1,00000000
1,08848708;0,16624631;0,27282235;0,57332677;3,18897629;1,00000000
1,08855376;0,16624631;0,27251476;0,57378817;3,18928385;1,00000000
1,08862043;0,16624631;0,27251476;0,57424951;3,18928385;1,00000000
1,08868710;0,16624631;0,27251476;0,57486469;3,18928385;1,00000000
1,08875377;0,16640009;0,27251476;0,57517225;3,18928385;1,00000000
1,08882044;0,16640009;0,27282235;0,57563359;3,18928385;1,00000000
1,08888712;0,16655388;0,27312991;0,57624876;3,18989897;1,00000000
1,08895379;0,16670766;0,27312991;0,57655638;3,19020653;1,00000000
1,08902046;0,16670766;0,27312991;0,57717150;3,19051409;1,00000000
1,08908713;0,16670766;0,27282235;0,57747906;3,19020653;1,00000000
1,08915380;0,16670766;0,27282235;0,57794046;3,19020653;1,00000000
1,08922048;0,16670766;0,27312991;0,57840180;3,19020653;1,00000000
1,08928715;0,16670766;0,27343750;0,57886314;3,19020653;1,00000000
1,08935382;0,16670766;0,27374509;0,57932454;3,19051409;1,00000000
1,08942049;0,16670766;0,27405265;0,57963216;3,19051409;1,00000000
1,08948716;0,16670766;0,27436024;0,58009350;3,19082165;1,00000000
1,08955384;0,16670766;0,27466780;0,58055484;3,19112968;1,00000000
1,08962051;0,16686147;0,27497539;0,58101624;3,19143724;1,00000000
1,08968718;0,16686147;0,27466780;0,58147764;3,19174480;1,00000000
1,08975385;0,16686147;0,27466780;0,58178520;3,19143724;1,00000000
1,08982052;0,16686147;0,27466780;0,58193898;3,19174480;1,00000000
1,08988720;0,16701525;0,27466780;0,58224654;3,19174480;1,00000000
1,08995387;0,16701525;0,27466780;0,58255410;3,19174480;1,00000000
1,09002054;0,16701525;0,27466780;0,58270794;3,19174480;1,00000000
1,09008721;0,16716905;0,27497539;0,58301550;3,19174480;1,00000000
1,09015388;0,16716905;0,27528298;0,58332312;3,19205236;1,00000000
1,09022056;0,16716905;0,27559054;0,58347690;3,19235992;1,00000000
1,09028723;0,16716905;0,27589813;0,58363068;3,19205236;1,00000000
1,09035390;0,16716905;0,27589813;0,58378446;3,19235992;1,00000000
1,09042057;0,16716905;0,27620572;0,58393824;3,19235992;1,00000000
1,09048724;0,16716905;0,27651328;0,58409202;3,19235992;1,00000000
1,09055392;0,16716905;0,27651328;0,58424580;3,19235992;1,00000000
1,09062059;0,16716905;0,27651328;0,58424580;3,19205236;1,00000000
1,09068726;0,16716905;0,27620572;0,58439958;3,19143724;1,00000000
1,09075393;0,16716905;0,27620572;0,58439958;3,19143724;1,00000000
1,09082060;0,16716905;0,27620572;0,58424580;3,19112968;1,00000000
1,09088728;0,16716905;0,27620572;0,58424580;3,19112968;1,00000000
1,09095395;0,16732283;0,27620572;0,58424580;3,19112968;1,00000000
1,09102062;0,16732283;0,27620572;0,58409202;3,19112968;1,00000000
1,09108729;0,16732283;0,27620572;0,58393824;3,19112968;1,00000000
1,09115396;0,16732283;0,27589813;0,58393824;3,19082165;1,00000000
1,09122064;0,16732283;0,27559054;0,58393824;3,19020653;1,00000000
1,09128731;0,16732283;0,27559054;0,58393824;3,19020653;1,00000000
1,09135398;0,16747662;0,27559054;0,58393824;3,19020653;1,00000000
1,09142065;0,16732283;0,27589813;0,58393824;3,19020653;1,00000000
1,09148732;0,16732283;0,27589813;0,58378446;3,19020653;1,00000000
1,09155400;0,16732283;0,27589813;0,58378446;3,19020653;1,00000000
1,09162067;0,16732283;0,27589813;0,58378446;3,18959141;1,00000000
1,09168734;0,16732283;0,27589813;0,58363068;3,18928385;1,00000000
1,09175401;0,16732283;0,27559054;0,58363068;3,18897629;1,00000000
1,09182068;0,16732283;0,27559054;0,58332312;3,18897629;1,00000000
1,09188736;0,16732283;0,27559054;0,58301550;3,18897629;1,00000000
1,09195403;0,16747662;0,27559054;0,58286172;3,18897629;1,00000000
1,09202070;0,16732283;0,27589813;0,58286172;3,18897629;1,00000000
1,09208737;0,16732283;0,27559054;0,58270794;3,18866873;1,00000000
1,09215404;0,16732283;0,27589813;0,58270794;3,18866873;1,00000000
1,09222072;0,16732283;0,27559054;0,58240032;3,18805361;1,00000000
1,09228739;0,16732283;0,27559054;0,58209276;3,18805361;1,00000000
1,09235406;0,16716905;0,27528298;0,58178520;3,18805361;1,00000000
1,09242073;0,16716905;0,27528298;0,58147764;3,18805361;1,00000000
1,09248740;0,16716905;0,27497539;0,58132380;3,18805361;1,00000000
1,09255408;0,16716905;0,27466780;0,58101624;3,18774605;1,00000000
1,09262075;0,16716905;0,27466780;0,58070862;3,18774605;1,00000000
1,09268742;0,16716905;0,27497539;0,58070862;3,18743849;1,00000000
1,09275409;0,16716905;0,27528298;0,58055484;3,18743849;1,00000000
1,09282076;0,16701525;0,27528298;0,58024728;3,18743849;1,00000000
1,09288744;0,16686147;0,27528298;0,58009350;3,18743849;1,00000000
1,09295411;0,16686147;0,27528298;0,57978594;3,18743849;1,00000000
1,09302078;0,16686147;0,27497539;0,57947832;3,18743849;1,00000000
1,09308745;0,16670766;0,27466780;0,57901698;3,18743849;1,00000000
1,09315412;0,16670766;0,27436024;0,57870936;3,18743849;1,00000000
1,09322080;0,16670766;0,27466780;0,57840180;3,18743849;1,00000000
1,09328747;0,16670766;0,27466780;0,57824802;3,18774605;1,00000000
1,09335414;0,16670766;0,27436024;0,57809424;3,18805361;1,00000000
1,09342081;0,16670766;0,27405265;0,57778668;3,18805361;1,00000000
1,09348748;0,16670766;0,27405265;0,57763284;3,18805361;1,00000000
1,09355416;0,16670766;0,27405265;0,57732528;3,18805361;1,00000000
1,09362083;0,16655388;0,27405265;0,57717150;3,18805361;1,00000000
1,09368750;0,16655388;0,27374509;0,57686394;3,18805361;1,00000000
1,09375417;0,16655388;0,27374509;0,57640254;3,18836117;1,00000000
1,09382084;0,16640009;0,27374509;0,57609499;3,18866873;1,00000000
1,09388752;0,16640009;0,27374509;0,57578737;3,18928385;1,00000000
1,09395419;0,16640009;0,27374509;0,57532603;3,18897629;1,00000000
1,09402086;0,16640009;0,27374509;0,57501847;3,18866873;1,00000000
1,09408753;0,16640009;0,27343750;0,57471091;3,18836117;1,00000000
1,09415420;0,16640009;0,27312991;0,57471091;3,18836117;1,00000000
1,09422088;0,16640009;0,27312991;0,57455707;3,18836117;1,00000000
1,09428755;0,16640009;0,27343750;0,57440329;3,18805361;1,00000000
1,09435422;0,16624631;0,27374509;0,57440329;3,18836117;1,00000000
1,09442089;0,16624631;0,27374509;0,57409573;3,18866873;1,00000000
1,09448756;0,16609251;0,27343750;0,57394195;3,18866873;1,00000000
1,09455424;0,16624631;0,27343750;0,57363439;3,18866873;1,00000000
1,09462091;0,16624631;0,27343750;0,57348061;3,18836117;1,00000000
1,09468758;0,16624631;0,27343750;0,57332677;3,18836117;1,00000000
1,09475425;0,16624631;0,27312991;0,57301921;3,18836117;1,00000000
1,09482092;0,16624631;0,27312991;0,57286543;3,18836117;1,00000000
1,09488760;0,16624631;0,27312991;0,57255781;3,18836117;1,00000000
1,09495427;0,16624631;0,27312991;0,57240403;3,18836117;1,00000000
1,09502094;0,16609251;0,27312991;0,57194269;3,18866873;1,00000000
1,09508761;0,16609251;0,27312991;0,57178891;3,18866873;1,00000000
1,09515428;0,16593874;0,27282235;0,57148129;3,18897629;1,00000000
1,09522096;0,16593874;0,27282235;0,57132751;3,18897629;1,00000000
1,09528763;0,16578494;0,27251476;0,57117373;3,18897629;1,00000000
1,09535430;0,16563116;0,27251476;0,57101995;3,18897629;1,00000000
1,09542097;0,16563116;0,27251476;0,57086611;3,18897629;1,00000000
1,09548764;0,16563116;0,27282235;0,57086611;3,18897629;1,00000000
1,09555432;0,16563116;0,27282235;0,57086611;3,18928385;1,00000000
1,09562099;0,16563116;0,27282235;0,57086611;3,18928385;1,00000000
1,09568766;0,16563116;0,27282235;0,57086611;3,18928385;1,00000000
1,09575433;0,16547737;0,27251476;0,57086611;3,18928385;1,00000000
1,09582100;0,16532359;0,27282235;0,57086611;3,18959141;1,00000000
1,09588768;0,16516978;0,27282235;0,57101995;3,18959141;1,00000000
1,09595435;0,16516978;0,27312991;0,57101995;3,18959141;1,00000000
1,09602102;0,16516978;0,27312991;0,57117373;3,18959141;1,00000000
1,09608769;0,16516978;0,27343750;0,57117373;3,18989897;1,00000000
1,09615436;0,16516978;0,27343750;0,57132751;3,18989897;1,00000000
1,09622104;0,16501600;0,27312991;0,57148129;3,18959141;1,00000000
1,09628771;0,16501600;0,27343750;0,57148129;3,18928385;1,00000000
1,09635438;0,16501600;0,27343750;0,57163513;3,18928385;1,00000000
1,09642105;0,16501600;0,27343750;0,57163513;3,18897629;1,00000000
1,09648772;0,16501600;0,27374509;0,57178891;3,18897629;1,00000000
1,09655440;0,16501600;0,27405265;0,57225025;3,18928385;1,00000000
1,09662107;0,16501600;0,27436024;0,57240403;3,18959141;1,00000000
1,09668774;0,16501600;0,27436024;0,57255781;3,18959141;1,00000000
1,09675441;0,16501600;0,27436024;0,57286543;3,18928385;1,00000000
1,09682108;0,16501600;0,27436024;0,57301921;3,18897629;1,00000000
1,09688776;0,16501600;0,27436024;0,57332677;3,18866873;1,00000000
1,09695443;0,16501600;0,27436024;0,57348061;3,18836117;1,00000000
1,09702110;0,16501600;0,27466780;0,57378817;3,18866873;1,00000000
1,09708777;0,16501600;0,27466780;0,57409573;3,18866873;1,00000000
1,09715444;0,16501600;0,27436024;0,57440329;3,18866873;1,00000000
1,09722112;0,16516978;0,27436024;0,57471091;3,18866873;1,00000000
1,09728779;0,16516978;0,27436024;0,57486469;3,18866873;1,00000000
1,09735446;0,16532359;0,27466780;0,57517225;3,18836117;1,00000000
1,09742113;0,16532359;0,27466780;0,57547981;3,18774605;1,00000000
1,09748780;0,16547737;0,27466780;0,57578737;3,18743849;1,00000000
1,09755448;0,16563116;0,27466780;0,57594121;3,18743849;1,00000000
1,09762115;0,16563116;0,27436024;0,57624876;3,18743849;1,00000000
1,09768782;0,16547737;0,27436024;0,57655638;3,18743849;1,00000000
1,09775449;0,16547737;0,27436024;0,57686394;3,18743849;1,00000000
1,09782116;0,16563116;0,27436024;0,57717150;3,18713093;1,00000000
1,09788784;0,16547737;0,27405265;0,57747906;3,18651581;1,00000000
1,09795451;0,16547737;0,27374509;0,57763284;3,18590045;1,00000000
1,09802118;0,16547737;0,27374509;0,57778668;3,18590045;1,00000000
1,09808785;0,16547737;0,27405265;0,57809424;3,18590045;1,00000000
1,09815452;0,16547737;0,27405265;0,57824802;3,18590045;1,00000000
1,09822120;0,16563116;0,27436024;0,57855558;3,18559289;1,00000000
1,09828787;0,16563116;0,27405265;0,57870936;3,18559289;1,00000000
1,09835454;0,16578494;0,27436024;0,57917076;3,18528533;1,00000000
1,09842121;0,16593874;0,27436024;0,57947832;3,18436265;1,00000000
1,09848788;0,16578494;0,27436024;0,57978594;3,18405509;1,00000000
1,09855456;0,16593874;0,27405265;0,58009350;3,18374753;1,00000000
1,09862123;0,16609251;0,27436024;0,58040106;3,18343997;1,00000000
1,09868790;0,16609251;0,27436024;0,58070862;3,18343997;1,00000000
1,09875457;0,16624631;0,27405265;0,58101624;3,18313241;1,00000000
1,09882124;0,16624631;0,27405265;0,58147764;3,18282485;1,00000000
1,09888792;0,16609251;0,27374509;0,58178520;3,18251729;1,00000000
1,09895459;0,16609251;0,27374509;0,58193898;3,18251729;1,00000000
1,09902126;0,16609251;0,27374509;0,58224654;3,18220973;1,00000000
1,09908793;0,16593874;0,27343750;0,58255410;3,18190217;1,00000000
1,09915460;0,16578494;0,27312991;0,58286172;3,18159461;1,00000000
1,09922128;0,16578494;0,27312991;0,58316928;3,18097925;1,00000000
1,09928795;0,16563116;0,27312991;0,58347690;3,18067169;1,00000000
1,09935462;0,16547737;0,27312991;0,58363068;3,18067169;1,00000000
1,09942129;0,16547737;0,27312991;0,58393824;3,18067169;1,00000000
1,09948796;0,16532359;0,27312991;0,58424580;3,18067169;1,00000000
1,09955464;0,16547737;0,27312991;0,58455342;3,18036413;1,00000000
1,09962131;0,16532359;0,27282235;0,58470720;3,18005657;1,00000000
1,09968798;0,16547737;0,27251476;0,58501476;3,18005657;1,00000000
1,09975465;0,16532359;0,27251476;0,58532232;3,18005657;1,00000000
1,09982132;0,16516978;0,27220720;0,58562988;3,17974901;1,00000000
1,09988800;0,16516978;0,27220720;0,58578372;3,18005657;1,00000000
1,09995467;0,16516978;0,27189961;0,58593750;3,18005657;1,00000000
1,10002134;0,16516978;0,27220720;0,58609128;3,18036413;1,00000000
1,10008801;0,16501600;0,27189961;0,58624506;3,18036413;1,00000000
1,10015468;0,16501600;0,27159202;0,58639890;3,18036413;1,00000000
1,10022136;0,16486220;0,27128446;0,58655268;3,18036413;1,00000000
1,10028803;0,16470842;0,27128446;0,58670646;3,18005657;1,00000000
1,10035470;0,16486220;0,27128446;0,58686024;3,18005657;1,00000000
1,10042137;0,16470842;0,27097687;0,58701402;3,17974901;1,00000000
1,10048804;0,16470842;0,27066928;0,58716780;3,18005657;1,00000000
1,10055472;0,16455463;0,27036172;0,58732158;3,18005657;1,00000000
1,10062139;0,16440085;0,27005413;0,58762920;3,18005657;1,00000000
1,10068806;0,16424704;0,27036172;0,58778298;3,18005657;1,00000000
1,10075473;0,16409326;0,27036172;0,58778298;3,18036413;1,00000000
1,10082140;0,16409326;0,27036172;0,58809054;3,18036413;1,00000000
1,10088808;0,16424704;0,27036172;0,58824432;3,18036413;1,00000000
1,10095475;0,16440085;0,27036172;0,58839810;3,18067169;1,00000000
1,10102142;0,16424704;0,27005413;0,58855188;3,18097925;1,00000000
1,10108809;0,16424704;0,26974654;0,58870566;3,18097925;1,00000000
1,10115476;0,16440085;0,26974654;0,58885950;3,18097925;1,00000000
1,10122144;0,16440085;0,26974654;0,58870566;3,18067169;1,00000000
1,10128811;0,16455463;0,27005413;0,58870566;3,18067169;1,00000000
1,10135478;0,16470842;0,27005413;0,58870566;3,18067169;1,00000000
1,10142145;0,16470842;0,27005413;0,58870566;3,18097925;1,00000000
1,10148812;0,16470842;0,27005413;0,58855188;3,18128681;1,00000000
1,10155480;0,16470842;0,27005413;0,58839810;3,18128681;1,00000000
1,10162147;0,16470842;0,27036172;0,58839810;3,18128681;1,00000000
1,10168814;0,16486220;0,27005413;0,58839810;3,18128681;1,00000000
1,10175481;0,16486220;0,27005413;0,58839810;3,18128681;1,00000000
1,10182148;0,16470842;0,27005413;0,58824432;3,18097925;1,00000000
1,10188816;0,16455463;0,27005413;0,58809054;3,18128681;1,00000000
1,10195483;0,16470842;0,27005413;0,58778298;3,18159461;1,00000000
1,10202150;0,16455463;0,27005413;0,58762920;3,18159461;1,00000000
1,10208817;0,16440085;0,27005413;0,58762920;3,18159461;1,00000000
1,10215484;0,16455463;0,26974654;0,58747536;3,18159461;1,00000000
1,10222152;0,16440085;0,27005413;0,58732158;3,18128681;1,00000000
1,10228819;0,16440085;0,26974654;0,58732158;3,18097925;1,00000000
1,10235486;0,16424704;0,26974654;0,58716780;3,18128681;1,00000000
1,10242153;0,16409326;0,26974654;0,58701402;3,18159461;1,00000000
1,10248820;0,16393946;0,27005413;0,58670646;3,18159461;1,00000000
1,10255488;0,16393946;0,27005413;0,58655268;3,18159461;1,00000000
1,10262155;0,16409326;0,27036172;0,58624506;3,18128681;1,00000000
1,10268822;0,16409326;0,27036172;0,58593750;3,18159461;1,00000000
1,10275489;0,16409326;0,27036172;0,58578372;3,18128681;1,00000000
1,10282156;0,16409326;0,27036172;0,58547610;3,18159461;1,00000000
1,10288824;0,16409326;0,27005413;0,58516854;3,18190217;1,00000000
1,10295491;0,16409326;0,26974654;0,58486098;3,18190217;1,00000000
1,10302158;0,16424704;0,26974654;0,58470720;3,18190217;1,00000000
1,10308825;0,16424704;0,27005413;0,58439958;3,18190217;1,00000000
1,10315492;0,16440085;0,26974654;0,58409202;3,18220973;1,00000000
1,10322160;0,16455463;0,26943898;0,58378446;3,18220973;1,00000000
1,10328827;0,16470842;0,26974654;0,58347690;3,18251729;1,00000000
1,10335494;0,16486220;0,27005413;0,58316928;3,18282485;1,00000000
1,10342161;0,16486220;0,27036172;0,58270794;3,18282485;1,00000000
1,10348828;0,16486220;0,27066928;0,58224654;3,18282485;1,00000000
1,10355496;0,16501600;0,27066928;0,58193898;3,18251729;1,00000000
1,10362163;0,16516978;0,27066928;0,58147764;3,18251729;1,00000000
1,10368830;0,16532359;0,27036172;0,58117002;3,18282485;1,00000000
1,10375497;0,16547737;0,27036172;0,58086246;3,18282485;1,00000000
1,10382164;0,16547737;0,27066928;0,58040106;3,18282485;1,00000000
1,10388832;0,16547737;0,27097687;0,57993972;3,18282485;1,00000000
1,10395499;0,16563116;0,27128446;0,57947832;3,18251729;1,00000000
1,10402166;0,16563116;0,27159202;0,57917076;3,18220973;1,00000000
1,10408833;0,16578494;0,27159202;0,57870936;3,18220973;1,00000000
1,10415500;0,16593874;0,27128446;0,57840180;3,18251729;1,00000000
1,10422168;0,16593874;0,27128446;0,57809424;3,18251729;1,00000000
1,10428835;0,16609251;0,27097687;0,57778668;3,18251729;1,00000000
1,10435502;0,16624631;0,27097687;0,57732528;3,18251729;1,00000000
1,10442169;0,16624631;0,27097687;0,57686394;3,18251729;1,00000000
1,10448836;0,16640009;0,27097687;0,57655638;3,18251729;1,00000000
1,10455504;0,16655388;0,27128446;0,57624876;3,18220973;1,00000000
1,10462171;0,16670766;0,27097687;0,57609499;3,18220973;1,00000000
1,10468838;0,16686147;0,27128446;0,57578737;3,18220973;1,00000000
1,10475505;0,16701525;0,27159202;0,57547981;3,18251729;1,00000000
1,10482172;0,16701525;0,27159202;0,57501847;3,18282485;1,00000000
1,10488840;0,16701525;0,27159202;0,57471091;3,18282485;1,00000000
1,10495507;0,16701525;0,27159202;0,57455707;3,18282485;1,00000000
1,10502174;0,16716905;0,27189961;0,57409573;3,18251729;1,00000000
1,10508841;0,16732283;0,27220720;0,57394195;3,18220973;1,00000000
1,10515508;0,16732283;0,27189961;0,57363439;3,18251729;1,00000000
1,10522176;0,16747662;0,27189961;0,57332677;3,18251729;1,00000000
1,10528843;0,16778421;0,27220720;0,57317299;3,18251729;1,00000000
1,10535510;0,16778421;0,27220720;0,57301921;3,18220973;1,00000000
1,10542177;0,16793799;0,27189961;0,57271159;3,18159461;1,00000000
1,10548844;0,16793799;0,27220720;0,57225025;3,18159461;1,00000000
1,10555512;0,16793799;0,27220720;0,57209647;3,18128681;1,00000000
1,10562179;0,16793799;0,27220720;0,57194269;3,18097925;1,00000000
1,10568846;0,16793799;0,27220720;0,57163513;3,18097925;1,00000000
1,10575513;0,16793799;0,27220720;0,57132751;3,18097925;1,00000000
1,10582180;0,16778421;0,27220720;0,57117373;3,18128681;1,00000000
1,10588848;0,16778421;0,27189961;0,57101995;3,18159461;1,00000000
1,10595515;0,16778421;0,27159202;0,57071233;3,18128681;1,00000000
1,10602182;0,16763040;0,27159202;0,57071233;3,18067169;1,00000000
1,10608849;0,16763040;0,27189961;0,57040477;3,18036413;1,00000000
1,10615516;0,16763040;0,27220720;0,57025099;3,18067169;1,00000000
1,10622184;0,16763040;0,27220720;0,57009721;3,18067169;1,00000000
1,10628851;0,16763040;0,27220720;0,56994343;3,18067169;1,00000000
1,10635518;0,16763040;0,27189961;0,56994343;3,18067169;1,00000000
1,10642185;0,16778421;0,27159202;0,56994343;3,18067169;1,00000000
1,10648852;0,16778421;0,27128446;0,56978959;3,18067169;1,00000000
1,10655520;0,16778421;0,27128446;0,56963581;3,18005657;1,00000000
1,10662187;0,16778421;0,27128446;0,56963581;3,17974901;1,00000000
1,10668854;0,16763040;0,27097687;0,56963581;3,17944145;1,00000000
1,10675521;0,16763040;0,27128446;0,56963581;3,17913389;1,00000000
1,10682188;0,16763040;0,27159202;0,56978959;3,17913389;1,00000000
1,10688856;0,16763040;0,27189961;0,56994343;3,17913389;1,00000000
1,10695523;0,16763040;0,27159202;0,57009721;3,17944145;1,00000000
1,10702190;0,16763040;0,27159202;0,57025099;3,17974901;1,00000000
1,10708857;0,16763040;0,27128446;0,57040477;3,17944145;1,00000000
1,10715524;0,16763040;0,27097687;0,57055855;3,17944145;1,00000000
1,10722192;0,16763040;0,27097687;0,57071233;3,17913389;1,00000000
1,10728859;0,16763040;0,27097687;0,57101995;3,17913389;1,00000000
1,10735526;0,16763040;0,27097687;0,57148129;3,17944145;1,00000000
1,10742193;0,16763040;0,27128446;0,57178891;3,17944145;1,00000000
1,10748860;0,16778421;0,27128446;0,57209647;3,17944145;1,00000000
1,10755528;0,16778421;0,27128446;0,57271159;3,17974901;1,00000000
1,10762195;0,16778421;0,27159202;0,57286543;3,17974901;1,00000000
1,10768862;0,16778421;0,27159202;0,57332677;3,17944145;1,00000000
1,10775529;0,16778421;0,27189961;0,57363439;3,17974901;1,00000000
1,10782196;0,16778421;0,27189961;0,57394195;3,18005657;1,00000000
1,10788864;0,16778421;0,27189961;0,57455707;3,18036413;1,00000000
1,10795531;0,16778421;0,27220720;0,57486469;3,18036413;1,00000000
1,10802198;0,16778421;0,27251476;0,57532603;3,18036413;1,00000000
1,10808865;0,16763040;0,27251476;0,57594121;3,18067169;1,00000000
1,10815532;0,16763040;0,27251476;0,57624876;3,18097925;1,00000000
1,10822200;0,16763040;0,27251476;0,57671016;3,18097925;1,00000000
1,10828867;0,16747662;0,27282235;0,57717150;3,18097925;1,00000000
1,10835534;0,16763040;0,27251476;0,57747906;3,18097925;1,00000000
1,10842201;0,16747662;0,27251476;0,57794046;3,18097925;1,00000000
1,10848868;0,16763040;0,27251476;0,57824802;3,18097925;1,00000000
1,10855536;0,16763040;0,27282235;0,57870936;3,18097925;1,00000000
1,10862203;0,16763040;0,27282235;0,57917076;3,18128681;1,00000000
1,10868870;0,16763040;0,27282235;0,57963216;3,18190217;1,00000000
1,10875537;0,16763040;0,27282235;0,58009350;3,18251729;1,00000000
1,10882204;0,16763040;0,27282235;0,58055484;3,18251729;1,00000000
1,10888872;0,16763040;0,27282235;0,58117002;3,18251729;1,00000000
1,10895539;0,16763040;0,27282235;0,58178520;3,18251729;1,00000000
1,10902206;0,16763040;0,27312991;0,58224654;3,18251729;1,00000000
1,10908873;0,16778421;0,27312991;0,58270794;3,18282485;1,00000000
1,10915540;0,16778421;0,27343750;0,58316928;3,18343997;1,00000000
1,10922208;0,16778421;0,27312991;0,58363068;3,18374753;1,00000000
1,10928875;0,16778421;0,27343750;0,58409202;3,18436265;1,00000000
1,10935542;0,16778421;0,27343750;0,58455342;3,18405509;1,00000000
1,10942209;0,16778421;0,27343750;0,58501476;3,18405509;1,00000000
1,10948876;0,16778421;0,27343750;0,58547610;3,18405509;1,00000000
1,10955544;0,16778421;0,27374509;0,58578372;3,18405509;1,00000000
1,10962211;0,16793799;0,27405265;0,58624506;3,18436265;1,00000000
1,10968878;0,16793799;0,27436024;0,58655268;3,18436265;1,00000000
1,10975545;0,16793799;0,27436024;0,58686024;3,18436265;1,00000000
1,10982212;0,16793799;0,27405265;0,58716780;3,18467021;1,00000000
1,10988880;0,16793799;0,27374509;0,58762920;3,18467021;1,00000000
1,10995547;0,16793799;0,27343750;0,58778298;3,18436265;1,00000000
1,11002214;0,16793799;0,27343750;0,58824432;3,18436265;1,00000000
1,11008881;0,16793799;0,27343750;0,58855188;3,18436265;1,00000000
1,11015548;0,16793799;0,27374509;0,58885950;3,18436265;1,00000000
1,11022216;0,16793799;0,27405265;0,58916706;3,18436265;1,00000000
1,11028883;0,16793799;0,27405265;0,58947468;3,18436265;1,00000000
1,11035550;0,16778421;0,27405265;0,58978224;3,18436265;1,00000000
1,11042217;0,16778421;0,27436024;0,58978224;3,18436265;1,00000000
1,11048884;0,16778421;0,27466780;0,58978224;3,18405509;1,00000000
1,11055552;0,16778421;0,27436024;0,58978224;3,18405509;1,00000000
1,11062219;0,16778421;0,27405265;0,58993602;3,18405509;1,00000000
1,11068886;0,16778421;0,27374509;0,59008980;3,18405509;1,00000000
1,11075553;0,16778421;0,27374509;0,59024358;3,18405509;1,00000000
1,11082220;0,16778421;0,27405265;0,59039736;3,18405509;1,00000000
1,11088888;0,16793799;0,27405265;0,59039736;3,18405509;1,00000000
1,11095555;0,16793799;0,27405265;0,59039736;3,18343997;1,00000000
1,11102222;0,16793799;0,27374509;0,59055120;3,18343997;1,00000000
1,11108889;0,16793799;0,27374509;0,59055120;3,18374753;1,00000000
1,11115556;0,16793799;0,27405265;0,59039736;3,18405509;1,00000000
1,11122224;0,16793799;0,27436024;0,59008980;3,18405509;1,00000000
1,11128891;0,16793799;0,27466780;0,59008980;3,18405509;1,00000000
1,11135558;0,16793799;0,27436024;0,59008980;3,18405509;1,00000000
1,11142225;0,16793799;0,27436024;0,58978224;3,18374753;1,00000000
1,11148892;0,16793799;0,27436024;0,58978224;3,18343997;1,00000000
1,11155560;0,16793799;0,27466780;0,58947468;3,18374753;1,00000000
1,11162227;0,16778421;0,27466780;0,58932084;3,18405509;1,00000000
1,11168894;0,16778421;0,27466780;0,58932084;3,18436265;1,00000000
1,11175561;0,16778421;0,27466780;0,58916706;3,18436265;1,00000000
1,11182228;0,16778421;0,27497539;0,58916706;3,18436265;1,00000000
1,11188896;0,16778421;0,27497539;0,58916706;3,18405509;1,00000000
1,11195563;0,16778421;0,27497539;0,58916706;3,18405509;1,00000000
1,11202230;0,16778421;0,27497539;0,58916706;3,18405509;1,00000000
1,11208897;0,16778421;0,27497539;0,58932084;3,18405509;1,00000000
1,11215564;0,16763040;0,27497539;0,58901328;3,18436265;1,00000000
1,11222232;0,16763040;0,27528298;0,58870566;3,18436265;1,00000000
1,11228899;0,16763040;0,27497539;0,58855188;3,18467021;1,00000000
1,11235566;0,16763040;0,27497539;0,58855188;3,18436265;1,00000000
1,11242233;0,16763040;0,27497539;0,58839810;3,18436265;1,00000000
1,11248900;0,16763040;0,27528298;0,58824432;3,18436265;1,00000000
1,11255568;0,16763040;0,27497539;0,58793676;3,18436265;1,00000000
1,11262235;0,16763040;0,27497539;0,58778298;3,18436265;1,00000000
1,11268902;0,16778421;0,27497539;0,58762920;3,18467021;1,00000000
1,11275569;0,16763040;0,27497539;0,58732158;3,18467021;1,00000000
1,11282236;0,16763040;0,27497539;0,58716780;3,18436265;1,00000000
1,11288904;0,16763040;0,27466780;0,58686024;3,18436265;1,00000000
1,11295571;0,16763040;0,27466780;0,58655268;3,18436265;1,00000000
1,11302238;0,16763040;0,27466780;0,58624506;3,18436265;1,00000000
1,11308905;0,16763040;0,27466780;0,58593750;3,18436265;1,00000000
1,11315572;0,16747662;0,27436024;0,58562988;3,18436265;1,00000000
1,11322240;0,16763040;0,27436024;0,58532232;3,18467021;1,00000000
1,11328907;0,16763040;0,27436024;0,58516854;3,18528533;1,00000000
1,11335574;0,16747662;0,27436024;0,58486098;3,18559289;1,00000000
1,11342241;0,16747662;0,27436024;0,58455342;3,18559289;1,00000000
1,11348908;0,16747662;0,27466780;0,58439958;3,18559289;1,00000000
1,11355576;0,16747662;0,27436024;0,58424580;3,18559289;1,00000000
1,11362243;0,16747662;0,27405265;0,58378446;3,18559289;1,00000000
1,11368910;0,16747662;0,27405265;0,58363068;3,18559289;1,00000000
1,11375577;0,16747662;0,27405265;0,58347690;3,18528533;1,00000000
1,11382244;0,16732283;0,27405265;0,58316928;3,18559289;1,00000000
1,11388912;0,16732283;0,27405265;0,58286172;3,18590045;1,00000000
1,11395579;0,16732283;0,27405265;0,58255410;3,18620801;1,00000000
1,11402246;0,16732283;0,27436024;0,58224654;3,18620801;1,00000000
1,11408913;0,16747662;0,27405265;0,58193898;3,18620801;1,00000000
1,11415580;0,16747662;0,27405265;0,58163142;3,18651581;1,00000000
1,11422248;0,16747662;0,27436024;0,58132380;3,18620801;1,00000000
1,11428915;0,16732283;0,27436024;0,58101624;3,18620801;1,00000000
1,11435582;0,16732283;0,27436024;0,58070862;3,18620801;1,00000000
1,11442249;0,16716905;0,27405265;0,58040106;3,18651581;1,00000000
1,11448916;0,16716905;0,27405265;0,58009350;3,18682337;1,00000000
1,11455584;0,16701525;0,27405265;0,57978594;3,18713093;1,00000000
1,11462251;0,16686147;0,27436024;0,57963216;3,18713093;1,00000000
1,11468918;0,16670766;0,27436024;0,57932454;3,18682337;1,00000000
1,11475585;0,16670766;0,27466780;0,57901698;3,18682337;1,00000000
1,11482252;0,16670766;0,27466780;0,57870936;3,18651581;1,00000000
1,11488920;0,16655388;0,27466780;0,57840180;3,18651581;1,00000000
1,11495587;0,16655388;0,27466780;0,57824802;3,18682337;1,00000000
1,11502254;0,16655388;0,27466780;0,57809424;3,18713093;1,00000000
1,11508921;0,16655388;0,27466780;0,57809424;3,18713093;1,00000000
1,11515588;0,16655388;0,27466780;0,57794046;3,18713093;1,00000000
1,11522256;0,16655388;0,27436024;0,57794046;3,18682337;1,00000000
1,11528923;0,16655388;0,27436024;0,57778668;3,18651581;1,00000000
1,11535590;0,16670766;0,27436024;0,57778668;3,18651581;1,00000000
1,11542257;0,16655388;0,27405265;0,57763284;3,18651581;1,00000000
1,11548924;0,16640009;0,27436024;0,57763284;3,18682337;1,00000000
1,11555592;0,16640009;0,27436024;0,57747906;3,18713093;1,00000000
1,11562259;0,16624631;0,27436024;0,57747906;3,18743849;1,00000000
1,11568926;0,16609251;0,27436024;0,57747906;3,18805361;1,00000000
1,11575593;0,16609251;0,27436024;0,57747906;3,18774605;1,00000000
1,11582260;0,16593874;0,27466780;0,57747906;3,18774605;1,00000000
1,11588928;0,16593874;0,27466780;0,57747906;3,18774605;1,00000000
1,11595595;0,16609251;0,27466780;0,57747906;3,18774605;1,00000000
1,11602262;0,16609251;0,27466780;0,57747906;3,18774605;1,00000000
1,11608929;0,16609251;0,27466780;0,57747906;3,18805361;1,00000000
1,11615596;0,16624631;0,27497539;0,57747906;3,18836117;1,00000000
1,11622264;0,16624631;0,27497539;0,57747906;3,18897629;1,00000000
1,11628931;0,16624631;0,27497539;0,57747906;3,18897629;1,00000000
1,11635598;0,16640009;0,27497539;0,57747906;3,18866873;1,00000000
1,11642265;0,16640009;0,27528298;0,57763284;3,18836117;1,00000000
1,11648932;0,16640009;0,27528298;0,57778668;3,18836117;1,00000000
1,11655600;0,16640009;0,27528298;0,57794046;3,18836117;1,00000000
1,11662267;0,16624631;0,27559054;0,57809424;3,18866873;1,00000000
1,11668934;0,16640009;0,27559054;0,57840180;3,18897629;1,00000000
1,11675601;0,16624631;0,27559054;0,57855558;3,18897629;1,00000000
1,11682268;0,16624631;0,27559054;0,57870936;3,18866873;1,00000000
1,11688936;0,16624631;0,27589813;0,57886314;3,18836117;1,00000000
1,11695603;0,16624631;0,27620572;0,57917076;3,18836117;1,00000000
1,11702270;0,16624631;0,27620572;0,57947832;3,18836117;1,00000000
1,11708937;0,16640009;0,27589813;0,57978594;3,18805361;1,00000000
1,11715604;0,16655388;0,27620572;0,58009350;3,18805361;1,00000000
1,11722272;0,16640009;0,27620572;0,58040106;3,18805361;1,00000000
1,11728939;0,16640009;0,27651328;0,58070862;3,18805361;1,00000000
1,11735606;0,16640009;0,27682087;0,58101624;3,18805361;1,00000000
1,11742273;0,16640009;0,27682087;0,58132380;3,18774605;1,00000000
1,11748940;0,16655388;0,27682087;0,58163142;3,18774605;1,00000000
1,11755608;0,16655388;0,27743602;0,58178520;3,18743849;1,00000000
1,11762275;0,16670766;0,27743602;0,58209276;3,18743849;1,00000000
1,11768942;0,16670766;0,27743602;0,58224654;3,18743849;1,00000000
1,11775609;0,16670766;0,27682087;0,58255410;3,18743849;1,00000000
1,11782276;0,16686147;0,27651328;0,58286172;3,18713093;1,00000000
1,11788944;0,16701525;0,27620572;0,58301550;3,18682337;1,00000000
1,11795611;0,16686147;0,27620572;0,58332312;3,18620801;1,00000000
1,11802278;0,16670766;0,27620572;0,58347690;3,18559289;1,00000000
1,11808945;0,16686147;0,27620572;0,58378446;3,18467021;1,00000000
1,11815612;0,16686147;0,27620572;0,58409202;3,18436265;1,00000000
1,11822280;0,16670766;0,27620572;0,58424580;3,18436265;1,00000000
1,11828947;0,16686147;0,27620572;0,58455342;3,18436265;1,00000000
1,11835614;0,16670766;0,27589813;0,58486098;3,18436265;1,00000000
1,11842281;0,16655388;0,27559054;0,58501476;3,18405509;1,00000000
1,11848948;0,16670766;0,27528298;0,58516854;3,18374753;1,00000000
1,11855616;0,16686147;0,27497539;0,58547610;3,18313241;1,00000000
1,11862283;0,16701525;0,27466780;0,58578372;3,18282485;1,00000000
1,11868950;0,16686147;0,27436024;0,58609128;3,18251729;1,00000000
1,11875617;0,16670766;0,27436024;0,58639890;3,18220973;1,00000000
1,11882284;0,16670766;0,27405265;0,58655268;3,18190217;1,00000000
1,11888952;0,16670766;0,27405265;0,58686024;3,18159461;1,00000000
1,11895619;0,16670766;0,27374509;0,58701402;3,18128681;1,00000000
1,11902286;0,16655388;0,27374509;0,58732158;3,18097925;1,00000000
1,11908953;0,16655388;0,27343750;0,58762920;3,18097925;1,00000000
1,11915620;0,16655388;0,27312991;0,58778298;3,18097925;1,00000000
1,11922288;0,16640009;0,27312991;0,58809054;3,18067169;1,00000000
1,11928955;0,16655388;0,27282235;0,58824432;3,18036413;1,00000000
1,11935622;0,16640009;0,27282235;0,58839810;3,18005657;1,00000000
1,11942289;0,16655388;0,27251476;0,58870566;3,17944145;1,00000000
1,11948956;0,16655388;0,27220720;0,58885950;3,17882633;1,00000000
1,11955624;0,16655388;0,27189961;0,58916706;3,17882633;1,00000000
1,11962291;0,16655388;0,27189961;0,58962846;3,17882633;1,00000000
1,11968958;0,16640009;0,27159202;0,58993602;3,17882633;1,00000000
1,11975625;0,16640009;0,27159202;0,59008980;3,17882633;1,00000000
1,11982292;0,16640009;0,27159202;0,59024358;3,17851877;1,00000000
1,11988960;0,16655388;0,27128446;0,59039736;3,17790365;1,00000000
1,11995627;0,16670766;0,27128446;0,59055120;3,17759609;1,00000000
1,12002294;0,16670766;0,27128446;0,59085876;3,17759609;1,00000000
1,12008961;0,16655388;0,27097687;0,59101254;3,17759609;1,00000000
1,12015628;0,16655388;0,27066928;0,59116638;3,17759609;1,00000000
1,12022296;0,16640009;0,27066928;0,59132016;3,17759609;1,00000000
1,12028963;0,16624631;0,27066928;0,59147394;3,17790365;1,00000000
1,12035630;0,16609251;0,27036172;0,59162772;3,17759609;1,00000000
1,12042297;0,16593874;0,27036172;0,59178150;3,17728853;1,00000000
1,12048964;0,16578494;0,27005413;0,59208906;3,17728853;1,00000000
1,12055632;0,16578494;0,27005413;0,59224284;3,17728853;1,00000000
1,12062299;0,16563116;0,27036172;0,59239668;3,17728853;1,00000000
1,12068966;0,16547737;0,27036172;0,59270424;3,17759609;1,00000000
1,12075633;0,16547737;0,27036172;0,59270424;3,17759609;1,00000000
1,12082300;0,16547737;0,27005413;0,59270424;3,17759609;1,00000000
1,12088968;0,16547737;0,26974654;0,59270424;3,17759609;1,00000000
1,12095635;0,16532359;0,26943898;0,59285802;3,17759609;1,00000000
1,12102302;0,16532359;0,26943898;0,59301186;3,17759609;1,00000000
1,12108969;0,16532359;0,26943898;0,59285802;3,17759609;1,00000000
1,12115636;0,16532359;0,26943898;0,59301186;3,17790365;1,00000000
1,12122304;0,16532359;0,26974654;0,59301186;3,17821121;1,00000000
1,12128971;0,16547737;0,27005413;0,59301186;3,17851877;1,00000000
1,12135638;0,16532359;0,27005413;0,59285802;3,17851877;1,00000000
1,12142305;0,16516978;0,27005413;0,59270424;3,17851877;1,00000000
1,12148972;0,16532359;0,27036172;0,59270424;3,17851877;1,00000000
1,12155640;0,16516978;0,27036172;0,59255046;3,17851877;1,00000000
1,12162307;0,16501600;0,27036172;0,59239668;3,17851877;1,00000000
1,12168974;0,16501600;0,27036172;0,59224284;3,17882633;1,00000000
1,12175641;0,16486220;0,27036172;0,59208906;3,17913389;1,00000000
1,12182308;0,16486220;0,27005413;0,59193528;3,17913389;1,00000000
1,12188976;0,16501600;0,26974654;0,59193528;3,17882633;1,00000000
1,12195643;0,16501600;0,26943898;0,59178150;3,17882633;1,00000000
1,12202310;0,16501600;0,26974654;0,59162772;3,17882633;1,00000000
1,12208977;0,16486220;0,26974654;0,59147394;3,17882633;1,00000000
1,12215644;0,16501600;0,26974654;0,59116638;3,17913389;1,00000000
1,12222312;0,16501600;0,27005413;0,59085876;3,17913389;1,00000000
1,12228979;0,16501600;0,27005413;0,59055120;3,17944145;1,00000000
1,12235646;0,16486220;0,26974654;0,59008980;3,17974901;1,00000000
1,12242313;0,16486220;0,26974654;0,58993602;3,18005657;1,00000000
1,12248980;0,16501600;0,27005413;0,58962846;3,18036413;1,00000000
1,12255648;0,16516978;0,27005413;0,58916706;3,18036413;1,00000000
1,12262315;0,16516978;0,26974654;0,58885950;3,18067169;1,00000000
1,12268982;0,16532359;0,27005413;0,58855188;3,18067169;1,00000000
1,12275649;0,16532359;0,27005413;0,58824432;3,18097925;1,00000000
1,12282316;0,16532359;0,27005413;0,58793676;3,18097925;1,00000000
1,12288984;0,16547737;0,27005413;0,58762920;3,18067169;1,00000000
1,12295651;0,16547737;0,27005413;0,58732158;3,18036413;1,00000000
1,12302318;0,16563116;0,27005413;0,58701402;3,18036413;1,00000000
1,12308985;0,16563116;0,27005413;0,58655268;3,18067169;1,00000000
1,12315652;0,16563116;0,27005413;0,58624506;3,18067169;1,00000000
1,12322320;0,16563116;0,26974654;0,58593750;3,18097925;1,00000000
1,12328987;0,16563116;0,26943898;0,58547610;3,18067169;1,00000000
1,12335654;0,16563116;0,26943898;0,58516854;3,18067169;1,00000000
1,12342321;0,16563116;0,26943898;0,58470720;3,18067169;1,00000000
1,12348988;0,16563116;0,26943898;0,58424580;3,18067169;1,00000000
1,12355656;0,16563116;0,26943898;0,58409202;3,18067169;1,00000000
1,12362323;0,16578494;0,26943898;0,58393824;3,18097925;1,00000000
1,12368990;0,16578494;0,26913139;0,58347690;3,18128681;1,00000000
1,12375657;0,16593874;0,26913139;0,58301550;3,18159461;1,00000000
1,12382324;0,16609251;0,26882383;0,58255410;3,18128681;1,00000000
1,12388992;0,16609251;0,26882383;0,58224654;3,18128681;1,00000000
1,12395659;0,16609251;0,26851624;0,58178520;3,18128681;1,00000000
1,12402326;0,16624631;0,26882383;0,58147764;3,18097925;1,00000000
1,12408993;0,16624631;0,26851624;0,58117002;3,18067169;1,00000000
1,12415660;0,16624631;0,26851624;0,58086246;3,18097925;1,00000000
1,12422328;0,16640009;0,26882383;0,58055484;3,18097925;1,00000000
1,12428995;0,16640009;0,26851624;0,58024728;3,18067169;1,00000000
1,12435662;0,16640009;0,26851624;0,57978594;3,18067169;1,00000000
1,12442329;0,16655388;0,26851624;0,57932454;3,18067169;1,00000000
1,12448996;0,16655388;0,26820865;0,57901698;3,18067169;1,00000000
1,12455664;0,16655388;0,26820865;0,57855558;3,18067169;1,00000000
1,12462331;0,16655388;0,26790109;0,57809424;3,18036413;1,00000000
1,12468998;0,16655388;0,26790109;0,57778668;3,18036413;1,00000000
1,12475665;0,16670766;0,26820865;0,57732528;3,18036413;1,00000000
1,12482332;0,16670766;0,26820865;0,57701772;3,18036413;1,00000000
1,12489000;0,16686147;0,26851624;0,57671016;3,18036413;1,00000000
1,12495667;0,16686147;0,26851624;0,57624876;3,18036413;1,00000000
1,12502334;0,16686147;0,26851624;0,57594121;3,18036413;1,00000000
1,12509001;0,16686147;0,26820865;0,57563359;3,18036413;1,00000000
1,12515668;0,16701525;0,26820865;0,57517225;3,18005657;1,00000000
1,12522336;0,16701525;0,26820865;0,57501847;3,18005657;1,00000000
1,12529003;0,16716905;0,26820865;0,57455707;3,18005657;1,00000000
1,12535670;0,16732283;0,26790109;0,57424951;3,18036413;1,00000000
1,12542337;0,16732283;0,26820865;0,57409573;3,18036413;1,00000000
1,12549004;0,16732283;0,26820865;0,57378817;3,18036413;1,00000000
1,12555672;0,16732283;0,26790109;0,57363439;3,18036413;1,00000000
1,12562339;0,16732283;0,26759350;0,57348061;3,18036413;1,00000000
1,12569006;0,16732283;0,26759350;0,57301921;3,17974901;1,00000000
1,12575673;0,16747662;0,26759350;0,57271159;3,17913389;1,00000000
1,12582340;0,16747662;0,26790109;0,57255781;3,17851877;1,00000000
1,12589008;0,16763040;0,26820865;0,57209647;3,17882633;1,00000000
1,12595675;0,16778421;0,26851624;0,57194269;3,17882633;1,00000000
1,12602342;0,16778421;0,26882383;0,57163513;3,17882633;1,00000000
1,12609009;0,16778421;0,26851624;0,57163513;3,17882633;1,00000000
1,12615676;0,16778421;0,26820865;0,57148129;3,17851877;1,00000000
1,12622344;0,16778421;0,26820865;0,57148129;3,17851877;1,00000000
1,12629011;0,16778421;0,26820865;0,57117373;3,17790365;1,00000000
1,12635678;0,16778421;0,26790109;0,57101995;3,17759609;1,00000000
1,12642345;0,16793799;0,26790109;0,57101995;3,17790365;1,00000000
1,12649012;0,16793799;0,26790109;0,57086611;3,17790365;1,00000000
1,12655680;0,16793799;0,26820865;0,57086611;3,17790365;1,00000000
1,12662347;0,16793799;0,26790109;0,57071233;3,17790365;1,00000000
1,12669014;0,16778421;0,26790109;0,57071233;3,17821121;1,00000000
1,12675681;0,16778421;0,26759350;0,57055855;3,17821121;1,00000000
1,12682348;0,16778421;0,26728594;0,57055855;3,17790365;1,00000000
1,12689016;0,16778421;0,26728594;0,57071233;3,17728853;1,00000000
1,12695683;0,16778421;0,26728594;0,57071233;3,17728853;1,00000000
1,12702350;0,16778421;0,26759350;0,57086611;3,17759609;1,00000000
1,12709017;0,16778421;0,26759350;0,57086611;3,17759609;1,00000000
1,12715684;0,16778421;0,26790109;0,57101995;3,17759609;1,00000000
1,12722352;0,16778421;0,26790109;0,57117373;3,17759609;1,00000000
1,12729019;0,16778421;0,26790109;0,57132751;3,17790365;1,00000000
1,12735686;0,16778421;0,26759350;0,57163513;3,17821121;1,00000000
1,12742353;0,16778421;0,26759350;0,57178891;3,17821121;1,00000000
1,12749020;0,16778421;0,26759350;0,57225025;3,17790365;1,00000000
1,12755688;0,16778421;0,26728594;0,57286543;3,17821121;1,00000000
1,12762355;0,16778421;0,26728594;0,57317299;3,17821121;1,00000000
1,12769022;0,16778421;0,26759350;0,57348061;3,17821121;1,00000000
1,12775689;0,16793799;0,26759350;0,57378817;3,17821121;1,00000000
1,12782356;0,16793799;0,26790109;0,57424951;3,17851877;1,00000000
1,12789024;0,16793799;0,26759350;0,57455707;3,17882633;1,00000000
1,12795691;0,16793799;0,26759350;0,57501847;3,17913389;1,00000000
1,12802358;0,16793799;0,26759350;0,57532603;3,17944145;1,00000000
1,12809025;0,16793799;0,26759350;0,57578737;3,17974901;1,00000000
1,12815692;0,16793799;0,26759350;0,57624876;3,17974901;1,00000000
1,12822360;0,16793799;0,26759350;0,57671016;3,17974901;1,00000000
1,12829027;0,16793799;0,26759350;0,57732528;3,17974901;1,00000000
1,12835694;0,16793799;0,26728594;0,57778668;3,18005657;1,00000000
1,12842361;0,16793799;0,26728594;0,57824802;3,18036413;1,00000000
1,12849028;0,16793799;0,26697835;0,57886314;3,18097925;1,00000000
1,12855696;0,16793799;0,26697835;0,57917076;3,18128681;1,00000000
1,12862363;0,16793799;0,26667076;0,57963216;3,18128681;1,00000000
1,12869030;0,16793799;0,26697835;0,58024728;3,18128681;1,00000000
1,12875697;0,16793799;0,26728594;0,58070862;3,18159461;1,00000000
1,12882364;0,16793799;0,26759350;0,58117002;3,18159461;1,00000000
1,12889032;0,16793799;0,26759350;0,58147764;3,18190217;1,00000000
1,12895699;0,16793799;0,26759350;0,58193898;3,18251729;1,00000000
1,12902366;0,16793799;0,26759350;0,58240032;3,18282485;1,00000000
1,12909033;0,16778421;0,26759350;0,58270794;3,18251729;1,00000000
1,12915700;0,16778421;0,26790109;0,58301550;3,18251729;1,00000000
1,12922368;0,16793799;0,26820865;0,58363068;3,18251729;1,00000000
1,12929035;0,16793799;0,26820865;0,58409202;3,18251729;1,00000000
1,12935702;0,16793799;0,26851624;0,58455342;3,18220973;1,00000000
1,12942369;0,16793799;0,26882383;0,58486098;3,18251729;1,00000000
1,12949036;0,16793799;0,26882383;0,58516854;3,18282485;1,00000000
1,12955704;0,16793799;0,26882383;0,58547610;3,18313241;1,00000000
1,12962371;0,16793799;0,26913139;0,58593750;3,18343997;1,00000000
1,12969038;0,16793799;0,26943898;0,58624506;3,18343997;1,00000000
1,12975705;0,16778421;0,26943898;0,58655268;3,18343997;1,00000000
1,12982372;0,16778421;0,26943898;0,58701402;3,18374753;1,00000000
1,12989040;0,16778421;0,26974654;0,58732158;3,18405509;1,00000000
1,12995707;0,16778421;0,27005413;0,58762920;3,18405509;1,00000000
1,13002374;0,16778421;0,27005413;0,58778298;3,18405509;1,00000000
1,13009041;0,16778421;0,27005413;0,58809054;3,18405509;1,00000000
1,13015708;0,16778421;0,27005413;0,58839810;3,18436265;1,00000000
1,13022376;0,16778421;0,27005413;0,58870566;3,18405509;1,00000000
1,13029043;0,16763040;0,27036172;0,58901328;3,18405509;1,00000000
1,13035710;0,16763040;0,27066928;0,58916706;3,18405509;1,00000000
1,13042377;0,16778421;0,27066928;0,58962846;3,18405509;1,00000000
1,13049044;0,16778421;0,27097687;0,58978224;3,18405509;1,00000000
1,13055712;0,16778421;0,27066928;0,58978224;3,18405509;1,00000000
1,13062379;0,16778421;0,27066928;0,58978224;3,18405509;1,00000000
1,13069046;0,16778421;0,27066928;0,58993602;3,18374753;1,00000000
1,13075713;0,16778421;0,27066928;0,58993602;3,18343997;1,00000000
1,13082380;0,16778421;0,27097687;0,58993602;3,18343997;1,00000000
1,13089048;0,16778421;0,27097687;0,58993602;3,18343997;1,00000000
1,13095715;0,16778421;0,27097687;0,58993602;3,18343997;1,00000000
1,13102382;0,16778421;0,27097687;0,58993602;3,18343997;1,00000000
1,13109049;0,16778421;0,27097687;0,58993602;3,18343997;1,00000000
1,13115716;0,16763040;0,27097687;0,58993602;3,18343997;1,00000000
1,13122384;0,16763040;0,27097687;0,58993602;3,18282485;1,00000000
1,13129051;0,16763040;0,27066928;0,58993602;3,18313241;1,00000000
1,13135718;0,16763040;0,27066928;0,58993602;3,18313241;1,00000000
1,13142385;0,16763040;0,27066928;0,58993602;3,18313241;1,00000000
1,13149052;0,16763040;0,27097687;0,58993602;3,18313241;1,00000000
1,13155720;0,16763040;0,27066928;0,58993602;3,18313241;1,00000000
1,13162387;0,16763040;0,27036172;0,58993602;3,18282485;1,00000000
1,13169054;0,16778421;0,27005413;0,58978224;3,18282485;1,00000000
1,13175721;0,16793799;0,27005413;0,58962846;3,18282485;1,00000000
1,13182388;0,16793799;0,26974654;0,58932084;3,18282485;1,00000000
1,13189056;0,16793799;0,27005413;0,58932084;3,18313241;1,00000000
1,13195723;0,16793799;0,27005413;0,58916706;3,18313241;1,00000000
1,13202390;0,16809179;0,27036172;0,58885950;3,18313241;1,00000000
1,13209057;0,16809179;0,27036172;0,58885950;3,18313241;1,00000000
1,13215724;0,16809179;0,27036172;0,58855188;3,18282485;1,00000000
1,13222392;0,16809179;0,27005413;0,58839810;3,18282485;1,00000000
1,13229059;0,16809179;0,27005413;0,58809054;3,18282485;1,00000000
1,13235726;0,16793799;0,27005413;0,58793676;3,18313241;1,00000000
1,13242393;0,16778421;0,27005413;0,58778298;3,18343997;1,00000000
1,13249060;0,16778421;0,27005413;0,58747536;3,18343997;1,00000000
1,13255728;0,16778421;0,27005413;0,58716780;3,18343997;1,00000000
1,13262395;0,16778421;0,27005413;0,58701402;3,18313241;1,00000000
1,13269062;0,16778421;0,27005413;0,58686024;3,18313241;1,00000000
1,13275729;0,16778421;0,26974654;0,58655268;3,18282485;1,00000000
1,13282396;0,16778421;0,26943898;0,58639890;3,18313241;1,00000000
1,13289064;0,16778421;0,26913139;0,58624506;3,18313241;1,00000000
1,13295731;0,16778421;0,26913139;0,58593750;3,18313241;1,00000000
1,13302398;0,16747662;0,26913139;0,58562988;3,18313241;1,00000000
1,13309065;0,16747662;0,26913139;0,58532232;3,18313241;1,00000000
1,13315732;0,16747662;0,26943898;0,58516854;3,18313241;1,00000000
1,13322400;0,16747662;0,26913139;0,58501476;3,18313241;1,00000000
1,13329067;0,16747662;0,26913139;0,58486098;3,18282485;1,00000000
1,13335734;0,16747662;0,26882383;0,58455342;3,18313241;1,00000000
1,13342401;0,16732283;0,26882383;0,58439958;3,18343997;1,00000000
1,13349068;0,16716905;0,26851624;0,58409202;3,18343997;1,00000000
1,13355736;0,16701525;0,26851624;0,58378446;3,18343997;1,00000000
1,13362403;0,16701525;0,26851624;0,58332312;3,18343997;1,00000000
1,13369070;0,16701525;0,26820865;0,58286172;3,18343997;1,00000000
1,13375737;0,16686147;0,26851624;0,58255410;3,18343997;1,00000000
1,13382404;0,16686147;0,26851624;0,58224654;3,18343997;1,00000000
1,13389072;0,16670766;0,26851624;0,58193898;3,18374753;1,00000000
1,13395739;0,16670766;0,26820865;0,58163142;3,18405509;1,00000000
1,13402406;0,16670766;0,26820865;0,58132380;3,18405509;1,00000000
1,13409073;0,16670766;0,26820865;0,58101624;3,18405509;1,00000000
1,13415740;0,16655388;0,26851624;0,58070862;3,18405509;1,00000000
1,13422408;0,16640009;0,26820865;0,58040106;3,18405509;1,00000000
1,13429075;0,16640009;0,26820865;0,58009350;3,18405509;1,00000000
1,13435742;0,16655388;0,26820865;0,57978594;3,18436265;1,00000000
1,13442409;0,16655388;0,26790109;0,57947832;3,18405509;1,00000000
1,13449076;0,16640009;0,26759350;0,57917076;3,18436265;1,00000000
1,13455744;0,16624631;0,26759350;0,57886314;3,18436265;1,00000000
1,13462411;0,16624631;0,26728594;0,57870936;3,18436265;1,00000000
1,13469078;0,16609251;0,26759350;0,57855558;3,18436265;1,00000000
1,13475745;0,16609251;0,26759350;0,57840180;3,18467021;1,00000000
1,13482412;0,16609251;0,26790109;0,57809424;3,18467021;1,00000000
1,13489080;0,16593874;0,26820865;0,57794046;3,18467021;1,00000000
1,13495747;0,16578494;0,26851624;0,57763284;3,18436265;1,00000000
1,13502414;0,16578494;0,26820865;0,57732528;3,18436265;1,00000000
1,13509081;0,16578494;0,26790109;0,57732528;3,18436265;1,00000000
1,13515748;0,16563116;0,26790109;0,57717150;3,18467021;1,00000000
1,13522416;0,16563116;0,26790109;0,57701772;3,18528533;1,00000000
1,13529083;0,16563116;0,26790109;0,57701772;3,18528533;1,00000000
1,13535750;0,16547737;0,26820865;0,57701772;3,18528533;1,00000000
1,13542417;0,16547737;0,26851624;0,57686394;3,18559289;1,00000000
1,13549084;0,16532359;0,26851624;0,57686394;3,18559289;1,00000000
1,13555752;0,16516978;0,26851624;0,57686394;3,18528533;1,00000000
1,13562419;0,16501600;0,26851624;0,57686394;3,18528533;1,00000000
1,13569086;0,16486220;0,26851624;0,57686394;3,18559289;1,00000000
1,13575753;0,16486220;0,26882383;0,57671016;3,18590045;1,00000000
1,13582420;0,16486220;0,26882383;0,57671016;3,18620801;1,00000000
1,13589088;0,16486220;0,26913139;0,57671016;3,18682337;1,00000000
1,13595755;0,16486220;0,26882383;0,57686394;3,18743849;1,00000000
1,13602422;0,16486220;0,26882383;0,57701772;3,18713093;1,00000000
1,13609089;0,16486220;0,26851624;0,57701772;3,18682337;1,00000000
1,13615756;0,16486220;0,26882383;0,57717150;3,18682337;1,00000000
1,13622424;0,16486220;0,26882383;0,57732528;3,18682337;1,00000000
1,13629091;0,16486220;0,26882383;0,57747906;3,18713093;1,00000000
1,13635758;0,16470842;0,26882383;0,57763284;3,18743849;1,00000000
1,13642425;0,16486220;0,26882383;0,57763284;3,18774605;1,00000000
1,13649092;0,16470842;0,26913139;0,57778668;3,18774605;1,00000000
1,13655760;0,16470842;0,26913139;0,57809424;3,18774605;1,00000000
1,13662427;0,16486220;0,26913139;0,57824802;3,18743849;1,00000000
1,13669094;0,16501600;0,26943898;0,57840180;3,18743849;1,00000000
1,13675761;0,16501600;0,26943898;0,57855558;3,18743849;1,00000000
1,13682428;0,16501600;0,26943898;0,57870936;3,18713093;1,00000000
1,13689096;0,16516978;0,26943898;0,57901698;3,18743849;1,00000000
1,13695763;0,16501600;0,26943898;0,57917076;3,18774605;1,00000000
1,13702430;0,16501600;0,26943898;0,57947832;3,18774605;1,00000000
1,13709097;0,16516978;0,26974654;0,57963216;3,18743849;1,00000000
1,13715764;0,16516978;0,27005413;0,57978594;3,18713093;1,00000000
1,13722432;0,16516978;0,27036172;0,58009350;3,18682337;1,00000000
1,13729099;0,16516978;0,27036172;0,58040106;3,18682337;1,00000000
1,13735766;0,16532359;0,27036172;0,58070862;3,18651581;1,00000000
1,13742433;0,16547737;0,27036172;0,58101624;3,18651581;1,00000000
1,13749100;0,16563116;0,27036172;0,58132380;3,18651581;1,00000000
1,13755768;0,16578494;0,27036172;0,58147764;3,18651581;1,00000000
1,13762435;0,16563116;0,27005413;0,58178520;3,18620801;1,00000000
1,13769102;0,16578494;0,27005413;0,58209276;3,18590045;1,00000000
1,13775769;0,16578494;0,27036172;0,58224654;3,18528533;1,00000000
1,13782436;0,16563116;0,27036172;0,58255410;3,18467021;1,00000000
1,13789104;0,16563116;0,27036172;0,58286172;3,18467021;1,00000000
1,13795771;0,16578494;0,27036172;0,58332312;3,18436265;1,00000000
1,13802438;0,16593874;0,27036172;0,58363068;3,18436265;1,00000000
1,13809105;0,16578494;0,27005413;0,58378446;3,18436265;1,00000000
1,13815772;0,16593874;0,27005413;0,58424580;3,18436265;1,00000000
1,13822440;0,16593874;0,27005413;0,58439958;3,18374753;1,00000000
1,13829107;0,16578494;0,26974654;0,58455342;3,18313241;1,00000000
1,13835774;0,16563116;0,26943898;0,58470720;3,18251729;1,00000000
1,13842441;0,16578494;0,26943898;0,58501476;3,18251729;1,00000000
1,13849108;0,16593874;0,26943898;0,58532232;3,18251729;1,00000000
1,13855776;0,16578494;0,26913139;0,58547610;3,18251729;1,00000000
1,13862443;0,16578494;0,26882383;0,58578372;3,18251729;1,00000000
1,13869110;0,16578494;0,26851624;0,58609128;3,18190217;1,00000000
1,13875777;0,16578494;0,26851624;0,58609128;3,18128681;1,00000000
1,13882444;0,16578494;0,26820865;0,58639890;3,18067169;1,00000000
1,13889112;0,16563116;0,26820865;0,58670646;3,18005657;1,00000000
1,13895779;0,16563116;0,26851624;0,58686024;3,18005657;1,00000000
1,13902446;0,16578494;0,26851624;0,58716780;3,17974901;1,00000000
1,13909113;0,16578494;0,26820865;0,58732158;3,17974901;1,00000000
1,13915780;0,16578494;0,26790109;0,58747536;3,17974901;1,00000000
1,13922448;0,16563116;0,26759350;0,58778298;3,17944145;1,00000000
1,13929115;0,16563116;0,26759350;0,58809054;3,17913389;1,00000000
1,13935782;0,16547737;0,26728594;0,58824432;3,17882633;1,00000000
1,13942449;0,16547737;0,26728594;0,58855188;3,17851877;1,00000000
1,13949116;0,16547737;0,26697835;0,58870566;3,17851877;1,00000000
1,13955784;0,16547737;0,26667076;0,58885950;3,17851877;1,00000000
1,13962451;0,16532359;0,26636320;0,58901328;3,17851877;1,00000000
1,13969118;0,16532359;0,26636320;0,58932084;3,17790365;1,00000000
1,13975785;0,16516978;0,26605561;0,58962846;3,17790365;1,00000000
1,13982452;0,16516978;0,26574802;0,58993602;3,17759609;1,00000000
1,13989120;0,16516978;0,26574802;0,59024358;3,17759609;1,00000000
1,13995787;0,16501600;0,26544046;0,59039736;3,17759609;1,00000000
1,14002454;0,16501600;0,26544046;0,59055120;3,17790365;1,00000000
1,14009121;0,16486220;0,26544046;0,59070498;3,17759609;1,00000000
1,14015788;0,16486220;0,26544046;0,59085876;3,17759609;1,00000000
1,14022456;0,16486220;0,26513287;0,59101254;3,17759609;1,00000000
1,14029123;0,16486220;0,26513287;0,59116638;3,17728853;1,00000000
1,14035790;0,16486220;0,26513287;0,59132016;3,17759609;1,00000000
1,14042457;0,16486220;0,26513287;0,59162772;3,17759609;1,00000000
1,14049124;0,16486220;0,26513287;0,59178150;3,17790365;1,00000000
1,14055792;0,16486220;0,26544046;0,59193528;3,17821121;1,00000000
1,14062459;0,16486220;0,26574802;0,59193528;3,17821121;1,00000000
1,14069126;0,16486220;0,26574802;0,59193528;3,17821121;1,00000000
1,14075793;0,16486220;0,26605561;0,59208906;3,17790365;1,00000000
1,14082460;0,16486220;0,26605561;0,59224284;3,17790365;1,00000000
1,14089128;0,16486220;0,26605561;0,59239668;3,17821121;1,00000000
1,14095795;0,16486220;0,26605561;0,59239668;3,17851877;1,00000000
1,14102462;0,16486220;0,26636320;0,59255046;3,17882633;1,00000000
1,14109129;0,16470842;0,26636320;0,59255046;3,17882633;1,00000000
1,14115796;0,16486220;0,26667076;0,59255046;3,17882633;1,00000000
1,14122464;0,16501600;0,26697835;0,59255046;3,17882633;1,00000000
1,14129131;0,16501600;0,26697835;0,59255046;3,17913389;1,00000000
1,14135798;0,16501600;0,26697835;0,59239668;3,17974901;1,00000000
1,14142465;0,16501600;0,26697835;0,59239668;3,18005657;1,00000000
1,14149132;0,16486220;0,26667076;0,59239668;3,18036413;1,00000000
1,14155800;0,16501600;0,26667076;0,59208906;3,18036413;1,00000000
1,14162467;0,16501600;0,26667076;0,59208906;3,18036413;1,00000000
1,14169134;0,16516978;0,26667076;0,59193528;3,18036413;1,00000000
1,14175801;0,16516978;0,26667076;0,59178150;3,18036413;1,00000000
1,14182468;0,16516978;0,26667076;0,59178150;3,18097925;1,00000000
1,14189136;0,16516978;0,26667076;0,59162772;3,18128681;1,00000000
1,14195803;0,16516978;0,26636320;0,59147394;3,18159461;1,00000000
1,14202470;0,16516978;0,26636320;0,59147394;3,18159461;1,00000000
1,14209137;0,16516978;0,26636320;0,59132016;3,18159461;1,00000000
1,14215804;0,16532359;0,26636320;0,59116638;3,18159461;1,00000000
1,14222472;0,16532359;0,26667076;0,59101254;3,18159461;1,00000000
1,14229139;0,16532359;0,26667076;0,59070498;3,18159461;1,00000000
1,14235806;0,16516978;0,26697835;0,59055120;3,18220973;1,00000000
1,14242473;0,16516978;0,26697835;0,59024358;3,18190217;1,00000000
1,14249140;0,16516978;0,26667076;0,58993602;3,18190217;1,00000000
1,14255808;0,16516978;0,26697835;0,58962846;3,18190217;1,00000000
1,14262475;0,16516978;0,26697835;0,58916706;3,18190217;1,00000000
1,14269142;0,16516978;0,26697835;0,58885950;3,18190217;1,00000000
1,14275809;0,16516978;0,26697835;0,58855188;3,18220973;1,00000000
1,14282476;0,16516978;0,26697835;0,58824432;3,18282485;1,00000000
1,14289144;0,16532359;0,26697835;0,58793676;3,18343997;1,00000000
1,14295811;0,16516978;0,26697835;0,58762920;3,18343997;1,00000000
1,14302478;0,16516978;0,26697835;0,58716780;3,18343997;1,00000000
1,14309145;0,16532359;0,26667076;0,58686024;3,18343997;1,00000000
1,14315812;0,16532359;0,26667076;0,58655268;3,18343997;1,00000000
1,14322480;0,16547737;0,26667076;0,58609128;3,18374753;1,00000000
1,14329147;0,16563116;0,26667076;0,58578372;3,18343997;1,00000000
1,14335814;0,16578494;0,26697835;0,58547610;3,18405509;1,00000000
1,14342481;0,16593874;0,26728594;0,58532232;3,18405509;1,00000000
1,14349148;0,16578494;0,26728594;0,58486098;3,18405509;1,00000000
1,14355816;0,16593874;0,26728594;0,58470720;3,18405509;1,00000000
1,14362483;0,16593874;0,26697835;0,58439958;3,18405509;1,00000000
1,14369150;0,16609251;0,26697835;0,58409202;3,18436265;1,00000000
1,14375817;0,16609251;0,26667076;0,58378446;3,18405509;1,00000000
1,14382484;0,16624631;0,26697835;0,58363068;3,18436265;1,00000000
1,14389152;0,16640009;0,26728594;0,58316928;3,18467021;1,00000000
1,14395819;0,16640009;0,26759350;0,58255410;3,18528533;1,00000000
1,14402486;0,16655388;0,26790109;0,58209276;3,18528533;1,00000000
1,14409153;0,16670766;0,26790109;0,58163142;3,18528533;1,00000000
1,14415820;0,16686147;0,26790109;0,58132380;3,18528533;1,00000000
1,14422488;0,16701525;0,26759350;0,58086246;3,18559289;1,00000000
1,14429155;0,16701525;0,26759350;0,58040106;3,18590045;1,00000000
1,14435822;0,16701525;0,26728594;0,58009350;3,18528533;1,00000000
1,14442489;0,16701525;0,26759350;0,57963216;3,18467021;1,00000000
1,14449156;0,16732283;0,26790109;0,57932454;3,18467021;1,00000000
1,14455824;0,16732283;0,26790109;0,57886314;3,18528533;1,00000000
1,14462491;0,16747662;0,26820865;0,57840180;3,18528533;1,00000000
1,14469158;0,16763040;0,26851624;0,57794046;3,18528533;1,00000000
1,14475825;0,16763040;0,26820865;0,57763284;3,18528533;1,00000000
1,14482492;0,16747662;0,26820865;0,57717150;3,18467021;1,00000000
1,14489160;0,16763040;0,26820865;0,57671016;3,18436265;1,00000000
1,14495827;0,16763040;0,26851624;0,57640254;3,18405509;1,00000000
1,14502494;0,16763040;0,26882383;0,57609499;3,18374753;1,00000000
1,14509161;0,16763040;0,26882383;0,57578737;3,18374753;1,00000000
1,14515828;0,16778421;0,26913139;0,57532603;3,18405509;1,00000000
1,14522496;0,16778421;0,26943898;0,57501847;3,18405509;1,00000000
1,14529163;0,16778421;0,26913139;0,57471091;3,18374753;1,00000000
1,14535830;0,16778421;0,26913139;0,57440329;3,18374753;1,00000000
1,14542497;0,16778421;0,26913139;0,57394195;3,18343997;1,00000000
1,14549164;0,16778421;0,26913139;0,57363439;3,18313241;1,00000000
1,14555832;0,16793799;0,26913139;0,57332677;3,18282485;1,00000000
1,14562499;0,16793799;0,26913139;0,57317299;3,18282485;1,00000000
1,14569166;0,16793799;0,26913139;0,57286543;3,18282485;1,00000000
1,14575833;0,16793799;0,26882383;0,57225025;3,18313241;1,00000000
1,14582500;0,16793799;0,26882383;0,57194269;3,18251729;1,00000000
1,14589168;0,16793799;0,26882383;0,57163513;3,18251729;1,00000000
1,14595835;0,16793799;0,26882383;0,57148129;3,18190217;1,00000000
1,14602502;0,16793799;0,26851624;0,57132751;3,18159461;1,00000000
1,14609169;0,16793799;0,26851624;0,57101995;3,18128681;1,00000000
1,14615836;0,16809179;0,26851624;0,57086611;3,18159461;1,00000000
1,14622504;0,16809179;0,26820865;0,57086611;3,18159461;1,00000000
1,14629171;0,16809179;0,26790109;0,57055855;3,18159461;1,00000000
1,14635838;0,16809179;0,26759350;0,57040477;3,18190217;1,00000000
1,14642505;0,16809179;0,26728594;0,57025099;3,18159461;1,00000000
1,14649172;0,16809179;0,26697835;0,57025099;3,18159461;1,00000000
1,14655840;0,16809179;0,26667076;0,57025099;3,18128681;1,00000000
1,14662507;0,16809179;0,26636320;0,57025099;3,18097925;1,00000000
1,14669174;0,16809179;0,26636320;0,57025099;3,18067169;1,00000000
1,14675841;0,16809179;0,26605561;0,57025099;3,18067169;1,00000000
1,14682508;0,16809179;0,26636320;0,57025099;3,18067169;1,00000000
1,14689176;0,16809179;0,26605561;0,57025099;3,18097925;1,00000000
1,14695843;0,16809179;0,26605561;0,57025099;3,18067169;1,00000000
1,14702510;0,16809179;0,26605561;0,57040477;3,18067169;1,00000000
1,14709177;0,16809179;0,26574802;0,57071233;3,18067169;1,00000000
1,14715844;0,16809179;0,26544046;0,57086611;3,18067169;1,00000000
1,14722512;0,16809179;0,26544046;0,57117373;3,18036413;1,00000000
1,14729179;0,16809179;0,26574802;0,57148129;3,18067169;1,00000000
1,14735846;0,16824557;0,26544046;0,57178891;3,18067169;1,00000000
1,14742513;0,16824557;0,26513287;0,57194269;3,18097925;1,00000000
1,14749180;0,16809179;0,26482528;0,57209647;3,18067169;1,00000000
1,14755848;0,16809179;0,26482528;0,57255781;3,18036413;1,00000000
1,14762515;0,16809179;0,26482528;0,57286543;3,18036413;1,00000000
1,14769182;0,16809179;0,26513287;0,57332677;3,18036413;1,00000000
1,14775849;0,16809179;0,26513287;0,57378817;3,18067169;1,00000000
1,14782516;0,16809179;0,26482528;0,57424951;3,18097925;1,00000000
1,14789184;0,16824557;0,26482528;0,57471091;3,18159461;1,00000000
1,14795851;0,16824557;0,26513287;0,57517225;3,18190217;1,00000000
1,14802518;0,16824557;0,26544046;0,57563359;3,18220973;1,00000000
1,14809185;0,16824557;0,26544046;0,57594121;3,18190217;1,00000000
1,14815852;0,16809179;0,26544046;0,57624876;3,18190217;1,00000000
1,14822520;0,16809179;0,26544046;0,57671016;3,18190217;1,00000000
1,14829187;0,16809179;0,26574802;0,57701772;3,18220973;1,00000000
1,14835854;0,16809179;0,26574802;0,57732528;3,18220973;1,00000000
1,14842521;0,16809179;0,26605561;0,57778668;3,18251729;1,00000000
1,14849188;0,16793799;0,26605561;0,57809424;3,18251729;1,00000000
1,14855856;0,16793799;0,26605561;0,57855558;3,18282485;1,00000000
1,14862523;0,16793799;0,26636320;0,57901698;3,18313241;1,00000000
1,14869190;0,16793799;0,26667076;0,57947832;3,18313241;1,00000000
1,14875857;0,16778421;0,26667076;0,58009350;3,18313241;1,00000000
1,14882524;0,16778421;0,26697835;0,58070862;3,18343997;1,00000000
1,14889192;0,16778421;0,26728594;0,58132380;3,18343997;1,00000000
1,14895859;0,16778421;0,26728594;0,58163142;3,18343997;1,00000000
1,14902526;0,16778421;0,26759350;0,58209276;3,18343997;1,00000000
1,14909193;0,16763040;0,26759350;0,58270794;3,18374753;1,00000000
1,14915860;0,16763040;0,26759350;0,58301550;3,18405509;1,00000000
1,14922528;0,16763040;0,26759350;0,58347690;3,18467021;1,00000000
1,14929195;0,16763040;0,26759350;0,58378446;3,18467021;1,00000000
1,14935862;0,16778421;0,26790109;0,58424580;3,18528533;1,00000000
1,14942529;0,16778421;0,26790109;0,58455342;3,18528533;1,00000000
1,14949196;0,16778421;0,26820865;0,58486098;3,18467021;1,00000000
1,14955864;0,16778421;0,26820865;0,58532232;3,18467021;1,00000000
1,14962531;0,16778421;0,26790109;0,58578372;3,18467021;1,00000000
1,14969198;0,16778421;0,26820865;0,58609128;3,18528533;1,00000000
1,14975865;0,16778421;0,26851624;0,58639890;3,18559289;1,00000000
1,14982532;0,16778421;0,26882383;0,58670646;3,18559289;1,00000000
1,14989200;0,16778421;0,26913139;0,58701402;3,18559289;1,00000000
1,14995867;0,16793799;0,26943898;0,58716780;3,18559289;1,00000000
1,15002534;0,16793799;0,26974654;0,58732158;3,18559289;1,00000000
1,15009201;0,16809179;0,27005413;0,58762920;3,18559289;1,00000000
1,15015868;0,16809179;0,27005413;0,58793676;3,18559289;1,00000000
1,15022536;0,16809179;0,27005413;0,58809054;3,18559289;1,00000000
1,15029203;0,16793799;0,27005413;0,58824432;3,18528533;1,00000000
1,15035870;0,16793799;0,27036172;0,58839810;3,18467021;1,00000000
1,15042537;0,16793799;0,27036172;0,58870566;3,18436265;1,00000000
1,15049204;0,16793799;0,27036172;0,58885950;3,18436265;1,00000000
1,15055872;0,16809179;0,27036172;0,58901328;3,18467021;1,00000000
1,15062539;0,16809179;0,27036172;0,58901328;3,18467021;1,00000000
1,15069206;0,16809179;0,27036172;0,58916706;3,18467021;1,00000000
1,15075873;0,16809179;0,27036172;0,58932084;3,18467021;1,00000000
1,15082540;0,16809179;0,27005413;0,58932084;3,18467021;1,00000000
1,15089208;0,16809179;0,27036172;0,58916706;3,18436265;1,00000000
1,15095875;0,16824557;0,27036172;0,58916706;3,18405509;1,00000000
1,15102542;0,16824557;0,27036172;0,58916706;3,18374753;1,00000000
1,15109209;0,16824557;0,27005413;0,58916706;3,18374753;1,00000000
1,15115876;0,16824557;0,27036172;0,58916706;3,18374753;1,00000000
1,15122544;0,16824557;0,27005413;0,58901328;3,18374753;1,00000000
1,15129211;0,16824557;0,27036172;0,58901328;3,18374753;1,00000000
1,15135878;0,16809179;0,27066928;0,58901328;3,18343997;1,00000000
1,15142545;0,16809179;0,27036172;0,58901328;3,18282485;1,00000000
1,15149212;0,16824557;0,27036172;0,58901328;3,18313241;1,00000000
1,15155880;0,16824557;0,27036172;0,58885950;3,18313241;1,00000000
1,15162547;0,16824557;0,27036172;0,58885950;3,18313241;1,00000000
1,15169214;0,16824557;0,27036172;0,58870566;3,18313241;1,00000000
1,15175881;0,16824557;0,27005413;0,58839810;3,18343997;1,00000000
1,15182548;0,16824557;0,27005413;0,58809054;3,18282485;1,00000000
1,15189216;0,16824557;0,26974654;0,58809054;3,18282485;1,00000000
1,15195883;0,16824557;0,26943898;0,58778298;3,18282485;1,00000000
1,15202550;0,16824557;0,26913139;0,58762920;3,18313241;1,00000000
1,15209217;0,16824557;0,26943898;0,58747536;3,18343997;1,00000000
1,15215884;0,16824557;0,26943898;0,58716780;3,18374753;1,00000000
1,15222552;0,16824557;0,26974654;0,58686024;3,18374753;1,00000000
1,15229219;0,16824557;0,27005413;0,58655268;3,18343997;1,00000000
1,15235886;0,16824557;0,27005413;0,58639890;3,18313241;1,00000000
1,15242553;0,16824557;0,26974654;0,58609128;3,18313241;1,00000000
1,15249220;0,16824557;0,26943898;0,58578372;3,18282485;1,00000000
1,15255888;0,16839936;0,26943898;0,58562988;3,18282485;1,00000000
1,15262555;0,16839936;0,26974654;0,58532232;3,18313241;1,00000000
1,15269222;0,16839936;0,26974654;0,58516854;3,18374753;1,00000000
1,15275889;0,16839936;0,26974654;0,58486098;3,18343997;1,00000000
1,15282556;0,16839936;0,26943898;0,58470720;3,18313241;1,00000000
1,15289224;0,16839936;0,26943898;0,58439958;3,18313241;1,00000000
1,15295891;0,16839936;0,26943898;0,58424580;3,18282485;1,00000000
1,15302558;0,16839936;0,26943898;0,58393824;3,18251729;1,00000000
1,15309225;0,16839936;0,26943898;0,58378446;3,18282485;1,00000000
1,15315892;0,16839936;0,26943898;0,58347690;3,18313241;1,00000000
1,15322560;0,16855314;0,26913139;0,58316928;3,18282485;1,00000000
1,15329227;0,16839936;0,26913139;0,58286172;3,18282485;1,00000000
1,15335894;0,16839936;0,26913139;0,58240032;3,18282485;1,00000000
1,15342561;0,16839936;0,26913139;0,58224654;3,18282485;1,00000000
1,15349228;0,16824557;0,26943898;0,58209276;3,18282485;1,00000000
1,15355896;0,16824557;0,26913139;0,58163142;3,18313241;1,00000000
1,15362563;0,16824557;0,26913139;0,58117002;3,18343997;1,00000000
1,15369230;0,16809179;0,26943898;0,58086246;3,18405509;1,00000000
1,15375897;0,16793799;0,26913139;0,58055484;3,18405509;1,00000000
1,15382564;0,16793799;0,26913139;0,58009350;3,18405509;1,00000000
1,15389232;0,16793799;0,26943898;0,57993972;3,18405509;1,00000000
1,15395899;0,16778421;0,26974654;0,57963216;3,18405509;1,00000000
1,15402566;0,16778421;0,27005413;0,57947832;3,18405509;1,00000000
1,15409233;0,16763040;0,27036172;0,57917076;3,18405509;1,00000000
1,15415900;0,16747662;0,27005413;0,57886314;3,18405509;1,00000000
1,15422568;0,16747662;0,27005413;0,57855558;3,18405509;1,00000000
1,15429235;0,16747662;0,26974654;0,57824802;3,18436265;1,00000000
1,15435902;0,16747662;0,26974654;0,57794046;3,18436265;1,00000000
1,15442569;0,16732283;0,26974654;0,57763284;3,18436265;1,00000000
1,15449236;0,16716905;0,26974654;0,57747906;3,18436265;1,00000000
1,15455904;0,16701525;0,26943898;0,57717150;3,18436265;1,00000000
1,15462571;0,16686147;0,26974654;0,57686394;3,18436265;1,00000000
1,15469238;0,16686147;0,27005413;0,57655638;3,18467021;1,00000000
1,15475905;0,16670766;0,26974654;0,57624876;3,18467021;1,00000000
1,15482572;0,16670766;0,26943898;0,57594121;3,18528533;1,00000000
1,15489240;0,16670766;0,26943898;0,57578737;3,18528533;1,00000000
1,15495907;0,16655388;0,26943898;0,57563359;3,18528533;1,00000000
1,15502574;0,16640009;0,26943898;0,57547981;3,18559289;1,00000000
1,15509241;0,16624631;0,26974654;0,57517225;3,18559289;1,00000000
1,15515908;0,16624631;0,27005413;0,57517225;3,18559289;1,00000000
1,15522576;0,16609251;0,27005413;0,57486469;3,18559289;1,00000000
1,15529243;0,16593874;0,26974654;0,57486469;3,18559289;1,00000000
1,15535910;0,16593874;0,26974654;0,57486469;3,18590045;1,00000000
1,15542577;0,16593874;0,26974654;0,57486469;3,18620801;1,00000000
1,15549244;0,16578494;0,27005413;0,57486469;3,18620801;1,00000000
1,15555912;0,16563116;0,27036172;0,57486469;3,18620801;1,00000000
1,15562579;0,16563116;0,27036172;0,57486469;3,18620801;1,00000000
1,15569246;0,16563116;0,27066928;0,57486469;3,18620801;1,00000000
1,15575913;0,16563116;0,27097687;0,57486469;3,18682337;1,00000000
1,15582580;0,16547737;0,27097687;0,57501847;3,18682337;1,00000000
1,15589248;0,16563116;0,27128446;0,57501847;3,18682337;1,00000000
1,15595915;0,16563116;0,27128446;0,57517225;3,18682337;1,00000000
1,15602582;0,16547737;0,27128446;0,57532603;3,18682337;1,00000000
1,15609249;0,16547737;0,27128446;0,57532603;3,18713093;1,00000000
1,15615916;0,16563116;0,27159202;0,57532603;3,18713093;1,00000000
1,15622584;0,16563116;0,27159202;0,57563359;3,18713093;1,00000000
1,15629251;0,16563116;0,27189961;0,57578737;3,18713093;1,00000000
1,15635918;0,16563116;0,27189961;0,57594121;3,18743849;1,00000000
1,15642585;0,16563116;0,27189961;0,57624876;3,18713093;1,00000000
1,15649252;0,16563116;0,27220720;0,57655638;3,18682337;1,00000000
1,15655920;0,16563116;0,27220720;0,57655638;3,18682337;1,00000000
1,15662587;0,16547737;0,27251476;0,57686394;3,18651581;1,00000000
1,15669254;0,16547737;0,27251476;0,57701772;3,18620801;1,00000000
1,15675921;0,16547737;0,27282235;0,57717150;3,18651581;1,00000000
1,15682588;0,16547737;0,27312991;0,57747906;3,18651581;1,00000000
1,15689256;0,16547737;0,27312991;0,57763284;3,18651581;1,00000000
1,15695923;0,16563116;0,27312991;0,57778668;3,18620801;1,00000000
1,15702590;0,16563116;0,27312991;0,57809424;3,18590045;1,00000000
1,15709257;0,16578494;0,27312991;0,57840180;3,18528533;1,00000000
1,15715924;0,16578494;0,27312991;0,57855558;3,18528533;1,00000000
1,15722592;0,16578494;0,27343750;0,57870936;3,18528533;1,00000000
1,15729259;0,16578494;0,27343750;0,57901698;3,18528533;1,00000000
1,15735926;0,16578494;0,27343750;0,57932454;3,18528533;1,00000000
1,15742593;0,16593874;0,27374509;0,57963216;3,18528533;1,00000000
1,15749260;0,16593874;0,27343750;0,57978594;3,18528533;1,00000000
1,15755928;0,16593874;0,27343750;0,57993972;3,18405509;1,00000000
1,15762595;0,16593874;0,27343750;0,58024728;3,18343997;1,00000000
1,15769262;0,16593874;0,27312991;0,58055484;3,18313241;1,00000000
1,15775929;0,16578494;0,27282235;0,58086246;3,18282485;1,00000000
1,15782596;0,16578494;0,27251476;0,58117002;3,18282485;1,00000000
1,15789264;0,16563116;0,27282235;0,58147764;3,18220973;1,00000000
1,15795931;0,16547737;0,27312991;0,58178520;3,18220973;1,00000000
1,15802598;0,16563116;0,27282235;0,58209276;3,18190217;1,00000000
1,15809265;0,16563116;0,27251476;0,58224654;3,18159461;1,00000000
1,15815932;0,16563116;0,27220720;0,58240032;3,18159461;1,00000000
1,15822600;0,16547737;0,27189961;0,58270794;3,18097925;1,00000000
1,15829267;0,16532359;0,27159202;0,58286172;3,18067169;1,00000000
1,15835934;0,16516978;0,27159202;0,58316928;3,18005657;1,00000000
1,15842601;0,16516978;0,27159202;0,58347690;3,17944145;1,00000000
1,15849268;0,16516978;0,27128446;0,58363068;3,17882633;1,00000000
1,15855936;0,16516978;0,27128446;0,58378446;3,17851877;1,00000000
1,15862603;0,16501600;0,27128446;0,58409202;3,17851877;1,00000000
1,15869270;0,16486220;0,27097687;0,58424580;3,17851877;1,00000000
1,15875937;0,16470842;0,27097687;0,58455342;3,17851877;1,00000000
1,15882604;0,16470842;0,27066928;0,58486098;3,17821121;1,00000000
1,15889272;0,16470842;0,27036172;0,58501476;3,17759609;1,00000000
1,15895939;0,16486220;0,27005413;0,58532232;3,17698097;1,00000000
1,15902606;0,16486220;0,27005413;0,58562988;3,17636538;1,00000000
1,15909273;0,16486220;0,27005413;0,58578372;3,17636538;1,00000000
1,15915940;0,16486220;0,26974654;0,58609128;3,17636538;1,00000000
1,15922608;0,16486220;0,26974654;0,58624506;3,17636538;1,00000000
1,15929275;0,16501600;0,26943898;0,58655268;3,17636538;1,00000000
1,15935942;0,16516978;0,26943898;0,58686024;3,17575026;1,00000000
1,15942609;0,16516978;0,26913139;0,58716780;3,17513514;1,00000000
1,15949276;0,16516978;0,26913139;0,58732158;3,17544270;1,00000000
1,15955944;0,16501600;0,26943898;0,58762920;3,17544270;1,00000000
1,15962611;0,16501600;0,26913139;0,58778298;3,17544270;1,00000000
1,15969278;0,16501600;0,26913139;0,58793676;3,17544270;1,00000000
1,15975945;0,16501600;0,26913139;0,58809054;3,17544270;1,00000000
1,15982612;0,16501600;0,26913139;0,58855188;3,17513514;1,00000000
1,15989280;0,16486220;0,26882383;0,58870566;3,17482758;1,00000000
1,15995947;0,16470842;0,26851624;0,58901328;3,17452002;1,00000000
1,16002614;0,16470842;0,26820865;0,58916706;3,17452002;1,00000000
1,16009281;0,16455463;0,26820865;0,58932084;3,17452002;1,00000000
1,16015948;0,16455463;0,26851624;0,58962846;3,17452002;1,00000000
1,16022616;0,16455463;0,26882383;0,58962846;3,17452002;1,00000000
1,16029283;0,16440085;0,26882383;0,58978224;3,17390490;1,00000000
1,16035950;0,16424704;0,26851624;0,58978224;3,17390490;1,00000000
1,16042617;0,16409326;0,26820865;0,58993602;3,17359734;1,00000000
1,16049284;0,16409326;0,26790109;0,58993602;3,17359734;1,00000000
1,16055952;0,16409326;0,26790109;0,59008980;3,17359734;1,00000000
1,16062619;0,16409326;0,26820865;0,59008980;3,17359734;1,00000000
1,16069286;0,16424704;0,26851624;0,59008980;3,17390490;1,00000000
1,16075953;0,16424704;0,26851624;0,59024358;3,17390490;1,00000000
1,16082620;0,16440085;0,26851624;0,59024358;3,17390490;1,00000000
1,16089288;0,16440085;0,26820865;0,59024358;3,17359734;1,00000000
1,16095955;0,16424704;0,26820865;0,59039736;3,17359734;1,00000000
1,16102622;0,16440085;0,26790109;0,59055120;3,17359734;1,00000000
1,16109289;0,16440085;0,26759350;0,59070498;3,17390490;1,00000000
1,16115956;0,16440085;0,26728594;0,59085876;3,17421246;1,00000000
1,16122624;0,16440085;0,26759350;0,59085876;3,17452002;1,00000000
1,16129291;0,16424704;0,26759350;0,59101254;3,17421246;1,00000000
1,16135958;0,16440085;0,26728594;0,59101254;3,17390490;1,00000000
1,16142625;0,16440085;0,26728594;0,59085876;3,17421246;1,00000000
1,16149292;0,16440085;0,26728594;0,59070498;3,17421246;1,00000000
1,16155960;0,16440085;0,26728594;0,59070498;3,17452002;1,00000000
1,16162627;0,16455463;0,26697835;0,59055120;3,17482758;1,00000000
1,16169294;0,16440085;0,26667076;0,59039736;3,17513514;1,00000000
1,16175961;0,16440085;0,26667076;0,59039736;3,17544270;1,00000000
1,16182628;0,16440085;0,26697835;0,59024358;3,17544270;1,00000000
1,16189296;0,16440085;0,26728594;0,59008980;3,17575026;1,00000000
1,16195963;0,16424704;0,26697835;0,59008980;3,17575026;1,00000000
1,16202630;0,16440085;0,26697835;0,58993602;3,17575026;1,00000000
1,16209297;0,16455463;0,26697835;0,58978224;3,17605782;1,00000000
1,16215964;0,16455463;0,26697835;0,58962846;3,17605782;1,00000000
1,16222632;0,16455463;0,26667076;0,58932084;3,17605782;1,00000000
1,16229299;0,16470842;0,26667076;0,58901328;3,17605782;1,00000000
1,16235966;0,16486220;0,26697835;0,58885950;3,17636538;1,00000000
1,16242633;0,16501600;0,26697835;0,58855188;3,17636538;1,00000000
1,16249300;0,16516978;0,26697835;0,58839810;3,17636538;1,00000000
1,16255968;0,16532359;0,26728594;0,58809054;3,17636538;1,00000000
1,16262635;0,16532359;0,26728594;0,58778298;3,17636538;1,00000000
1,16269302;0,16547737;0,26728594;0,58747536;3,17667341;1,00000000
1,16275969;0,16547737;0,26759350;0,58716780;3,17636538;1,00000000
1,16282636;0,16563116;0,26790109;0,58701402;3,17605782;1,00000000
1,16289304;0,16563116;0,26759350;0,58670646;3,17636538;1,00000000
1,16295971;0,16563116;0,26759350;0,58639890;3,17636538;1,00000000
1,16302638;0,16578494;0,26728594;0,58609128;3,17667341;1,00000000
1,16309305;0,16593874;0,26728594;0,58562988;3,17667341;1,00000000
1,16315972;0,16609251;0,26759350;0,58532232;3,17667341;1,00000000
1,16322640;0,16609251;0,26759350;0,58501476;3,17698097;1,00000000
1,16329307;0,16609251;0,26790109;0,58455342;3,17698097;1,00000000
1,16335974;0,16624631;0,26820865;0,58424580;3,17698097;1,00000000
1,16342641;0,16640009;0,26851624;0,58393824;3,17667341;1,00000000
1,16349308;0,16655388;0,26882383;0,58347690;3,17698097;1,00000000
1,16355976;0,16655388;0,26913139;0,58301550;3,17728853;1,00000000
1,16362643;0,16655388;0,26943898;0,58255410;3,17728853;1,00000000
1,16369310;0,16655388;0,26943898;0,58209276;3,17759609;1,00000000
1,16375977;0,16655388;0,26913139;0,58163142;3,17728853;1,00000000
1,16382644;0,16670766;0,26913139;0,58117002;3,17728853;1,00000000
1,16389312;0,16670766;0,26913139;0,58070862;3,17728853;1,00000000
1,16395979;0,16670766;0,26913139;0,58040106;3,17698097;1,00000000
1,16402646;0,16686147;0,26913139;0,57993972;3,17759609;1,00000000
1,16409313;0,16686147;0,26913139;0,57947832;3,17790365;1,00000000
1,16415980;0,16686147;0,26913139;0,57886314;3,17790365;1,00000000
1,16422648;0,16686147;0,26913139;0,57855558;3,17790365;1,00000000
1,16429315;0,16701525;0,26913139;0,57809424;3,17790365;1,00000000
1,16435982;0,16716905;0,26882383;0,57747906;3,17790365;1,00000000
1,16442649;0,16716905;0,26913139;0,57701772;3,17790365;1,00000000
1,16449316;0,16732283;0,26943898;0,57671016;3,17759609;1,00000000
1,16455984;0,16747662;0,26974654;0,57640254;3,17821121;1,00000000
1,16462651;0,16763040;0,26974654;0,57609499;3,17821121;1,00000000
1,16469318;0,16763040;0,27005413;0,57578737;3,17790365;1,00000000
1,16475985;0,16778421;0,26974654;0,57532603;3,17790365;1,00000000
1,16482652;0,16793799;0,26974654;0,57501847;3,17790365;1,00000000
1,16489320;0,16793799;0,26974654;0,57471091;3,17790365;1,00000000
1,16495987;0,16778421;0,26943898;0,57440329;3,17759609;1,00000000
1,16502654;0,16793799;0,26913139;0,57394195;3,17728853;1,00000000
1,16509321;0,16793799;0,26882383;0,57363439;3,17728853;1,00000000
1,16515988;0,16809179;0,26913139;0,57332677;3,17790365;1,00000000
1,16522656;0,16824557;0,26882383;0,57301921;3,17759609;1,00000000
1,16529323;0,16824557;0,26882383;0,57255781;3,17759609;1,00000000
1,16535990;0,16824557;0,26851624;0,57225025;3,17759609;1,00000000
1,16542657;0,16839936;0,26851624;0,57178891;3,17759609;1,00000000
1,16549324;0,16839936;0,26851624;0,57148129;3,17728853;1,00000000
1,16555992;0,16855314;0,26851624;0,57132751;3,17728853;1,00000000
1,16562659;0,16855314;0,26820865;0,57101995;3,17728853;1,00000000
1,16569326;0,16855314;0,26790109;0,57071233;3,17667341;1,00000000
1,16575993;0,16855314;0,26790109;0,57040477;3,17667341;1,00000000
1,16582660;0,16870694;0,26790109;0,57009721;3,17667341;1,00000000
1,16589328;0,16886072;0,26759350;0,56994343;3,17667341;1,00000000
1,16595995;0,16886072;0,26728594;0,56963581;3,17667341;1,00000000
1,16602662;0,16886072;0,26697835;0,56948203;3,17698097;1,00000000
1,16609329;0,16886072;0,26667076;0,56932825;3,17728853;1,00000000
1,16615996;0,16886072;0,26636320;0,56902063;3,17728853;1,00000000
1,16622664;0,16886072;0,26636320;0,56886685;3,17667341;1,00000000
1,16629331;0,16886072;0,26605561;0,56871307;3,17636538;1,00000000
1,16635998;0,16886072;0,26605561;0,56871307;3,17636538;1,00000000
1,16642665;0,16870694;0,26574802;0,56855929;3,17636538;1,00000000
1,16649332;0,16870694;0,26544046;0,56840551;3,17636538;1,00000000
1,16656000;0,16886072;0,26513287;0,56840551;3,17636538;1,00000000
1,16662667;0,16886072;0,26513287;0,56840551;3,17636538;1,00000000
1,16669334;0,16886072;0,26544046;0,56840551;3,17667341;1,00000000
1,16676001;0,16886072;0,26513287;0,56840551;3,17636538;1,00000000
1,16682668;0,16886072;0,26513287;0,56840551;3,17575026;1,00000000
1,16689336;0,16901451;0,26482528;0,56855929;3,17575026;1,00000000
1,16696003;0,16901451;0,26451772;0,56855929;3,17575026;1,00000000
1,16702670;0,16886072;0,26451772;0,56871307;3,17575026;1,00000000
1,16709337;0,16886072;0,26421013;0,56902063;3,17575026;1,00000000
1,16716004;0,16886072;0,26421013;0,56917441;3,17605782;1,00000000
1,16722672;0,16886072;0,26451772;0,56932825;3,17636538;1,00000000
1,16729339;0,16886072;0,26421013;0,56963581;3,17636538;1,00000000
1,16736006;0,16886072;0,26451772;0,56994343;3,17636538;1,00000000
1,16742673;0,16886072;0,26451772;0,57009721;3,17667341;1,00000000
1,16749340;0,16886072;0,26482528;0,57025099;3,17698097;1,00000000
1,16756008;0,16886072;0,26482528;0,57040477;3,17698097;1,00000000
1,16762675;0,16886072;0,26482528;0,57071233;3,17698097;1,00000000
1,16769342;0,16886072;0,26482528;0,57101995;3,17698097;1,00000000
1,16776009;0,16886072;0,26482528;0,57132751;3,17698097;1,00000000
1,16782676;0,16886072;0,26482528;0,57178891;3,17728853;1,00000000
1,16789344;0,16886072;0,26482528;0,57225025;3,17698097;1,00000000
1,16796011;0,16886072;0,26482528;0,57271159;3,17728853;1,00000000
1,16802678;0,16886072;0,26482528;0,57301921;3,17759609;1,00000000
1,16809345;0,16886072;0,26513287;0,57348061;3,17790365;1,00000000
1,16816012;0,16886072;0,26544046;0,57394195;3,17790365;1,00000000
1,16822680;0,16886072;0,26544046;0,57424951;3,17790365;1,00000000
1,16829347;0,16886072;0,26574802;0,57486469;3,17790365;1,00000000
1,16836014;0,16886072;0,26544046;0,57517225;3,17821121;1,00000000
1,16842681;0,16901451;0,26544046;0,57547981;3,17882633;1,00000000
1,16849348;0,16886072;0,26544046;0,57594121;3,17913389;1,00000000
1,16856016;0,16870694;0,26544046;0,57624876;3,17913389;1,00000000
1,16862683;0,16870694;0,26544046;0,57686394;3,17913389;1,00000000
1,16869350;0,16870694;0,26544046;0,57732528;3,17913389;1,00000000
1,16876017;0,16870694;0,26574802;0,57794046;3,17913389;1,00000000
1,16882684;0,16870694;0,26605561;0,57855558;3,17882633;1,00000000
1,16889352;0,16870694;0,26636320;0,57917076;3,17944145;1,00000000
1,16896019;0,16886072;0,26667076;0,57963216;3,17974901;1,00000000
1,16902686;0,16886072;0,26667076;0,58024728;3,18005657;1,00000000
1,16909353;0,16886072;0,26697835;0,58070862;3,18005657;1,00000000
1,16916020;0,16886072;0,26697835;0,58117002;3,18005657;1,00000000
1,16922688;0,16901451;0,26728594;0,58178520;3,18005657;1,00000000
1,16929355;0,16901451;0,26728594;0,58240032;3,18005657;1,00000000
1,16936022;0,16901451;0,26728594;0,58286172;3,18036413;1,00000000
1,16942689;0,16901451;0,26759350;0,58316928;3,18067169;1,00000000
1,16949356;0,16901451;0,26790109;0,58363068;3,18097925;1,00000000
1,16956024;0,16901451;0,26820865;0,58409202;3,18128681;1,00000000
1,16962691;0,16901451;0,26820865;0,58439958;3,18128681;1,00000000
1,16969358;0,16901451;0,26820865;0,58486098;3,18128681;1,00000000
1,16976025;0,16901451;0,26851624;0,58516854;3,18097925;1,00000000
1,16982692;0,16916829;0,26851624;0,58562988;3,18128681;1,00000000
1,16989360;0,16916829;0,26882383;0,58578372;3,18190217;1,00000000
1,16996027;0,16916829;0,26913139;0,58609128;3,18220973;1,00000000
1,17002694;0,16916829;0,26913139;0,58639890;3,18251729;1,00000000
1,17009361;0,16916829;0,26913139;0,58655268;3,18251729;1,00000000
1,17016028;0,16916829;0,26913139;0,58655268;3,18251729;1,00000000
1,17022696;0,16916829;0,26943898;0,58686024;3,18251729;1,00000000
1,17029363;0,16901451;0,26943898;0,58701402;3,18282485;1,00000000
1,17036030;0,16932210;0,26943898;0,58716780;3,18282485;1,00000000
1,17042697;0,16932210;0,26974654;0,58747536;3,18282485;1,00000000
1,17049364;0,16932210;0,27005413;0,58747536;3,18282485;1,00000000
1,17056032;0,16932210;0,26974654;0,58747536;3,18251729;1,00000000
1,17062699;0,16932210;0,26974654;0,58762920;3,18251729;1,00000000
1,17069366;0,16932210;0,26974654;0,58778298;3,18220973;1,00000000
1,17076033;0,16932210;0,26943898;0,58778298;3,18190217;1,00000000
1,17082700;0,16932210;0,26943898;0,58793676;3,18190217;1,00000000
1,17089368;0,16932210;0,26943898;0,58809054;3,18190217;1,00000000
1,17096035;0,16932210;0,26943898;0,58809054;3,18190217;1,00000000
1,17102702;0,16932210;0,26913139;0,58793676;3,18190217;1,00000000
1,17109369;0,16932210;0,26882383;0,58793676;3,18159461;1,00000000
1,17116036;0,16932210;0,26851624;0,58793676;3,18128681;1,00000000
1,17122704;0,16932210;0,26851624;0,58793676;3,18159461;1,00000000
1,17129371;0,16947588;0,26820865;0,58793676;3,18190217;1,00000000
1,17136038;0,16947588;0,26851624;0,58778298;3,18190217;1,00000000
1,17142705;0,16947588;0,26851624;0,58762920;3,18190217;1,00000000
1,17149372;0,16947588;0,26851624;0,58747536;3,18190217;1,00000000
1,17156040;0,16947588;0,26851624;0,58732158;3,18190217;1,00000000
1,17162707;0,16947588;0,26882383;0,58716780;3,18159461;1,00000000
1,17169374;0,16947588;0,26851624;0,58701402;3,18159461;1,00000000
1,17176041;0,16947588;0,26820865;0,58701402;3,18159461;1,00000000
1,17182708;0,16947588;0,26820865;0,58686024;3,18190217;1,00000000
1,17189376;0,16947588;0,26851624;0,58686024;3,18190217;1,00000000
1,17196043;0,16947588;0,26851624;0,58655268;3,18190217;1,00000000
1,17202710;0,16947588;0,26882383;0,58624506;3,18190217;1,00000000
1,17209377;0,16947588;0,26913139;0,58593750;3,18159461;1,00000000
1,17216044;0,16947588;0,26882383;0,58578372;3,18159461;1,00000000
1,17222712;0,16947588;0,26882383;0,58547610;3,18159461;1,00000000
1,17229379;0,16947588;0,26851624;0,58532232;3,18159461;1,00000000
1,17236046;0,16947588;0,26851624;0,58501476;3,18190217;1,00000000
1,17242713;0,16947588;0,26851624;0,58470720;3,18190217;1,00000000
1,17249380;0,16947588;0,26882383;0,58455342;3,18159461;1,00000000
1,17256048;0,16947588;0,26851624;0,58424580;3,18159461;1,00000000
1,17262715;0,16947588;0,26851624;0,58393824;3,18159461;1,00000000
1,17269382;0,16947588;0,26851624;0,58363068;3,18159461;1,00000000
1,17276049;0,16947588;0,26820865;0,58332312;3,18159461;1,00000000
1,17282716;0,16947588;0,26790109;0,58316928;3,18159461;1,00000000
1,17289384;0,16947588;0,26790109;0,58286172;3,18159461;1,00000000
1,17296051;0,16932210;0,26759350;0,58255410;3,18190217;1,00000000
1,17302718;0,16932210;0,26759350;0,58209276;3,18220973;1,00000000
1,17309385;0,16932210;0,26759350;0,58178520;3,18220973;1,00000000
1,17316052;0,16916829;0,26790109;0,58163142;3,18220973;1,00000000
1,17322720;0,16886072;0,26759350;0,58132380;3,18220973;1,00000000
1,17329387;0,16886072;0,26759350;0,58086246;3,18220973;1,00000000
1,17336054;0,16886072;0,26728594;0,58055484;3,18190217;1,00000000
1,17342721;0,16886072;0,26697835;0,58024728;3,18190217;1,00000000
1,17349388;0,16886072;0,26697835;0,57993972;3,18220973;1,00000000
1,17356056;0,16886072;0,26667076;0,57963216;3,18251729;1,00000000
1,17362723;0,16886072;0,26667076;0,57947832;3,18251729;1,00000000
1,17369390;0,16886072;0,26636320;0,57917076;3,18282485;1,00000000
1,17376057;0,16886072;0,26667076;0,57901698;3,18313241;1,00000000
1,17382724;0,16886072;0,26636320;0,57870936;3,18343997;1,00000000
1,17389392;0,16886072;0,26636320;0,57840180;3,18343997;1,00000000
1,17396059;0,16886072;0,26636320;0,57809424;3,18313241;1,00000000
1,17402726;0,16886072;0,26636320;0,57778668;3,18343997;1,00000000
1,17409393;0,16886072;0,26636320;0,57747906;3,18374753;1,00000000
1,17416060;0,16870694;0,26636320;0,57717150;3,18405509;1,00000000
1,17422728;0,16870694;0,26636320;0,57701772;3,18467021;1,00000000
1,17429395;0,16870694;0,26605561;0,57671016;3,18467021;1,00000000
1,17436062;0,16870694;0,26636320;0,57640254;3,18436265;1,00000000
1,17442729;0,16870694;0,26636320;0,57609499;3,18436265;1,00000000
1,17449396;0,16855314;0,26605561;0,57578737;3,18436265;1,00000000
1,17456064;0,16855314;0,26605561;0,57547981;3,18436265;1,00000000
1,17462731;0,16855314;0,26605561;0,57532603;3,18528533;1,00000000
1,17469398;0,16839936;0,26574802;0,57501847;3,18559289;1,00000000
1,17476065;0,16839936;0,26574802;0,57471091;3,18590045;1,00000000
1,17482732;0,16824557;0,26574802;0,57440329;3,18620801;1,00000000
1,17489400;0,16824557;0,26605561;0,57409573;3,18620801;1,00000000
1,17496067;0,16824557;0,26574802;0,57394195;3,18651581;1,00000000
1,17502734;0,16824557;0,26544046;0,57378817;3,18651581;1,00000000
1,17509401;0,16809179;0,26544046;0,57363439;3,18651581;1,00000000
1,17516068;0,16809179;0,26544046;0,57348061;3,18651581;1,00000000
1,17522736;0,16809179;0,26574802;0,57332677;3,18682337;1,00000000
1,17529403;0,16809179;0,26574802;0,57317299;3,18713093;1,00000000
1,17536070;0,16809179;0,26574802;0,57301921;3,18743849;1,00000000
1,17542737;0,16809179;0,26574802;0,57286543;3,18743849;1,00000000
1,17549404;0,16809179;0,26605561;0,57286543;3,18774605;1,00000000
1,17556072;0,16809179;0,26605561;0,57286543;3,18805361;1,00000000
1,17562739;0,16809179;0,26605561;0,57286543;3,18805361;1,00000000
1,17569406;0,16809179;0,26605561;0,57286543;3,18805361;1,00000000
1,17576073;0,16809179;0,26605561;0,57286543;3,18805361;1,00000000
1,17582740;0,16824557;0,26636320;0,57286543;3,18774605;1,00000000
1,17589408;0,16824557;0,26636320;0,57286543;3,18774605;1,00000000
1,17596075;0,16824557;0,26667076;0,57286543;3,18805361;1,00000000
1,17602742;0,16809179;0,26667076;0,57286543;3,18836117;1,00000000
1,17609409;0,16793799;0,26667076;0,57286543;3,18866873;1,00000000
1,17616076;0,16793799;0,26667076;0,57301921;3,18866873;1,00000000
1,17622744;0,16793799;0,26667076;0,57317299;3,18866873;1,00000000
1,17629411;0,16778421;0,26667076;0,57317299;3,18897629;1,00000000
1,17636078;0,16763040;0,26667076;0,57332677;3,18866873;1,00000000
1,17642745;0,16747662;0,26697835;0,57332677;3,18866873;1,00000000
1,17649412;0,16747662;0,26728594;0,57332677;3,18897629;1,00000000
1,17656080;0,16747662;0,26728594;0,57363439;3,18897629;1,00000000
1,17662747;0,16747662;0,26697835;0,57378817;3,18897629;1,00000000
1,17669414;0,16763040;0,26728594;0,57409573;3,18897629;1,00000000
1,17676081;0,16763040;0,26728594;0,57424951;3,18897629;1,00000000
1,17682748;0,16763040;0,26728594;0,57455707;3,18897629;1,00000000
1,17689416;0,16763040;0,26759350;0,57455707;3,18959141;1,00000000
1,17696083;0,16763040;0,26759350;0,57486469;3,18928385;1,00000000
1,17702750;0,16778421;0,26790109;0,57501847;3,18928385;1,00000000
1,17709417;0,16778421;0,26820865;0,57532603;3,18928385;1,00000000
1,17716084;0,16778421;0,26790109;0,57563359;3,18928385;1,00000000
1,17722752;0,16778421;0,26790109;0,57594121;3,18928385;1,00000000
1,17729419;0,16793799;0,26759350;0,57624876;3,18928385;1,00000000
1,17736086;0,16793799;0,26759350;0,57655638;3,18959141;1,00000000
1,17742753;0,16793799;0,26759350;0,57686394;3,18959141;1,00000000
1,17749420;0,16793799;0,26790109;0,57701772;3,18928385;1,00000000
1,17756088;0,16778421;0,26820865;0,57732528;3,18897629;1,00000000
1,17762755;0,16778421;0,26820865;0,57747906;3,18866873;1,00000000
1,17769422;0,16763040;0,26790109;0,57778668;3,18836117;1,00000000
1,17776089;0,16763040;0,26759350;0,57794046;3,18805361;1,00000000
1,17782756;0,16763040;0,26759350;0,57824802;3,18774605;1,00000000
1,17789424;0,16747662;0,26759350;0,57840180;3,18774605;1,00000000
1,17796091;0,16747662;0,26790109;0,57870936;3,18805361;1,00000000
1,17802758;0,16747662;0,26759350;0,57886314;3,18805361;1,00000000
1,17809425;0,16732283;0,26790109;0,57901698;3,18774605;1,00000000
1,17816092;0,16716905;0,26790109;0,57932454;3,18713093;1,00000000
1,17822760;0,16701525;0,26820865;0,57947832;3,18651581;1,00000000
1,17829427;0,16701525;0,26820865;0,57978594;3,18590045;1,00000000
1,17836094;0,16701525;0,26820865;0,57993972;3,18590045;1,00000000
1,17842761;0,16686147;0,26851624;0,58040106;3,18590045;1,00000000
1,17849428;0,16701525;0,26851624;0,58070862;3,18590045;1,00000000
1,17856096;0,16701525;0,26820865;0,58101624;3,18590045;1,00000000
1,17862763;0,16686147;0,26790109;0,58132380;3,18467021;1,00000000
1,17869430;0,16670766;0,26790109;0,58163142;3,18405509;1,00000000
1,17876097;0,16670766;0,26790109;0,58193898;3,18343997;1,00000000
1,17882764;0,16670766;0,26790109;0,58224654;3,18282485;1,00000000
1,17889432;0,16670766;0,26759350;0,58255410;3,18251729;1,00000000
1,17896099;0,16686147;0,26759350;0,58286172;3,18220973;1,00000000
1,17902766;0,16686147;0,26759350;0,58301550;3,18220973;1,00000000
1,17909433;0,16686147;0,26728594;0,58332312;3,18220973;1,00000000
1,17916100;0,16670766;0,26697835;0,58347690;3,18190217;1,00000000
1,17922768;0,16670766;0,26697835;0,58363068;3,18159461;1,00000000
1,17929435;0,16655388;0,26697835;0,58393824;3,18097925;1,00000000
1,17936102;0,16655388;0,26697835;0,58409202;3,18097925;1,00000000
1,17942769;0,16640009;0,26667076;0,58439958;3,18097925;1,00000000
1,17949436;0,16624631;0,26636320;0,58455342;3,18097925;1,00000000
1,17956104;0,16609251;0,26636320;0,58470720;3,18097925;1,00000000
1,17962771;0,16593874;0,26605561;0,58486098;3,18097925;1,00000000
1,17969438;0,16578494;0,26605561;0,58501476;3,18097925;1,00000000
1,17976105;0,16563116;0,26605561;0,58532232;3,18036413;1,00000000
1,17982772;0,16563116;0,26574802;0,58547610;3,18036413;1,00000000
1,17989440;0,16547737;0,26544046;0,58562988;3,18036413;1,00000000
1,17996107;0,16547737;0,26544046;0,58578372;3,18036413;1,00000000
1,18002774;0,16547737;0,26513287;0,58609128;3,18036413;1,00000000
1,18009441;0,16532359;0,26513287;0,58624506;3,18067169;1,00000000
1,18016108;0,16516978;0,26513287;0,58655268;3,18067169;1,00000000
1,18022776;0,16501600;0,26482528;0,58670646;3,18097925;1,00000000
1,18029443;0,16501600;0,26482528;0,58686024;3,18036413;1,00000000
1,18036110;0,16501600;0,26482528;0,58716780;3,18036413;1,00000000
1,18042777;0,16501600;0,26482528;0,58732158;3,18036413;1,00000000
1,18049444;0,16486220;0,26482528;0,58747536;3,18036413;1,00000000
1,18056112;0,16470842;0,26482528;0,58762920;3,18036413;1,00000000
1,18062779;0,16470842;0,26482528;0,58778298;3,18036413;1,00000000
1,18069446;0,16470842;0,26482528;0,58793676;3,18067169;1,00000000
1,18076113;0,16486220;0,26482528;0,58809054;3,18067169;1,00000000
1,18082780;0,16486220;0,26513287;0,58824432;3,18097925;1,00000000
1,18089448;0,16470842;0,26544046;0,58839810;3,18097925;1,00000000
1,18096115;0,16470842;0,26544046;0,58855188;3,18097925;1,00000000
1,18102782;0,16486220;0,26574802;0,58839810;3,18097925;1,00000000
1,18109449;0,16486220;0,26574802;0,58855188;3,18067169;1,00000000
1,18116116;0,16501600;0,26544046;0,58855188;3,18067169;1,00000000
1,18122784;0,16501600;0,26574802;0,58870566;3,18097925;1,00000000
1,18129451;0,16516978;0,26574802;0,58870566;3,18128681;1,00000000
1,18136118;0,16501600;0,26605561;0,58855188;3,18128681;1,00000000
1,18142785;0,16486220;0,26636320;0,58870566;3,18128681;1,00000000
1,18149452;0,16470842;0,26636320;0,58870566;3,18128681;1,00000000
1,18156120;0,16455463;0,26605561;0,58855188;3,18159461;1,00000000
1,18162787;0,16455463;0,26605561;0,58839810;3,18159461;1,00000000
1,18169454;0,16440085;0,26574802;0,58824432;3,18220973;1,00000000
1,18176121;0,16455463;0,26544046;0,58809054;3,18282485;1,00000000
1,18182788;0,16440085;0,26544046;0,58793676;3,18282485;1,00000000
1,18189456;0,16424704;0,26574802;0,58762920;3,18282485;1,00000000
1,18196123;0,16424704;0,26574802;0,58732158;3,18282485;1,00000000
1,18202790;0,16440085;0,26574802;0,58701402;3,18282485;1,00000000
1,18209457;0,16424704;0,26605561;0,58686024;3,18313241;1,00000000
1,18216124;0,16424704;0,26605561;0,58655268;3,18313241;1,00000000
1,18222792;0,16409326;0,26574802;0,58639890;3,18313241;1,00000000
1,18229459;0,16409326;0,26574802;0,58624506;3,18343997;1,00000000
1,18236126;0,16424704;0,26605561;0,58609128;3,18343997;1,00000000
1,18242793;0,16440085;0,26605561;0,58593750;3,18343997;1,00000000
1,18249460;0,16440085;0,26636320;0,58578372;3,18343997;1,00000000
1,18256128;0,16455463;0,26636320;0,58547610;3,18343997;1,00000000
1,18262795;0,16455463;0,26636320;0,58516854;3,18343997;1,00000000
1,18269462;0,16455463;0,26667076;0,58486098;3,18313241;1,00000000
1,18276129;0,16470842;0,26667076;0,58455342;3,18343997;1,00000000
1,18282796;0,16470842;0,26667076;0,58424580;3,18343997;1,00000000
1,18289464;0,16470842;0,26697835;0,58393824;3,18343997;1,00000000
1,18296131;0,16455463;0,26697835;0,58347690;3,18343997;1,00000000
1,18302798;0,16470842;0,26697835;0,58316928;3,18343997;1,00000000
1,18309465;0,16486220;0,26728594;0,58286172;3,18313241;1,00000000
1,18316132;0,16501600;0,26759350;0,58255410;3,18313241;1,00000000
1,18322800;0,16516978;0,26790109;0,58224654;3,18282485;1,00000000
1,18329467;0,16532359;0,26790109;0,58193898;3,18313241;1,00000000
1,18336134;0,16547737;0,26790109;0,58163142;3,18313241;1,00000000
1,18342801;0,16563116;0,26790109;0,58117002;3,18313241;1,00000000
1,18349468;0,16578494;0,26790109;0,58086246;3,18313241;1,00000000
1,18356136;0,16593874;0,26820865;0,58055484;3,18313241;1,00000000
1,18362803;0,16593874;0,26851624;0,58009350;3,18313241;1,00000000
1,18369470;0,16609251;0,26882383;0,57963216;3,18343997;1,00000000
1,18376137;0,16609251;0,26882383;0,57917076;3,18282485;1,00000000
1,18382804;0,16609251;0,26882383;0,57870936;3,18313241;1,00000000
1,18389472;0,16624631;0,26851624;0,57824802;3,18343997;1,00000000
1,18396139;0,16609251;0,26851624;0,57794046;3,18343997;1,00000000
1,18402806;0,16609251;0,26851624;0,57747906;3,18343997;1,00000000
1,18409473;0,16609251;0,26820865;0,57701772;3,18343997;1,00000000
1,18416140;0,16609251;0,26851624;0,57655638;3,18374753;1,00000000
1,18422808;0,16609251;0,26851624;0,57624876;3,18343997;1,00000000
1,18429475;0,16609251;0,26820865;0,57594121;3,18313241;1,00000000
1,18436142;0,16609251;0,26820865;0,57547981;3,18313241;1,00000000
1,18442809;0,16609251;0,26820865;0,57501847;3,18343997;1,00000000
1,18449476;0,16609251;0,26820865;0,57471091;3,18343997;1,00000000
1,18456144;0,16624631;0,26790109;0,57440329;3,18343997;1,00000000
1,18462811;0,16624631;0,26820865;0,57409573;3,18374753;1,00000000
1,18469478;0,16640009;0,26851624;0,57378817;3,18374753;1,00000000
1,18476145;0,16655388;0,26882383;0,57348061;3,18374753;1,00000000
1,18482812;0,16670766;0,26882383;0,57317299;3,18374753;1,00000000
1,18489480;0,16686147;0,26913139;0,57271159;3,18343997;1,00000000
1,18496147;0,16686147;0,26913139;0,57240403;3,18374753;1,00000000
1,18502814;0,16686147;0,26913139;0,57209647;3,18405509;1,00000000
1,18509481;0,16701525;0,26913139;0,57178891;3,18436265;1,00000000
1,18516148;0,16716905;0,26882383;0,57132751;3,18405509;1,00000000
1,18522816;0,16732283;0,26851624;0,57101995;3,18405509;1,00000000
1,18529483;0,16732283;0,26851624;0,57071233;3,18405509;1,00000000
1,18536150;0,16747662;0,26851624;0,57040477;3,18405509;1,00000000
1,18542817;0,16763040;0,26882383;0,57025099;3,18374753;1,00000000
1,18549484;0,16763040;0,26851624;0,57009721;3,18343997;1,00000000
1,18556152;0,16763040;0,26851624;0,56978959;3,18343997;1,00000000
1,18562819;0,16763040;0,26851624;0,56963581;3,18374753;1,00000000
1,18569486;0,16763040;0,26882383;0,56932825;3,18374753;1,00000000
1,18576153;0,16778421;0,26882383;0,56902063;3,18374753;1,00000000
1,18582820;0,16778421;0,26882383;0,56871307;3,18374753;1,00000000
1,18589488;0,16778421;0,26882383;0,56840551;3,18374753;1,00000000
1,18596155;0,16778421;0,26851624;0,56809795;3,18343997;1,00000000
1,18602822;0,16763040;0,26820865;0,56779033;3,18313241;1,00000000
1,18609489;0,16763040;0,26820865;0,56748277;3,18282485;1,00000000
1,18616156;0,16763040;0,26790109;0,56748277;3,18313241;1,00000000
1,18622824;0,16763040;0,26759350;0,56732899;3,18282485;1,00000000
1,18629491;0,16747662;0,26759350;0,56717521;3,18282485;1,00000000
1,18636158;0,16747662;0,26728594;0,56686765;3,18282485;1,00000000
1,18642825;0,16747662;0,26697835;0,56686765;3,18282485;1,00000000
1,18649492;0,16747662;0,26697835;0,56686765;3,18282485;1,00000000
1,18656160;0,16747662;0,26667076;0,56686765;3,18251729;1,00000000
1,18662827;0,16747662;0,26636320;0,56686765;3,18220973;1,00000000
1,18669494;0,16747662;0,26636320;0,56686765;3,18251729;1,00000000
1,18676161;0,16747662;0,26636320;0,56686765;3,18251729;1,00000000
1,18682828;0,16763040;0,26605561;0,56686765;3,18220973;1,00000000
1,18689496;0,16747662;0,26605561;0,56686765;3,18220973;1,00000000
1,18696163;0,16747662;0,26605561;0,56702143;3,18190217;1,00000000
1,18702830;0,16747662;0,26605561;0,56717521;3,18159461;1,00000000
1,18709497;0,16732283;0,26574802;0,56717521;3,18128681;1,00000000
1,18716164;0,16732283;0,26605561;0,56732899;3,18128681;1,00000000
1,18722832;0,16732283;0,26605561;0,56779033;3,18159461;1,00000000
1,18729499;0,16732283;0,26574802;0,56809795;3,18190217;1,00000000
1,18736166;0,16732283;0,26574802;0,56825173;3,18159461;1,00000000
1,18742833;0,16716905;0,26574802;0,56840551;3,18128681;1,00000000
1,18749500;0,16716905;0,26544046;0,56855929;3,18128681;1,00000000
1,18756168;0,16716905;0,26513287;0,56886685;3,18128681;1,00000000
1,18762835;0,16716905;0,26544046;0,56917441;3,18159461;1,00000000
1,18769502;0,16716905;0,26544046;0,56948203;3,18159461;1,00000000
1,18776169;0,16701525;0,26544046;0,56994343;3,18190217;1,00000000
1,18782836;0,16701525;0,26544046;0,57040477;3,18220973;1,00000000
1,18789504;0,16701525;0,26544046;0,57055855;3,18190217;1,00000000
1,18796171;0,16701525;0,26574802;0,57101995;3,18190217;1,00000000
1,18802838;0,16701525;0,26544046;0,57132751;3,18190217;1,00000000
1,18809505;0,16701525;0,26574802;0,57209647;3,18190217;1,00000000
1,18816172;0,16701525;0,26605561;0,57240403;3,18251729;1,00000000
1,18822840;0,16701525;0,26605561;0,57286543;3,18282485;1,00000000
1,18829507;0,16701525;0,26605561;0,57317299;3,18313241;1,00000000
1,18836174;0,16686147;0,26605561;0,57348061;3,18343997;1,00000000
1,18842841;0,16686147;0,26605561;0,57409573;3,18343997;1,00000000
1,18849508;0,16670766;0,26605561;0,57455707;3,18343997;1,00000000
1,18856176;0,16670766;0,26636320;0,57501847;3,18343997;1,00000000
1,18862843;0,16670766;0,26667076;0,57532603;3,18374753;1,00000000
1,18869510;0,16670766;0,26667076;0,57594121;3,18436265;1,00000000
1,18876177;0,16655388;0,26697835;0,57640254;3,18467021;1,00000000
1,18882844;0,16655388;0,26728594;0,57686394;3,18528533;1,00000000
1,18889512;0,16655388;0,26728594;0,57732528;3,18559289;1,00000000
1,18896179;0,16655388;0,26697835;0,57763284;3,18559289;1,00000000
1,18902846;0,16655388;0,26697835;0,57809424;3,18559289;1,00000000
1,18909513;0,16655388;0,26697835;0,57870936;3,18559289;1,00000000
1,18916180;0,16655388;0,26697835;0,57932454;3,18590045;1,00000000
1,18922848;0,16655388;0,26728594;0,57978594;3,18590045;1,00000000
1,18929515;0,16655388;0,26728594;0,58024728;3,18620801;1,00000000
1,18936182;0,16655388;0,26759350;0,58070862;3,18651581;1,00000000
1,18942849;0,16655388;0,26790109;0,58117002;3,18682337;1,00000000
1,18949516;0,16655388;0,26820865;0,58163142;3,18713093;1,00000000
1,18956184;0,16640009;0,26820865;0,58193898;3,18743849;1,00000000
1,18962851;0,16640009;0,26851624;0,58240032;3,18743849;1,00000000
1,18969518;0,16640009;0,26851624;0,58286172;3,18743849;1,00000000
1,18976185;0,16640009;0,26882383;0,58332312;3,18743849;1,00000000
1,18982852;0,16655388;0,26882383;0,58378446;3,18743849;1,00000000
1,18989520;0,16655388;0,26913139;0,58409202;3,18743849;1,00000000
1,18996187;0,16655388;0,26943898;0,58439958;3,18774605;1,00000000
1,19002854;0,16655388;0,26974654;0,58486098;3,18774605;1,00000000
1,19009521;0,16655388;0,27005413;0,58516854;3,18774605;1,00000000
1,19016188;0,16655388;0,26974654;0,58532232;3,18774605;1,00000000
1,19022856;0,16655388;0,26943898;0,58547610;3,18774605;1,00000000
1,19029523;0,16670766;0,26974654;0,58578372;3,18774605;1,00000000
1,19036190;0,16686147;0,26974654;0,58609128;3,18774605;1,00000000
1,19042857;0,16686147;0,26974654;0,58624506;3,18805361;1,00000000
1,19049524;0,16686147;0,26974654;0,58639890;3,18805361;1,00000000
1,19056192;0,16686147;0,27005413;0,58639890;3,18805361;1,00000000
1,19062859;0,16686147;0,27036172;0,58639890;3,18805361;1,00000000
1,19069526;0,16686147;0,27066928;0,58639890;3,18774605;1,00000000
1,19076193;0,16686147;0,27066928;0,58639890;3,18774605;1,00000000
1,19082860;0,16686147;0,27036172;0,58639890;3,18774605;1,00000000
1,19089528;0,16686147;0,27066928;0,58639890;3,18743849;1,00000000
1,19096195;0,16686147;0,27066928;0,58639890;3,18743849;1,00000000
1,19102862;0,16686147;0,27066928;0,58639890;3,18774605;1,00000000
1,19109529;0,16670766;0,27097687;0,58639890;3,18743849;1,00000000
1,19116196;0,16655388;0,27128446;0,58639890;3,18713093;1,00000000
1,19122864;0,16655388;0,27159202;0,58639890;3,18682337;1,00000000
1,19129531;0,16655388;0,27159202;0,58624506;3,18651581;1,00000000
1,19136198;0,16640009;0,27189961;0,58624506;3,18651581;1,00000000
1,19142865;0,16640009;0,27189961;0,58624506;3,18682337;1,00000000
1,19149532;0,16640009;0,27189961;0,58609128;3,18682337;1,00000000
1,19156200;0,16640009;0,27189961;0,58593750;3,18682337;1,00000000
1,19162867;0,16640009;0,27220720;0,58593750;3,18651581;1,00000000
1,19169534;0,16640009;0,27220720;0,58593750;3,18651581;1,00000000
1,19176201;0,16640009;0,27220720;0,58593750;3,18651581;1,00000000
1,19182868;0,16640009;0,27220720;0,58593750;3,18651581;1,00000000
1,19189536;0,16670766;0,27220720;0,58578372;3,18651581;1,00000000
1,19196203;0,16670766;0,27189961;0,58562988;3,18651581;1,00000000
1,19202870;0,16670766;0,27189961;0,58532232;3,18651581;1,00000000
1,19209537;0,16670766;0,27189961;0,58501476;3,18651581;1,00000000
1,19216204;0,16670766;0,27189961;0,58470720;3,18651581;1,00000000
1,19222872;0,16670766;0,27189961;0,58455342;3,18651581;1,00000000
1,19229539;0,16670766;0,27189961;0,58455342;3,18620801;1,00000000
1,19236206;0,16670766;0,27220720;0,58439958;3,18651581;1,00000000
1,19242873;0,16670766;0,27251476;0,58439958;3,18651581;1,00000000
1,19249540;0,16670766;0,27220720;0,58409202;3,18713093;1,00000000
1,19256208;0,16670766;0,27220720;0,58393824;3,18713093;1,00000000
1,19262875;0,16670766;0,27251476;0,58378446;3,18713093;1,00000000
1,19269542;0,16670766;0,27251476;0,58347690;3,18713093;1,00000000
1,19276209;0,16670766;0,27251476;0,58316928;3,18713093;1,00000000
1,19282876;0,16670766;0,27251476;0,58286172;3,18713093;1,00000000
1,19289544;0,16655388;0,27220720;0,58270794;3,18713093;1,00000000
1,19296211;0,16655388;0,27220720;0,58240032;3,18713093;1,00000000
1,19302878;0,16640009;0,27220720;0,58224654;3,18682337;1,00000000
1,19309545;0,16640009;0,27220720;0,58209276;3,18651581;1,00000000
1,19316212;0,16655388;0,27220720;0,58193898;3,18651581;1,00000000
1,19322880;0,16655388;0,27220720;0,58163142;3,18651581;1,00000000
1,19329547;0,16655388;0,27220720;0,58117002;3,18651581;1,00000000
1,19336214;0,16670766;0,27251476;0,58101624;3,18620801;1,00000000
1,19342881;0,16670766;0,27251476;0,58070862;3,18651581;1,00000000
1,19349548;0,16670766;0,27220720;0,58055484;3,18682337;1,00000000
1,19356216;0,16670766;0,27220720;0,58040106;3,18682337;1,00000000
1,19362883;0,16686147;0,27251476;0,58009350;3,18651581;1,00000000
1,19369550;0,16686147;0,27251476;0,57978594;3,18651581;1,00000000
1,19376217;0,16670766;0,27220720;0,57947832;3,18651581;1,00000000
1,19382884;0,16670766;0,27251476;0,57932454;3,18651581;1,00000000
1,19389552;0,16670766;0,27282235;0,57901698;3,18651581;1,00000000
1,19396219;0,16670766;0,27251476;0,57886314;3,18620801;1,00000000
1,19402886;0,16670766;0,27251476;0,57855558;3,18651581;1,00000000
1,19409553;0,16655388;0,27220720;0,57824802;3,18651581;1,00000000
1,19416220;0,16655388;0,27220720;0,57794046;3,18651581;1,00000000
1,19422888;0,16655388;0,27220720;0,57763284;3,18651581;1,00000000
1,19429555;0,16640009;0,27189961;0,57732528;3,18651581;1,00000000
1,19436222;0,16624631;0,27189961;0,57701772;3,18651581;1,00000000
1,19442889;0,16624631;0,27220720;0,57671016;3,18651581;1,00000000
1,19449556;0,16624631;0,27220720;0,57640254;3,18620801;1,00000000
1,19456224;0,16624631;0,27189961;0,57624876;3,18651581;1,00000000
1,19462891;0,16624631;0,27189961;0,57594121;3,18682337;1,00000000
1,19469558;0,16624631;0,27189961;0,57578737;3,18713093;1,00000000
1,19476225;0,16624631;0,27189961;0,57532603;3,18743849;1,00000000
1,19482892;0,16609251;0,27220720;0,57532603;3,18743849;1,00000000
1,19489560;0,16593874;0,27251476;0,57501847;3,18774605;1,00000000
1,19496227;0,16593874;0,27251476;0,57486469;3,18743849;1,00000000
1,19502894;0,16578494;0,27251476;0,57471091;3,18713093;1,00000000
1,19509561;0,16578494;0,27282235;0,57471091;3,18713093;1,00000000
1,19516228;0,16578494;0,27282235;0,57471091;3,18743849;1,00000000
1,19522896;0,16578494;0,27282235;0,57455707;3,18774605;1,00000000
1,19529563;0,16578494;0,27251476;0,57455707;3,18805361;1,00000000
1,19536230;0,16563116;0,27220720;0,57455707;3,18836117;1,00000000
1,19542897;0,16563116;0,27220720;0,57455707;3,18805361;1,00000000
1,19549564;0,16563116;0,27189961;0,57440329;3,18774605;1,00000000
1,19556232;0,16547737;0,27189961;0,57440329;3,18743849;1,00000000
1,19562899;0,16547737;0,27189961;0,57440329;3,18713093;1,00000000
1,19569566;0,16563116;0,27189961;0,57424951;3,18774605;1,00000000
1,19576233;0,16563116;0,27189961;0,57424951;3,18805361;1,00000000
1,19582900;0,16563116;0,27189961;0,57440329;3,18836117;1,00000000
1,19589568;0,16547737;0,27189961;0,57440329;3,18866873;1,00000000
1,19596235;0,16547737;0,27189961;0,57440329;3,18866873;1,00000000
1,19602902;0,16532359;0,27159202;0,57440329;3,18866873;1,00000000
1,19609569;0,16532359;0,27159202;0,57440329;3,18836117;1,00000000
1,19616236;0,16516978;0,27159202;0,57440329;3,18836117;1,00000000
1,19622904;0,16516978;0,27189961;0,57440329;3,18836117;1,00000000
1,19629571;0,16516978;0,27220720;0,57471091;3,18866873;1,00000000
1,19636238;0,16532359;0,27220720;0,57471091;3,18897629;1,00000000
1,19642905;0,16516978;0,27220720;0,57486469;3,18897629;1,00000000
1,19649572;0,16532359;0,27220720;0,57501847;3,18866873;1,00000000
1,19656240;0,16532359;0,27220720;0,57532603;3,18836117;1,00000000
1,19662907;0,16547737;0,27220720;0,57563359;3,18836117;1,00000000
1,19669574;0,16547737;0,27220720;0,57594121;3,18836117;1,00000000
1,19676241;0,16547737;0,27251476;0,57624876;3,18836117;1,00000000
1,19682908;0,16547737;0,27282235;0,57640254;3,18866873;1,00000000
1,19689576;0,16547737;0,27312991;0,57671016;3,18897629;1,00000000
1,19696243;0,16547737;0,27312991;0,57701772;3,18897629;1,00000000
1,19702910;0,16547737;0,27312991;0,57732528;3,18866873;1,00000000
1,19709577;0,16547737;0,27312991;0,57732528;3,18836117;1,00000000
1,19716244;0,16547737;0,27312991;0,57763284;3,18805361;1,00000000
1,19722912;0,16563116;0,27312991;0,57778668;3,18805361;1,00000000
1,19729579;0,16563116;0,27343750;0,57809424;3,18774605;1,00000000
1,19736246;0,16563116;0,27343750;0,57840180;3,18805361;1,00000000
1,19742913;0,16578494;0,27312991;0,57855558;3,18805361;1,00000000
1,19749580;0,16578494;0,27282235;0,57886314;3,18805361;1,00000000
1,19756248;0,16578494;0,27251476;0,57901698;3,18774605;1,00000000
1,19762915;0,16578494;0,27220720;0,57932454;3,18743849;1,00000000
1,19769582;0,16578494;0,27189961;0,57963216;3,18682337;1,00000000
1,19776249;0,16578494;0,27159202;0,57993972;3,18620801;1,00000000
1,19782916;0,16578494;0,27189961;0,58009350;3,18590045;1,00000000
1,19789584;0,16578494;0,27159202;0,58024728;3,18590045;1,00000000
1,19796251;0,16578494;0,27128446;0,58055484;3,18590045;1,00000000
1,19802918;0,16578494;0,27128446;0,58086246;3,18590045;1,00000000
1,19809585;0,16563116;0,27097687;0,58132380;3,18590045;1,00000000
1,19816252;0,16547737;0,27066928;0,58147764;3,18559289;1,00000000
1,19822920;0,16532359;0,27066928;0,58193898;3,18467021;1,00000000
1,19829587;0,16532359;0,27036172;0,58209276;3,18405509;1,00000000
1,19836254;0,16532359;0,27036172;0,58224654;3,18343997;1,00000000
1,19842921;0,16547737;0,27036172;0,58255410;3,18313241;1,00000000
1,19849588;0,16563116;0,27005413;0,58270794;3,18313241;1,00000000
1,19856256;0,16578494;0,27005413;0,58286172;3,18313241;1,00000000
1,19862923;0,16578494;0,27005413;0,58316928;3,18282485;1,00000000
1,19869590;0,16563116;0,26974654;0,58347690;3,18251729;1,00000000
1,19876257;0,16578494;0,26974654;0,58378446;3,18190217;1,00000000
1,19882924;0,16563116;0,26974654;0,58409202;3,18128681;1,00000000
1,19889592;0,16563116;0,26974654;0,58439958;3,18097925;1,00000000
1,19896259;0,16563116;0,26943898;0,58470720;3,18097925;1,00000000
1,19902926;0,16563116;0,26943898;0,58501476;3,18097925;1,00000000
1,19909593;0,16563116;0,26943898;0,58532232;3,18097925;1,00000000
1,19916260;0,16578494;0,26913139;0,58547610;3,18067169;1,00000000
1,19922928;0,16578494;0,26943898;0,58562988;3,18036413;1,00000000
1,19929595;0,16593874;0,26943898;0,58593750;3,17974901;1,00000000
1,19936262;0,16593874;0,26943898;0,58609128;3,17944145;1,00000000
1,19942929;0,16578494;0,26913139;0,58624506;3,17913389;1,00000000
1,19949596;0,16563116;0,26913139;0,58655268;3,17913389;1,00000000
1,19956264;0,16547737;0,26882383;0,58686024;3,17913389;1,00000000
1,19962931;0,16532359;0,26851624;0,58716780;3,17913389;1,00000000
1,19969598;0,16547737;0,26851624;0,58747536;3,17913389;1,00000000
1,19976265;0,16547737;0,26820865;0,58762920;3,17913389;1,00000000
1,19982932;0,16532359;0,26820865;0,58778298;3,17882633;1,00000000
1,19989600;0,16532359;0,26790109;0,58793676;3,17851877;1,00000000
1,19996267;0,16516978;0,26759350;0,58809054;3,17851877;1,00000000
1,20002934;0,16516978;0,26759350;0,58839810;3,17851877;1,00000000
1,20009601;0,16501600;0,26759350;0,58855188;3,17851877;1,00000000
1,20016268;0,16486220;0,26759350;0,58870566;3,17851877;1,00000000
1,20022936;0,16470842;0,26728594;0,58885950;3,17821121;1,00000000
1,20029603;0,16455463;0,26697835;0,58901328;3,17851877;1,00000000
1,20036270;0,16440085;0,26697835;0,58916706;3,17821121;1,00000000
1,20042937;0,16440085;0,26697835;0,58932084;3,17821121;1,00000000
1,20049604;0,16424704;0,26728594;0,58978224;3,17821121;1,00000000
1,20056272;0,16409326;0,26728594;0,58993602;3,17821121;1,00000000
1,20062939;0,16393946;0,26697835;0,59008980;3,17821121;1,00000000
1,20069606;0,16378568;0,26697835;0,59024358;3,17821121;1,00000000
1,20076273;0,16363189;0,26667076;0,59039736;3,17790365;1,00000000
1,20082940;0,16378568;0,26667076;0,59070498;3,17851877;1,00000000
1,20089608;0,16378568;0,26697835;0,59085876;3,17882633;1,00000000
1,20096275;0,16363189;0,26728594;0,59101254;3,17913389;1,00000000
1,20102942;0,16363189;0,26728594;0,59101254;3,17913389;1,00000000
1,20109609;0,16378568;0,26728594;0,59116638;3,17913389;1,00000000
1,20116276;0,16378568;0,26728594;0,59132016;3,17913389;1,00000000
1,20122944;0,16393946;0,26728594;0,59132016;3,17913389;1,00000000
1,20129611;0,16409326;0,26697835;0,59116638;3,17944145;1,00000000
1,20136278;0,16409326;0,26728594;0,59116638;3,17944145;1,00000000
1,20142945;0,16409326;0,26759350;0,59101254;3,17974901;1,00000000
1,20149612;0,16409326;0,26728594;0,59085876;3,17974901;1,00000000
1,20156280;0,16424704;0,26728594;0,59085876;3,17974901;1,00000000
1,20162947;0,16424704;0,26759350;0,59070498;3,17974901;1,00000000
1,20169614;0,16440085;0,26728594;0,59070498;3,17944145;1,00000000
1,20176281;0,16440085;0,26697835;0,59070498;3,17974901;1,00000000
1,20182948;0,16424704;0,26667076;0,59055120;3,18005657;1,00000000
1,20189616;0,16409326;0,26697835;0,59039736;3,18036413;1,00000000
1,20196283;0,16409326;0,26697835;0,59024358;3,18067169;1,00000000
1,20202950;0,16424704;0,26728594;0,59008980;3,18067169;1,00000000
1,20209617;0,16440085;0,26728594;0,58993602;3,18036413;1,00000000
1,20216284;0,16424704;0,26728594;0,58978224;3,18005657;1,00000000
1,20222952;0,16424704;0,26728594;0,58962846;3,18036413;1,00000000
1,20229619;0,16409326;0,26728594;0,58916706;3,18067169;1,00000000
1,20236286;0,16424704;0,26728594;0,58901328;3,18097925;1,00000000
1,20242953;0,16409326;0,26697835;0,58870566;3,18097925;1,00000000
1,20249620;0,16409326;0,26697835;0,58839810;3,18097925;1,00000000
1,20256288;0,16424704;0,26728594;0,58809054;3,18097925;1,00000000
1,20262955;0,16440085;0,26759350;0,58778298;3,18097925;1,00000000
1,20269622;0,16440085;0,26790109;0,58747536;3,18067169;1,00000000
1,20276289;0,16455463;0,26790109;0,58716780;3,18097925;1,00000000
1,20282956;0,16440085;0,26820865;0,58686024;3,18128681;1,00000000
1,20289624;0,16440085;0,26790109;0,58655268;3,18128681;1,00000000
1,20296291;0,16440085;0,26759350;0,58624506;3,18128681;1,00000000
1,20302958;0,16455463;0,26759350;0,58593750;3,18128681;1,00000000
1,20309625;0,16455463;0,26759350;0,58578372;3,18128681;1,00000000
1,20316292;0,16470842;0,26790109;0,58547610;3,18128681;1,00000000
1,20322960;0,16486220;0,26820865;0,58501476;3,18097925;1,00000000
1,20329627;0,16486220;0,26820865;0,58470720;3,18128681;1,00000000
1,20336294;0,16501600;0,26790109;0,58424580;3,18128681;1,00000000
1,20342961;0,16501600;0,26790109;0,58393824;3,18128681;1,00000000
1,20349628;0,16516978;0,26790109;0,58347690;3,18128681;1,00000000
1,20356296;0,16532359;0,26759350;0,58301550;3,18128681;1,00000000
1,20362963;0,16547737;0,26759350;0,58255410;3,18128681;1,00000000
1,20369630;0,16563116;0,26759350;0,58224654;3,18128681;1,00000000
1,20376297;0,16578494;0,26790109;0,58193898;3,18128681;1,00000000
1,20382964;0,16593874;0,26790109;0,58147764;3,18159461;1,00000000
1,20389632;0,16578494;0,26790109;0,58101624;3,18190217;1,00000000
1,20396299;0,16578494;0,26790109;0,58055484;3,18190217;1,00000000
1,20402966;0,16593874;0,26790109;0,58009350;3,18190217;1,00000000
1,20409633;0,16609251;0,26790109;0,57963216;3,18190217;1,00000000
1,20416300;0,16640009;0,26790109;0,57932454;3,18190217;1,00000000
1,20422968;0,16640009;0,26790109;0,57901698;3,18190217;1,00000000
1,20429635;0,16640009;0,26820865;0,57855558;3,18190217;1,00000000
1,20436302;0,16640009;0,26820865;0,57809424;3,18128681;1,00000000
1,20442969;0,16640009;0,26820865;0,57778668;3,18159461;1,00000000
1,20449636;0,16655388;0,26851624;0,57732528;3,18190217;1,00000000
1,20456304;0,16655388;0,26882383;0,57701772;3,18190217;1,00000000
1,20462971;0,16670766;0,26913139;0,57671016;3,18190217;1,00000000
1,20469638;0,16670766;0,26882383;0,57640254;3,18190217;1,00000000
1,20476305;0,16670766;0,26882383;0,57609499;3,18190217;1,00000000
1,20482972;0,16701525;0,26913139;0,57563359;3,18159461;1,00000000
1,20489640;0,16701525;0,26913139;0,57517225;3,18097925;1,00000000
1,20496307;0,16716905;0,26913139;0,57501847;3,18128681;1,00000000
1,20502974;0,16732283;0,26913139;0,57471091;3,18128681;1,00000000
1,20509641;0,16732283;0,26913139;0,57455707;3,18128681;1,00000000
1,20516308;0,16747662;0,26913139;0,57409573;3,18128681;1,00000000
1,20522976;0,16747662;0,26913139;0,57378817;3,18097925;1,00000000
1,20529643;0,16747662;0,26943898;0,57348061;3,18067169;1,00000000
1,20536310;0,16747662;0,26974654;0,57317299;3,18005657;1,00000000
1,20542977;0,16747662;0,27005413;0,57301921;3,17974901;1,00000000
1,20549644;0,16747662;0,27005413;0,57271159;3,17974901;1,00000000
1,20556312;0,16778421;0,27036172;0,57255781;3,17974901;1,00000000
1,20562979;0,16778421;0,27005413;0,57240403;3,17974901;1,00000000
1,20569646;0,16793799;0,26974654;0,57209647;3,17944145;1,00000000
1,20576313;0,16793799;0,26943898;0,57178891;3,17944145;1,00000000
1,20582980;0,16809179;0,26913139;0,57163513;3,17944145;1,00000000
1,20589648;0,16809179;0,26882383;0,57132751;3,17913389;1,00000000
1,20596315;0,16809179;0,26913139;0,57117373;3,17882633;1,00000000
1,20602982;0,16809179;0,26913139;0,57101995;3,17851877;1,00000000
1,20609649;0,16809179;0,26943898;0,57086611;3,17851877;1,00000000
1,20616316;0,16809179;0,26913139;0,57055855;3,17851877;1,00000000
1,20622984;0,16824557;0,26882383;0,57025099;3,17851877;1,00000000
1,20629651;0,16824557;0,26851624;0,57009721;3,17882633;1,00000000
1,20636318;0,16824557;0,26820865;0,57009721;3,17882633;1,00000000
1,20642985;0,16824557;0,26790109;0,56994343;3,17821121;1,00000000
1,20649652;0,16824557;0,26790109;0,56994343;3,17759609;1,00000000
1,20656320;0,16824557;0,26759350;0,56978959;3,17728853;1,00000000
1,20662987;0,16839936;0,26759350;0,56978959;3,17728853;1,00000000
1,20669654;0,16839936;0,26728594;0,56978959;3,17728853;1,00000000
1,20676321;0,16839936;0,26728594;0,56978959;3,17728853;1,00000000
1,20682988;0,16839936;0,26697835;0,56978959;3,17728853;1,00000000
1,20689656;0,16824557;0,26728594;0,56978959;3,17759609;1,00000000
1,20696323;0,16824557;0,26728594;0,56978959;3,17728853;1,00000000
1,20702990;0,16824557;0,26697835;0,57009721;3,17728853;1,00000000
1,20709657;0,16824557;0,26697835;0,57009721;3,17728853;1,00000000
1,20716324;0,16824557;0,26697835;0,57025099;3,17728853;1,00000000
1,20722992;0,16824557;0,26697835;0,57040477;3,17728853;1,00000000
1,20729659;0,16824557;0,26728594;0,57055855;3,17728853;1,00000000
1,20736326;0,16824557;0,26697835;0,57071233;3,17759609;1,00000000
1,20742993;0,16809179;0,26697835;0,57086611;3,17790365;1,00000000
1,20749660;0,16809179;0,26697835;0,57101995;3,17759609;1,00000000
1,20756328;0,16809179;0,26728594;0,57117373;3,17759609;1,00000000
1,20762995;0,16809179;0,26728594;0,57148129;3,17759609;1,00000000
1,20769662;0,16809179;0,26728594;0,57194269;3,17759609;1,00000000
1,20776329;0,16824557;0,26697835;0,57255781;3,17790365;1,00000000
1,20782996;0,16824557;0,26697835;0,57301921;3,17790365;1,00000000
1,20789664;0,16824557;0,26697835;0,57348061;3,17790365;1,00000000
1,20796331;0,16824557;0,26697835;0,57394195;3,17790365;1,00000000
1,20802998;0,16824557;0,26697835;0,57440329;3,17821121;1,00000000
1,20809665;0,16824557;0,26697835;0,57471091;3,17790365;1,00000000
1,20816332;0,16824557;0,26697835;0,57501847;3,17821121;1,00000000
1,20823000;0,16839936;0,26697835;0,57547981;3,17851877;1,00000000
1,20829667;0,16839936;0,26697835;0,57594121;3,17882633;1,00000000
1,20836334;0,16839936;0,26728594;0,57655638;3,17882633;1,00000000
1,20843001;0,16855314;0,26697835;0,57717150;3,17913389;1,00000000
1,20849668;0,16855314;0,26697835;0,57763284;3,17944145;1,00000000
1,20856336;0,16855314;0,26728594;0,57809424;3,17974901;1,00000000
1,20863003;0,16855314;0,26759350;0,57855558;3,18005657;1,00000000
1,20869670;0,16855314;0,26728594;0,57886314;3,18005657;1,00000000
1,20876337;0,16855314;0,26759350;0,57917076;3,18005657;1,00000000
1,20883004;0,16855314;0,26790109;0,57947832;3,18005657;1,00000000
1,20889672;0,16855314;0,26820865;0,57993972;3,18005657;1,00000000
1,20896339;0,16824557;0,26820865;0,58040106;3,18005657;1,00000000
1,20903006;0,16824557;0,26851624;0,58101624;3,18036413;1,00000000
1,20909673;0,16824557;0,26882383;0,58163142;3,18067169;1,00000000
1,20916340;0,16824557;0,26882383;0,58209276;3,18097925;1,00000000
1,20923008;0,16824557;0,26913139;0,58270794;3,18128681;1,00000000
1,20929675;0,16824557;0,26913139;0,58316928;3,18097925;1,00000000
1,20936342;0,16824557;0,26913139;0,58347690;3,18097925;1,00000000
1,20943009;0,16824557;0,26913139;0,58378446;3,18097925;1,00000000
1,20949676;0,16824557;0,26882383;0,58409202;3,18097925;1,00000000
1,20956344;0,16824557;0,26882383;0,58455342;3,18067169;1,00000000
1,20963011;0,16824557;0,26851624;0,58486098;3,18067169;1,00000000
1,20969678;0,16824557;0,26820865;0,58516854;3,18067169;1,00000000
1,20976345;0,16824557;0,26851624;0,58562988;3,18097925;1,00000000
1,20983012;0,16824557;0,26882383;0,58609128;3,18128681;1,00000000
1,20989680;0,16839936;0,26913139;0,58639890;3,18128681;1,00000000
1,20996347;0,16839936;0,26943898;0,58655268;3,18159461;1,00000000
1,21003014;0,16839936;0,26943898;0,58686024;3,18190217;1,00000000
1,21009681;0,16855314;0,26943898;0,58716780;3,18220973;1,00000000
1,21016348;0,16855314;0,26943898;0,58732158;3,18251729;1,00000000
1,21023016;0,16839936;0,26974654;0,58747536;3,18251729;1,00000000
1,21029683;0,16839936;0,27005413;0,58762920;3,18282485;1,00000000
1,21036350;0,16839936;0,27036172;0,58793676;3,18251729;1,00000000
1,21043017;0,16824557;0,27036172;0,58793676;3,18220973;1,00000000
1,21049684;0,16824557;0,27066928;0,58809054;3,18190217;1,00000000
1,21056352;0,16824557;0,27097687;0,58809054;3,18190217;1,00000000
1,21063019;0,16824557;0,27097687;0,58809054;3,18190217;1,00000000
1,21069686;0,16809179;0,27066928;0,58809054;3,18220973;1,00000000
1,21076353;0,16809179;0,27066928;0,58809054;3,18220973;1,00000000
1,21083020;0,16809179;0,27066928;0,58809054;3,18220973;1,00000000
1,21089688;0,16809179;0,27066928;0,58809054;3,18190217;1,00000000
1,21096355;0,16809179;0,27036172;0,58809054;3,18159461;1,00000000
1,21103022;0,16809179;0,27066928;0,58809054;3,18159461;1,00000000
1,21109689;0,16809179;0,27066928;0,58809054;3,18159461;1,00000000
1,21116356;0,16809179;0,27066928;0,58809054;3,18159461;1,00000000
1,21123024;0,16809179;0,27066928;0,58809054;3,18159461;1,00000000
1,21129691;0,16809179;0,27066928;0,58809054;3,18159461;1,00000000
1,21136358;0,16809179;0,27097687;0,58809054;3,18128681;1,00000000
1,21143025;0,16809179;0,27097687;0,58809054;3,18128681;1,00000000
1,21149692;0,16809179;0,27066928;0,58809054;3,18097925;1,00000000
1,21156360;0,16809179;0,27097687;0,58809054;3,18128681;1,00000000
1,21163027;0,16809179;0,27097687;0,58809054;3,18128681;1,00000000
1,21169694;0,16809179;0,27097687;0,58809054;3,18128681;1,00000000
1,21176361;0,16809179;0,27097687;0,58809054;3,18128681;1,00000000
1,21183028;0,16809179;0,27128446;0,58809054;3,18097925;1,00000000
1,21189696;0,16809179;0,27128446;0,58778298;3,18067169;1,00000000
1,21196363;0,16809179;0,27097687;0,58762920;3,18036413;1,00000000
1,21203030;0,16809179;0,27097687;0,58747536;3,18067169;1,00000000
1,21209697;0,16809179;0,27066928;0,58732158;3,18067169;1,00000000
1,21216364;0,16809179;0,27036172;0,58701402;3,18067169;1,00000000
1,21223032;0,16809179;0,27005413;0,58670646;3,18067169;1,00000000
1,21229699;0,16809179;0,27005413;0,58639890;3,18097925;1,00000000
1,21236366;0,16809179;0,27005413;0,58609128;3,18067169;1,00000000
1,21243033;0,16809179;0,27036172;0,58562988;3,18067169;1,00000000
1,21249700;0,16809179;0,27066928;0,58532232;3,18097925;1,00000000
1,21256368;0,16809179;0,27097687;0,58501476;3,18128681;1,00000000
1,21263035;0,16809179;0,27128446;0,58470720;3,18159461;1,00000000
1,21269702;0,16809179;0,27128446;0,58439958;3,18190217;1,00000000
1,21276369;0,16793799;0,27128446;0,58409202;3,18159461;1,00000000
1,21283036;0,16793799;0,27128446;0,58393824;3,18128681;1,00000000
1,21289704;0,16793799;0,27128446;0,58347690;3,18128681;1,00000000
1,21296371;0,16793799;0,27128446;0,58316928;3,18128681;1,00000000
1,21303038;0,16793799;0,27128446;0,58286172;3,18159461;1,00000000
1,21309705;0,16793799;0,27159202;0,58270794;3,18190217;1,00000000
1,21316372;0,16793799;0,27159202;0,58240032;3,18220973;1,00000000
1,21323040;0,16793799;0,27159202;0,58224654;3,18220973;1,00000000
1,21329707;0,16793799;0,27128446;0,58193898;3,18220973;1,00000000
1,21336374;0,16793799;0,27097687;0,58163142;3,18220973;1,00000000
1,21343041;0,16778421;0,27097687;0,58147764;3,18220973;1,00000000
1,21349708;0,16778421;0,27097687;0,58117002;3,18220973;1,00000000
1,21356376;0,16763040;0,27097687;0,58086246;3,18251729;1,00000000
1,21363043;0,16763040;0,27097687;0,58040106;3,18282485;1,00000000
1,21369710;0,16747662;0,27128446;0,58009350;3,18282485;1,00000000
1,21376377;0,16747662;0,27128446;0,57978594;3,18282485;1,00000000
1,21383044;0,16747662;0,27097687;0,57947832;3,18282485;1,00000000
1,21389712;0,16747662;0,27097687;0,57917076;3,18282485;1,00000000
1,21396379;0,16747662;0,27066928;0,57886314;3,18282485;1,00000000
1,21403046;0,16747662;0,27097687;0,57855558;3,18282485;1,00000000
1,21409713;0,16747662;0,27097687;0,57824802;3,18313241;1,00000000
1,21416380;0,16747662;0,27097687;0,57809424;3,18313241;1,00000000
1,21423048;0,16747662;0,27128446;0,57778668;3,18282485;1,00000000
1,21429715;0,16732283;0,27159202;0,57763284;3,18251729;1,00000000
1,21436382;0,16732283;0,27128446;0,57732528;3,18251729;1,00000000
1,21443049;0,16732283;0,27128446;0,57701772;3,18251729;1,00000000
1,21449716;0,16716905;0,27159202;0,57671016;3,18251729;1,00000000
1,21456384;0,16701525;0,27159202;0,57640254;3,18251729;1,00000000
1,21463051;0,16701525;0,27159202;0,57640254;3,18282485;1,00000000
1,21469718;0,16701525;0,27159202;0,57609499;3,18343997;1,00000000
1,21476385;0,16701525;0,27189961;0,57578737;3,18343997;1,00000000
1,21483052;0,16701525;0,27220720;0,57547981;3,18374753;1,00000000
1,21489720;0,16686147;0,27189961;0,57547981;3,18374753;1,00000000
1,21496387;0,16686147;0,27189961;0,57547981;3,18374753;1,00000000
1,21503054;0,16686147;0,27189961;0,57532603;3,18374753;1,00000000
1,21509721;0,16686147;0,27159202;0,57517225;3,18374753;1,00000000
1,21516388;0,16686147;0,27159202;0,57501847;3,18374753;1,00000000
1,21523056;0,16686147;0,27159202;0,57501847;3,18405509;1,00000000
1,21529723;0,16686147;0,27189961;0,57486469;3,18436265;1,00000000
1,21536390;0,16686147;0,27220720;0,57486469;3,18467021;1,00000000
1,21543057;0,16670766;0,27220720;0,57486469;3,18528533;1,00000000
1,21549724;0,16655388;0,27220720;0,57486469;3,18559289;1,00000000
1,21556392;0,16640009;0,27220720;0,57486469;3,18559289;1,00000000
1,21563059;0,16624631;0,27189961;0,57486469;3,18559289;1,00000000
1,21569726;0,16624631;0,27189961;0,57486469;3,18590045;1,00000000
1,21576393;0,16624631;0,27189961;0,57486469;3,18559289;1,00000000
1,21583060;0,16609251;0,27220720;0,57486469;3,18559289;1,00000000
1,21589728;0,16609251;0,27220720;0,57486469;3,18559289;1,00000000
1,21596395;0,16609251;0,27251476;0,57486469;3,18590045;1,00000000
1,21603062;0,16609251;0,27251476;0,57486469;3,18590045;1,00000000
1,21609729;0,16609251;0,27251476;0,57501847;3,18590045;1,00000000
1,21616396;0,16593874;0,27282235;0,57501847;3,18590045;1,00000000
1,21623064;0,16578494;0,27282235;0,57532603;3,18590045;1,00000000
1,21629731;0,16578494;0,27282235;0,57547981;3,18590045;1,00000000
1,21636398;0,16563116;0,27312991;0,57547981;3,18590045;1,00000000
1,21643065;0,16578494;0,27343750;0,57563359;3,18590045;1,00000000
1,21649732;0,16578494;0,27343750;0,57594121;3,18620801;1,00000000
1,21656400;0,16578494;0,27343750;0,57609499;3,18620801;1,00000000
1,21663067;0,16578494;0,27343750;0,57624876;3,18620801;1,00000000
1,21669734;0,16578494;0,27343750;0,57640254;3,18620801;1,00000000
1,21676401;0,16563116;0,27343750;0,57655638;3,18620801;1,00000000
1,21683068;0,16563116;0,27343750;0,57686394;3,18620801;1,00000000
1,21689736;0,16563116;0,27374509;0,57717150;3,18620801;1,00000000
1,21696403;0,16563116;0,27374509;0,57747906;3,18620801;1,00000000
1,21703070;0,16563116;0,27374509;0,57778668;3,18620801;1,00000000
1,21709737;0,16563116;0,27374509;0,57794046;3,18590045;1,00000000
1,21716404;0,16563116;0,27374509;0,57809424;3,18590045;1,00000000
1,21723072;0,16563116;0,27374509;0,57824802;3,18590045;1,00000000
1,21729739;0,16563116;0,27374509;0,57855558;3,18590045;1,00000000
1,21736406;0,16578494;0,27374509;0,57886314;3,18559289;1,00000000
1,21743073;0,16578494;0,27405265;0,57901698;3,18620801;1,00000000
1,21749740;0,16578494;0,27436024;0,57932454;3,18590045;1,00000000
1,21756408;0,16578494;0,27405265;0,57947832;3,18559289;1,00000000
1,21763075;0,16578494;0,27436024;0,57978594;3,18528533;1,00000000
1,21769742;0,16578494;0,27436024;0,58009350;3,18528533;1,00000000
1,21776409;0,16593874;0,27436024;0,58040106;3,18528533;1,00000000
1,21783076;0,16593874;0,27436024;0,58070862;3,18528533;1,00000000
1,21789744;0,16578494;0,27436024;0,58086246;3,18467021;1,00000000
1,21796411;0,16593874;0,27436024;0,58117002;3,18467021;1,00000000
1,21803078;0,16593874;0,27405265;0,58147764;3,18405509;1,00000000
1,21809745;0,16593874;0,27405265;0,58178520;3,18374753;1,00000000
1,21816412;0,16593874;0,27436024;0,58209276;3,18343997;1,00000000
1,21823080;0,16609251;0,27436024;0,58224654;3,18313241;1,00000000
1,21829747;0,16593874;0,27405265;0,58240032;3,18251729;1,00000000
1,21836414;0,16578494;0,27405265;0,58286172;3,18220973;1,00000000
1,21843081;0,16578494;0,27405265;0,58301550;3,18220973;1,00000000
1,21849748;0,16593874;0,27374509;0,58332312;3,18190217;1,00000000
1,21856416;0,16593874;0,27374509;0,58363068;3,18190217;1,00000000
1,21863083;0,16578494;0,27343750;0,58378446;3,18159461;1,00000000
1,21869750;0,16578494;0,27312991;0,58409202;3,18128681;1,00000000
1,21876417;0,16563116;0,27312991;0,58424580;3,18097925;1,00000000
1,21883084;0,16547737;0,27312991;0,58439958;3,18036413;1,00000000
1,21889752;0,16547737;0,27312991;0,58470720;3,18005657;1,00000000
1,21896419;0,16547737;0,27282235;0,58501476;3,17974901;1,00000000
1,21903086;0,16532359;0,27251476;0,58532232;3,17944145;1,00000000
1,21909753;0,16532359;0,27251476;0,58562988;3,17944145;1,00000000
1,21916420;0,16532359;0,27220720;0,58593750;3,17913389;1,00000000
1,21923088;0,16532359;0,27220720;0,58609128;3,17882633;1,00000000
1,21929755;0,16532359;0,27220720;0,58624506;3,17851877;1,00000000
1,21936422;0,16532359;0,27220720;0,58655268;3,17790365;1,00000000
1,21943089;0,16516978;0,27189961;0,58670646;3,17759609;1,00000000
1,21949756;0,16516978;0,27220720;0,58686024;3,17759609;1,00000000
1,21956424;0,16501600;0,27189961;0,58716780;3,17759609;1,00000000
1,21963091;0,16486220;0,27159202;0,58732158;3,17759609;1,00000000
1,21969758;0,16470842;0,27128446;0,58762920;3,17759609;1,00000000
1,21976425;0,16470842;0,27097687;0,58778298;3,17759609;1,00000000
1,21983092;0,16455463;0,27066928;0,58793676;3,17728853;1,00000000
1,21989760;0,16455463;0,27036172;0,58824432;3,17698097;1,00000000
1,21996427;0,16455463;0,27036172;0,58839810;3,17698097;1,00000000
1,22003094;0,16455463;0,27036172;0,58870566;3,17698097;1,00000000
1,22009761;0,16440085;0,27036172;0,58901328;3,17698097;1,00000000
1,22016428;0,16440085;0,27036172;0,58901328;3,17728853;1,00000000
1,22023096;0,16424704;0,27036172;0,58916706;3,17728853;1,00000000
1,22029763;0,16409326;0,27005413;0,58947468;3,17728853;1,00000000
1,22036430;0,16409326;0,27005413;0,58978224;3,17728853;1,00000000
1,22043097;0,16393946;0,27005413;0,58993602;3,17728853;1,00000000
1,22049764;0,16393946;0,27036172;0,59008980;3,17759609;1,00000000
1,22056432;0,16393946;0,27066928;0,59024358;3,17790365;1,00000000
1,22063099;0,16378568;0,27097687;0,59039736;3,17790365;1,00000000
1,22069766;0,16378568;0,27128446;0,59055120;3,17790365;1,00000000
1,22076433;0,16378568;0,27159202;0,59055120;3,17790365;1,00000000
1,22083100;0,16378568;0,27128446;0,59055120;3,17759609;1,00000000
1,22089768;0,16378568;0,27097687;0,59070498;3,17728853;1,00000000
1,22096435;0,16378568;0,27097687;0,59085876;3,17728853;1,00000000
1,22103102;0,16378568;0,27097687;0,59101254;3,17759609;1,00000000
1,22109769;0,16363189;0,27097687;0,59116638;3,17790365;1,00000000
1,22116436;0,16347811;0,27097687;0,59132016;3,17790365;1,00000000
1,22123104;0,16347811;0,27128446;0,59132016;3,17790365;1,00000000
1,22129771;0,16347811;0,27128446;0,59116638;3,17790365;1,00000000
1,22136438;0,16347811;0,27128446;0,59116638;3,17759609;1,00000000
1,22143105;0,16347811;0,27128446;0,59101254;3,17790365;1,00000000
1,22149772;0,16363189;0,27128446;0,59101254;3,17821121;1,00000000
1,22156440;0,16363189;0,27128446;0,59101254;3,17851877;1,00000000
1,22163107;0,16363189;0,27128446;0,59085876;3,17851877;1,00000000
1,22169774;0,16363189;0,27128446;0,59085876;3,17851877;1,00000000
1,22176441;0,16363189;0,27159202;0,59070498;3,17851877;1,00000000
1,22183108;0,16363189;0,27189961;0,59055120;3,17882633;1,00000000
1,22189776;0,16347811;0,27159202;0,59055120;3,17913389;1,00000000
1,22196443;0,16347811;0,27159202;0,59024358;3,17944145;1,00000000
1,22203110;0,16332431;0,27189961;0,58993602;3,17974901;1,00000000
1,22209777;0,16332431;0,27159202;0,58947468;3,17974901;1,00000000
1,22216444;0,16332431;0,27159202;0,58916706;3,17974901;1,00000000
1,22223112;0,16332431;0,27159202;0,58901328;3,17974901;1,00000000
1,22229779;0,16332431;0,27128446;0,58885950;3,17974901;1,00000000
1,22236446;0,16347811;0,27128446;0,58855188;3,18036413;1,00000000
1,22243113;0,16347811;0,27097687;0,58839810;3,18067169;1,00000000
1,22249780;0,16363189;0,27097687;0,58809054;3,18097925;1,00000000
1,22256448;0,16363189;0,27066928;0,58778298;3,18097925;1,00000000
1,22263115;0,16347811;0,27036172;0,58747536;3,18097925;1,00000000
1,22269782;0,16363189;0,27066928;0,58716780;3,18097925;1,00000000
1,22276449;0,16347811;0,27097687;0,58686024;3,18097925;1,00000000
1,22283116;0,16347811;0,27128446;0,58655268;3,18097925;1,00000000
1,22289784;0,16347811;0,27128446;0,58624506;3,18097925;1,00000000
1,22296451;0,16347811;0,27128446;0,58593750;3,18097925;1,00000000
1,22303118;0,16347811;0,27128446;0,58562988;3,18097925;1,00000000
1,22309785;0,16363189;0,27159202;0,58532232;3,18128681;1,00000000
1,22316452;0,16378568;0,27128446;0,58501476;3,18128681;1,00000000
1,22323120;0,16393946;0,27159202;0,58470720;3,18128681;1,00000000
1,22329787;0,16393946;0,27189961;0,58439958;3,18128681;1,00000000
1,22336454;0,16393946;0,27220720;0,58409202;3,18128681;1,00000000
1,22343121;0,16393946;0,27251476;0,58363068;3,18067169;1,00000000
1,22349788;0,16409326;0,27251476;0,58332312;3,18097925;1,00000000
1,22356456;0,16424704;0,27220720;0,58286172;3,18128681;1,00000000
1,22363123;0,16424704;0,27251476;0,58255410;3,18128681;1,00000000
1,22369790;0,16440085;0,27251476;0,58209276;3,18128681;1,00000000
1,22376457;0,16440085;0,27251476;0,58163142;3,18128681;1,00000000
1,22383124;0,16440085;0,27220720;0,58117002;3,18159461;1,00000000
1,22389792;0,16440085;0,27251476;0,58070862;3,18128681;1,00000000
1,22396459;0,16440085;0,27251476;0,58024728;3,18067169;1,00000000
1,22403126;0,16440085;0,27251476;0,57993972;3,18097925;1,00000000
1,22409793;0,16440085;0,27251476;0,57932454;3,18097925;1,00000000
1,22416460;0,16440085;0,27220720;0,57901698;3,18097925;1,00000000
1,22423128;0,16455463;0,27220720;0,57870936;3,18097925;1,00000000
1,22429795;0,16455463;0,27220720;0,57840180;3,18097925;1,00000000
1,22436462;0,16470842;0,27220720;0,57809424;3,18128681;1,00000000
1,22443129;0,16470842;0,27251476;0,57778668;3,18097925;1,00000000
1,22449796;0,16486220;0,27282235;0,57747906;3,18067169;1,00000000
1,22456464;0,16501600;0,27312991;0,57717150;3,18097925;1,00000000
1,22463131;0,16516978;0,27312991;0,57686394;3,18097925;1,00000000
1,22469798;0,16532359;0,27282235;0,57655638;3,18097925;1,00000000
1,22476465;0,16532359;0,27251476;0,57609499;3,18097925;1,00000000
1,22483132;0,16516978;0,27251476;0,57563359;3,18097925;1,00000000
1,22489800;0,16516978;0,27282235;0,57517225;3,18097925;1,00000000
1,22496467;0,16532359;0,27282235;0,57471091;3,18067169;1,00000000
1,22503134;0,16547737;0,27282235;0,57424951;3,18036413;1,00000000
1,22509801;0,16563116;0,27251476;0,57394195;3,18005657;1,00000000
1,22516468;0,16563116;0,27251476;0,57378817;3,18036413;1,00000000
1,22523136;0,16563116;0,27220720;0,57363439;3,18036413;1,00000000
1,22529803;0,16563116;0,27220720;0,57317299;3,18036413;1,00000000
1,22536470;0,16563116;0,27220720;0,57286543;3,18067169;1,00000000
1,22543137;0,16563116;0,27189961;0,57255781;3,18097925;1,00000000
1,22549804;0,16578494;0,27189961;0,57194269;3,18036413;1,00000000
1,22556472;0,16593874;0,27159202;0,57163513;3,17974901;1,00000000
1,22563139;0,16593874;0,27159202;0,57148129;3,17944145;1,00000000
1,22569806;0,16593874;0,27159202;0,57132751;3,17913389;1,00000000
1,22576473;0,16609251;0,27189961;0,57117373;3,17944145;1,00000000
1,22583140;0,16609251;0,27159202;0,57101995;3,17944145;1,00000000
1,22589808;0,16609251;0,27159202;0,57086611;3,17974901;1,00000000
1,22596475;0,16609251;0,27128446;0,57055855;3,18005657;1,00000000
1,22603142;0,16624631;0,27128446;0,57040477;3,18005657;1,00000000
1,22609809;0,16624631;0,27097687;0,57025099;3,17974901;1,00000000
1,22616476;0,16624631;0,27066928;0,56994343;3,17944145;1,00000000
1,22623144;0,16624631;0,27066928;0,56978959;3,17913389;1,00000000
1,22629811;0,16624631;0,27066928;0,56963581;3,17882633;1,00000000
1,22636478;0,16624631;0,27066928;0,56963581;3,17913389;1,00000000
1,22643145;0,16624631;0,27036172;0,56963581;3,17913389;1,00000000
1,22649812;0,16624631;0,27005413;0,56948203;3,17944145;1,00000000
1,22656480;0,16624631;0,27005413;0,56948203;3,17944145;1,00000000
1,22663147;0,16624631;0,27005413;0,56932825;3,17944145;1,00000000
1,22669814;0,16624631;0,27005413;0,56932825;3,17944145;1,00000000
1,22676481;0,16624631;0,27005413;0,56932825;3,17944145;1,00000000
1,22683148;0,16624631;0,26974654;0,56932825;3,17913389;1,00000000
1,22689816;0,16624631;0,26974654;0,56932825;3,17882633;1,00000000
1,22696483;0,16609251;0,26943898;0,56948203;3,17882633;1,00000000
1,22703150;0,16609251;0,26943898;0,56963581;3,17913389;1,00000000
1,22709817;0,16609251;0,26943898;0,56978959;3,17882633;1,00000000
1,22716484;0,16593874;0,26943898;0,56978959;3,17851877;1,00000000
1,22723152;0,16593874;0,26974654;0,57009721;3,17851877;1,00000000
1,22729819;0,16593874;0,26943898;0,57025099;3,17821121;1,00000000
1,22736486;0,16593874;0,26913139;0,57040477;3,17790365;1,00000000
1,22743153;0,16593874;0,26882383;0,57071233;3,17821121;1,00000000
1,22749820;0,16593874;0,26851624;0,57101995;3,17851877;1,00000000
1,22756488;0,16593874;0,26820865;0,57132751;3,17913389;1,00000000
1,22763155;0,16578494;0,26820865;0,57178891;3,17913389;1,00000000
1,22769822;0,16578494;0,26790109;0,57209647;3,17882633;1,00000000
1,22776489;0,16578494;0,26790109;0,57271159;3,17882633;1,00000000
1,22783156;0,16563116;0,26790109;0,57301921;3,17882633;1,00000000
1,22789824;0,16563116;0,26790109;0,57348061;3,17882633;1,00000000
1,22796491;0,16563116;0,26759350;0,57378817;3,17913389;1,00000000
1,22803158;0,16563116;0,26759350;0,57409573;3,17944145;1,00000000
1,22809825;0,16578494;0,26759350;0,57455707;3,17974901;1,00000000
1,22816492;0,16578494;0,26759350;0,57486469;3,17974901;1,00000000
1,22823160;0,16578494;0,26790109;0,57532603;3,17944145;1,00000000
1,22829827;0,16578494;0,26790109;0,57578737;3,17944145;1,00000000
1,22836494;0,16578494;0,26790109;0,57624876;3,17944145;1,00000000
1,22843161;0,16578494;0,26790109;0,57671016;3,17974901;1,00000000
1,22849828;0,16578494;0,26820865;0,57717150;3,17974901;1,00000000
1,22856496;0,16578494;0,26820865;0,57747906;3,18005657;1,00000000
1,22863163;0,16578494;0,26790109;0,57794046;3,18005657;1,00000000
1,22869830;0,16578494;0,26820865;0,57840180;3,18036413;1,00000000
1,22876497;0,16578494;0,26790109;0,57886314;3,18067169;1,00000000
1,22883164;0,16578494;0,26820865;0,57932454;3,18067169;1,00000000
1,22889832;0,16578494;0,26790109;0,57993972;3,18097925;1,00000000
1,22896499;0,16578494;0,26790109;0,58055484;3,18128681;1,00000000
1,22903166;0,16563116;0,26820865;0,58101624;3,18128681;1,00000000
1,22909833;0,16563116;0,26851624;0,58163142;3,18128681;1,00000000
1,22916500;0,16563116;0,26851624;0,58193898;3,18128681;1,00000000
1,22923168;0,16563116;0,26882383;0,58255410;3,18159461;1,00000000
1,22929835;0,16563116;0,26913139;0,58316928;3,18190217;1,00000000
1,22936502;0,16563116;0,26943898;0,58363068;3,18190217;1,00000000
1,22943169;0,16563116;0,26974654;0,58409202;3,18220973;1,00000000
1,22949836;0,16563116;0,26974654;0,58455342;3,18220973;1,00000000
1,22956504;0,16563116;0,26974654;0,58501476;3,18220973;1,00000000
1,22963171;0,16563116;0,26943898;0,58547610;3,18220973;1,00000000
1,22969838;0,16578494;0,26943898;0,58593750;3,18220973;1,00000000
1,22976505;0,16578494;0,26974654;0,58639890;3,18251729;1,00000000
1,22983172;0,16578494;0,27005413;0,58686024;3,18313241;1,00000000
1,22989840;0,16578494;0,27036172;0,58716780;3,18313241;1,00000000
1,22996507;0,16578494;0,27066928;0,58747536;3,18313241;1,00000000
1,23003174;0,16578494;0,27066928;0,58778298;3,18313241;1,00000000
1,23009841;0,16578494;0,27066928;0,58809054;3,18313241;1,00000000
1,23016508;0,16578494;0,27036172;0,58824432;3,18313241;1,00000000
1,23023176;0,16578494;0,27066928;0,58855188;3,18313241;1,00000000
1,23029843;0,16578494;0,27066928;0,58870566;3,18313241;1,00000000
1,23036510;0,16563116;0,27097687;0,58885950;3,18313241;1,00000000
1,23043177;0,16578494;0,27128446;0,58901328;3,18282485;1,00000000
1,23049844;0,16578494;0,27128446;0,58901328;3,18251729;1,00000000
1,23056512;0,16578494;0,27128446;0,58932084;3,18220973;1,00000000
1,23063179;0,16578494;0,27128446;0,58947468;3,18220973;1,00000000
1,23069846;0,16578494;0,27128446;0,58993602;3,18220973;1,00000000
1,23076513;0,16578494;0,27097687;0,58993602;3,18220973;1,00000000
1,23083180;0,16578494;0,27097687;0,58993602;3,18220973;1,00000000
1,23089848;0,16578494;0,27097687;0,58993602;3,18220973;1,00000000
1,23096515;0,16578494;0,27066928;0,58993602;3,18190217;1,00000000
1,23103182;0,16578494;0,27097687;0,58978224;3,18159461;1,00000000
1,23109849;0,16578494;0,27066928;0,58978224;3,18128681;1,00000000
1,23116516;0,16578494;0,27066928;0,58978224;3,18128681;1,00000000
1,23123184;0,16578494;0,27097687;0,58947468;3,18159461;1,00000000
1,23129851;0,16578494;0,27066928;0,58947468;3,18190217;1,00000000
1,23136518;0,16578494;0,27066928;0,58932084;3,18220973;1,00000000
1,23143185;0,16578494;0,27066928;0,58916706;3,18190217;1,00000000
1,23149852;0,16578494;0,27066928;0,58901328;3,18159461;1,00000000
1,23156520;0,16578494;0,27036172;0,58901328;3,18128681;1,00000000
1,23163187;0,16578494;0,27066928;0,58901328;3,18128681;1,00000000
1,23169854;0,16578494;0,27097687;0,58885950;3,18128681;1,00000000
1,23176521;0,16578494;0,27097687;0,58870566;3,18097925;1,00000000
1,23183188;0,16578494;0,27066928;0,58855188;3,18128681;1,00000000
1,23189856;0,16578494;0,27036172;0,58839810;3,18097925;1,00000000
1,23196523;0,16578494;0,27036172;0,58809054;3,18067169;1,00000000
1,23203190;0,16578494;0,27066928;0,58793676;3,18067169;1,00000000
1,23209857;0,16578494;0,27066928;0,58762920;3,18067169;1,00000000
1,23216524;0,16578494;0,27097687;0,58732158;3,18067169;1,00000000
1,23223192;0,16578494;0,27128446;0,58716780;3,18067169;1,00000000
1,23229859;0,16578494;0,27128446;0,58686024;3,18067169;1,00000000
1,23236526;0,16578494;0,27097687;0,58655268;3,18097925;1,00000000
1,23243193;0,16578494;0,27097687;0,58639890;3,18097925;1,00000000
1,23249860;0,16578494;0,27097687;0,58624506;3,18097925;1,00000000
1,23256528;0,16578494;0,27097687;0,58609128;3,18097925;1,00000000
1,23263195;0,16578494;0,27097687;0,58578372;3,18097925;1,00000000
1,23269862;0,16578494;0,27097687;0,58562988;3,18097925;1,00000000
1,23276529;0,16578494;0,27128446;0,58532232;3,18067169;1,00000000
1,23283196;0,16578494;0,27128446;0,58501476;3,18097925;1,00000000
1,23289864;0,16578494;0,27097687;0,58470720;3,18097925;1,00000000
1,23296531;0,16578494;0,27097687;0,58439958;3,18128681;1,00000000
1,23303198;0,16578494;0,27066928;0,58409202;3,18128681;1,00000000
1,23309865;0,16578494;0,27066928;0,58393824;3,18128681;1,00000000
1,23316532;0,16578494;0,27097687;0,58363068;3,18128681;1,00000000
1,23323200;0,16578494;0,27097687;0,58332312;3,18128681;1,00000000
1,23329867;0,16578494;0,27097687;0,58286172;3,18097925;1,00000000
1,23336534;0,16578494;0,27066928;0,58255410;3,18097925;1,00000000
1,23343201;0,16578494;0,27036172;0,58240032;3,18128681;1,00000000
1,23349868;0,16563116;0,27005413;0,58224654;3,18159461;1,00000000
1,23356536;0,16563116;0,27005413;0,58178520;3,18159461;1,00000000
1,23363203;0,16563116;0,27005413;0,58147764;3,18159461;1,00000000
1,23369870;0,16563116;0,27005413;0,58117002;3,18190217;1,00000000
1,23376537;0,16563116;0,27005413;0,58086246;3,18190217;1,00000000
1,23383204;0,16563116;0,27036172;0,58040106;3,18190217;1,00000000
1,23389872;0,16563116;0,27036172;0,58009350;3,18190217;1,00000000
1,23396539;0,16563116;0,27005413;0,57978594;3,18220973;1,00000000
1,23403206;0,16563116;0,27005413;0,57947832;3,18251729;1,00000000
1,23409873;0,16563116;0,27005413;0,57932454;3,18251729;1,00000000
1,23416540;0,16563116;0,27005413;0,57901698;3,18251729;1,00000000
1,23423208;0,16563116;0,27036172;0,57886314;3,18220973;1,00000000
1,23429875;0,16563116;0,27005413;0,57870936;3,18220973;1,00000000
1,23436542;0,16563116;0,27005413;0,57840180;3,18220973;1,00000000
1,23443209;0,16547737;0,27005413;0,57809424;3,18220973;1,00000000
1,23449876;0,16547737;0,26974654;0,57809424;3,18190217;1,00000000
1,23456544;0,16532359;0,26943898;0,57794046;3,18220973;1,00000000
1,23463211;0,16532359;0,26943898;0,57778668;3,18282485;1,00000000
1,23469878;0,16532359;0,26913139;0,57747906;3,18313241;1,00000000
1,23476545;0,16532359;0,26913139;0,57717150;3,18282485;1,00000000
1,23483212;0,16516978;0,26913139;0,57701772;3,18282485;1,00000000
1,23489880;0,16516978;0,26943898;0,57686394;3,18282485;1,00000000
1,23496547;0,16516978;0,26913139;0,57671016;3,18282485;1,00000000
1,23503214;0,16501600;0,26882383;0,57655638;3,18251729;1,00000000
1,23509881;0,16501600;0,26882383;0,57640254;3,18282485;1,00000000
1,23516548;0,16501600;0,26882383;0,57624876;3,18313241;1,00000000
1,23523216;0,16486220;0,26851624;0,57609499;3,18343997;1,00000000
1,23529883;0,16470842;0,26851624;0,57609499;3,18405509;1,00000000
1,23536550;0,16470842;0,26851624;0,57594121;3,18405509;1,00000000
1,23543217;0,16470842;0,26851624;0,57578737;3,18374753;1,00000000
1,23549884;0,16455463;0,26851624;0,57578737;3,18343997;1,00000000
1,23556552;0,16440085;0,26882383;0,57578737;3,18343997;1,00000000
1,23563219;0,16440085;0,26882383;0,57578737;3,18343997;1,00000000
1,23569886;0,16440085;0,26882383;0,57594121;3,18374753;1,00000000
1,23576553;0,16424704;0,26913139;0,57594121;3,18405509;1,00000000
1,23583220;0,16424704;0,26913139;0,57594121;3,18436265;1,00000000
1,23589888;0,16424704;0,26943898;0,57594121;3,18528533;1,00000000
1,23596555;0,16424704;0,26974654;0,57594121;3,18467021;1,00000000
1,23603222;0,16424704;0,26974654;0,57609499;3,18436265;1,00000000
1,23609889;0,16424704;0,27005413;0,57624876;3,18436265;1,00000000
1,23616556;0,16409326;0,27005413;0,57640254;3,18436265;1,00000000
1,23623224;0,16409326;0,27005413;0,57655638;3,18467021;1,00000000
1,23629891;0,16409326;0,27005413;0,57671016;3,18528533;1,00000000
1,23636558;0,16393946;0,27005413;0,57701772;3,18559289;1,00000000
1,23643225;0,16393946;0,27036172;0,57701772;3,18590045;1,00000000
1,23649892;0,16393946;0,27066928;0,57717150;3,18590045;1,00000000
1,23656560;0,16393946;0,27066928;0,57747906;3,18559289;1,00000000
1,23663227;0,16393946;0,27097687;0,57747906;3,18528533;1,00000000
1,23669894;0,16393946;0,27097687;0,57778668;3,18528533;1,00000000
1,23676561;0,16393946;0,27097687;0,57794046;3,18528533;1,00000000
1,23683228;0,16393946;0,27097687;0,57824802;3,18528533;1,00000000
1,23689896;0,16393946;0,27097687;0,57855558;3,18528533;1,00000000
1,23696563;0,16409326;0,27097687;0,57870936;3,18528533;1,00000000
1,23703230;0,16424704;0,27128446;0,57901698;3,18559289;1,00000000
1,23709897;0,16424704;0,27128446;0,57901698;3,18528533;1,00000000
1,23716564;0,16424704;0,27128446;0,57917076;3,18467021;1,00000000
1,23723232;0,16440085;0,27159202;0,57947832;3,18405509;1,00000000
1,23729899;0,16440085;0,27128446;0,57978594;3,18405509;1,00000000
1,23736566;0,16440085;0,27128446;0,57993972;3,18405509;1,00000000
1,23743233;0,16440085;0,27128446;0,58024728;3,18405509;1,00000000
1,23749900;0,16440085;0,27128446;0,58055484;3,18405509;1,00000000
1,23756568;0,16440085;0,27128446;0,58086246;3,18405509;1,00000000
1,23763235;0,16424704;0,27097687;0,58117002;3,18374753;1,00000000
1,23769902;0,16424704;0,27066928;0,58147764;3,18343997;1,00000000
1,23776569;0,16409326;0,27036172;0,58178520;3,18313241;1,00000000
1,23783236;0,16409326;0,27005413;0,58209276;3,18282485;1,00000000
1,23789904;0,16393946;0,27005413;0,58240032;3,18282485;1,00000000
1,23796571;0,16378568;0,27036172;0,58255410;3,18282485;1,00000000
1,23803238;0,16378568;0,27036172;0,58286172;3,18282485;1,00000000
1,23809905;0,16378568;0,27066928;0,58316928;3,18251729;1,00000000
1,23816572;0,16378568;0,27036172;0,58332312;3,18220973;1,00000000
1,23823240;0,16393946;0,27036172;0,58363068;3,18190217;1,00000000
1,23829907;0,16378568;0,27005413;0,58393824;3,18159461;1,00000000
1,23836574;0,16393946;0,26974654;0,58439958;3,18128681;1,00000000
1,23843241;0,16409326;0,26974654;0,58455342;3,18097925;1,00000000
1,23849908;0,16409326;0,26974654;0,58486098;3,18067169;1,00000000
1,23856576;0,16409326;0,26974654;0,58501476;3,18036413;1,00000000
1,23863243;0,16409326;0,26943898;0,58532232;3,18005657;1,00000000
1,23869910;0,16409326;0,26913139;0,58562988;3,18005657;1,00000000
1,23876577;0,16393946;0,26913139;0,58578372;3,18005657;1,00000000
1,23883244;0,16393946;0,26882383;0,58609128;3,17974901;1,00000000
1,23889912;0,16393946;0,26851624;0,58639890;3,17913389;1,00000000
1,23896579;0,16393946;0,26851624;0,58655268;3,17882633;1,00000000
1,23903246;0,16393946;0,26851624;0,58701402;3,17851877;1,00000000
1,23909913;0,16409326;0,26851624;0,58732158;3,17821121;1,00000000
1,23916580;0,16409326;0,26851624;0,58762920;3,17821121;1,00000000
1,23923248;0,16409326;0,26851624;0,58793676;3,17821121;1,00000000
1,23929915;0,16409326;0,26851624;0,58824432;3,17821121;1,00000000
1,23936582;0,16409326;0,26882383;0,58839810;3,17790365;1,00000000
1,23943249;0,16393946;0,26851624;0,58870566;3,17728853;1,00000000
1,23949916;0,16393946;0,26851624;0,58885950;3,17698097;1,00000000
1,23956584;0,16378568;0,26820865;0,58901328;3,17667341;1,00000000
1,23963251;0,16378568;0,26820865;0,58947468;3,17667341;1,00000000
1,23969918;0,16378568;0,26820865;0,58978224;3,17667341;1,00000000
1,23976585;0,16363189;0,26790109;0,58993602;3,17667341;1,00000000
1,23983252;0,16363189;0,26759350;0,59008980;3,17667341;1,00000000
1,23989920;0,16363189;0,26728594;0,59024358;3,17605782;1,00000000
1,23996587;0,16363189;0,26728594;0,59039736;3,17544270;1,00000000
1,24003254;0,16363189;0,26728594;0,59070498;3,17544270;1,00000000
1,24009921;0,16363189;0,26697835;0,59085876;3,17544270;1,00000000
1,24016588;0,16347811;0,26667076;0,59101254;3,17544270;1,00000000
1,24023256;0,16332431;0,26667076;0,59116638;3,17544270;1,00000000
1,24029923;0,16317053;0,26636320;0,59132016;3,17544270;1,00000000
1,24036590;0,16301674;0,26636320;0,59162772;3,17575026;1,00000000
1,24043257;0,16301674;0,26636320;0,59178150;3,17575026;1,00000000
1,24049924;0,16317053;0,26636320;0,59193528;3,17605782;1,00000000
1,24056592;0,16301674;0,26636320;0,59208906;3,17605782;1,00000000
1,24063259;0,16301674;0,26636320;0,59239668;3,17605782;1,00000000
1,24069926;0,16301674;0,26605561;0,59255046;3,17605782;1,00000000
1,24076593;0,16286296;0,26574802;0,59285802;3,17605782;1,00000000
1,24083260;0,16286296;0,26605561;0,59301186;3,17636538;1,00000000
1,24089928;0,16301674;0,26636320;0,59316564;3,17636538;1,00000000
1,24096595;0,16301674;0,26605561;0,59331942;3,17698097;1,00000000
1,24103262;0,16301674;0,26605561;0,59347320;3,17728853;1,00000000
1,24109929;0,16301674;0,26605561;0,59347320;3,17728853;1,00000000
1,24116596;0,16301674;0,26605561;0,59347320;3,17728853;1,00000000
1,24123264;0,16301674;0,26605561;0,59347320;3,17759609;1,00000000
1,24129931;0,16301674;0,26574802;0,59331942;3,17790365;1,00000000
1,24136598;0,16317053;0,26574802;0,59331942;3,17790365;1,00000000
1,24143265;0,16317053;0,26574802;0,59331942;3,17790365;1,00000000
1,24149932;0,16317053;0,26574802;0,59331942;3,17821121;1,00000000
1,24156600;0,16317053;0,26574802;0,59316564;3,17821121;1,00000000
1,24163267;0,16317053;0,26574802;0,59316564;3,17821121;1,00000000
1,24169934;0,16301674;0,26574802;0,59301186;3,17821121;1,00000000
1,24176601;0,16286296;0,26574802;0,59285802;3,17821121;1,00000000
1,24183268;0,16286296;0,26574802;0,59270424;3,17821121;1,00000000
1,24189936;0,16286296;0,26605561;0,59255046;3,17851877;1,00000000
1,24196603;0,16286296;0,26574802;0,59239668;3,17882633;1,00000000
1,24203270;0,16286296;0,26574802;0,59224284;3,17913389;1,00000000
1,24209937;0,16270915;0,26574802;0,59208906;3,17944145;1,00000000
1,24216604;0,16255537;0,26605561;0,59178150;3,17974901;1,00000000
1,24223272;0,16255537;0,26636320;0,59147394;3,17974901;1,00000000
1,24229939;0,16270915;0,26667076;0,59132016;3,18005657;1,00000000
1,24236606;0,16270915;0,26667076;0,59116638;3,18036413;1,00000000
1,24243273;0,16270915;0,26636320;0,59085876;3,18036413;1,00000000
1,24249940;0,16286296;0,26667076;0,59055120;3,18005657;1,00000000
1,24256608;0,16286296;0,26697835;0,59039736;3,18036413;1,00000000
1,24263275;0,16286296;0,26728594;0,59008980;3,18067169;1,00000000
1,24269942;0,16301674;0,26697835;0,58978224;3,18067169;1,00000000
1,24276609;0,16301674;0,26697835;0,58947468;3,18067169;1,00000000
1,24283276;0,16286296;0,26667076;0,58901328;3,18067169;1,00000000
1,24289944;0,16286296;0,26667076;0,58870566;3,18097925;1,00000000
1,24296611;0,16301674;0,26667076;0,58839810;3,18097925;1,00000000
1,24303278;0,16317053;0,26697835;0,58809054;3,18067169;1,00000000
1,24309945;0,16317053;0,26697835;0,58793676;3,18067169;1,00000000
1,24316612;0,16332431;0,26697835;0,58747536;3,18067169;1,00000000
1,24323280;0,16347811;0,26728594;0,58716780;3,18067169;1,00000000
1,24329947;0,16347811;0,26759350;0,58686024;3,18097925;1,00000000
1,24336614;0,16347811;0,26728594;0,58655268;3,18128681;1,00000000
1,24343281;0,16363189;0,26728594;0,58609128;3,18128681;1,00000000
1,24349948;0,16363189;0,26728594;0,58562988;3,18128681;1,00000000
1,24356616;0,16363189;0,26759350;0,58532232;3,18097925;1,00000000
1,24363283;0,16363189;0,26790109;0,58486098;3,18097925;1,00000000
1,24369950;0,16378568;0,26820865;0,58455342;3,18097925;1,00000000
1,24376617;0,16378568;0,26851624;0,58409202;3,18097925;1,00000000
1,24383284;0,16378568;0,26851624;0,58363068;3,18128681;1,00000000
1,24389952;0,16378568;0,26882383;0,58332312;3,18128681;1,00000000
1,24396619;0,16378568;0,26851624;0,58286172;3,18128681;1,00000000
1,24403286;0,16378568;0,26882383;0,58255410;3,18128681;1,00000000
1,24409953;0,16393946;0,26851624;0,58209276;3,18097925;1,00000000
1,24416620;0,16393946;0,26882383;0,58163142;3,18128681;1,00000000
1,24423288;0,16409326;0,26882383;0,58132380;3,18190217;1,00000000
1,24429955;0,16424704;0,26882383;0,58086246;3,18190217;1,00000000
1,24436622;0,16424704;0,26882383;0,58055484;3,18220973;1,00000000
1,24443289;0,16424704;0,26913139;0,58024728;3,18220973;1,00000000
1,24449956;0,16440085;0,26943898;0,57978594;3,18220973;1,00000000
1,24456624;0,16455463;0,26974654;0,57947832;3,18220973;1,00000000
1,24463291;0,16455463;0,27005413;0,57886314;3,18190217;1,00000000
1,24469958;0,16486220;0,27005413;0,57840180;3,18190217;1,00000000
1,24476625;0,16486220;0,27036172;0,57809424;3,18251729;1,00000000
1,24483292;0,16501600;0,27036172;0,57763284;3,18251729;1,00000000
1,24489960;0,16532359;0,27036172;0,57732528;3,18251729;1,00000000
1,24496627;0,16547737;0,27066928;0,57686394;3,18251729;1,00000000
1,24503294;0,16563116;0,27066928;0,57671016;3,18251729;1,00000000
1,24509961;0,16563116;0,27066928;0,57655638;3,18251729;1,00000000
1,24516628;0,16547737;0,27036172;0,57624876;3,18220973;1,00000000
1,24523296;0,16547737;0,27036172;0,57609499;3,18220973;1,00000000
1,24529963;0,16547737;0,27036172;0,57563359;3,18282485;1,00000000
1,24536630;0,16563116;0,27036172;0,57532603;3,18282485;1,00000000
1,24543297;0,16563116;0,27036172;0,57486469;3,18282485;1,00000000
1,24549964;0,16563116;0,27005413;0,57455707;3,18282485;1,00000000
1,24556632;0,16578494;0,27005413;0,57424951;3,18282485;1,00000000
1,24563299;0,16578494;0,27036172;0,57394195;3,18282485;1,00000000
1,24569966;0,16578494;0,27066928;0,57348061;3,18313241;1,00000000
1,24576633;0,16563116;0,27036172;0,57317299;3,18251729;1,00000000
1,24583300;0,16563116;0,27066928;0,57286543;3,18220973;1,00000000
1,24589968;0,16563116;0,27036172;0,57255781;3,18220973;1,00000000
1,24596635;0,16563116;0,27036172;0,57209647;3,18220973;1,00000000
1,24603302;0,16563116;0,27005413;0,57178891;3,18220973;1,00000000
1,24609969;0,16578494;0,26974654;0,57163513;3,18251729;1,00000000
1,24616636;0,16578494;0,26943898;0,57132751;3,18282485;1,00000000
1,24623304;0,16578494;0,26974654;0,57132751;3,18282485;1,00000000
1,24629971;0,16578494;0,26943898;0,57117373;3,18251729;1,00000000
1,24636638;0,16578494;0,26913139;0,57101995;3,18220973;1,00000000
1,24643305;0,16578494;0,26882383;0,57101995;3,18190217;1,00000000
1,24649972;0,16578494;0,26851624;0,57086611;3,18190217;1,00000000
1,24656640;0,16578494;0,26820865;0,57071233;3,18190217;1,00000000
1,24663307;0,16578494;0,26790109;0,57071233;3,18190217;1,00000000
1,24669974;0,16578494;0,26790109;0,57071233;3,18190217;1,00000000
1,24676641;0,16563116;0,26790109;0,57071233;3,18190217;1,00000000
1,24683308;0,16563116;0,26790109;0,57071233;3,18159461;1,00000000
1,24689976;0,16563116;0,26759350;0,57071233;3,18128681;1,00000000
1,24696643;0,16563116;0,26759350;0,57071233;3,18190217;1,00000000
1,24703310;0,16563116;0,26759350;0,57086611;3,18220973;1,00000000
1,24709977;0,16563116;0,26728594;0,57101995;3,18251729;1,00000000
1,24716644;0,16563116;0,26728594;0,57132751;3,18220973;1,00000000
1,24723312;0,16563116;0,26728594;0,57148129;3,18190217;1,00000000
1,24729979;0,16563116;0,26697835;0,57178891;3,18190217;1,00000000
1,24736646;0,16578494;0,26697835;0,57209647;3,18190217;1,00000000
1,24743313;0,16593874;0,26697835;0,57255781;3,18190217;1,00000000
1,24749980;0,16578494;0,26697835;0,57286543;3,18251729;1,00000000
1,24756648;0,16578494;0,26728594;0,57301921;3,18313241;1,00000000
1,24763315;0,16578494;0,26697835;0,57317299;3,18374753;1,00000000
1,24769982;0,16578494;0,26697835;0,57348061;3,18343997;1,00000000
1,24776649;0,16578494;0,26697835;0,57363439;3,18343997;1,00000000
1,24783316;0,16578494;0,26697835;0,57409573;3,18343997;1,00000000
1,24789984;0,16578494;0,26728594;0,57455707;3,18343997;1,00000000
1,24796651;0,16578494;0,26759350;0,57501847;3,18343997;1,00000000
1,24803318;0,16578494;0,26790109;0,57547981;3,18405509;1,00000000
1,24809985;0,16578494;0,26759350;0,57609499;3,18467021;1,00000000
1,24816652;0,16563116;0,26790109;0,57655638;3,18559289;1,00000000
1,24823320;0,16563116;0,26820865;0,57701772;3,18559289;1,00000000
1,24829987;0,16563116;0,26790109;0,57747906;3,18559289;1,00000000
1,24836654;0,16563116;0,26790109;0,57794046;3,18559289;1,00000000
1,24843321;0,16563116;0,26790109;0,57824802;3,18559289;1,00000000
1,24849988;0,16563116;0,26790109;0,57886314;3,18620801;1,00000000
1,24856656;0,16563116;0,26820865;0,57932454;3,18682337;1,00000000
1,24863323;0,16563116;0,26851624;0,57963216;3,18743849;1,00000000
1,24869990;0,16563116;0,26851624;0,57993972;3,18774605;1,00000000
1,24876657;0,16563116;0,26851624;0,58040106;3,18774605;1,00000000
1,24883324;0,16563116;0,26851624;0,58086246;3,18743849;1,00000000
1,24889992;0,16563116;0,26882383;0,58132380;3,18743849;1,00000000
1,24896659;0,16563116;0,26913139;0,58178520;3,18774605;1,00000000
1,24903326;0,16563116;0,26943898;0,58224654;3,18805361;1,00000000
1,24909993;0,16563116;0,26943898;0,58255410;3,18836117;1,00000000
1,24916660;0,16563116;0,26974654;0,58301550;3,18866873;1,00000000
1,24923328;0,16563116;0,26974654;0,58347690;3,18897629;1,00000000
1,24929995;0,16563116;0,26943898;0,58378446;3,18928385;1,00000000
1,24936662;0,16563116;0,26943898;0,58424580;3,18928385;1,00000000
1,24943329;0,16563116;0,26974654;0,58486098;3,18897629;1,00000000
1,24949996;0,16563116;0,26974654;0,58516854;3,18897629;1,00000000
1,24956664;0,16563116;0,27005413;0,58547610;3,18897629;1,00000000
1,24963331;0,16578494;0,27005413;0,58578372;3,18897629;1,00000000
1,24969998;0,16578494;0,27036172;0,58609128;3,18897629;1,00000000
1,24976665;0,16578494;0,27066928;0,58639890;3,18897629;1,00000000
1,24983332;0,16593874;0,27066928;0,58686024;3,18928385;1,00000000
1,24990000;0,16593874;0,27097687;0,58732158;3,18928385;1,00000000
1,24996667;0,16578494;0,27128446;0,58762920;3,18959141;1,00000000
1,25003334;0,16578494;0,27128446;0,58809054;3,18959141;1,00000000
1,25010001;0,16578494;0,27128446;0,58839810;3,18959141;1,00000000
1,25016668;0,16578494;0,27128446;0,58855188;3,18959141;1,00000000
1,25023336;0,16578494;0,27128446;0,58870566;3,18959141;1,00000000
1,25030003;0,16578494;0,27128446;0,58901328;3,18989897;1,00000000
1,25036670;0,16578494;0,27159202;0,58947468;3,19020653;1,00000000
1,25043337;0,16578494;0,27159202;0,58962846;3,18989897;1,00000000
1,25050004;0,16578494;0,27159202;0,58962846;3,18989897;1,00000000
1,25056672;0,16578494;0,27159202;0,58962846;3,18989897;1,00000000
1,25063339;0,16578494;0,27159202;0,58978224;3,18989897;1,00000000
1,25070006;0,16578494;0,27159202;0,58978224;3,18989897;1,00000000
1,25076673;0,16578494;0,27159202;0,58978224;3,18959141;1,00000000
1,25083340;0,16578494;0,27189961;0,58978224;3,18928385;1,00000000
1,25090008;0,16578494;0,27189961;0,58993602;3,18897629;1,00000000
1,25096675;0,16578494;0,27189961;0,58993602;3,18866873;1,00000000
1,25103342;0,16578494;0,27220720;0,58993602;3,18866873;1,00000000
1,25110009;0,16578494;0,27251476;0,58993602;3,18866873;1,00000000
1,25116676;0,16578494;0,27251476;0,58978224;3,18866873;1,00000000
1,25123344;0,16578494;0,27251476;0,58978224;3,18897629;1,00000000
1,25130011;0,16578494;0,27220720;0,58978224;3,18928385;1,00000000
1,25136678;0,16578494;0,27220720;0,58962846;3,18928385;1,00000000
1,25143345;0,16563116;0,27220720;0,58962846;3,18897629;1,00000000
1,25150012;0,16563116;0,27220720;0,58962846;3,18897629;1,00000000
1,25156680;0,16563116;0,27220720;0,58947468;3,18897629;1,00000000
1,25163347;0,16563116;0,27220720;0,58932084;3,18897629;1,00000000
1,25170014;0,16563116;0,27220720;0,58901328;3,18866873;1,00000000
1,25176681;0,16563116;0,27220720;0,58901328;3,18866873;1,00000000
1,25183348;0,16563116;0,27220720;0,58901328;3,18897629;1,00000000
1,25190016;0,16563116;0,27220720;0,58885950;3,18897629;1,00000000
1,25196683;0,16563116;0,27220720;0,58870566;3,18897629;1,00000000
1,25203350;0,16563116;0,27220720;0,58839810;3,18897629;1,00000000
1,25210017;0,16563116;0,27220720;0,58809054;3,18897629;1,00000000
1,25216684;0,16563116;0,27220720;0,58778298;3,18897629;1,00000000
1,25223352;0,16563116;0,27220720;0,58747536;3,18897629;1,00000000
1,25230019;0,16547737;0,27220720;0,58732158;3,18928385;1,00000000
1,25236686;0,16547737;0,27220720;0,58701402;3,18897629;1,00000000
1,25243353;0,16547737;0,27220720;0,58686024;3,18928385;1,00000000
1,25250020;0,16547737;0,27220720;0,58655268;3,18959141;1,00000000
1,25256688;0,16563116;0,27220720;0,58624506;3,18989897;1,00000000
1,25263355;0,16563116;0,27220720;0,58609128;3,18989897;1,00000000
1,25270022;0,16563116;0,27220720;0,58578372;3,18989897;1,00000000
1,25276689;0,16563116;0,27220720;0,58547610;3,19020653;1,00000000
1,25283356;0,16563116;0,27189961;0,58516854;3,19020653;1,00000000
1,25290024;0,16563116;0,27189961;0,58486098;3,19020653;1,00000000
1,25296691;0,16563116;0,27159202;0,58455342;3,18989897;1,00000000
1,25303358;0,16563116;0,27159202;0,58439958;3,19020653;1,00000000
1,25310025;0,16563116;0,27159202;0,58393824;3,19051409;1,00000000
1,25316692;0,16563116;0,27128446;0,58363068;3,19051409;1,00000000
1,25323360;0,16563116;0,27097687;0,58316928;3,19082165;1,00000000
1,25330027;0,16547737;0,27128446;0,58270794;3,19082165;1,00000000
1,25336694;0,16547737;0,27159202;0,58240032;3,19082165;1,00000000
1,25343361;0,16547737;0,27159202;0,58193898;3,19082165;1,00000000
1,25350028;0,16547737;0,27159202;0,58178520;3,19082165;1,00000000
1,25356696;0,16547737;0,27128446;0,58163142;3,19082165;1,00000000
1,25363363;0,16547737;0,27097687;0,58132380;3,19112968;1,00000000
1,25370030;0,16547737;0,27066928;0,58117002;3,19143724;1,00000000
1,25376697;0,16547737;0,27066928;0,58086246;3,19112968;1,00000000
1,25383364;0,16547737;0,27066928;0,58055484;3,19082165;1,00000000
1,25390032;0,16547737;0,27066928;0,58024728;3,19082165;1,00000000
1,25396699;0,16547737;0,27066928;0,57993972;3,19082165;1,00000000
1,25403366;0,16532359;0,27097687;0,57963216;3,19082165;1,00000000
1,25410033;0,16516978;0,27066928;0,57917076;3,19051409;1,00000000
1,25416700;0,16516978;0,27066928;0,57901698;3,19082165;1,00000000
1,25423368;0,16516978;0,27066928;0,57870936;3,19143724;1,00000000
1,25430035;0,16501600;0,27036172;0,57840180;3,19143724;1,00000000
1,25436702;0,16501600;0,27036172;0,57809424;3,19112968;1,00000000
1,25443369;0,16501600;0,27066928;0,57794046;3,19112968;1,00000000
1,25450036;0,16501600;0,27066928;0,57763284;3,19112968;1,00000000
1,25456704;0,16501600;0,27097687;0,57732528;3,19112968;1,00000000
1,25463371;0,16501600;0,27097687;0,57717150;3,19082165;1,00000000
1,25470038;0,16501600;0,27097687;0,57686394;3,19082165;1,00000000
1,25476705;0,16501600;0,27097687;0,57655638;3,19112968;1,00000000
1,25483372;0,16516978;0,27128446;0,57624876;3,19143724;1,00000000
1,25490040;0,16501600;0,27128446;0,57594121;3,19205236;1,00000000
1,25496707;0,16501600;0,27128446;0,57578737;3,19174480;1,00000000
1,25503374;0,16501600;0,27128446;0,57563359;3,19174480;1,00000000
1,25510041;0,16501600;0,27128446;0,57547981;3,19174480;1,00000000
1,25516708;0,16501600;0,27128446;0,57532603;3,19174480;1,00000000
1,25523376;0,16501600;0,27128446;0,57532603;3,19174480;1,00000000
1,25530043;0,16486220;0,27097687;0,57517225;3,19205236;1,00000000
1,25536710;0,16486220;0,27097687;0,57501847;3,19235992;1,00000000
1,25543377;0,16470842;0,27097687;0,57486469;3,19266748;1,00000000
1,25550044;0,16455463;0,27066928;0,57486469;3,19297504;1,00000000
1,25556712;0,16455463;0,27097687;0,57486469;3,19328260;1,00000000
1,25563379;0,16440085;0,27097687;0,57486469;3,19328260;1,00000000
1,25570046;0,16424704;0,27128446;0,57486469;3,19328260;1,00000000
1,25576713;0,16424704;0,27128446;0,57486469;3,19328260;1,00000000
1,25583380;0,16424704;0,27097687;0,57501847;3,19328260;1,00000000
1,25590048;0,16424704;0,27128446;0,57501847;3,19328260;1,00000000
1,25596715;0,16424704;0,27128446;0,57501847;3,19328260;1,00000000
1,25603382;0,16424704;0,27159202;0,57501847;3,19328260;1,00000000
1,25610049;0,16424704;0,27189961;0,57501847;3,19328260;1,00000000
1,25616716;0,16409326;0,27189961;0,57501847;3,19328260;1,00000000
1,25623384;0,16393946;0,27220720;0,57517225;3,19328260;1,00000000
1,25630051;0,16393946;0,27251476;0,57532603;3,19328260;1,00000000
1,25636718;0,16378568;0,27220720;0,57532603;3,19328260;1,00000000
1,25643385;0,16378568;0,27189961;0,57547981;3,19359016;1,00000000
1,25650052;0,16378568;0,27189961;0,57547981;3,19359016;1,00000000
1,25656720;0,16378568;0,27189961;0,57578737;3,19359016;1,00000000
1,25663387;0,16378568;0,27220720;0,57609499;3,19328260;1,00000000
1,25670054;0,16378568;0,27251476;0,57624876;3,19328260;1,00000000
1,25676721;0,16378568;0,27282235;0,57640254;3,19328260;1,00000000
1,25683388;0,16378568;0,27312991;0,57671016;3,19328260;1,00000000
1,25690056;0,16378568;0,27312991;0,57701772;3,19328260;1,00000000
1,25696723;0,16378568;0,27312991;0,57732528;3,19389772;1,00000000
1,25703390;0,16378568;0,27312991;0,57763284;3,19451284;1,00000000
1,25710057;0,16378568;0,27343750;0,57778668;3,19420528;1,00000000
1,25716724;0,16393946;0,27374509;0,57809424;3,19389772;1,00000000
1,25723392;0,16393946;0,27405265;0,57840180;3,19359016;1,00000000
1,25730059;0,16393946;0,27436024;0,57870936;3,19359016;1,00000000
1,25736726;0,16393946;0,27436024;0,57901698;3,19359016;1,00000000
1,25743393;0,16393946;0,27436024;0,57917076;3,19328260;1,00000000
1,25750060;0,16393946;0,27436024;0,57932454;3,19297504;1,00000000
1,25756728;0,16378568;0,27405265;0,57963216;3,19297504;1,00000000
1,25763395;0,16378568;0,27436024;0,57978594;3,19266748;1,00000000
1,25770062;0,16363189;0,27466780;0,57993972;3,19235992;1,00000000
1,25776729;0,16378568;0,27497539;0,58024728;3,19205236;1,00000000
1,25783396;0,16393946;0,27528298;0,58024728;3,19174480;1,00000000
1,25790064;0,16393946;0,27497539;0,58055484;3,19112968;1,00000000
1,25796731;0,16378568;0,27497539;0,58086246;3,19082165;1,00000000
1,25803398;0,16378568;0,27497539;0,58117002;3,19051409;1,00000000
1,25810065;0,16378568;0,27466780;0,58132380;3,19051409;1,00000000
1,25816732;0,16378568;0,27466780;0,58163142;3,19051409;1,00000000
1,25823400;0,16378568;0,27497539;0,58193898;3,19051409;1,00000000
1,25830067;0,16378568;0,27497539;0,58209276;3,18989897;1,00000000
1,25836734;0,16378568;0,27528298;0,58255410;3,18928385;1,00000000
1,25843401;0,16363189;0,27559054;0,58270794;3,18897629;1,00000000
1,25850068;0,16347811;0,27528298;0,58301550;3,18836117;1,00000000
1,25856736;0,16363189;0,27497539;0,58332312;3,18774605;1,00000000
1,25863403;0,16347811;0,27466780;0,58363068;3,18774605;1,00000000
1,25870070;0,16332431;0,27436024;0,58378446;3,18774605;1,00000000
1,25876737;0,16332431;0,27405265;0,58424580;3,18774605;1,00000000
1,25883404;0,16332431;0,27405265;0,58455342;3,18774605;1,00000000
1,25890072;0,16332431;0,27405265;0,58486098;3,18743849;1,00000000
1,25896739;0,16332431;0,27405265;0,58516854;3,18682337;1,00000000
1,25903406;0,16347811;0,27436024;0,58547610;3,18620801;1,00000000
1,25910073;0,16332431;0,27436024;0,58578372;3,18590045;1,00000000
1,25916740;0,16347811;0,27436024;0,58609128;3,18559289;1,00000000
1,25923408;0,16347811;0,27405265;0,58639890;3,18528533;1,00000000
1,25930075;0,16347811;0,27374509;0,58670646;3,18528533;1,00000000
1,25936742;0,16347811;0,27343750;0,58670646;3,18467021;1,00000000
1,25943409;0,16347811;0,27312991;0,58686024;3,18436265;1,00000000
1,25950076;0,16363189;0,27312991;0,58716780;3,18374753;1,00000000
1,25956744;0,16347811;0,27282235;0,58732158;3,18343997;1,00000000
1,25963411;0,16332431;0,27251476;0,58762920;3,18313241;1,00000000
1,25970078;0,16317053;0,27220720;0,58778298;3,18313241;1,00000000
1,25976745;0,16301674;0,27220720;0,58793676;3,18313241;1,00000000
1,25983412;0,16301674;0,27189961;0,58809054;3,18313241;1,00000000
1,25990080;0,16301674;0,27189961;0,58824432;3,18313241;1,00000000
1,25996747;0,16301674;0,27220720;0,58839810;3,18282485;1,00000000
1,26003414;0,16286296;0,27189961;0,58870566;3,18282485;1,00000000
1,26010081;0,16270915;0,27159202;0,58885950;3,18251729;1,00000000
1,26016748;0,16270915;0,27189961;0,58885950;3,18251729;1,00000000
1,26023416;0,16255537;0,27220720;0,58916706;3,18251729;1,00000000
1,26030083;0,16240157;0,27189961;0,58962846;3,18251729;1,00000000
1,26036750;0,16240157;0,27159202;0,58978224;3,18220973;1,00000000
1,26043417;0,16240157;0,27159202;0,58978224;3,18190217;1,00000000
1,26050084;0,16224779;0,27159202;0,58993602;3,18220973;1,00000000
1,26056752;0,16240157;0,27159202;0,59008980;3,18220973;1,00000000
1,26063419;0,16240157;0,27159202;0,59024358;3,18220973;1,00000000
1,26070086;0,16240157;0,27159202;0,59039736;3,18220973;1,00000000
1,26076753;0,16224779;0,27128446;0,59055120;3,18220973;1,00000000
1,26083420;0,16224779;0,27128446;0,59070498;3,18251729;1,00000000
1,26090088;0,16224779;0,27128446;0,59085876;3,18251729;1,00000000
1,26096755;0,16224779;0,27097687;0,59085876;3,18282485;1,00000000
1,26103422;0,16240157;0,27128446;0,59101254;3,18282485;1,00000000
1,26110089;0,16240157;0,27097687;0,59101254;3,18282485;1,00000000
1,26116756;0,16224779;0,27097687;0,59116638;3,18313241;1,00000000
1,26123424;0,16224779;0,27066928;0,59132016;3,18343997;1,00000000
1,26130091;0,16209400;0,27036172;0,59132016;3,18343997;1,00000000
1,26136758;0,16209400;0,27005413;0,59116638;3,18374753;1,00000000
1,26143425;0,16209400;0,27036172;0,59116638;3,18405509;1,00000000
1,26150092;0,16224779;0,27036172;0,59116638;3,18405509;1,00000000
1,26156760;0,16224779;0,27036172;0,59116638;3,18405509;1,00000000
1,26163427;0,16209400;0,27036172;0,59116638;3,18405509;1,00000000
1,26170094;0,16209400;0,27036172;0,59116638;3,18436265;1,00000000
1,26176761;0,16194022;0,27036172;0,59101254;3,18467021;1,00000000
1,26183428;0,16209400;0,27005413;0,59101254;3,18467021;1,00000000
1,26190096;0,16194022;0,27036172;0,59101254;3,18528533;1,00000000
1,26196763;0,16194022;0,27066928;0,59085876;3,18559289;1,00000000
1,26203430;0,16178641;0,27066928;0,59070498;3,18559289;1,00000000
1,26210097;0,16178641;0,27097687;0,59039736;3,18559289;1,00000000
1,26216764;0,16178641;0,27097687;0,59008980;3,18559289;1,00000000
1,26223432;0,16178641;0,27097687;0,58978224;3,18559289;1,00000000
1,26230099;0,16194022;0,27128446;0,58932084;3,18590045;1,00000000
1,26236766;0,16194022;0,27097687;0,58916706;3,18590045;1,00000000
1,26243433;0,16194022;0,27097687;0,58885950;3,18620801;1,00000000
1,26250100;0,16194022;0,27097687;0,58870566;3,18620801;1,00000000
1,26256768;0,16194022;0,27128446;0,58839810;3,18620801;1,00000000
1,26263435;0,16178641;0,27128446;0,58809054;3,18620801;1,00000000
1,26270102;0,16178641;0,27128446;0,58809054;3,18620801;1,00000000
1,26276769;0,16178641;0,27128446;0,58793676;3,18620801;1,00000000
1,26283436;0,16194022;0,27128446;0,58762920;3,18651581;1,00000000
1,26290104;0,16194022;0,27097687;0,58732158;3,18682337;1,00000000
1,26296771;0,16209400;0,27128446;0,58701402;3,18713093;1,00000000
1,26303438;0,16209400;0,27159202;0,58670646;3,18713093;1,00000000
1,26310105;0,16224779;0,27189961;0,58655268;3,18713093;1,00000000
1,26316772;0,16240157;0,27220720;0,58624506;3,18682337;1,00000000
1,26323440;0,16240157;0,27251476;0,58593750;3,18651581;1,00000000
1,26330107;0,16255537;0,27220720;0,58547610;3,18651581;1,00000000
1,26336774;0,16255537;0,27220720;0,58501476;3,18651581;1,00000000
1,26343441;0,16255537;0,27220720;0,58470720;3,18682337;1,00000000
1,26350108;0,16270915;0,27220720;0,58439958;3,18713093;1,00000000
1,26356776;0,16286296;0,27251476;0,58424580;3,18682337;1,00000000
1,26363443;0,16301674;0,27282235;0,58393824;3,18682337;1,00000000
1,26370110;0,16317053;0,27282235;0,58363068;3,18682337;1,00000000
1,26376777;0,16332431;0,27282235;0,58316928;3,18682337;1,00000000
1,26383444;0,16332431;0,27251476;0,58286172;3,18682337;1,00000000
1,26390112;0,16347811;0,27251476;0,58240032;3,18713093;1,00000000
1,26396779;0,16347811;0,27251476;0,58193898;3,18743849;1,00000000
1,26403446;0,16347811;0,27220720;0,58163142;3,18682337;1,00000000
1,26410113;0,16363189;0,27220720;0,58132380;3,18651581;1,00000000
1,26416780;0,16363189;0,27251476;0,58101624;3,18620801;1,00000000
1,26423448;0,16378568;0,27282235;0,58055484;3,18651581;1,00000000
1,26430115;0,16378568;0,27282235;0,58024728;3,18682337;1,00000000
1,26436782;0,16378568;0,27282235;0,57978594;3,18682337;1,00000000
1,26443449;0,16378568;0,27312991;0,57947832;3,18713093;1,00000000
1,26450116;0,16393946;0,27282235;0,57901698;3,18713093;1,00000000
1,26456784;0,16393946;0,27251476;0,57855558;3,18651581;1,00000000
1,26463451;0,16409326;0,27251476;0,57840180;3,18620801;1,00000000
1,26470118;0,16409326;0,27282235;0,57809424;3,18590045;1,00000000
1,26476785;0,16424704;0,27282235;0,57763284;3,18620801;1,00000000
1,26483452;0,16424704;0,27282235;0,57732528;3,18620801;1,00000000
1,26490120;0,16424704;0,27282235;0,57686394;3,18620801;1,00000000
1,26496787;0,16424704;0,27251476;0,57640254;3,18620801;1,00000000
1,26503454;0,16424704;0,27220720;0,57594121;3,18590045;1,00000000
1,26510121;0,16440085;0,27220720;0,57563359;3,18559289;1,00000000
1,26516788;0,16440085;0,27220720;0,57517225;3,18528533;1,00000000
1,26523456;0,16455463;0,27220720;0,57471091;3,18467021;1,00000000
1,26530123;0,16470842;0,27220720;0,57440329;3,18467021;1,00000000
1,26536790;0,16470842;0,27251476;0,57424951;3,18467021;1,00000000
1,26543457;0,16470842;0,27282235;0,57378817;3,18467021;1,00000000
1,26550124;0,16470842;0,27282235;0,57348061;3,18528533;1,00000000
1,26556792;0,16470842;0,27312991;0,57301921;3,18436265;1,00000000
1,26563459;0,16470842;0,27312991;0,57286543;3,18405509;1,00000000
1,26570126;0,16470842;0,27312991;0,57271159;3,18374753;1,00000000
1,26576793;0,16470842;0,27282235;0,57255781;3,18343997;1,00000000
1,26583461;0,16486220;0,27282235;0,57209647;3,18343997;1,00000000
1,26590128;0,16486220;0,27312991;0,57194269;3,18374753;1,00000000
1,26596795;0,16486220;0,27312991;0,57178891;3,18374753;1,00000000
1,26603462;0,16486220;0,27312991;0,57163513;3,18405509;1,00000000
1,26610129;0,16486220;0,27282235;0,57148129;3,18374753;1,00000000
1,26616797;0,16486220;0,27251476;0,57132751;3,18313241;1,00000000
1,26623464;0,16486220;0,27220720;0,57132751;3,18282485;1,00000000
1,26630131;0,16501600;0,27189961;0,57132751;3,18251729;1,00000000
1,26636798;0,16501600;0,27189961;0,57132751;3,18220973;1,00000000
1,26643465;0,16501600;0,27189961;0,57132751;3,18220973;1,00000000
1,26650133;0,16501600;0,27189961;0,57101995;3,18220973;1,00000000
1,26656800;0,16501600;0,27189961;0,57101995;3,18220973;1,00000000
1,26663467;0,16501600;0,27159202;0,57101995;3,18251729;1,00000000
1,26670134;0,16486220;0,27159202;0,57101995;3,18251729;1,00000000
1,26676801;0,16486220;0,27128446;0,57117373;3,18251729;1,00000000
1,26683469;0,16486220;0,27097687;0,57117373;3,18251729;1,00000000
1,26690136;0,16470842;0,27097687;0,57117373;3,18220973;1,00000000
1,26696803;0,16470842;0,27066928;0,57117373;3,18220973;1,00000000
1,26703470;0,16501600;0,27036172;0,57132751;3,18220973;1,00000000
1,26710137;0,16501600;0,27036172;0,57132751;3,18251729;1,00000000
1,26716805;0,16516978;0,27066928;0,57148129;3,18282485;1,00000000
1,26723472;0,16516978;0,27066928;0,57163513;3,18282485;1,00000000
1,26730139;0,16516978;0,27036172;0,57194269;3,18282485;1,00000000
1,26736806;0,16516978;0,27005413;0,57209647;3,18251729;1,00000000
1,26743473;0,16516978;0,26974654;0,57240403;3,18251729;1,00000000
1,26750141;0,16501600;0,26974654;0,57271159;3,18282485;1,00000000
1,26756808;0,16501600;0,26974654;0,57317299;3,18313241;1,00000000
1,26763475;0,16501600;0,27005413;0,57348061;3,18343997;1,00000000
1,26770142;0,16501600;0,27005413;0,57378817;3,18374753;1,00000000
1,26776809;0,16501600;0,27036172;0,57424951;3,18343997;1,00000000
1,26783477;0,16501600;0,27036172;0,57471091;3,18343997;1,00000000
1,26790144;0,16501600;0,27005413;0,57501847;3,18374753;1,00000000
1,26796811;0,16501600;0,27005413;0,57547981;3,18405509;1,00000000
1,26803478;0,16501600;0,27005413;0,57594121;3,18436265;1,00000000
1,26810145;0,16501600;0,26974654;0,57624876;3,18436265;1,00000000
1,26816813;0,16501600;0,26974654;0,57655638;3,18467021;1,00000000
1,26823480;0,16501600;0,27005413;0,57686394;3,18528533;1,00000000
1,26830147;0,16501600;0,27005413;0,57732528;3,18528533;1,00000000
1,26836814;0,16501600;0,27036172;0,57778668;3,18528533;1,00000000
1,26843481;0,16501600;0,27036172;0,57824802;3,18528533;1,00000000
1,26850149;0,16516978;0,27036172;0,57886314;3,18559289;1,00000000
1,26856816;0,16501600;0,27036172;0,57932454;3,18559289;1,00000000
1,26863483;0,16501600;0,27066928;0,57963216;3,18590045;1,00000000
1,26870150;0,16501600;0,27066928;0,58009350;3,18620801;1,00000000
1,26876817;0,16501600;0,27097687;0,58040106;3,18651581;1,00000000
1,26883485;0,16501600;0,27097687;0,58070862;3,18682337;1,00000000
1,26890152;0,16501600;0,27128446;0,58101624;3,18682337;1,00000000
1,26896819;0,16501600;0,27097687;0,58132380;3,18682337;1,00000000
1,26903486;0,16501600;0,27066928;0,58178520;3,18682337;1,00000000
1,26910153;0,16501600;0,27097687;0,58224654;3,18713093;1,00000000
1,26916821;0,16501600;0,27097687;0,58270794;3,18743849;1,00000000
1,26923488;0,16501600;0,27128446;0,58332312;3,18774605;1,00000000
1,26930155;0,16501600;0,27159202;0,58378446;3,18805361;1,00000000
1,26936822;0,16532359;0,27189961;0,58424580;3,18774605;1,00000000
1,26943489;0,16532359;0,27220720;0,58470720;3,18774605;1,00000000
1,26950157;0,16532359;0,27251476;0,58516854;3,18774605;1,00000000
1,26956824;0,16547737;0,27282235;0,58562988;3,18805361;1,00000000
1,26963491;0,16547737;0,27282235;0,58609128;3,18805361;1,00000000
1,26970158;0,16547737;0,27251476;0,58639890;3,18805361;1,00000000
1,26976825;0,16547737;0,27282235;0,58686024;3,18836117;1,00000000
1,26983493;0,16547737;0,27312991;0,58716780;3,18805361;1,00000000
1,26990160;0,16547737;0,27343750;0,58747536;3,18805361;1,00000000
1,26996827;0,16547737;0,27374509;0,58778298;3,18805361;1,00000000
1,27003494;0,16547737;0,27374509;0,58809054;3,18805361;1,00000000
1,27010161;0,16547737;0,27374509;0,58824432;3,18805361;1,00000000
1,27016829;0,16547737;0,27374509;0,58855188;3,18805361;1,00000000
1,27023496;0,16547737;0,27405265;0,58870566;3,18805361;1,00000000
1,27030163;0,16547737;0,27436024;0,58901328;3,18774605;1,00000000
1,27036830;0,16547737;0,27436024;0,58947468;3,18743849;1,00000000
1,27043497;0,16547737;0,27436024;0,58962846;3,18743849;1,00000000
1,27050165;0,16547737;0,27466780;0,58993602;3,18743849;1,00000000
1,27056832;0,16547737;0,27436024;0,58993602;3,18743849;1,00000000
1,27063499;0,16547737;0,27436024;0,58993602;3,18743849;1,00000000
1,27070166;0,16547737;0,27436024;0,58993602;3,18743849;1,00000000
1,27076833;0,16547737;0,27436024;0,59008980;3,18743849;1,00000000
1,27083501;0,16563116;0,27436024;0,59024358;3,18743849;1,00000000
1,27090168;0,16563116;0,27436024;0,59024358;3,18774605;1,00000000
1,27096835;0,16563116;0,27436024;0,59024358;3,18774605;1,00000000
1,27103502;0,16563116;0,27466780;0,59039736;3,18774605;1,00000000
1,27110169;0,16563116;0,27436024;0,59039736;3,18774605;1,00000000
1,27116837;0,16563116;0,27436024;0,59039736;3,18774605;1,00000000
1,27123504;0,16563116;0,27436024;0,59024358;3,18774605;1,00000000
1,27130171;0,16578494;0,27436024;0,59008980;3,18713093;1,00000000
1,27136838;0,16578494;0,27436024;0,59008980;3,18713093;1,00000000
1,27143505;0,16578494;0,27436024;0,59008980;3,18713093;1,00000000
1,27150173;0,16578494;0,27405265;0,58993602;3,18713093;1,00000000
1,27156840;0,16563116;0,27405265;0,58978224;3,18713093;1,00000000
1,27163507;0,16563116;0,27405265;0,58978224;3,18713093;1,00000000
1,27170174;0,16563116;0,27374509;0,58962846;3,18713093;1,00000000
1,27176841;0,16563116;0,27374509;0,58947468;3,18713093;1,00000000
1,27183509;0,16563116;0,27374509;0,58947468;3,18682337;1,00000000
1,27190176;0,16547737;0,27343750;0,58947468;3,18651581;1,00000000
1,27196843;0,16547737;0,27374509;0,58947468;3,18620801;1,00000000
1,27203510;0,16547737;0,27405265;0,58901328;3,18651581;1,00000000
1,27210177;0,16547737;0,27374509;0,58885950;3,18651581;1,00000000
1,27216845;0,16547737;0,27374509;0,58855188;3,18651581;1,00000000
1,27223512;0,16547737;0,27374509;0,58824432;3,18651581;1,00000000
1,27230179;0,16547737;0,27374509;0,58793676;3,18620801;1,00000000
1,27236846;0,16547737;0,27374509;0,58778298;3,18620801;1,00000000
1,27243513;0,16547737;0,27405265;0,58762920;3,18620801;1,00000000
1,27250181;0,16547737;0,27405265;0,58747536;3,18620801;1,00000000
1,27256848;0,16547737;0,27405265;0,58732158;3,18620801;1,00000000
1,27263515;0,16547737;0,27405265;0,58701402;3,18620801;1,00000000
1,27270182;0,16547737;0,27405265;0,58686024;3,18620801;1,00000000
1,27276849;0,16547737;0,27374509;0,58655268;3,18590045;1,00000000
1,27283517;0,16547737;0,27374509;0,58639890;3,18559289;1,00000000
1,27290184;0,16547737;0,27374509;0,58609128;3,18559289;1,00000000
1,27296851;0,16547737;0,27343750;0,58593750;3,18590045;1,00000000
1,27303518;0,16547737;0,27374509;0,58562988;3,18620801;1,00000000
1,27310185;0,16547737;0,27343750;0,58532232;3,18651581;1,00000000
1,27316853;0,16547737;0,27343750;0,58501476;3,18682337;1,00000000
1,27323520;0,16547737;0,27312991;0,58486098;3,18682337;1,00000000
1,27330187;0,16547737;0,27282235;0,58455342;3,18713093;1,00000000
1,27336854;0,16547737;0,27251476;0,58409202;3,18682337;1,00000000
1,27343521;0,16547737;0,27251476;0,58378446;3,18682337;1,00000000
1,27350189;0,16547737;0,27251476;0,58363068;3,18682337;1,00000000
1,27356856;0,16547737;0,27251476;0,58332312;3,18713093;1,00000000
1,27363523;0,16547737;0,27251476;0,58301550;3,18743849;1,00000000
1,27370190;0,16547737;0,27251476;0,58270794;3,18805361;1,00000000
1,27376857;0,16547737;0,27220720;0,58240032;3,18805361;1,00000000
1,27383525;0,16547737;0,27189961;0,58209276;3,18774605;1,00000000
1,27390192;0,16547737;0,27159202;0,58178520;3,18743849;1,00000000
1,27396859;0,16547737;0,27159202;0,58147764;3,18743849;1,00000000
1,27403526;0,16547737;0,27159202;0,58117002;3,18713093;1,00000000
1,27410193;0,16547737;0,27189961;0,58086246;3,18682337;1,00000000
1,27416861;0,16547737;0,27159202;0,58055484;3,18713093;1,00000000
1,27423528;0,16516978;0,27128446;0,58024728;3,18743849;1,00000000
1,27430195;0,16516978;0,27128446;0,57993972;3,18774605;1,00000000
1,27436862;0,16516978;0,27097687;0,57963216;3,18743849;1,00000000
1,27443529;0,16516978;0,27097687;0,57932454;3,18713093;1,00000000
1,27450197;0,16516978;0,27066928;0,57901698;3,18713093;1,00000000
1,27456864;0,16516978;0,27036172;0,57901698;3,18713093;1,00000000
1,27463531;0,16516978;0,27036172;0,57870936;3,18713093;1,00000000
1,27470198;0,16516978;0,27036172;0,57855558;3,18743849;1,00000000
1,27476865;0,16516978;0,27005413;0,57840180;3,18774605;1,00000000
1,27483533;0,16501600;0,27005413;0,57809424;3,18774605;1,00000000
1,27490200;0,16486220;0,27005413;0,57809424;3,18805361;1,00000000
1,27496867;0,16486220;0,27005413;0,57778668;3,18836117;1,00000000
1,27503534;0,16486220;0,26974654;0,57747906;3,18836117;1,00000000
1,27510201;0,16486220;0,26974654;0,57732528;3,18836117;1,00000000
1,27516869;0,16486220;0,26974654;0,57717150;3,18836117;1,00000000
1,27523536;0,16486220;0,26943898;0,57701772;3,18866873;1,00000000
1,27530203;0,16486220;0,26913139;0,57701772;3,18866873;1,00000000
1,27536870;0,16486220;0,26943898;0,57686394;3,18866873;1,00000000
1,27543537;0,16470842;0,26943898;0,57671016;3,18866873;1,00000000
1,27550205;0,16470842;0,26913139;0,57671016;3,18897629;1,00000000
1,27556872;0,16470842;0,26913139;0,57671016;3,18928385;1,00000000
1,27563539;0,16455463;0,26913139;0,57655638;3,18959141;1,00000000
1,27570206;0,16470842;0,26943898;0,57655638;3,18959141;1,00000000
1,27576873;0,16470842;0,26974654;0,57655638;3,18959141;1,00000000
1,27583541;0,16470842;0,27005413;0,57640254;3,18989897;1,00000000
1,27590208;0,16470842;0,27005413;0,57640254;3,18959141;1,00000000
1,27596875;0,16470842;0,27036172;0,57640254;3,18959141;1,00000000
1,27603542;0,16470842;0,27005413;0,57640254;3,18989897;1,00000000
1,27610209;0,16455463;0,26974654;0,57640254;3,19020653;1,00000000
1,27616877;0,16455463;0,26974654;0,57655638;3,19051409;1,00000000
1,27623544;0,16455463;0,26943898;0,57655638;3,19082165;1,00000000
1,27630211;0,16455463;0,26974654;0,57655638;3,19082165;1,00000000
1,27636878;0,16455463;0,27005413;0,57655638;3,19082165;1,00000000
1,27643545;0,16455463;0,27036172;0,57686394;3,19051409;1,00000000
1,27650213;0,16455463;0,27066928;0,57717150;3,19020653;1,00000000
1,27656880;0,16440085;0,27066928;0,57732528;3,19051409;1,00000000
1,27663547;0,16440085;0,27097687;0,57763284;3,19082165;1,00000000
1,27670214;0,16440085;0,27097687;0,57778668;3,19112968;1,00000000
1,27676881;0,16440085;0,27097687;0,57794046;3,19112968;1,00000000
1,27683549;0,16440085;0,27128446;0,57824802;3,19112968;1,00000000
1,27690216;0,16440085;0,27128446;0,57855558;3,19143724;1,00000000
1,27696883;0,16440085;0,27128446;0,57870936;3,19112968;1,00000000
1,27703550;0,16440085;0,27128446;0,57886314;3,19082165;1,00000000
1,27710217;0,16455463;0,27128446;0,57901698;3,19051409;1,00000000
1,27716885;0,16455463;0,27128446;0,57932454;3,19082165;1,00000000
1,27723552;0,16455463;0,27097687;0,57963216;3,19082165;1,00000000
1,27730219;0,16455463;0,27066928;0,57978594;3,19082165;1,00000000
1,27736886;0,16455463;0,27066928;0,57993972;3,19082165;1,00000000
1,27743553;0,16455463;0,27097687;0,58009350;3,19051409;1,00000000
1,27750221;0,16455463;0,27097687;0,58024728;3,19020653;1,00000000
1,27756888;0,16470842;0,27128446;0,58070862;3,18989897;1,00000000
1,27763555;0,16455463;0,27128446;0,58101624;3,18959141;1,00000000
1,27770222;0,16470842;0,27128446;0,58132380;3,18959141;1,00000000
1,27776889;0,16470842;0,27128446;0,58163142;3,18959141;1,00000000
1,27783557;0,16486220;0,27159202;0,58193898;3,18959141;1,00000000
1,27790224;0,16486220;0,27159202;0,58224654;3,18928385;1,00000000
1,27796891;0,16486220;0,27159202;0,58255410;3,18897629;1,00000000
1,27803558;0,16486220;0,27189961;0,58270794;3,18836117;1,00000000
1,27810225;0,16470842;0,27189961;0,58301550;3,18805361;1,00000000
1,27816893;0,16470842;0,27189961;0,58316928;3,18774605;1,00000000
1,27823560;0,16486220;0,27220720;0,58347690;3,18713093;1,00000000
1,27830227;0,16486220;0,27220720;0,58363068;3,18682337;1,00000000
1,27836894;0,16501600;0,27251476;0,58378446;3,18651581;1,00000000
1,27843561;0,16501600;0,27251476;0,58409202;3,18620801;1,00000000
1,27850229;0,16501600;0,27251476;0,58424580;3,18590045;1,00000000
1,27856896;0,16486220;0,27251476;0,58439958;3,18590045;1,00000000
1,27863563;0,16470842;0,27251476;0,58455342;3,18559289;1,00000000
1,27870230;0,16486220;0,27220720;0,58470720;3,18528533;1,00000000
1,27876897;0,16486220;0,27189961;0,58501476;3,18436265;1,00000000
1,27883565;0,16501600;0,27159202;0,58532232;3,18405509;1,00000000
1,27890232;0,16486220;0,27189961;0,58547610;3,18343997;1,00000000
1,27896899;0,16486220;0,27159202;0,58562988;3,18313241;1,00000000
1,27903566;0,16486220;0,27159202;0,58593750;3,18282485;1,00000000
1,27910233;0,16501600;0,27128446;0,58609128;3,18282485;1,00000000
1,27916901;0,16501600;0,27097687;0,58639890;3,18282485;1,00000000
1,27923568;0,16501600;0,27097687;0,58655268;3,18251729;1,00000000
1,27930235;0,16516978;0,27097687;0,58686024;3,18220973;1,00000000
1,27936902;0,16501600;0,27066928;0,58716780;3,18159461;1,00000000
1,27943569;0,16516978;0,27066928;0,58732158;3,18128681;1,00000000
1,27950237;0,16516978;0,27036172;0,58762920;3,18097925;1,00000000
1,27956904;0,16516978;0,27036172;0,58793676;3,18097925;1,00000000
1,27963571;0,16516978;0,27005413;0,58824432;3,18097925;1,00000000
1,27970238;0,16516978;0,26974654;0,58839810;3,18097925;1,00000000
1,27976905;0,16516978;0,26943898;0,58839810;3,18067169;1,00000000
1,27983573;0,16516978;0,26913139;0,58855188;3,18005657;1,00000000
1,27990240;0,16516978;0,26913139;0,58870566;3,18005657;1,00000000
1,27996907;0,16516978;0,26913139;0,58885950;3,17974901;1,00000000
1,28003574;0,16501600;0,26882383;0,58901328;3,17944145;1,00000000
1,28010241;0,16501600;0,26882383;0,58916706;3,17944145;1,00000000
1,28016909;0,16486220;0,26851624;0,58916706;3,17944145;1,00000000
1,28023576;0,16470842;0,26851624;0,58932084;3,17913389;1,00000000
1,28030243;0,16470842;0,26820865;0,58947468;3,17882633;1,00000000
1,28036910;0,16455463;0,26851624;0,58962846;3,17882633;1,00000000
1,28043577;0,16470842;0,26851624;0,58993602;3,17882633;1,00000000
1,28050245;0,16470842;0,26851624;0,58993602;3,17882633;1,00000000
1,28056912;0,16455463;0,26882383;0,59008980;3,17851877;1,00000000
1,28063579;0,16455463;0,26851624;0,59008980;3,17913389;1,00000000
1,28070246;0,16440085;0,26820865;0,59024358;3,17944145;1,00000000
1,28076913;0,16424704;0,26851624;0,59024358;3,17974901;1,00000000
1,28083581;0,16409326;0,26851624;0,59039736;3,17974901;1,00000000
1,28090248;0,16424704;0,26851624;0,59039736;3,17974901;1,00000000
1,28096915;0,16409326;0,26820865;0,59055120;3,17944145;1,00000000
1,28103582;0,16409326;0,26820865;0,59070498;3,17944145;1,00000000
1,28110249;0,16409326;0,26851624;0,59055120;3,18005657;1,00000000
1,28116917;0,16393946;0,26820865;0,59055120;3,18036413;1,00000000
1,28123584;0,16409326;0,26820865;0,59055120;3,18067169;1,00000000
1,28130251;0,16409326;0,26820865;0,59055120;3,18067169;1,00000000
1,28136918;0,16409326;0,26851624;0,59039736;3,18067169;1,00000000
1,28143585;0,16424704;0,26851624;0,59024358;3,18067169;1,00000000
1,28150253;0,16424704;0,26820865;0,58993602;3,18067169;1,00000000
1,28156920;0,16409326;0,26820865;0,59008980;3,18097925;1,00000000
1,28163587;0,16424704;0,26851624;0,59008980;3,18159461;1,00000000
1,28170254;0,16409326;0,26851624;0,58993602;3,18190217;1,00000000
1,28176921;0,16409326;0,26820865;0,58962846;3,18190217;1,00000000
1,28183589;0,16393946;0,26851624;0,58947468;3,18220973;1,00000000
1,28190256;0,16409326;0,26851624;0,58932084;3,18251729;1,00000000
1,28196923;0,16409326;0,26851624;0,58916706;3,18251729;1,00000000
1,28203590;0,16424704;0,26882383;0,58901328;3,18282485;1,00000000
1,28210257;0,16424704;0,26882383;0,58885950;3,18343997;1,00000000
1,28216925;0,16424704;0,26882383;0,58855188;3,18343997;1,00000000
1,28223592;0,16440085;0,26882383;0,58839810;3,18343997;1,00000000
1,28230259;0,16455463;0,26882383;0,58824432;3,18343997;1,00000000
1,28236926;0,16455463;0,26851624;0,58793676;3,18374753;1,00000000
1,28243593;0,16470842;0,26820865;0,58762920;3,18405509;1,00000000
1,28250261;0,16486220;0,26790109;0,58747536;3,18436265;1,00000000
1,28256928;0,16486220;0,26790109;0,58732158;3,18436265;1,00000000
1,28263595;0,16486220;0,26759350;0,58716780;3,18467021;1,00000000
1,28270262;0,16486220;0,26728594;0,58686024;3,18467021;1,00000000
1,28276929;0,16501600;0,26697835;0,58655268;3,18467021;1,00000000
1,28283597;0,16501600;0,26697835;0,58624506;3,18467021;1,00000000
1,28290264;0,16501600;0,26697835;0,58593750;3,18467021;1,00000000
1,28296931;0,16501600;0,26697835;0,58562988;3,18528533;1,00000000
1,28303598;0,16501600;0,26697835;0,58532232;3,18559289;1,00000000
1,28310265;0,16501600;0,26667076;0,58501476;3,18528533;1,00000000
1,28316933;0,16501600;0,26697835;0,58470720;3,18559289;1,00000000
1,28323600;0,16501600;0,26697835;0,58439958;3,18590045;1,00000000
1,28330267;0,16516978;0,26697835;0,58393824;3,18590045;1,00000000
1,28336934;0,16501600;0,26728594;0,58347690;3,18590045;1,00000000
1,28343601;0,16516978;0,26759350;0,58301550;3,18590045;1,00000000
1,28350269;0,16532359;0,26790109;0,58255410;3,18590045;1,00000000
1,28356936;0,16532359;0,26759350;0,58224654;3,18590045;1,00000000
1,28363603;0,16547737;0,26759350;0,58178520;3,18590045;1,00000000
1,28370270;0,16563116;0,26790109;0,58132380;3,18559289;1,00000000
1,28376937;0,16578494;0,26759350;0,58101624;3,18559289;1,00000000
1,28383605;0,16578494;0,26759350;0,58070862;3,18559289;1,00000000
1,28390272;0,16593874;0,26759350;0,58024728;3,18559289;1,00000000
1,28396939;0,16609251;0,26728594;0,57978594;3,18590045;1,00000000
1,28403606;0,16624631;0,26759350;0,57947832;3,18590045;1,00000000
1,28410273;0,16609251;0,26790109;0,57901698;3,18590045;1,00000000
1,28416941;0,16624631;0,26820865;0,57870936;3,18559289;1,00000000
1,28423608;0,16624631;0,26790109;0,57840180;3,18528533;1,00000000
1,28430275;0,16640009;0,26820865;0,57809424;3,18528533;1,00000000
1,28436942;0,16640009;0,26820865;0,57747906;3,18559289;1,00000000
1,28443609;0,16655388;0,26851624;0,57717150;3,18590045;1,00000000
1,28450277;0,16670766;0,26882383;0,57686394;3,18590045;1,00000000
1,28456944;0,16686147;0,26913139;0,57655638;3,18590045;1,00000000
1,28463611;0,16686147;0,26913139;0,57609499;3,18559289;1,00000000
1,28470278;0,16686147;0,26882383;0,57578737;3,18528533;1,00000000
1,28476945;0,16686147;0,26882383;0,57547981;3,18467021;1,00000000
1,28483613;0,16686147;0,26851624;0,57501847;3,18559289;1,00000000
1,28490280;0,16701525;0,26851624;0,57455707;3,18590045;1,00000000
1,28496947;0,16701525;0,26851624;0,57424951;3,18590045;1,00000000
1,28503614;0,16716905;0,26851624;0,57394195;3,18590045;1,00000000
1,28510281;0,16716905;0,26882383;0,57348061;3,18590045;1,00000000
1,28516949;0,16716905;0,26882383;0,57317299;3,18590045;1,00000000
1,28523616;0,16732283;0,26851624;0,57286543;3,18559289;1,00000000
1,28530283;0,16732283;0,26820865;0,57255781;3,18528533;1,00000000
1,28536950;0,16747662;0,26851624;0,57209647;3,18528533;1,00000000
1,28543617;0,16747662;0,26820865;0,57178891;3,18528533;1,00000000
1,28550285;0,16747662;0,26820865;0,57148129;3,18467021;1,00000000
1,28556952;0,16763040;0,26851624;0,57086611;3,18467021;1,00000000
1,28563619;0,16793799;0,26851624;0,57040477;3,18467021;1,00000000
1,28570286;0,16793799;0,26851624;0,57025099;3,18467021;1,00000000
1,28576953;0,16793799;0,26882383;0,56994343;3,18436265;1,00000000
1,28583621;0,16793799;0,26851624;0,56978959;3,18405509;1,00000000
1,28590288;0,16793799;0,26851624;0,56963581;3,18405509;1,00000000
1,28596955;0,16793799;0,26820865;0,56948203;3,18374753;1,00000000
1,28603622;0,16793799;0,26820865;0,56932825;3,18343997;1,00000000
1,28610289;0,16793799;0,26820865;0,56917441;3,18343997;1,00000000
1,28616957;0,16793799;0,26820865;0,56902063;3,18313241;1,00000000
1,28623624;0,16793799;0,26851624;0,56886685;3,18282485;1,00000000
1,28630291;0,16793799;0,26820865;0,56855929;3,18251729;1,00000000
1,28636958;0,16793799;0,26790109;0,56840551;3,18220973;1,00000000
1,28643625;0,16778421;0,26759350;0,56809795;3,18251729;1,00000000
1,28650293;0,16778421;0,26728594;0,56794411;3,18282485;1,00000000
1,28656960;0,16778421;0,26697835;0,56794411;3,18251729;1,00000000
1,28663627;0,16763040;0,26667076;0,56794411;3,18220973;1,00000000
1,28670294;0,16763040;0,26636320;0,56794411;3,18220973;1,00000000
1,28676961;0,16747662;0,26636320;0,56794411;3,18220973;1,00000000
1,28683629;0,16747662;0,26636320;0,56794411;3,18190217;1,00000000
1,28690296;0,16747662;0,26605561;0,56779033;3,18190217;1,00000000
1,28696963;0,16763040;0,26574802;0,56794411;3,18220973;1,00000000
1,28703630;0,16763040;0,26544046;0,56809795;3,18251729;1,00000000
1,28710297;0,16763040;0,26544046;0,56825173;3,18220973;1,00000000
1,28716965;0,16763040;0,26544046;0,56840551;3,18220973;1,00000000
1,28723632;0,16763040;0,26544046;0,56855929;3,18220973;1,00000000
1,28730299;0,16763040;0,26544046;0,56871307;3,18220973;1,00000000
1,28736966;0,16763040;0,26544046;0,56902063;3,18220973;1,00000000
1,28743633;0,16763040;0,26513287;0,56917441;3,18251729;1,00000000
1,28750301;0,16763040;0,26482528;0,56948203;3,18251729;1,00000000
1,28756968;0,16763040;0,26451772;0,56978959;3,18282485;1,00000000
1,28763635;0,16747662;0,26451772;0,57009721;3,18251729;1,00000000
1,28770302;0,16747662;0,26482528;0,57040477;3,18251729;1,00000000
1,28776969;0,16747662;0,26482528;0,57071233;3,18251729;1,00000000
1,28783637;0,16747662;0,26482528;0,57101995;3,18251729;1,00000000
1,28790304;0,16732283;0,26513287;0,57117373;3,18282485;1,00000000
1,28796971;0,16732283;0,26513287;0,57163513;3,18282485;1,00000000
1,28803638;0,16732283;0,26544046;0,57209647;3,18313241;1,00000000
1,28810305;0,16732283;0,26513287;0,57255781;3,18343997;1,00000000
1,28816973;0,16732283;0,26544046;0,57301921;3,18374753;1,00000000
1,28823640;0,16732283;0,26574802;0,57363439;3,18343997;1,00000000
1,28830307;0,16732283;0,26574802;0,57424951;3,18343997;1,00000000
1,28836974;0,16716905;0,26605561;0,57486469;3,18374753;1,00000000
1,28843641;0,16716905;0,26636320;0,57532603;3,18405509;1,00000000
1,28850309;0,16716905;0,26667076;0,57578737;3,18467021;1,00000000
1,28856976;0,16716905;0,26667076;0,57624876;3,18528533;1,00000000
1,28863643;0,16732283;0,26697835;0,57671016;3,18559289;1,00000000
1,28870310;0,16732283;0,26667076;0,57717150;3,18590045;1,00000000
1,28876977;0,16732283;0,26667076;0,57763284;3,18620801;1,00000000
1,28883645;0,16732283;0,26697835;0,57824802;3,18620801;1,00000000
1,28890312;0,16732283;0,26728594;0,57870936;3,18651581;1,00000000
1,28896979;0,16732283;0,26759350;0,57917076;3,18682337;1,00000000
1,28903646;0,16732283;0,26759350;0,57963216;3,18682337;1,00000000
1,28910313;0,16732283;0,26759350;0,58024728;3,18682337;1,00000000
1,28916981;0,16732283;0,26790109;0,58086246;3,18713093;1,00000000
1,28923648;0,16716905;0,26820865;0,58147764;3,18743849;1,00000000
1,28930315;0,16716905;0,26820865;0,58209276;3,18774605;1,00000000
1,28936982;0,16732283;0,26851624;0,58255410;3,18836117;1,00000000
1,28943649;0,16732283;0,26882383;0,58301550;3,18836117;1,00000000
1,28950317;0,16747662;0,26882383;0,58332312;3,18836117;1,00000000
1,28956984;0,16747662;0,26913139;0,58363068;3,18836117;1,00000000
1,28963651;0,16747662;0,26943898;0,58393824;3,18836117;1,00000000
1,28970318;0,16747662;0,26943898;0,58424580;3,18836117;1,00000000
1,28976985;0,16747662;0,26943898;0,58455342;3,18836117;1,00000000
1,28983653;0,16747662;0,26974654;0,58501476;3,18897629;1,00000000
1,28990320;0,16747662;0,27005413;0,58516854;3,18959141;1,00000000
1,28996987;0,16747662;0,27036172;0,58532232;3,18959141;1,00000000
1,29003654;0,16747662;0,27066928;0,58547610;3,18959141;1,00000000
1,29010321;0,16747662;0,27036172;0,58578372;3,18959141;1,00000000
1,29016989;0,16747662;0,27036172;0,58609128;3,18959141;1,00000000
1,29023656;0,16747662;0,27005413;0,58624506;3,18959141;1,00000000
1,29030323;0,16747662;0,27036172;0,58639890;3,18959141;1,00000000
1,29036990;0,16747662;0,27036172;0,58639890;3,18928385;1,00000000
1,29043657;0,16747662;0,27036172;0,58670646;3,18989897;1,00000000
1,29050325;0,16747662;0,27036172;0,58686024;3,18959141;1,00000000
1,29056992;0,16747662;0,27066928;0,58701402;3,18928385;1,00000000
1,29063659;0,16747662;0,27097687;0,58716780;3,18928385;1,00000000
1,29070326;0,16747662;0,27097687;0,58701402;3,18928385;1,00000000
1,29076993;0,16747662;0,27097687;0,58701402;3,18897629;1,00000000
1,29083661;0,16747662;0,27097687;0,58701402;3,18897629;1,00000000
1,29090328;0,16747662;0,27097687;0,58701402;3,18959141;1,00000000
1,29096995;0,16732283;0,27097687;0,58701402;3,18959141;1,00000000
1,29103662;0,16732283;0,27128446;0,58701402;3,18928385;1,00000000
1,29110329;0,16732283;0,27128446;0,58701402;3,18928385;1,00000000
1,29116997;0,16732283;0,27128446;0,58701402;3,18928385;1,00000000
1,29123664;0,16732283;0,27128446;0,58686024;3,18928385;1,00000000
1,29130331;0,16747662;0,27128446;0,58686024;3,18928385;1,00000000
1,29136998;0,16747662;0,27097687;0,58686024;3,18928385;1,00000000
1,29143665;0,16747662;0,27097687;0,58670646;3,18959141;1,00000000
1,29150333;0,16747662;0,27097687;0,58670646;3,18959141;1,00000000
1,29157000;0,16747662;0,27097687;0,58670646;3,18928385;1,00000000
1,29163667;0,16747662;0,27128446;0,58655268;3,18928385;1,00000000
1,29170334;0,16747662;0,27159202;0,58655268;3,18928385;1,00000000
1,29177001;0,16747662;0,27128446;0,58655268;3,18928385;1,00000000
1,29183669;0,16747662;0,27128446;0,58639890;3,18928385;1,00000000
1,29190336;0,16747662;0,27097687;0,58624506;3,18959141;1,00000000
1,29197003;0,16747662;0,27066928;0,58593750;3,18959141;1,00000000
1,29203670;0,16747662;0,27066928;0,58578372;3,18959141;1,00000000
1,29210337;0,16747662;0,27097687;0,58562988;3,18959141;1,00000000
1,29217005;0,16747662;0,27097687;0,58547610;3,18959141;1,00000000
1,29223672;0,16732283;0,27097687;0,58532232;3,18959141;1,00000000
1,29230339;0,16732283;0,27128446;0,58516854;3,18928385;1,00000000
1,29237006;0,16732283;0,27128446;0,58486098;3,18959141;1,00000000
1,29243673;0,16732283;0,27097687;0,58470720;3,18989897;1,00000000
1,29250341;0,16732283;0,27066928;0,58439958;3,19020653;1,00000000
1,29257008;0,16732283;0,27097687;0,58424580;3,19020653;1,00000000
1,29263675;0,16716905;0,27128446;0,58378446;3,19020653;1,00000000
1,29270342;0,16716905;0,27128446;0,58347690;3,19020653;1,00000000
1,29277009;0,16701525;0,27097687;0,58332312;3,19020653;1,00000000
1,29283677;0,16701525;0,27066928;0,58301550;3,19020653;1,00000000
1,29290344;0,16701525;0,27036172;0,58286172;3,19020653;1,00000000
1,29297011;0,16701525;0,27066928;0,58270794;3,19051409;1,00000000
1,29303678;0,16701525;0,27036172;0,58255410;3,19082165;1,00000000
1,29310345;0,16686147;0,27036172;0,58224654;3,19082165;1,00000000
1,29317013;0,16686147;0,27036172;0,58209276;3,19082165;1,00000000
1,29323680;0,16686147;0,27036172;0,58163142;3,19082165;1,00000000
1,29330347;0,16670766;0,27066928;0,58132380;3,19082165;1,00000000
1,29337014;0,16670766;0,27066928;0,58117002;3,19112968;1,00000000
1,29343681;0,16670766;0,27066928;0,58101624;3,19112968;1,00000000
1,29350349;0,16655388;0,27036172;0,58055484;3,19143724;1,00000000
1,29357016;0,16655388;0,27005413;0,58024728;3,19174480;1,00000000
1,29363683;0,16655388;0,27005413;0,57993972;3,19174480;1,00000000
1,29370350;0,16655388;0,27005413;0,57947832;3,19174480;1,00000000
1,29377017;0,16655388;0,27005413;0,57917076;3,19174480;1,00000000
1,29383685;0,16655388;0,27005413;0,57901698;3,19174480;1,00000000
1,29390352;0,16655388;0,26974654;0,57870936;3,19174480;1,00000000
1,29397019;0,16655388;0,26974654;0,57840180;3,19143724;1,00000000
1,29403686;0,16655388;0,26974654;0,57824802;3,19174480;1,00000000
1,29410353;0,16655388;0,26943898;0,57809424;3,19205236;1,00000000
1,29417021;0,16640009;0,26943898;0,57778668;3,19205236;1,00000000
1,29423688;0,16640009;0,26974654;0,57747906;3,19205236;1,00000000
1,29430355;0,16640009;0,26974654;0,57717150;3,19235992;1,00000000
1,29437022;0,16640009;0,27005413;0,57686394;3,19235992;1,00000000
1,29443689;0,16640009;0,27036172;0,57655638;3,19235992;1,00000000
1,29450357;0,16640009;0,27005413;0,57640254;3,19266748;1,00000000
1,29457024;0,16640009;0,27005413;0,57624876;3,19297504;1,00000000
1,29463691;0,16624631;0,27005413;0,57594121;3,19297504;1,00000000
1,29470358;0,16624631;0,27005413;0,57563359;3,19328260;1,00000000
1,29477025;0,16609251;0,27005413;0,57532603;3,19359016;1,00000000
1,29483693;0,16609251;0,27005413;0,57501847;3,19328260;1,00000000
1,29490360;0,16593874;0,27005413;0,57486469;3,19328260;1,00000000
1,29497027;0,16593874;0,27005413;0,57455707;3,19328260;1,00000000
1,29503694;0,16593874;0,27005413;0,57440329;3,19328260;1,00000000
1,29510361;0,16593874;0,26974654;0,57424951;3,19359016;1,00000000
1,29517029;0,16593874;0,26943898;0,57394195;3,19389772;1,00000000
1,29523696;0,16593874;0,26943898;0,57394195;3,19451284;1,00000000
1,29530363;0,16578494;0,26913139;0,57378817;3,19482040;1,00000000
1,29537030;0,16578494;0,26913139;0,57378817;3,19482040;1,00000000
1,29543697;0,16563116;0,26882383;0,57378817;3,19482040;1,00000000
1,29550365;0,16547737;0,26913139;0,57363439;3,19482040;1,00000000
1,29557032;0,16547737;0,26882383;0,57363439;3,19482040;1,00000000
1,29563699;0,16547737;0,26851624;0,57378817;3,19482040;1,00000000
1,29570366;0,16547737;0,26820865;0,57378817;3,19512796;1,00000000
1,29577033;0,16532359;0,26820865;0,57378817;3,19543552;1,00000000
1,29583701;0,16532359;0,26820865;0,57378817;3,19543552;1,00000000
1,29590368;0,16532359;0,26820865;0,57378817;3,19512796;1,00000000
1,29597035;0,16532359;0,26790109;0,57378817;3,19543552;1,00000000
1,29603702;0,16532359;0,26790109;0,57378817;3,19543552;1,00000000
1,29610369;0,16516978;0,26759350;0,57394195;3,19543552;1,00000000
1,29617037;0,16501600;0,26759350;0,57424951;3,19543552;1,00000000
1,29623704;0,16501600;0,26790109;0,57424951;3,19543552;1,00000000
1,29630371;0,16501600;0,26790109;0,57440329;3,19574308;1,00000000
1,29637038;0,16486220;0,26820865;0,57440329;3,19574308;1,00000000
1,29643705;0,16486220;0,26820865;0,57440329;3,19574308;1,00000000
1,29650373;0,16470842;0,26851624;0,57471091;3,19574308;1,00000000
1,29657040;0,16455463;0,26882383;0,57486469;3,19574308;1,00000000
1,29663707;0,16470842;0,26882383;0,57501847;3,19574308;1,00000000
1,29670374;0,16470842;0,26913139;0,57501847;3,19574308;1,00000000
1,29677041;0,16470842;0,26943898;0,57532603;3,19605088;1,00000000
1,29683709;0,16470842;0,26943898;0,57563359;3,19574308;1,00000000
1,29690376;0,16470842;0,26943898;0,57594121;3,19574308;1,00000000
1,29697043;0,16470842;0,26974654;0,57624876;3,19543552;1,00000000
1,29703710;0,16470842;0,27005413;0,57655638;3,19543552;1,00000000
1,29710377;0,16486220;0,27036172;0,57686394;3,19543552;1,00000000
1,29717045;0,16501600;0,27005413;0,57717150;3,19543552;1,00000000
1,29723712;0,16501600;0,27005413;0,57747906;3,19543552;1,00000000
1,29730379;0,16501600;0,26974654;0,57778668;3,19574308;1,00000000
1,29737046;0,16501600;0,26974654;0,57809424;3,19635844;1,00000000
1,29743713;0,16501600;0,26974654;0,57840180;3,19605088;1,00000000
1,29750381;0,16501600;0,27005413;0,57870936;3,19574308;1,00000000
1,29757048;0,16501600;0,27036172;0,57901698;3,19543552;1,00000000
1,29763715;0,16501600;0,27036172;0,57901698;3,19543552;1,00000000
1,29770382;0,16486220;0,27066928;0,57932454;3,19512796;1,00000000
1,29777049;0,16486220;0,27097687;0,57963216;3,19482040;1,00000000
1,29783717;0,16486220;0,27097687;0,57978594;3,19451284;1,00000000
1,29790384;0,16486220;0,27097687;0,58009350;3,19451284;1,00000000
1,29797051;0,16470842;0,27097687;0,58040106;3,19451284;1,00000000
1,29803718;0,16486220;0,27128446;0,58070862;3,19420528;1,00000000
1,29810385;0,16486220;0,27128446;0,58086246;3,19359016;1,00000000
1,29817053;0,16486220;0,27128446;0,58132380;3,19328260;1,00000000
1,29823720;0,16501600;0,27159202;0,58147764;3,19266748;1,00000000
1,29830387;0,16501600;0,27159202;0,58178520;3,19235992;1,00000000
1,29837054;0,16501600;0,27128446;0,58193898;3,19235992;1,00000000
1,29843721;0,16501600;0,27097687;0,58224654;3,19235992;1,00000000
1,29850389;0,16486220;0,27097687;0,58255410;3,19235992;1,00000000
1,29857056;0,16470842;0,27097687;0,58286172;3,19143724;1,00000000
1,29863723;0,16470842;0,27097687;0,58301550;3,19082165;1,00000000
1,29870390;0,16455463;0,27097687;0,58316928;3,19020653;1,00000000
1,29877057;0,16455463;0,27066928;0,58347690;3,18959141;1,00000000
1,29883725;0,16455463;0,27066928;0,58378446;3,18928385;1,00000000
1,29890392;0,16470842;0,27036172;0,58409202;3,18897629;1,00000000
1,29897059;0,16470842;0,27036172;0,58439958;3,18866873;1,00000000
1,29903726;0,16470842;0,27036172;0,58470720;3,18866873;1,00000000
1,29910393;0,16455463;0,27005413;0,58501476;3,18836117;1,00000000
1,29917061;0,16455463;0,27005413;0,58516854;3,18774605;1,00000000
1,29923728;0,16440085;0,26974654;0,58547610;3,18743849;1,00000000
1,29930395;0,16424704;0,27005413;0,58562988;3,18713093;1,00000000
1,29937062;0,16424704;0,26974654;0,58593750;3,18713093;1,00000000
1,29943729;0,16424704;0,26974654;0,58609128;3,18682337;1,00000000
1,29950397;0,16409326;0,26974654;0,58624506;3,18651581;1,00000000
1,29957064;0,16393946;0,26974654;0,58639890;3,18620801;1,00000000
1,29963731;0,16409326;0,26943898;0,58655268;3,18590045;1,00000000
1,29970398;0,16409326;0,26943898;0,58670646;3,18590045;1,00000000
1,29977065;0,16409326;0,26943898;0,58686024;3,18590045;1,00000000
1,29983733;0,16393946;0,26974654;0,58716780;3,18590045;1,00000000
1,29990400;0,16393946;0,26974654;0,58732158;3,18590045;1,00000000
1,29997067;0,16378568;0,26943898;0,58747536;3,18620801;1,00000000
1,30003734;0,16378568;0,26913139;0,58762920;3,18559289;1,00000000
1,30010401;0,16378568;0,26882383;0,58778298;3,18528533;1,00000000
1,30017069;0,16378568;0,26882383;0,58793676;3,18528533;1,00000000
1,30023736;0,16393946;0,26851624;0,58809054;3,18528533;1,00000000
1,30030403;0,16393946;0,26882383;0,58824432;3,18559289;1,00000000
1,30037070;0,16378568;0,26913139;0,58855188;3,18590045;1,00000000
1,30043737;0,16378568;0,26913139;0,58870566;3,18620801;1,00000000
1,30050405;0,16363189;0,26882383;0,58885950;3,18620801;1,00000000
1,30057072;0,16363189;0,26851624;0,58901328;3,18620801;1,00000000
1,30063739;0,16378568;0,26851624;0,58916706;3,18620801;1,00000000
1,30070406;0,16378568;0,26851624;0,58932084;3,18651581;1,00000000
1,30077073;0,16378568;0,26820865;0,58947468;3,18682337;1,00000000
1,30083741;0,16378568;0,26851624;0,58962846;3,18713093;1,00000000
1,30090408;0,16378568;0,26882383;0,58962846;3,18713093;1,00000000
1,30097075;0,16363189;0,26913139;0,58978224;3,18713093;1,00000000
1,30103742;0,16347811;0,26913139;0,59008980;3,18682337;1,00000000
1,30110409;0,16347811;0,26882383;0,59008980;3,18713093;1,00000000
1,30117077;0,16347811;0,26851624;0,59024358;3,18743849;1,00000000
1,30123744;0,16347811;0,26851624;0,59008980;3,18774605;1,00000000
1,30130411;0,16347811;0,26882383;0,58978224;3,18805361;1,00000000
1,30137078;0,16332431;0,26851624;0,58978224;3,18805361;1,00000000
1,30143745;0,16347811;0,26882383;0,58978224;3,18774605;1,00000000
1,30150413;0,16347811;0,26882383;0,58962846;3,18743849;1,00000000
1,30157080;0,16347811;0,26882383;0,58962846;3,18774605;1,00000000
1,30163747;0,16363189;0,26882383;0,58947468;3,18805361;1,00000000
1,30170414;0,16363189;0,26913139;0,58932084;3,18836117;1,00000000
1,30177081;0,16363189;0,26943898;0,58916706;3,18866873;1,00000000
1,30183749;0,16363189;0,26943898;0,58901328;3,18866873;1,00000000
1,30190416;0,16363189;0,26974654;0,58885950;3,18836117;1,00000000
1,30197083;0,16363189;0,26974654;0,58870566;3,18805361;1,00000000
1,30203750;0,16378568;0,26974654;0,58855188;3,18805361;1,00000000
1,30210417;0,16378568;0,26974654;0,58824432;3,18836117;1,00000000
1,30217085;0,16393946;0,26974654;0,58809054;3,18866873;1,00000000
1,30223752;0,16393946;0,26974654;0,58793676;3,18836117;1,00000000
1,30230419;0,16378568;0,26974654;0,58778298;3,18836117;1,00000000
1,30237086;0,16378568;0,27005413;0,58762920;3,18836117;1,00000000
1,30243753;0,16363189;0,27005413;0,58732158;3,18836117;1,00000000
1,30250421;0,16363189;0,27005413;0,58701402;3,18836117;1,00000000
1,30257088;0,16363189;0,27005413;0,58686024;3,18897629;1,00000000
1,30263755;0,16363189;0,27005413;0,58670646;3,18928385;1,00000000
1,30270422;0,16347811;0,27005413;0,58655268;3,18897629;1,00000000
1,30277089;0,16347811;0,26974654;0,58624506;3,18866873;1,00000000
1,30283757;0,16347811;0,26943898;0,58593750;3,18866873;1,00000000
1,30290424;0,16347811;0,26974654;0,58562988;3,18866873;1,00000000
1,30297091;0,16347811;0,27005413;0,58532232;3,18836117;1,00000000
1,30303758;0,16347811;0,27036172;0,58501476;3,18897629;1,00000000
1,30310425;0,16347811;0,27066928;0,58470720;3,18959141;1,00000000
1,30317093;0,16363189;0,27097687;0,58424580;3,18959141;1,00000000
1,30323760;0,16363189;0,27066928;0,58393824;3,18959141;1,00000000
1,30330427;0,16378568;0,27036172;0,58363068;3,18959141;1,00000000
1,30337094;0,16378568;0,27036172;0,58332312;3,18959141;1,00000000
1,30343761;0,16393946;0,27036172;0,58316928;3,18989897;1,00000000
1,30350429;0,16409326;0,27066928;0,58286172;3,18959141;1,00000000
1,30357096;0,16424704;0,27097687;0,58255410;3,18928385;1,00000000
1,30363763;0,16440085;0,27097687;0,58209276;3,18959141;1,00000000
1,30370430;0,16455463;0,27128446;0,58163142;3,18959141;1,00000000
1,30377097;0,16470842;0,27159202;0,58117002;3,18959141;1,00000000
1,30383765;0,16501600;0,27159202;0,58070862;3,18959141;1,00000000
1,30390432;0,16501600;0,27128446;0,58040106;3,18959141;1,00000000
1,30397099;0,16501600;0,27128446;0,58024728;3,18959141;1,00000000
1,30403766;0,16501600;0,27159202;0,57978594;3,18928385;1,00000000
1,30410433;0,16516978;0,27189961;0,57932454;3,18897629;1,00000000
1,30417101;0,16532359;0,27220720;0,57886314;3,18928385;1,00000000
1,30423768;0,16547737;0,27189961;0,57855558;3,18928385;1,00000000
1,30430435;0,16563116;0,27189961;0,57809424;3,18928385;1,00000000
1,30437102;0,16578494;0,27159202;0,57778668;3,18928385;1,00000000
1,30443769;0,16578494;0,27128446;0,57732528;3,18959141;1,00000000
1,30450437;0,16578494;0,27128446;0,57686394;3,18959141;1,00000000
1,30457104;0,16593874;0,27159202;0,57624876;3,18928385;1,00000000
1,30463771;0,16609251;0,27159202;0,57563359;3,18866873;1,00000000
1,30470438;0,16624631;0,27189961;0,57532603;3,18897629;1,00000000
1,30477105;0,16624631;0,27189961;0,57501847;3,18897629;1,00000000
1,30483773;0,16640009;0,27189961;0,57471091;3,18897629;1,00000000
1,30490440;0,16655388;0,27220720;0,57424951;3,18897629;1,00000000
1,30497107;0,16655388;0,27189961;0,57394195;3,18897629;1,00000000
1,30503774;0,16670766;0,27189961;0,57348061;3,18897629;1,00000000
1,30510441;0,16686147;0,27159202;0,57301921;3,18897629;1,00000000
1,30517109;0,16686147;0,27159202;0,57255781;3,18866873;1,00000000
1,30523776;0,16701525;0,27159202;0,57209647;3,18836117;1,00000000
1,30530443;0,16716905;0,27159202;0,57163513;3,18866873;1,00000000
1,30537110;0,16732283;0,27189961;0,57132751;3,18866873;1,00000000
1,30543777;0,16747662;0,27189961;0,57086611;3,18866873;1,00000000
1,30550445;0,16763040;0,27189961;0,57055855;3,18866873;1,00000000
1,30557112;0,16763040;0,27189961;0,57025099;3,18836117;1,00000000
1,30563779;0,16763040;0,27189961;0,56994343;3,18836117;1,00000000
1,30570446;0,16763040;0,27189961;0,56963581;3,18805361;1,00000000
1,30577113;0,16763040;0,27189961;0,56932825;3,18774605;1,00000000
1,30583781;0,16763040;0,27220720;0,56902063;3,18743849;1,00000000
1,30590448;0,16763040;0,27220720;0,56855929;3,18743849;1,00000000
1,30597115;0,16763040;0,27189961;0,56825173;3,18743849;1,00000000
1,30603782;0,16763040;0,27159202;0,56794411;3,18743849;1,00000000
1,30610449;0,16763040;0,27128446;0,56763655;3,18743849;1,00000000
1,30617117;0,16778421;0,27097687;0,56732899;3,18713093;1,00000000
1,30623784;0,16778421;0,27097687;0,56702143;3,18651581;1,00000000
1,30630451;0,16793799;0,27066928;0,56671381;3,18620801;1,00000000
1,30637118;0,16793799;0,27066928;0,56656003;3,18590045;1,00000000
1,30643785;0,16778421;0,27036172;0,56656003;3,18559289;1,00000000
1,30650453;0,16778421;0,27005413;0,56640625;3,18559289;1,00000000
1,30657120;0,16763040;0,26974654;0,56640625;3,18559289;1,00000000
1,30663787;0,16763040;0,26943898;0,56640625;3,18590045;1,00000000
1,30670454;0,16763040;0,26913139;0,56625247;3,18620801;1,00000000
1,30677121;0,16763040;0,26882383;0,56640625;3,18590045;1,00000000
1,30683789;0,16763040;0,26882383;0,56640625;3,18590045;1,00000000
1,30690456;0,16763040;0,26851624;0,56625247;3,18559289;1,00000000
1,30697123;0,16763040;0,26851624;0,56640625;3,18528533;1,00000000
1,30703790;0,16763040;0,26851624;0,56656003;3,18528533;1,00000000
1,30710457;0,16763040;0,26820865;0,56671381;3,18528533;1,00000000
1,30717125;0,16763040;0,26820865;0,56686765;3,18528533;1,00000000
1,30723792;0,16763040;0,26820865;0,56702143;3,18559289;1,00000000
1,30730459;0,16763040;0,26820865;0,56732899;3,18528533;1,00000000
1,30737126;0,16763040;0,26790109;0,56748277;3,18467021;1,00000000
1,30743793;0,16763040;0,26790109;0,56779033;3,18467021;1,00000000
1,30750461;0,16763040;0,26790109;0,56794411;3,18436265;1,00000000
1,30757128;0,16763040;0,26820865;0,56825173;3,18467021;1,00000000
1,30763795;0,16763040;0,26790109;0,56840551;3,18528533;1,00000000
1,30770462;0,16763040;0,26790109;0,56871307;3,18528533;1,00000000
1,30777129;0,16763040;0,26790109;0,56932825;3,18528533;1,00000000
1,30783797;0,16763040;0,26759350;0,56963581;3,18559289;1,00000000
1,30790464;0,16763040;0,26759350;0,56994343;3,18528533;1,00000000
1,30797131;0,16763040;0,26790109;0,57025099;3,18467021;1,00000000
1,30803798;0,16793799;0,26790109;0,57055855;3,18528533;1,00000000
1,30810465;0,16793799;0,26790109;0,57101995;3,18559289;1,00000000
1,30817133;0,16793799;0,26820865;0,57148129;3,18559289;1,00000000
1,30823800;0,16793799;0,26790109;0,57194269;3,18559289;1,00000000
1,30830467;0,16793799;0,26820865;0,57255781;3,18590045;1,00000000
1,30837134;0,16793799;0,26820865;0,57301921;3,18620801;1,00000000
1,30843801;0,16778421;0,26820865;0,57332677;3,18651581;1,00000000
1,30850469;0,16778421;0,26851624;0,57378817;3,18651581;1,00000000
1,30857136;0,16778421;0,26882383;0,57409573;3,18682337;1,00000000
1,30863803;0,16778421;0,26913139;0,57455707;3,18713093;1,00000000
1,30870470;0,16778421;0,26913139;0,57501847;3,18713093;1,00000000
1,30877137;0,16778421;0,26913139;0,57547981;3,18713093;1,00000000
1,30883805;0,16778421;0,26913139;0,57578737;3,18743849;1,00000000
1,30890472;0,16763040;0,26943898;0,57624876;3,18774605;1,00000000
1,30897139;0,16763040;0,26974654;0,57686394;3,18805361;1,00000000
1,30903806;0,16763040;0,27005413;0,57747906;3,18805361;1,00000000
1,30910473;0,16763040;0,27036172;0,57794046;3,18805361;1,00000000
1,30917141;0,16763040;0,27005413;0,57840180;3,18805361;1,00000000
1,30923808;0,16763040;0,27036172;0,57870936;3,18805361;1,00000000
1,30930475;0,16778421;0,27066928;0,57917076;3,18836117;1,00000000
1,30937142;0,16778421;0,27036172;0,57932454;3,18866873;1,00000000
1,30943809;0,16778421;0,27066928;0,57978594;3,18866873;1,00000000
1,30950477;0,16778421;0,27066928;0,58024728;3,18866873;1,00000000
1,30957144;0,16778421;0,27097687;0,58070862;3,18866873;1,00000000
1,30963811;0,16778421;0,27097687;0,58086246;3,18866873;1,00000000
1,30970478;0,16793799;0,27097687;0,58132380;3,18866873;1,00000000
1,30977145;0,16793799;0,27128446;0,58178520;3,18866873;1,00000000
1,30983813;0,16793799;0,27159202;0,58193898;3,18897629;1,00000000
1,30990480;0,16793799;0,27159202;0,58240032;3,18928385;1,00000000
1,30997147;0,16793799;0,27189961;0,58270794;3,18928385;1,00000000
1,31003814;0,16793799;0,27159202;0,58301550;3,18897629;1,00000000
1,31010481;0,16793799;0,27159202;0,58316928;3,18866873;1,00000000
1,31017149;0,16809179;0,27189961;0,58347690;3,18866873;1,00000000
1,31023816;0,16809179;0,27189961;0,58363068;3,18866873;1,00000000
1,31030483;0,16809179;0,27220720;0,58393824;3,18866873;1,00000000
1,31037150;0,16809179;0,27189961;0,58424580;3,18866873;1,00000000
1,31043817;0,16809179;0,27159202;0,58439958;3,18836117;1,00000000
1,31050485;0,16809179;0,27128446;0,58455342;3,18836117;1,00000000
1,31057152;0,16809179;0,27128446;0,58470720;3,18805361;1,00000000
1,31063819;0,16809179;0,27128446;0,58486098;3,18774605;1,00000000
1,31070486;0,16809179;0,27128446;0,58486098;3,18743849;1,00000000
1,31077153;0,16809179;0,27128446;0,58501476;3,18713093;1,00000000
1,31083821;0,16809179;0,27159202;0,58501476;3,18713093;1,00000000
1,31090488;0,16809179;0,27159202;0,58501476;3,18713093;1,00000000
1,31097155;0,16809179;0,27189961;0,58501476;3,18713093;1,00000000
1,31103822;0,16809179;0,27189961;0,58501476;3,18713093;1,00000000
1,31110489;0,16809179;0,27189961;0,58501476;3,18713093;1,00000000
1,31117157;0,16809179;0,27189961;0,58501476;3,18713093;1,00000000
1,31123824;0,16809179;0,27189961;0,58501476;3,18682337;1,00000000
1,31130491;0,16809179;0,27159202;0,58501476;3,18651581;1,00000000
1,31137158;0,16809179;0,27189961;0,58501476;3,18620801;1,00000000
1,31143825;0,16809179;0,27189961;0,58501476;3,18620801;1,00000000
1,31150493;0,16809179;0,27159202;0,58501476;3,18620801;1,00000000
1,31157160;0,16809179;0,27189961;0,58486098;3,18620801;1,00000000
1,31163827;0,16809179;0,27189961;0,58486098;3,18620801;1,00000000
1,31170494;0,16809179;0,27159202;0,58470720;3,18590045;1,00000000
1,31177161;0,16809179;0,27159202;0,58470720;3,18559289;1,00000000
1,31183829;0,16809179;0,27128446;0,58470720;3,18528533;1,00000000
1,31190496;0,16809179;0,27128446;0,58470720;3,18559289;1,00000000
1,31197163;0,16809179;0,27097687;0,58455342;3,18559289;1,00000000
1,31203830;0,16809179;0,27097687;0,58455342;3,18559289;1,00000000
1,31210497;0,16809179;0,27097687;0,58424580;3,18559289;1,00000000
1,31217165;0,16809179;0,27097687;0,58409202;3,18528533;1,00000000
1,31223832;0,16809179;0,27097687;0,58409202;3,18528533;1,00000000
1,31230499;0,16809179;0,27097687;0,58378446;3,18467021;1,00000000
1,31237166;0,16809179;0,27097687;0,58347690;3,18467021;1,00000000
1,31243833;0,16809179;0,27097687;0,58332312;3,18467021;1,00000000
1,31250501;0,16809179;0,27097687;0,58301550;3,18467021;1,00000000
1,31257168;0,16809179;0,27097687;0,58286172;3,18467021;1,00000000
1,31263835;0,16809179;0,27097687;0,58255410;3,18436265;1,00000000
1,31270502;0,16809179;0,27097687;0,58209276;3,18436265;1,00000000
1,31277169;0,16809179;0,27097687;0,58193898;3,18436265;1,00000000
1,31283837;0,16809179;0,27097687;0,58178520;3,18436265;1,00000000
1,31290504;0,16809179;0,27128446;0,58147764;3,18467021;1,00000000
1,31297171;0,16793799;0,27159202;0,58132380;3,18528533;1,00000000
1,31303838;0,16793799;0,27189961;0,58117002;3,18528533;1,00000000
1,31310505;0,16793799;0,27220720;0,58101624;3,18467021;1,00000000
1,31317173;0,16793799;0,27220720;0,58055484;3,18467021;1,00000000
1,31323840;0,16793799;0,27220720;0,58024728;3,18467021;1,00000000
1,31330507;0,16778421;0,27189961;0,58009350;3,18467021;1,00000000
1,31337174;0,16778421;0,27189961;0,57978594;3,18467021;1,00000000
1,31343841;0,16778421;0,27159202;0,57947832;3,18528533;1,00000000
1,31350509;0,16778421;0,27189961;0,57932454;3,18559289;1,00000000
1,31357176;0,16778421;0,27189961;0,57901698;3,18559289;1,00000000
1,31363843;0,16778421;0,27189961;0,57870936;3,18559289;1,00000000
1,31370510;0,16763040;0,27220720;0,57840180;3,18559289;1,00000000
1,31377177;0,16747662;0,27189961;0,57809424;3,18559289;1,00000000
1,31383845;0,16747662;0,27159202;0,57778668;3,18528533;1,00000000
1,31390512;0,16747662;0,27159202;0,57747906;3,18620801;1,00000000
1,31397179;0,16747662;0,27159202;0,57717150;3,18620801;1,00000000
1,31403846;0,16747662;0,27159202;0,57686394;3,18651581;1,00000000
1,31410513;0,16747662;0,27128446;0,57640254;3,18651581;1,00000000
1,31417181;0,16747662;0,27128446;0,57609499;3,18651581;1,00000000
1,31423848;0,16732283;0,27128446;0,57578737;3,18651581;1,00000000
1,31430515;0,16732283;0,27128446;0,57547981;3,18651581;1,00000000
1,31437182;0,16732283;0,27159202;0,57517225;3,18651581;1,00000000
1,31443849;0,16732283;0,27159202;0,57486469;3,18651581;1,00000000
1,31450517;0,16732283;0,27128446;0,57455707;3,18651581;1,00000000
1,31457184;0,16716905;0,27097687;0,57424951;3,18682337;1,00000000
1,31463851;0,16716905;0,27097687;0,57394195;3,18682337;1,00000000
1,31470518;0,16716905;0,27097687;0,57378817;3,18682337;1,00000000
1,31477185;0,16716905;0,27097687;0,57363439;3,18682337;1,00000000
1,31483853;0,16701525;0,27066928;0,57348061;3,18682337;1,00000000
1,31490520;0,16701525;0,27036172;0,57348061;3,18682337;1,00000000
1,31497187;0,16701525;0,27036172;0,57317299;3,18713093;1,00000000
1,31503854;0,16701525;0,27036172;0,57301921;3,18682337;1,00000000
1,31510521;0,16686147;0,27005413;0,57271159;3,18713093;1,00000000
1,31517189;0,16686147;0,27005413;0,57255781;3,18743849;1,00000000
1,31523856;0,16686147;0,27005413;0,57240403;3,18743849;1,00000000
1,31530523;0,16670766;0,27005413;0,57240403;3,18774605;1,00000000
1,31537190;0,16655388;0,27005413;0,57225025;3,18774605;1,00000000
1,31543857;0,16640009;0,27005413;0,57209647;3,18805361;1,00000000
1,31550525;0,16640009;0,27005413;0,57209647;3,18774605;1,00000000
1,31557192;0,16640009;0,27005413;0,57209647;3,18743849;1,00000000
1,31563859;0,16640009;0,27005413;0,57209647;3,18805361;1,00000000
1,31570526;0,16640009;0,27005413;0,57209647;3,18836117;1,00000000
1,31577193;0,16640009;0,26974654;0,57225025;3,18866873;1,00000000
1,31583861;0,16640009;0,27005413;0,57225025;3,18897629;1,00000000
1,31590528;0,16640009;0,27005413;0,57240403;3,18928385;1,00000000
1,31597195;0,16624631;0,27036172;0,57240403;3,18959141;1,00000000
1,31603862;0,16609251;0,27036172;0,57240403;3,18959141;1,00000000
1,31610529;0,16609251;0,27036172;0,57240403;3,18928385;1,00000000
1,31617197;0,16624631;0,27036172;0,57255781;3,18928385;1,00000000
1,31623864;0,16624631;0,27036172;0,57271159;3,18959141;1,00000000
1,31630531;0,16624631;0,27036172;0,57286543;3,18989897;1,00000000
1,31637198;0,16624631;0,27036172;0,57317299;3,19020653;1,00000000
1,31643865;0,16609251;0,27066928;0,57317299;3,19020653;1,00000000
1,31650533;0,16593874;0,27097687;0,57348061;3,19020653;1,00000000
1,31657200;0,16593874;0,27097687;0,57363439;3,18989897;1,00000000
1,31663867;0,16593874;0,27097687;0,57394195;3,18959141;1,00000000
1,31670534;0,16578494;0,27128446;0,57409573;3,18928385;1,00000000
1,31677201;0,16578494;0,27128446;0,57440329;3,18928385;1,00000000
1,31683869;0,16578494;0,27128446;0,57455707;3,18928385;1,00000000
1,31690536;0,16578494;0,27128446;0,57471091;3,18928385;1,00000000
1,31697203;0,16578494;0,27128446;0,57501847;3,18928385;1,00000000
1,31703870;0,16578494;0,27159202;0,57532603;3,18897629;1,00000000
1,31710537;0,16578494;0,27159202;0,57547981;3,18897629;1,00000000
1,31717205;0,16578494;0,27159202;0,57563359;3,18866873;1,00000000
1,31723872;0,16578494;0,27159202;0,57594121;3,18836117;1,00000000
1,31730539;0,16563116;0,27159202;0,57624876;3,18805361;1,00000000
1,31737206;0,16563116;0,27128446;0,57655638;3,18743849;1,00000000
1,31743873;0,16563116;0,27128446;0,57671016;3,18713093;1,00000000
1,31750541;0,16563116;0,27097687;0,57701772;3,18682337;1,00000000
1,31757208;0,16563116;0,27097687;0,57732528;3,18682337;1,00000000
1,31763875;0,16547737;0,27128446;0,57747906;3,18682337;1,00000000
1,31770542;0,16532359;0,27159202;0,57763284;3,18682337;1,00000000
1,31777209;0,16516978;0,27128446;0,57794046;3,18620801;1,00000000
1,31783877;0,16516978;0,27128446;0,57824802;3,18559289;1,00000000
1,31790544;0,16501600;0,27097687;0,57840180;3,18467021;1,00000000
1,31797211;0,16501600;0,27097687;0,57870936;3,18467021;1,00000000
1,31803878;0,16516978;0,27097687;0,57886314;3,18467021;1,00000000
1,31810545;0,16516978;0,27097687;0,57917076;3,18467021;1,00000000
1,31817213;0,16516978;0,27128446;0,57932454;3,18436265;1,00000000
1,31823880;0,16532359;0,27128446;0,57963216;3,18405509;1,00000000
1,31830547;0,16516978;0,27128446;0,58009350;3,18374753;1,00000000
1,31837214;0,16501600;0,27097687;0,58055484;3,18313241;1,00000000
1,31843881;0,16501600;0,27097687;0,58070862;3,18282485;1,00000000
1,31850549;0,16501600;0,27066928;0,58117002;3,18251729;1,00000000
1,31857216;0,16501600;0,27036172;0,58163142;3,18220973;1,00000000
1,31863883;0,16501600;0,27036172;0,58178520;3,18159461;1,00000000
1,31870550;0,16486220;0,27005413;0,58209276;3,18128681;1,00000000
1,31877217;0,16501600;0,26974654;0,58240032;3,18097925;1,00000000
1,31883885;0,16516978;0,26943898;0,58270794;3,18067169;1,00000000
1,31890552;0,16532359;0,26943898;0,58301550;3,18067169;1,00000000
1,31897219;0,16547737;0,26913139;0,58332312;3,18036413;1,00000000
1,31903886;0,16547737;0,26913139;0,58363068;3,18005657;1,00000000
1,31910553;0,16547737;0,26913139;0,58393824;3,17974901;1,00000000
1,31917221;0,16532359;0,26882383;0,58424580;3,17944145;1,00000000
1,31923888;0,16532359;0,26851624;0,58439958;3,17913389;1,00000000
1,31930555;0,16532359;0,26851624;0,58470720;3,17944145;1,00000000
1,31937222;0,16547737;0,26851624;0,58486098;3,17944145;1,00000000
1,31943889;0,16547737;0,26820865;0,58501476;3,17944145;1,00000000
1,31950557;0,16563116;0,26790109;0,58516854;3,17913389;1,00000000
1,31957224;0,16563116;0,26790109;0,58532232;3,17882633;1,00000000
1,31963891;0,16563116;0,26790109;0,58547610;3,17821121;1,00000000
1,31970558;0,16563116;0,26759350;0,58562988;3,17790365;1,00000000
1,31977225;0,16563116;0,26759350;0,58578372;3,17821121;1,00000000
1,31983893;0,16547737;0,26759350;0,58593750;3,17821121;1,00000000
1,31990560;0,16547737;0,26759350;0,58609128;3,17821121;1,00000000
1,31997227;0,16547737;0,26759350;0,58624506;3,17821121;1,00000000
1,32003894;0,16547737;0,26759350;0,58639890;3,17790365;1,00000000
1,32010561;0,16547737;0,26728594;0,58655268;3,17759609;1,00000000
1,32017229;0,16547737;0,26728594;0,58686024;3,17728853;1,00000000
1,32023896;0,16532359;0,26697835;0,58716780;3,17728853;1,00000000
1,32030563;0,16547737;0,26697835;0,58732158;3,17728853;1,00000000
1,32037230;0,16532359;0,26697835;0,58747536;3,17759609;1,00000000
1,32043897;0,16532359;0,26728594;0,58778298;3,17790365;1,00000000
1,32050565;0,16516978;0,26759350;0,58778298;3,17790365;1,00000000
1,32057232;0,16501600;0,26728594;0,58793676;3,17790365;1,00000000
1,32063899;0,16486220;0,26697835;0,58809054;3,17790365;1,00000000
1,32070566;0,16470842;0,26697835;0,58824432;3,17790365;1,00000000
1,32077233;0,16455463;0,26667076;0,58839810;3,17790365;1,00000000
1,32083901;0,16440085;0,26636320;0,58855188;3,17821121;1,00000000
1,32090568;0,16424704;0,26667076;0,58870566;3,17851877;1,00000000
1,32097235;0,16424704;0,26697835;0,58870566;3,17882633;1,00000000
1,32103902;0,16440085;0,26728594;0,58870566;3,17913389;1,00000000
1,32110569;0,16424704;0,26728594;0,58885950;3,17913389;1,00000000
1,32117237;0,16409326;0,26697835;0,58901328;3,17944145;1,00000000
1,32123904;0,16409326;0,26697835;0,58916706;3,17974901;1,00000000
1,32130571;0,16409326;0,26697835;0,58916706;3,18005657;1,00000000
1,32137238;0,16409326;0,26728594;0,58932084;3,18036413;1,00000000
1,32143905;0,16409326;0,26728594;0,58932084;3,18067169;1,00000000
1,32150573;0,16409326;0,26759350;0,58932084;3,18067169;1,00000000
1,32157240;0,16409326;0,26790109;0,58947468;3,18067169;1,00000000
1,32163907;0,16393946;0,26790109;0,58978224;3,18097925;1,00000000
1,32170574;0,16393946;0,26790109;0,58978224;3,18128681;1,00000000
1,32177241;0,16393946;0,26759350;0,58947468;3,18128681;1,00000000
1,32183909;0,16393946;0,26728594;0,58932084;3,18128681;1,00000000
1,32190576;0,16393946;0,26728594;0,58916706;3,18159461;1,00000000
1,32197243;0,16378568;0,26697835;0,58901328;3,18190217;1,00000000
1,32203910;0,16378568;0,26728594;0,58885950;3,18190217;1,00000000
1,32210577;0,16363189;0,26759350;0,58870566;3,18190217;1,00000000
1,32217245;0,16347811;0,26790109;0,58855188;3,18159461;1,00000000
1,32223912;0,16363189;0,26820865;0,58839810;3,18159461;1,00000000
1,32230579;0,16347811;0,26790109;0,58824432;3,18190217;1,00000000
1,32237246;0,16347811;0,26759350;0,58793676;3,18220973;1,00000000
1,32243913;0,16347811;0,26728594;0,58762920;3,18251729;1,00000000
1,32250581;0,16332431;0,26697835;0,58747536;3,18251729;1,00000000
1,32257248;0,16317053;0,26697835;0,58716780;3,18251729;1,00000000
1,32263915;0,16317053;0,26697835;0,58686024;3,18251729;1,00000000
1,32270582;0,16332431;0,26697835;0,58655268;3,18220973;1,00000000
1,32277249;0,16347811;0,26697835;0,58639890;3,18251729;1,00000000
1,32283917;0,16347811;0,26728594;0,58609128;3,18251729;1,00000000
1,32290584;0,16363189;0,26728594;0,58578372;3,18282485;1,00000000
1,32297251;0,16378568;0,26697835;0,58562988;3,18282485;1,00000000
1,32303918;0,16393946;0,26697835;0,58532232;3,18282485;1,00000000
1,32310585;0,16393946;0,26697835;0,58501476;3,18282485;1,00000000
1,32317253;0,16393946;0,26697835;0,58470720;3,18282485;1,00000000
1,32323920;0,16393946;0,26728594;0,58439958;3,18313241;1,00000000
1,32330587;0,16393946;0,26728594;0,58409202;3,18374753;1,00000000
1,32337254;0,16393946;0,26728594;0,58378446;3,18374753;1,00000000
1,32343921;0,16409326;0,26697835;0,58332312;3,18343997;1,00000000
1,32350589;0,16424704;0,26697835;0,58286172;3,18343997;1,00000000
1,32357256;0,16424704;0,26697835;0,58240032;3,18343997;1,00000000
1,32363923;0,16440085;0,26728594;0,58209276;3,18343997;1,00000000
1,32370590;0,16455463;0,26759350;0,58163142;3,18313241;1,00000000
1,32377257;0,16470842;0,26759350;0,58132380;3,18313241;1,00000000
1,32383925;0,16486220;0,26790109;0,58086246;3,18343997;1,00000000
1,32390592;0,16486220;0,26820865;0,58040106;3,18343997;1,00000000
1,32397259;0,16486220;0,26820865;0,58009350;3,18343997;1,00000000
1,32403926;0,16501600;0,26820865;0,57978594;3,18343997;1,00000000
1,32410593;0,16501600;0,26820865;0,57932454;3,18343997;1,00000000
1,32417261;0,16516978;0,26820865;0,57901698;3,18343997;1,00000000
1,32423928;0,16516978;0,26820865;0,57855558;3,18343997;1,00000000
1,32430595;0,16532359;0,26820865;0,57809424;3,18343997;1,00000000
1,32437262;0,16547737;0,26851624;0,57778668;3,18374753;1,00000000
1,32443929;0,16547737;0,26851624;0,57747906;3,18405509;1,00000000
1,32450597;0,16547737;0,26851624;0,57717150;3,18405509;1,00000000
1,32457264;0,16547737;0,26882383;0,57686394;3,18405509;1,00000000
1,32463931;0,16547737;0,26851624;0,57655638;3,18405509;1,00000000
1,32470598;0,16563116;0,26851624;0,57624876;3,18436265;1,00000000
1,32477265;0,16563116;0,26820865;0,57594121;3,18467021;1,00000000
1,32483933;0,16578494;0,26820865;0,57547981;3,18467021;1,00000000
1,32490600;0,16578494;0,26851624;0,57517225;3,18436265;1,00000000
1,32497267;0,16593874;0,26882383;0,57486469;3,18467021;1,00000000
1,32503934;0,16593874;0,26882383;0,57471091;3,18467021;1,00000000
1,32510601;0,16578494;0,26882383;0,57440329;3,18467021;1,00000000
1,32517269;0,16578494;0,26851624;0,57409573;3,18467021;1,00000000
1,32523936;0,16593874;0,26820865;0,57378817;3,18528533;1,00000000
1,32530603;0,16609251;0,26820865;0,57348061;3,18467021;1,00000000
1,32537270;0,16609251;0,26790109;0,57317299;3,18436265;1,00000000
1,32543937;0,16624631;0,26820865;0,57286543;3,18405509;1,00000000
1,32550605;0,16655388;0,26851624;0,57255781;3,18374753;1,00000000
1,32557272;0,16655388;0,26820865;0,57240403;3,18374753;1,00000000
1,32563939;0,16655388;0,26820865;0,57209647;3,18405509;1,00000000
1,32570606;0,16655388;0,26790109;0,57163513;3,18436265;1,00000000
1,32577273;0,16655388;0,26790109;0,57132751;3,18405509;1,00000000
1,32583941;0,16655388;0,26759350;0,57101995;3,18405509;1,00000000
1,32590608;0,16655388;0,26759350;0,57086611;3,18374753;1,00000000
1,32597275;0,16670766;0,26759350;0,57055855;3,18343997;1,00000000
1,32603942;0,16670766;0,26759350;0,57025099;3,18313241;1,00000000
1,32610609;0,16670766;0,26759350;0,56994343;3,18313241;1,00000000
1,32617277;0,16670766;0,26759350;0,56994343;3,18313241;1,00000000
1,32623944;0,16670766;0,26759350;0,56978959;3,18313241;1,00000000
1,32630611;0,16670766;0,26728594;0,56963581;3,18343997;1,00000000
1,32637278;0,16670766;0,26697835;0,56948203;3,18282485;1,00000000
1,32643945;0,16670766;0,26728594;0,56948203;3,18251729;1,00000000
1,32650613;0,16670766;0,26697835;0,56932825;3,18220973;1,00000000
1,32657280;0,16670766;0,26697835;0,56917441;3,18220973;1,00000000
1,32663947;0,16670766;0,26697835;0,56917441;3,18220973;1,00000000
1,32670614;0,16670766;0,26697835;0,56932825;3,18220973;1,00000000
1,32677281;0,16670766;0,26697835;0,56932825;3,18220973;1,00000000
1,32683949;0,16670766;0,26667076;0,56932825;3,18220973;1,00000000
1,32690616;0,16670766;0,26636320;0,56932825;3,18220973;1,00000000
1,32697283;0,16670766;0,26636320;0,56932825;3,18159461;1,00000000
1,32703950;0,16670766;0,26605561;0,56932825;3,18128681;1,00000000
1,32710617;0,16670766;0,26605561;0,56932825;3,18159461;1,00000000
1,32717285;0,16670766;0,26636320;0,56948203;3,18190217;1,00000000
1,32723952;0,16670766;0,26605561;0,56978959;3,18190217;1,00000000
1,32730619;0,16670766;0,26605561;0,56994343;3,18190217;1,00000000
1,32737286;0,16670766;0,26605561;0,57025099;3,18190217;1,00000000
1,32743953;0,16655388;0,26605561;0,57040477;3,18220973;1,00000000
1,32750621;0,16655388;0,26605561;0,57055855;3,18190217;1,00000000
1,32757288;0,16655388;0,26636320;0,57086611;3,18159461;1,00000000
1,32763955;0,16655388;0,26636320;0,57132751;3,18190217;1,00000000
1,32770622;0,16655388;0,26636320;0,57163513;3,18220973;1,00000000
1,32777289;0,16655388;0,26667076;0,57209647;3,18251729;1,00000000
1,32783957;0,16640009;0,26636320;0,57255781;3,18282485;1,00000000
1,32790624;0,16640009;0,26605561;0,57286543;3,18282485;1,00000000
1,32797291;0,16640009;0,26605561;0,57317299;3,18282485;1,00000000
1,32803958;0,16640009;0,26574802;0,57348061;3,18313241;1,00000000
1,32810625;0,16640009;0,26605561;0,57378817;3,18282485;1,00000000
1,32817293;0,16624631;0,26605561;0,57424951;3,18282485;1,00000000
1,32823960;0,16609251;0,26605561;0,57471091;3,18282485;1,00000000
1,32830627;0,16609251;0,26636320;0,57517225;3,18313241;1,00000000
1,32837294;0,16593874;0,26636320;0,57563359;3,18343997;1,00000000
1,32843961;0,16593874;0,26605561;0,57609499;3,18374753;1,00000000
1,32850629;0,16593874;0,26605561;0,57655638;3,18405509;1,00000000
1,32857296;0,16593874;0,26605561;0,57686394;3,18436265;1,00000000
1,32863963;0,16593874;0,26574802;0,57747906;3,18467021;1,00000000
1,32870630;0,16578494;0,26574802;0,57778668;3,18467021;1,00000000
1,32877297;0,16563116;0,26605561;0,57824802;3,18528533;1,00000000
1,32883965;0,16563116;0,26636320;0,57870936;3,18559289;1,00000000
1,32890632;0,16563116;0,26667076;0,57917076;3,18559289;1,00000000
1,32897299;0,16563116;0,26667076;0,57947832;3,18590045;1,00000000
1,32903966;0,16563116;0,26697835;0,57993972;3,18620801;1,00000000
1,32910633;0,16563116;0,26697835;0,58040106;3,18651581;1,00000000
1,32917301;0,16563116;0,26697835;0,58101624;3,18682337;1,00000000
1,32923968;0,16563116;0,26697835;0,58163142;3,18713093;1,00000000
1,32930635;0,16563116;0,26728594;0,58209276;3,18713093;1,00000000
1,32937302;0,16563116;0,26759350;0,58255410;3,18713093;1,00000000
1,32943969;0,16563116;0,26790109;0,58301550;3,18713093;1,00000000
1,32950637;0,16563116;0,26820865;0,58332312;3,18713093;1,00000000
1,32957304;0,16563116;0,26851624;0,58378446;3,18713093;1,00000000
1,32963971;0,16563116;0,26851624;0,58424580;3,18743849;1,00000000
1,32970638;0,16563116;0,26882383;0,58470720;3,18805361;1,00000000
1,32977305;0,16563116;0,26882383;0,58516854;3,18805361;1,00000000
1,32983973;0,16563116;0,26913139;0,58547610;3,18805361;1,00000000
1,32990640;0,16563116;0,26943898;0,58578372;3,18805361;1,00000000
1,32997307;0,16563116;0,26943898;0,58624506;3,18805361;1,00000000
1,33003974;0,16563116;0,26943898;0,58639890;3,18836117;1,00000000
1,33010641;0,16563116;0,26943898;0,58670646;3,18836117;1,00000000
1,33017309;0,16563116;0,26913139;0,58686024;3,18866873;1,00000000
1,33023976;0,16563116;0,26943898;0,58716780;3,18836117;1,00000000
1,33030643;0,16563116;0,26943898;0,58732158;3,18805361;1,00000000
1,33037310;0,16563116;0,26943898;0,58747536;3,18805361;1,00000000
1,33043977;0,16563116;0,26974654;0,58778298;3,18805361;1,00000000
1,33050645;0,16563116;0,26974654;0,58809054;3,18805361;1,00000000
1,33057312;0,16563116;0,26974654;0,58809054;3,18805361;1,00000000
1,33063979;0,16563116;0,26943898;0,58809054;3,18805361;1,00000000
1,33070646;0,16563116;0,26913139;0,58809054;3,18774605;1,00000000
1,33077313;0,16563116;0,26882383;0,58809054;3,18743849;1,00000000
1,33083981;0,16578494;0,26913139;0,58824432;3,18743849;1,00000000
1,33090648;0,16578494;0,26913139;0,58824432;3,18713093;1,00000000
1,33097315;0,16578494;0,26913139;0,58824432;3,18682337;1,00000000
1,33103982;0,16578494;0,26913139;0,58824432;3,18713093;1,00000000
1,33110649;0,16578494;0,26882383;0,58824432;3,18713093;1,00000000
1,33117317;0,16578494;0,26882383;0,58839810;3,18713093;1,00000000
1,33123984;0,16563116;0,26851624;0,58839810;3,18682337;1,00000000
1,33130651;0,16563116;0,26851624;0,58839810;3,18651581;1,00000000
1,33137318;0,16563116;0,26851624;0,58824432;3,18620801;1,00000000
1,33143985;0,16563116;0,26820865;0,58824432;3,18620801;1,00000000
1,33150653;0,16563116;0,26820865;0,58824432;3,18590045;1,00000000
1,33157320;0,16563116;0,26820865;0,58824432;3,18620801;1,00000000
1,33163987;0,16563116;0,26851624;0,58824432;3,18620801;1,00000000
1,33170654;0,16563116;0,26820865;0,58809054;3,18620801;1,00000000
1,33177321;0,16563116;0,26790109;0,58793676;3,18590045;1,00000000
1,33183989;0,16563116;0,26759350;0,58762920;3,18590045;1,00000000
1,33190656;0,16578494;0,26759350;0,58747536;3,18590045;1,00000000
1,33197323;0,16578494;0,26759350;0,58732158;3,18590045;1,00000000
1,33203990;0,16578494;0,26759350;0,58732158;3,18559289;1,00000000
1,33210657;0,16578494;0,26759350;0,58716780;3,18590045;1,00000000
1,33217325;0,16578494;0,26759350;0,58716780;3,18559289;1,00000000
1,33223992;0,16593874;0,26759350;0,58701402;3,18559289;1,00000000
1,33230659;0,16593874;0,26728594;0,58670646;3,18528533;1,00000000
1,33237326;0,16593874;0,26697835;0,58639890;3,18528533;1,00000000
1,33243993;0,16593874;0,26667076;0,58609128;3,18528533;1,00000000
1,33250661;0,16593874;0,26667076;0,58609128;3,18467021;1,00000000
1,33257328;0,16578494;0,26667076;0,58578372;3,18528533;1,00000000
1,33263995;0,16578494;0,26667076;0,58547610;3,18590045;1,00000000
1,33270662;0,16578494;0,26667076;0,58532232;3,18590045;1,00000000
1,33277329;0,16578494;0,26697835;0,58516854;3,18590045;1,00000000
1,33283997;0,16578494;0,26728594;0,58486098;3,18590045;1,00000000
1,33290664;0,16578494;0,26697835;0,58470720;3,18590045;1,00000000
1,33297331;0,16563116;0,26697835;0,58424580;3,18590045;1,00000000
1,33303998;0,16563116;0,26667076;0,58409202;3,18559289;1,00000000
1,33310665;0,16563116;0,26667076;0,58378446;3,18559289;1,00000000
1,33317333;0,16563116;0,26667076;0,58347690;3,18559289;1,00000000
1,33324000;0,16547737;0,26667076;0,58301550;3,18559289;1,00000000
1,33330667;0,16547737;0,26697835;0,58286172;3,18559289;1,00000000
1,33337334;0,16547737;0,26728594;0,58240032;3,18559289;1,00000000
1,33344001;0,16547737;0,26697835;0,58193898;3,18559289;1,00000000
1,33350669;0,16547737;0,26697835;0,58163142;3,18559289;1,00000000
1,33357336;0,16547737;0,26667076;0,58117002;3,18528533;1,00000000
1,33364003;0,16547737;0,26667076;0,58101624;3,18559289;1,00000000
1,33370670;0,16547737;0,26697835;0,58070862;3,18590045;1,00000000
1,33377337;0,16547737;0,26697835;0,58055484;3,18620801;1,00000000
1,33384005;0,16547737;0,26728594;0,58024728;3,18620801;1,00000000
1,33390672;0,16547737;0,26728594;0,58009350;3,18620801;1,00000000
1,33397339;0,16547737;0,26697835;0,57978594;3,18651581;1,00000000
1,33404006;0,16547737;0,26697835;0,57947832;3,18620801;1,00000000
1,33410673;0,16547737;0,26667076;0,57917076;3,18620801;1,00000000
1,33417341;0,16563116;0,26667076;0,57901698;3,18651581;1,00000000
1,33424008;0,16563116;0,26667076;0,57886314;3,18682337;1,00000000
1,33430675;0,16563116;0,26667076;0,57855558;3,18713093;1,00000000
1,33437342;0,16563116;0,26697835;0,57824802;3,18743849;1,00000000
1,33444009;0,16563116;0,26697835;0,57794046;3,18774605;1,00000000
1,33450677;0,16563116;0,26667076;0,57763284;3,18805361;1,00000000
1,33457344;0,16563116;0,26667076;0,57732528;3,18774605;1,00000000
1,33464011;0,16563116;0,26697835;0,57701772;3,18743849;1,00000000
1,33470678;0,16547737;0,26697835;0,57701772;3,18743849;1,00000000
1,33477345;0,16547737;0,26667076;0,57686394;3,18743849;1,00000000
1,33484013;0,16547737;0,26697835;0,57671016;3,18774605;1,00000000
1,33490680;0,16532359;0,26697835;0,57640254;3,18805361;1,00000000
1,33497347;0,16532359;0,26697835;0,57624876;3,18836117;1,00000000
1,33504014;0,16532359;0,26667076;0,57594121;3,18836117;1,00000000
1,33510681;0,16516978;0,26636320;0,57594121;3,18805361;1,00000000
1,33517349;0,16516978;0,26636320;0,57578737;3,18805361;1,00000000
1,33524016;0,16501600;0,26605561;0,57578737;3,18805361;1,00000000
1,33530683;0,16486220;0,26605561;0,57563359;3,18805361;1,00000000
1,33537350;0,16486220;0,26605561;0,57532603;3,18805361;1,00000000
1,33544017;0,16501600;0,26605561;0,57517225;3,18836117;1,00000000
1,33550685;0,16501600;0,26636320;0,57501847;3,18866873;1,00000000
1,33557352;0,16486220;0,26667076;0,57486469;3,18928385;1,00000000
1,33564019;0,16470842;0,26697835;0,57471091;3,18928385;1,00000000
1,33570686;0,16455463;0,26697835;0,57471091;3,18928385;1,00000000
1,33577353;0,16455463;0,26697835;0,57471091;3,18928385;1,00000000
1,33584021;0,16440085;0,26697835;0,57471091;3,18928385;1,00000000
1,33590688;0,16424704;0,26697835;0,57471091;3,18928385;1,00000000
1,33597355;0,16409326;0,26728594;0,57471091;3,18928385;1,00000000
1,33604022;0,16393946;0,26728594;0,57471091;3,18989897;1,00000000
1,33610689;0,16378568;0,26759350;0,57486469;3,18989897;1,00000000
1,33617357;0,16347811;0,26759350;0,57486469;3,18989897;1,00000000
1,33624024;0,16347811;0,26759350;0,57486469;3,18989897;1,00000000
1,33630691;0,16347811;0,26790109;0,57501847;3,18989897;1,00000000
1,33637358;0,16347811;0,26790109;0,57501847;3,18989897;1,00000000
1,33644025;0,16347811;0,26790109;0,57532603;3,18989897;1,00000000
1,33650693;0,16347811;0,26790109;0,57563359;3,18989897;1,00000000
1,33657360;0,16332431;0,26820865;0,57594121;3,19020653;1,00000000
1,33664027;0,16332431;0,26851624;0,57624876;3,19051409;1,00000000
1,33670694;0,16332431;0,26882383;0,57640254;3,19051409;1,00000000
1,33677361;0,16317053;0,26882383;0,57671016;3,19020653;1,00000000
1,33684029;0,16332431;0,26913139;0,57701772;3,19020653;1,00000000
1,33690696;0,16347811;0,26913139;0,57717150;3,19020653;1,00000000
1,33697363;0,16347811;0,26943898;0,57747906;3,19020653;1,00000000
1,33704030;0,16347811;0,26913139;0,57778668;3,19020653;1,00000000
1,33710697;0,16347811;0,26882383;0,57809424;3,19051409;1,00000000
1,33717365;0,16363189;0,26913139;0,57840180;3,19082165;1,00000000
1,33724032;0,16363189;0,26882383;0,57855558;3,19051409;1,00000000
1,33730699;0,16363189;0,26882383;0,57870936;3,19020653;1,00000000
1,33737366;0,16347811;0,26913139;0,57901698;3,18989897;1,00000000
1,33744033;0,16347811;0,26913139;0,57932454;3,18928385;1,00000000
1,33750701;0,16347811;0,26913139;0,57947832;3,18897629;1,00000000
1,33757368;0,16347811;0,26882383;0,57978594;3,18866873;1,00000000
1,33764035;0,16347811;0,26913139;0,58009350;3,18866873;1,00000000
1,33770702;0,16347811;0,26913139;0,58040106;3,18866873;1,00000000
1,33777369;0,16363189;0,26943898;0,58070862;3,18866873;1,00000000
1,33784037;0,16378568;0,26943898;0,58101624;3,18866873;1,00000000
1,33790704;0,16378568;0,26974654;0,58132380;3,18805361;1,00000000
1,33797371;0,16378568;0,26943898;0,58163142;3,18743849;1,00000000
1,33804038;0,16393946;0,26943898;0,58193898;3,18682337;1,00000000
1,33810705;0,16393946;0,26913139;0,58224654;3,18651581;1,00000000
1,33817373;0,16409326;0,26913139;0,58255410;3,18651581;1,00000000
1,33824040;0,16424704;0,26913139;0,58286172;3,18620801;1,00000000
1,33830707;0,16409326;0,26913139;0,58301550;3,18590045;1,00000000
1,33837374;0,16409326;0,26943898;0,58316928;3,18559289;1,00000000
1,33844041;0,16409326;0,26913139;0,58332312;3,18528533;1,00000000
1,33850709;0,16409326;0,26913139;0,58363068;3,18436265;1,00000000
1,33857376;0,16424704;0,26882383;0,58378446;3,18374753;1,00000000
1,33864043;0,16424704;0,26851624;0,58393824;3,18374753;1,00000000
1,33870710;0,16424704;0,26820865;0,58409202;3,18374753;1,00000000
1,33877377;0,16424704;0,26820865;0,58439958;3,18374753;1,00000000
1,33884045;0,16424704;0,26820865;0,58470720;3,18374753;1,00000000
1,33890712;0,16424704;0,26820865;0,58501476;3,18374753;1,00000000
1,33897379;0,16424704;0,26820865;0,58532232;3,18313241;1,00000000
1,33904046;0,16424704;0,26820865;0,58562988;3,18251729;1,00000000
1,33910713;0,16440085;0,26790109;0,58593750;3,18220973;1,00000000
1,33917381;0,16455463;0,26759350;0,58624506;3,18190217;1,00000000
1,33924048;0,16455463;0,26728594;0,58655268;3,18159461;1,00000000
1,33930715;0,16440085;0,26728594;0,58686024;3,18159461;1,00000000
1,33937382;0,16440085;0,26759350;0,58716780;3,18128681;1,00000000
1,33944049;0,16424704;0,26759350;0,58747536;3,18097925;1,00000000
1,33950717;0,16424704;0,26759350;0,58778298;3,18067169;1,00000000
1,33957384;0,16424704;0,26759350;0,58793676;3,18067169;1,00000000
1,33964051;0,16424704;0,26728594;0,58824432;3,18036413;1,00000000
1,33970718;0,16424704;0,26697835;0,58839810;3,18036413;1,00000000
1,33977385;0,16409326;0,26697835;0,58870566;3,18036413;1,00000000
1,33984053;0,16393946;0,26697835;0,58901328;3,18005657;1,00000000
1,33990720;0,16393946;0,26667076;0,58916706;3,18005657;1,00000000
1,33997387;0,16378568;0,26636320;0,58962846;3,17974901;1,00000000
1,34004054;0,16363189;0,26636320;0,58993602;3,17944145;1,00000000
1,34010721;0,16347811;0,26636320;0,59008980;3,17913389;1,00000000
1,34017389;0,16363189;0,26636320;0,59039736;3,17913389;1,00000000
1,34024056;0,16363189;0,26636320;0,59055120;3,17913389;1,00000000
1,34030723;0,16347811;0,26605561;0,59070498;3,17913389;1,00000000
1,34037390;0,16347811;0,26605561;0,59085876;3,17913389;1,00000000
1,34044057;0,16347811;0,26636320;0,59101254;3,17944145;1,00000000
1,34050725;0,16332431;0,26667076;0,59116638;3,18005657;1,00000000
1,34057392;0,16317053;0,26667076;0,59132016;3,18005657;1,00000000
1,34064059;0,16332431;0,26697835;0,59147394;3,18005657;1,00000000
1,34070726;0,16332431;0,26697835;0,59147394;3,18005657;1,00000000
1,34077393;0,16317053;0,26667076;0,59162772;3,18005657;1,00000000
1,34084061;0,16301674;0,26697835;0,59178150;3,18005657;1,00000000
1,34090728;0,16286296;0,26697835;0,59208906;3,18005657;1,00000000
1,34097395;0,16286296;0,26697835;0,59224284;3,18036413;1,00000000
1,34104062;0,16286296;0,26728594;0,59239668;3,18067169;1,00000000
1,34110729;0,16270915;0,26728594;0,59239668;3,18067169;1,00000000
1,34117397;0,16270915;0,26697835;0,59255046;3,18067169;1,00000000
1,34124064;0,16270915;0,26728594;0,59255046;3,18067169;1,00000000
1,34130731;0,16286296;0,26759350;0,59270424;3,18067169;1,00000000
1,34137398;0,16270915;0,26790109;0,59285802;3,18067169;1,00000000
1,34144065;0,16270915;0,26790109;0,59285802;3,18097925;1,00000000
1,34150733;0,16270915;0,26820865;0,59285802;3,18128681;1,00000000
1,34157400;0,16286296;0,26851624;0,59285802;3,18128681;1,00000000
1,34164067;0,16301674;0,26851624;0,59285802;3,18128681;1,00000000
1,34170734;0,16301674;0,26851624;0,59270424;3,18128681;1,00000000
1,34177401;0,16286296;0,26882383;0,59255046;3,18097925;1,00000000
1,34184069;0,16286296;0,26882383;0,59239668;3,18067169;1,00000000
1,34190736;0,16270915;0,26882383;0,59224284;3,18097925;1,00000000
1,34197403;0,16286296;0,26851624;0,59208906;3,18128681;1,00000000
1,34204070;0,16270915;0,26820865;0,59193528;3,18097925;1,00000000
1,34210737;0,16286296;0,26820865;0,59162772;3,18097925;1,00000000
1,34217405;0,16301674;0,26851624;0,59147394;3,18097925;1,00000000
1,34224072;0,16317053;0,26882383;0,59116638;3,18097925;1,00000000
1,34230739;0,16317053;0,26882383;0,59085876;3,18067169;1,00000000
1,34237406;0,16317053;0,26882383;0,59070498;3,18128681;1,00000000
1,34244073;0,16317053;0,26882383;0,59039736;3,18159461;1,00000000
1,34250741;0,16301674;0,26882383;0,59008980;3,18190217;1,00000000
1,34257408;0,16286296;0,26882383;0,58993602;3,18190217;1,00000000
1,34264075;0,16286296;0,26882383;0,58962846;3,18190217;1,00000000
1,34270742;0,16301674;0,26882383;0,58916706;3,18159461;1,00000000
1,34277409;0,16301674;0,26882383;0,58901328;3,18128681;1,00000000
1,34284077;0,16301674;0,26851624;0,58870566;3,18159461;1,00000000
1,34290744;0,16317053;0,26851624;0,58839810;3,18159461;1,00000000
1,34297411;0,16332431;0,26851624;0,58809054;3,18190217;1,00000000
1,34304078;0,16347811;0,26820865;0,58778298;3,18220973;1,00000000
1,34310745;0,16347811;0,26820865;0,58747536;3,18220973;1,00000000
1,34317413;0,16363189;0,26820865;0,58716780;3,18220973;1,00000000
1,34324080;0,16363189;0,26820865;0,58670646;3,18220973;1,00000000
1,34330747;0,16378568;0,26851624;0,58639890;3,18220973;1,00000000
1,34337414;0,16378568;0,26851624;0,58609128;3,18190217;1,00000000
1,34344081;0,16378568;0,26882383;0,58578372;3,18251729;1,00000000
1,34350749;0,16378568;0,26882383;0,58547610;3,18251729;1,00000000
1,34357416;0,16378568;0,26882383;0,58532232;3,18251729;1,00000000
1,34364083;0,16378568;0,26913139;0,58501476;3,18251729;1,00000000
1,34370750;0,16393946;0,26913139;0,58470720;3,18251729;1,00000000
1,34377417;0,16393946;0,26913139;0,58424580;3,18251729;1,00000000
1,34384085;0,16393946;0,26913139;0,58393824;3,18251729;1,00000000
1,34390752;0,16393946;0,26943898;0,58347690;3,18282485;1,00000000
1,34397419;0,16393946;0,26943898;0,58316928;3,18220973;1,00000000
1,34404086;0,16393946;0,26943898;0,58270794;3,18251729;1,00000000
1,34410753;0,16409326;0,26974654;0,58240032;3,18251729;1,00000000
1,34417421;0,16424704;0,27005413;0,58209276;3,18251729;1,00000000
1,34424088;0,16440085;0,27005413;0,58163142;3,18251729;1,00000000
1,34430755;0,16440085;0,27005413;0,58117002;3,18251729;1,00000000
1,34437422;0,16440085;0,27005413;0,58086246;3,18282485;1,00000000
1,34444089;0,16440085;0,26974654;0,58040106;3,18251729;1,00000000
1,34450757;0,16470842;0,26974654;0,58009350;3,18220973;1,00000000
1,34457424;0,16470842;0,26974654;0,57978594;3,18251729;1,00000000
1,34464091;0,16486220;0,26943898;0,57932454;3,18282485;1,00000000
1,34470758;0,16501600;0,26974654;0,57886314;3,18282485;1,00000000
1,34477425;0,16501600;0,27005413;0,57840180;3,18313241;1,00000000
1,34484093;0,16501600;0,27005413;0,57794046;3,18343997;1,00000000
1,34490760;0,16532359;0,27036172;0,57763284;3,18313241;1,00000000
1,34497427;0,16547737;0,27036172;0,57732528;3,18313241;1,00000000
1,34504094;0,16563116;0,27036172;0,57701772;3,18313241;1,00000000
1,34510761;0,16563116;0,27036172;0,57671016;3,18282485;1,00000000
1,34517429;0,16563116;0,27036172;0,57640254;3,18313241;1,00000000
1,34524096;0,16578494;0,27036172;0,57594121;3,18313241;1,00000000
1,34530763;0,16609251;0,27066928;0,57563359;3,18343997;1,00000000
1,34537430;0,16624631;0,27066928;0,57532603;3,18374753;1,00000000
1,34544097;0,16640009;0,27066928;0,57486469;3,18374753;1,00000000
1,34550765;0,16655388;0,27066928;0,57440329;3,18343997;1,00000000
1,34557432;0,16655388;0,27036172;0,57394195;3,18313241;1,00000000
1,34564099;0,16655388;0,27036172;0,57378817;3,18282485;1,00000000
1,34570766;0,16670766;0,27036172;0,57348061;3,18251729;1,00000000
1,34577433;0,16686147;0,27066928;0,57332677;3,18251729;1,00000000
1,34584101;0,16701525;0,27066928;0,57301921;3,18282485;1,00000000
1,34590768;0,16716905;0,27066928;0,57271159;3,18313241;1,00000000
1,34597435;0,16716905;0,27036172;0,57225025;3,18282485;1,00000000
1,34604102;0,16716905;0,27005413;0,57209647;3,18251729;1,00000000
1,34610769;0,16716905;0,26974654;0,57178891;3,18220973;1,00000000
1,34617437;0,16701525;0,26943898;0,57148129;3,18190217;1,00000000
1,34624104;0,16701525;0,26943898;0,57132751;3,18159461;1,00000000
1,34630771;0,16701525;0,26943898;0,57101995;3,18159461;1,00000000
1,34637438;0,16716905;0,26943898;0,57071233;3,18190217;1,00000000
1,34644105;0,16716905;0,26913139;0,57071233;3,18159461;1,00000000
1,34650773;0,16716905;0,26913139;0,57055855;3,18159461;1,00000000
1,34657440;0,16716905;0,26913139;0,57055855;3,18159461;1,00000000
1,34664107;0,16716905;0,26913139;0,57055855;3,18159461;1,00000000
1,34670774;0,16716905;0,26882383;0,57055855;3,18128681;1,00000000
1,34677441;0,16716905;0,26851624;0,57055855;3,18097925;1,00000000
1,34684109;0,16701525;0,26882383;0,57055855;3,18128681;1,00000000
1,34690776;0,16701525;0,26851624;0,57040477;3,18159461;1,00000000
1,34697443;0,16701525;0,26820865;0,57040477;3,18128681;1,00000000
1,34704110;0,16701525;0,26820865;0,57025099;3,18097925;1,00000000
1,34710777;0,16701525;0,26820865;0,57040477;3,18067169;1,00000000
1,34717445;0,16701525;0,26820865;0,57040477;3,18067169;1,00000000
1,34724112;0,16701525;0,26820865;0,57055855;3,18067169;1,00000000
1,34730779;0,16701525;0,26790109;0,57071233;3,18097925;1,00000000
1,34737446;0,16701525;0,26790109;0,57086611;3,18128681;1,00000000
1,34744113;0,16686147;0,26790109;0,57117373;3,18128681;1,00000000
1,34750781;0,16686147;0,26759350;0,57132751;3,18159461;1,00000000
1,34757448;0,16686147;0,26790109;0,57148129;3,18128681;1,00000000
1,34764115;0,16701525;0,26790109;0,57178891;3,18097925;1,00000000
1,34770782;0,16701525;0,26790109;0,57209647;3,18097925;1,00000000
1,34777449;0,16701525;0,26790109;0,57255781;3,18128681;1,00000000
1,34784117;0,16701525;0,26790109;0,57286543;3,18159461;1,00000000
1,34790784;0,16701525;0,26759350;0,57317299;3,18159461;1,00000000
1,34797451;0,16701525;0,26759350;0,57363439;3,18220973;1,00000000
1,34804118;0,16701525;0,26790109;0,57394195;3,18251729;1,00000000
1,34810785;0,16701525;0,26820865;0,57424951;3,18282485;1,00000000
1,34817453;0,16701525;0,26851624;0,57455707;3,18282485;1,00000000
1,34824120;0,16701525;0,26851624;0,57501847;3,18282485;1,00000000
1,34830787;0,16701525;0,26851624;0,57532603;3,18313241;1,00000000
1,34837454;0,16701525;0,26882383;0,57578737;3,18343997;1,00000000
1,34844121;0,16701525;0,26913139;0,57624876;3,18405509;1,00000000
1,34850789;0,16716905;0,26943898;0,57671016;3,18436265;1,00000000
1,34857456;0,16716905;0,26974654;0,57717150;3,18467021;1,00000000
1,34864123;0,16716905;0,27005413;0,57747906;3,18436265;1,00000000
1,34870790;0,16716905;0,27005413;0,57778668;3,18436265;1,00000000
1,34877457;0,16716905;0,27005413;0,57840180;3,18436265;1,00000000
1,34884125;0,16716905;0,27036172;0,57901698;3,18467021;1,00000000
1,34890792;0,16716905;0,27066928;0,57947832;3,18467021;1,00000000
1,34897459;0,16716905;0,27066928;0,57978594;3,18528533;1,00000000
1,34904126;0,16716905;0,27097687;0,58009350;3,18559289;1,00000000
1,34910793;0,16716905;0,27128446;0,58040106;3,18590045;1,00000000
1,34917461;0,16716905;0,27159202;0,58070862;3,18590045;1,00000000
1,34924128;0,16716905;0,27189961;0,58101624;3,18620801;1,00000000
1,34930795;0,16701525;0,27220720;0,58163142;3,18620801;1,00000000
1,34937462;0,16701525;0,27220720;0,58209276;3,18651581;1,00000000
1,34944129;0,16701525;0,27251476;0,58255410;3,18682337;1,00000000
1,34950797;0,16701525;0,27282235;0,58301550;3,18682337;1,00000000
1,34957464;0,16701525;0,27282235;0,58332312;3,18713093;1,00000000
1,34964131;0,16716905;0,27312991;0,58378446;3,18743849;1,00000000
1,34970798;0,16716905;0,27343750;0,58424580;3,18743849;1,00000000
1,34977465;0,16716905;0,27374509;0,58455342;3,18743849;1,00000000
1,34984133;0,16716905;0,27374509;0,58486098;3,18743849;1,00000000
1,34990800;0,16716905;0,27374509;0,58501476;3,18743849;1,00000000
1,34997467;0,16732283;0,27405265;0,58532232;3,18743849;1,00000000
1,35004134;0,16747662;0,27405265;0,58562988;3,18743849;1,00000000
1,35010801;0,16747662;0,27436024;0,58578372;3,18743849;1,00000000
1,35017469;0,16763040;0,27466780;0,58609128;3,18743849;1,00000000
1,35024136;0,16763040;0,27497539;0,58639890;3,18805361;1,00000000
1,35030803;0,16763040;0,27528298;0,58670646;3,18774605;1,00000000
1,35037470;0,16763040;0,27528298;0,58670646;3,18774605;1,00000000
1,35044137;0,16763040;0,27528298;0,58701402;3,18743849;1,00000000
1,35050805;0,16763040;0,27528298;0,58732158;3,18743849;1,00000000
1,35057472;0,16763040;0,27497539;0,58747536;3,18743849;1,00000000
1,35064139;0,16763040;0,27497539;0,58762920;3,18774605;1,00000000
1,35070806;0,16778421;0,27528298;0,58762920;3,18774605;1,00000000
1,35077473;0,16793799;0,27497539;0,58762920;3,18743849;1,00000000
1,35084141;0,16793799;0,27497539;0,58762920;3,18713093;1,00000000
1,35090808;0,16793799;0,27497539;0,58762920;3,18682337;1,00000000
1,35097475;0,16793799;0,27497539;0,58762920;3,18651581;1,00000000
1,35104142;0,16793799;0,27497539;0,58762920;3,18620801;1,00000000
1,35110809;0,16793799;0,27497539;0,58762920;3,18651581;1,00000000
1,35117477;0,16793799;0,27528298;0,58762920;3,18651581;1,00000000
1,35124144;0,16778421;0,27528298;0,58762920;3,18651581;1,00000000
1,35130811;0,16778421;0,27528298;0,58747536;3,18651581;1,00000000
1,35137478;0,16778421;0,27528298;0,58747536;3,18620801;1,00000000
1,35144145;0,16778421;0,27528298;0,58747536;3,18620801;1,00000000
1,35150813;0,16778421;0,27559054;0,58732158;3,18620801;1,00000000
1,35157480;0,16778421;0,27559054;0,58732158;3,18590045;1,00000000
1,35164147;0,16778421;0,27559054;0,58732158;3,18620801;1,00000000
1,35170814;0,16778421;0,27528298;0,58732158;3,18651581;1,00000000
1,35177481;0,16793799;0,27497539;0,58716780;3,18651581;1,00000000
1,35184149;0,16793799;0,27497539;0,58716780;3,18620801;1,00000000
1,35190816;0,16793799;0,27466780;0,58701402;3,18620801;1,00000000
1,35197483;0,16793799;0,27466780;0,58701402;3,18620801;1,00000000
1,35204150;0,16793799;0,27497539;0,58686024;3,18620801;1,00000000
1,35210817;0,16793799;0,27528298;0,58670646;3,18620801;1,00000000
1,35217485;0,16793799;0,27528298;0,58639890;3,18651581;1,00000000
1,35224152;0,16778421;0,27528298;0,58609128;3,18651581;1,00000000
1,35230819;0,16778421;0,27528298;0,58578372;3,18651581;1,00000000
1,35237486;0,16778421;0,27528298;0,58547610;3,18651581;1,00000000
1,35244153;0,16778421;0,27497539;0,58547610;3,18651581;1,00000000
1,35250821;0,16763040;0,27497539;0,58532232;3,18651581;1,00000000
1,35257488;0,16763040;0,27497539;0,58516854;3,18651581;1,00000000
1,35264155;0,16763040;0,27497539;0,58486098;3,18590045;1,00000000
1,35270822;0,16763040;0,27466780;0,58470720;3,18590045;1,00000000
1,35277489;0,16763040;0,27436024;0,58455342;3,18620801;1,00000000
1,35284157;0,16763040;0,27466780;0,58424580;3,18620801;1,00000000
1,35290824;0,16763040;0,27466780;0,58409202;3,18620801;1,00000000
1,35297491;0,16763040;0,27497539;0,58393824;3,18620801;1,00000000
1,35304158;0,16763040;0,27466780;0,58363068;3,18620801;1,00000000
1,35310825;0,16763040;0,27466780;0,58332312;3,18590045;1,00000000
1,35317493;0,16763040;0,27466780;0,58286172;3,18620801;1,00000000
1,35324160;0,16778421;0,27497539;0,58270794;3,18651581;1,00000000
1,35330827;0,16778421;0,27497539;0,58240032;3,18651581;1,00000000
1,35337494;0,16763040;0,27497539;0,58224654;3,18651581;1,00000000
1,35344161;0,16747662;0,27497539;0,58193898;3,18651581;1,00000000
1,35350829;0,16732283;0,27497539;0,58163142;3,18651581;1,00000000
1,35357496;0,16732283;0,27528298;0,58117002;3,18651581;1,00000000
1,35364163;0,16732283;0,27528298;0,58086246;3,18620801;1,00000000
1,35370830;0,16732283;0,27528298;0,58055484;3,18620801;1,00000000
1,35377497;0,16732283;0,27497539;0,58024728;3,18651581;1,00000000
1,35384165;0,16732283;0,27497539;0,57993972;3,18682337;1,00000000
1,35390832;0,16716905;0,27466780;0,57963216;3,18682337;1,00000000
1,35397499;0,16716905;0,27466780;0,57947832;3,18682337;1,00000000
1,35404166;0,16716905;0,27466780;0,57917076;3,18713093;1,00000000
1,35410833;0,16716905;0,27466780;0,57886314;3,18713093;1,00000000
1,35417501;0,16716905;0,27466780;0,57855558;3,18713093;1,00000000
1,35424168;0,16701525;0,27436024;0,57824802;3,18682337;1,00000000
1,35430835;0,16701525;0,27466780;0,57794046;3,18713093;1,00000000
1,35437502;0,16716905;0,27466780;0,57763284;3,18774605;1,00000000
1,35444169;0,16716905;0,27436024;0,57732528;3,18836117;1,00000000
1,35450837;0,16716905;0,27436024;0,57701772;3,18836117;1,00000000
1,35457504;0,16716905;0,27405265;0,57671016;3,18836117;1,00000000
1,35464171;0,16716905;0,27436024;0,57640254;3,18836117;1,00000000
1,35470838;0,16716905;0,27436024;0,57609499;3,18836117;1,00000000
1,35477505;0,16716905;0,27466780;0,57594121;3,18836117;1,00000000
1,35484173;0,16701525;0,27436024;0,57563359;3,18836117;1,00000000
1,35490840;0,16686147;0,27436024;0,57532603;3,18836117;1,00000000
1,35497507;0,16686147;0,27405265;0,57501847;3,18897629;1,00000000
1,35504174;0,16686147;0,27405265;0,57471091;3,18928385;1,00000000
1,35510841;0,16670766;0,27405265;0,57455707;3,18959141;1,00000000
1,35517509;0,16655388;0,27405265;0,57440329;3,18959141;1,00000000
1,35524176;0,16640009;0,27374509;0,57409573;3,18959141;1,00000000
1,35530843;0,16624631;0,27405265;0,57378817;3,18989897;1,00000000
1,35537510;0,16624631;0,27374509;0,57363439;3,18989897;1,00000000
1,35544177;0,16609251;0,27374509;0,57363439;3,18959141;1,00000000
1,35550845;0,16593874;0,27405265;0,57363439;3,18928385;1,00000000
1,35557512;0,16578494;0,27405265;0,57348061;3,18928385;1,00000000
1,35564179;0,16578494;0,27436024;0,57348061;3,18928385;1,00000000
1,35570846;0,16578494;0,27436024;0,57348061;3,18928385;1,00000000
1,35577513;0,16578494;0,27466780;0,57348061;3,18928385;1,00000000
1,35584181;0,16578494;0,27497539;0,57348061;3,18928385;1,00000000
1,35590848;0,16578494;0,27528298;0,57348061;3,18928385;1,00000000
1,35597515;0,16578494;0,27559054;0,57348061;3,18928385;1,00000000
1,35604182;0,16563116;0,27559054;0,57348061;3,18928385;1,00000000
1,35610849;0,16563116;0,27559054;0,57348061;3,18928385;1,00000000
1,35617517;0,16547737;0,27589813;0,57363439;3,18959141;1,00000000
1,35624184;0,16547737;0,27589813;0,57378817;3,18989897;1,00000000
1,35630851;0,16547737;0,27620572;0,57378817;3,19020653;1,00000000
1,35637518;0,16563116;0,27620572;0,57394195;3,19020653;1,00000000
1,35644185;0,16578494;0,27620572;0,57394195;3,19020653;1,00000000
1,35650853;0,16578494;0,27620572;0,57409573;3,19020653;1,00000000
1,35657520;0,16563116;0,27651328;0,57424951;3,18989897;1,00000000
1,35664187;0,16563116;0,27651328;0,57455707;3,18959141;1,00000000
1,35670854;0,16578494;0,27651328;0,57471091;3,18959141;1,00000000
1,35677521;0,16578494;0,27651328;0,57501847;3,18959141;1,00000000
1,35684189;0,16578494;0,27682087;0,57517225;3,18959141;1,00000000
1,35690856;0,16578494;0,27651328;0,57532603;3,18959141;1,00000000
1,35697523;0,16578494;0,27651328;0,57547981;3,18959141;1,00000000
1,35704190;0,16578494;0,27651328;0,57563359;3,18989897;1,00000000
1,35710857;0,16578494;0,27682087;0,57578737;3,18989897;1,00000000
1,35717525;0,16578494;0,27682087;0,57609499;3,18989897;1,00000000
1,35724192;0,16563116;0,27743602;0,57624876;3,18959141;1,00000000
1,35730859;0,16563116;0,27774361;0,57655638;3,18959141;1,00000000
1,35737526;0,16563116;0,27805117;0,57686394;3,18959141;1,00000000
1,35744193;0,16563116;0,27774361;0,57717150;3,18928385;1,00000000
1,35750861;0,16563116;0,27774361;0,57747906;3,18897629;1,00000000
1,35757528;0,16578494;0,27774361;0,57763284;3,18866873;1,00000000
1,35764195;0,16578494;0,27805117;0,57794046;3,18836117;1,00000000
1,35770862;0,16563116;0,27805117;0,57824802;3,18805361;1,00000000
1,35777529;0,16547737;0,27774361;0,57855558;3,18774605;1,00000000
1,35784197;0,16563116;0,27774361;0,57886314;3,18774605;1,00000000
1,35790864;0,16563116;0,27743602;0,57917076;3,18743849;1,00000000
1,35797531;0,16578494;0,27743602;0,57932454;3,18743849;1,00000000
1,35804198;0,16593874;0,27682087;0,57963216;3,18713093;1,00000000
1,35810865;0,16593874;0,27682087;0,57993972;3,18682337;1,00000000
1,35817533;0,16593874;0,27682087;0,58024728;3,18682337;1,00000000
1,35824200;0,16609251;0,27682087;0,58055484;3,18651581;1,00000000
1,35830867;0,16593874;0,27682087;0,58070862;3,18620801;1,00000000
1,35837534;0,16593874;0,27682087;0,58101624;3,18590045;1,00000000
1,35844201;0,16593874;0,27651328;0,58117002;3,18559289;1,00000000
1,35850869;0,16578494;0,27620572;0,58132380;3,18528533;1,00000000
1,35857536;0,16578494;0,27589813;0,58147764;3,18467021;1,00000000
1,35864203;0,16578494;0,27589813;0,58163142;3,18467021;1,00000000
1,35870870;0,16563116;0,27589813;0,58178520;3,18467021;1,00000000
1,35877537;0,16563116;0,27589813;0,58209276;3,18436265;1,00000000
1,35884205;0,16578494;0,27589813;0,58240032;3,18405509;1,00000000
1,35890872;0,16578494;0,27589813;0,58255410;3,18374753;1,00000000
1,35897539;0,16578494;0,27589813;0,58286172;3,18313241;1,00000000
1,35904206;0,16563116;0,27589813;0,58316928;3,18282485;1,00000000
1,35910873;0,16563116;0,27589813;0,58332312;3,18313241;1,00000000
1,35917541;0,16547737;0,27559054;0,58347690;3,18313241;1,00000000
1,35924208;0,16532359;0,27528298;0,58363068;3,18313241;1,00000000
1,35930875;0,16516978;0,27497539;0,58378446;3,18282485;1,00000000
1,35937542;0,16501600;0,27497539;0,58393824;3,18251729;1,00000000
1,35944209;0,16501600;0,27497539;0,58424580;3,18190217;1,00000000
1,35950877;0,16501600;0,27528298;0,58439958;3,18159461;1,00000000
1,35957544;0,16516978;0,27528298;0,58470720;3,18128681;1,00000000
1,35964211;0,16516978;0,27497539;0,58486098;3,18128681;1,00000000
1,35970878;0,16516978;0,27497539;0,58516854;3,18128681;1,00000000
1,35977545;0,16501600;0,27466780;0,58532232;3,18128681;1,00000000
1,35984213;0,16501600;0,27466780;0,58547610;3,18097925;1,00000000
1,35990880;0,16501600;0,27497539;0,58562988;3,18097925;1,00000000
1,35997547;0,16486220;0,27497539;0,58578372;3,18097925;1,00000000
1,36004214;0,16470842;0,27497539;0,58593750;3,18067169;1,00000000
1,36010881;0,16470842;0,27497539;0,58609128;3,18036413;1,00000000
1,36017549;0,16470842;0,27497539;0,58639890;3,18036413;1,00000000
1,36024216;0,16455463;0,27466780;0,58655268;3,18036413;1,00000000
1,36030883;0,16455463;0,27466780;0,58670646;3,18067169;1,00000000
1,36037550;0,16440085;0,27436024;0,58686024;3,18036413;1,00000000
1,36044217;0,16440085;0,27466780;0,58701402;3,18036413;1,00000000
1,36050885;0,16455463;0,27466780;0,58732158;3,18005657;1,00000000
1,36057552;0,16455463;0,27466780;0,58747536;3,18005657;1,00000000
1,36064219;0,16470842;0,27497539;0,58747536;3,18005657;1,00000000
1,36070886;0,16470842;0,27497539;0,58778298;3,18005657;1,00000000
1,36077553;0,16455463;0,27497539;0,58778298;3,18036413;1,00000000
1,36084221;0,16455463;0,27497539;0,58793676;3,18067169;1,00000000
1,36090888;0,16455463;0,27497539;0,58793676;3,18097925;1,00000000
1,36097555;0,16455463;0,27466780;0,58809054;3,18067169;1,00000000
1,36104222;0,16455463;0,27466780;0,58824432;3,18097925;1,00000000
1,36110889;0,16455463;0,27466780;0,58839810;3,18097925;1,00000000
1,36117557;0,16440085;0,27436024;0,58839810;3,18097925;1,00000000
1,36124224;0,16440085;0,27405265;0,58839810;3,18097925;1,00000000
1,36130891;0,16440085;0,27405265;0,58855188;3,18128681;1,00000000
1,36137558;0,16455463;0,27436024;0,58855188;3,18159461;1,00000000
1,36144225;0,16455463;0,27466780;0,58855188;3,18159461;1,00000000
1,36150893;0,16470842;0,27466780;0,58839810;3,18190217;1,00000000
1,36157560;0,16470842;0,27497539;0,58839810;3,18190217;1,00000000
1,36164227;0,16470842;0,27497539;0,58824432;3,18190217;1,00000000
1,36170894;0,16455463;0,27528298;0,58824432;3,18220973;1,00000000
1,36177561;0,16455463;0,27497539;0,58809054;3,18220973;1,00000000
1,36184229;0,16455463;0,27497539;0,58793676;3,18190217;1,00000000
1,36190896;0,16455463;0,27497539;0,58778298;3,18190217;1,00000000
1,36197563;0,16440085;0,27466780;0,58762920;3,18251729;1,00000000
1,36204230;0,16440085;0,27466780;0,58747536;3,18251729;1,00000000
1,36210897;0,16424704;0,27466780;0,58732158;3,18251729;1,00000000
1,36217565;0,16424704;0,27466780;0,58716780;3,18251729;1,00000000
1,36224232;0,16440085;0,27466780;0,58701402;3,18282485;1,00000000
1,36230899;0,16455463;0,27466780;0,58701402;3,18313241;1,00000000
1,36237566;0,16440085;0,27436024;0,58670646;3,18313241;1,00000000
1,36244233;0,16424704;0,27436024;0,58655268;3,18313241;1,00000000
1,36250901;0,16424704;0,27436024;0,58639890;3,18313241;1,00000000
1,36257568;0,16424704;0,27436024;0,58624506;3,18313241;1,00000000
1,36264235;0,16440085;0,27466780;0,58609128;3,18313241;1,00000000
1,36270902;0,16440085;0,27466780;0,58578372;3,18313241;1,00000000
1,36277569;0,16440085;0,27497539;0,58547610;3,18343997;1,00000000
1,36284237;0,16440085;0,27497539;0,58516854;3,18374753;1,00000000
1,36290904;0,16455463;0,27466780;0,58486098;3,18343997;1,00000000
1,36297571;0,16455463;0,27466780;0,58439958;3,18313241;1,00000000
1,36304238;0,16455463;0,27466780;0,58409202;3,18343997;1,00000000
1,36310905;0,16455463;0,27466780;0,58378446;3,18343997;1,00000000
1,36317573;0,16470842;0,27466780;0,58347690;3,18374753;1,00000000
1,36324240;0,16486220;0,27466780;0,58316928;3,18374753;1,00000000
1,36330907;0,16501600;0,27497539;0,58270794;3,18405509;1,00000000
1,36337574;0,16501600;0,27497539;0,58240032;3,18405509;1,00000000
1,36344241;0,16501600;0,27466780;0,58209276;3,18374753;1,00000000
1,36350909;0,16501600;0,27497539;0,58163142;3,18405509;1,00000000
1,36357576;0,16516978;0,27466780;0,58132380;3,18436265;1,00000000
1,36364243;0,16532359;0,27436024;0,58086246;3,18436265;1,00000000
1,36370910;0,16547737;0,27436024;0,58040106;3,18467021;1,00000000
1,36377577;0,16547737;0,27436024;0,57993972;3,18528533;1,00000000
1,36384245;0,16547737;0,27466780;0,57963216;3,18528533;1,00000000
1,36390912;0,16563116;0,27436024;0,57917076;3,18467021;1,00000000
1,36397579;0,16563116;0,27466780;0,57886314;3,18436265;1,00000000
1,36404246;0,16578494;0,27497539;0,57855558;3,18467021;1,00000000
1,36410913;0,16578494;0,27497539;0,57840180;3,18528533;1,00000000
1,36417581;0,16593874;0,27497539;0,57809424;3,18559289;1,00000000
1,36424248;0,16609251;0,27466780;0,57778668;3,18590045;1,00000000
1,36430915;0,16609251;0,27466780;0,57747906;3,18590045;1,00000000
1,36437582;0,16609251;0,27497539;0,57701772;3,18590045;1,00000000
1,36444249;0,16609251;0,27497539;0,57671016;3,18590045;1,00000000
1,36450917;0,16640009;0,27528298;0,57624876;3,18590045;1,00000000
1,36457584;0,16655388;0,27559054;0,57594121;3,18559289;1,00000000
1,36464251;0,16655388;0,27559054;0,57563359;3,18590045;1,00000000
1,36470918;0,16640009;0,27559054;0,57532603;3,18651581;1,00000000
1,36477585;0,16640009;0,27589813;0,57501847;3,18682337;1,00000000
1,36484253;0,16655388;0,27589813;0,57471091;3,18651581;1,00000000
1,36490920;0,16655388;0,27589813;0,57440329;3,18651581;1,00000000
1,36497587;0,16655388;0,27620572;0,57424951;3,18651581;1,00000000
1,36504254;0,16655388;0,27620572;0,57394195;3,18620801;1,00000000
1,36510921;0,16655388;0,27589813;0,57378817;3,18590045;1,00000000
1,36517589;0,16655388;0,27589813;0,57348061;3,18559289;1,00000000
1,36524256;0,16655388;0,27589813;0,57317299;3,18559289;1,00000000
1,36530923;0,16655388;0,27589813;0,57271159;3,18590045;1,00000000
1,36537590;0,16655388;0,27620572;0,57240403;3,18590045;1,00000000
1,36544257;0,16670766;0,27589813;0,57209647;3,18590045;1,00000000
1,36550925;0,16670766;0,27559054;0,57163513;3,18559289;1,00000000
1,36557592;0,16655388;0,27528298;0,57117373;3,18528533;1,00000000
1,36564259;0,16655388;0,27528298;0,57086611;3,18528533;1,00000000
1,36570926;0,16655388;0,27497539;0,57071233;3,18590045;1,00000000
1,36577593;0,16655388;0,27497539;0,57055855;3,18620801;1,00000000
1,36584261;0,16655388;0,27497539;0,57025099;3,18590045;1,00000000
1,36590928;0,16655388;0,27466780;0,56994343;3,18590045;1,00000000
1,36597595;0,16670766;0,27436024;0,56978959;3,18590045;1,00000000
1,36604262;0,16670766;0,27436024;0,56963581;3,18559289;1,00000000
1,36610929;0,16670766;0,27405265;0,56948203;3,18528533;1,00000000
1,36617597;0,16670766;0,27405265;0,56932825;3,18467021;1,00000000
1,36624264;0,16670766;0,27405265;0,56917441;3,18467021;1,00000000
1,36630931;0,16670766;0,27374509;0,56917441;3,18528533;1,00000000
1,36637598;0,16670766;0,27343750;0,56886685;3,18559289;1,00000000
1,36644265;0,16686147;0,27343750;0,56871307;3,18528533;1,00000000
1,36650933;0,16686147;0,27312991;0,56871307;3,18467021;1,00000000
1,36657600;0,16670766;0,27282235;0,56871307;3,18467021;1,00000000
1,36664267;0,16670766;0,27282235;0,56871307;3,18436265;1,00000000
1,36670934;0,16670766;0,27282235;0,56871307;3,18405509;1,00000000
1,36677601;0,16670766;0,27251476;0,56871307;3,18405509;1,00000000
1,36684269;0,16670766;0,27251476;0,56871307;3,18436265;1,00000000
1,36690936;0,16670766;0,27220720;0,56855929;3,18467021;1,00000000
1,36697603;0,16670766;0,27189961;0,56871307;3,18436265;1,00000000
1,36704270;0,16655388;0,27189961;0,56871307;3,18405509;1,00000000
1,36710937;0,16655388;0,27189961;0,56886685;3,18405509;1,00000000
1,36717605;0,16655388;0,27159202;0,56902063;3,18405509;1,00000000
1,36724272;0,16640009;0,27159202;0,56917441;3,18405509;1,00000000
1,36730939;0,16640009;0,27159202;0,56932825;3,18374753;1,00000000
1,36737606;0,16640009;0,27159202;0,56932825;3,18405509;1,00000000
1,36744273;0,16640009;0,27159202;0,56963581;3,18436265;1,00000000
1,36750941;0,16640009;0,27128446;0,56978959;3,18528533;1,00000000
1,36757608;0,16640009;0,27159202;0,57009721;3,18467021;1,00000000
1,36764275;0,16640009;0,27159202;0,57040477;3,18436265;1,00000000
1,36770942;0,16640009;0,27159202;0,57086611;3,18436265;1,00000000
1,36777609;0,16624631;0,27159202;0,57132751;3,18436265;1,00000000
1,36784277;0,16609251;0,27159202;0,57163513;3,18467021;1,00000000
1,36790944;0,16609251;0,27159202;0,57194269;3,18528533;1,00000000
1,36797611;0,16624631;0,27159202;0,57240403;3,18559289;1,00000000
1,36804278;0,16624631;0,27159202;0,57271159;3,18620801;1,00000000
1,36810945;0,16624631;0,27159202;0,57317299;3,18590045;1,00000000
1,36817613;0,16624631;0,27159202;0,57363439;3,18559289;1,00000000
1,36824280;0,16624631;0,27128446;0,57409573;3,18559289;1,00000000
1,36830947;0,16624631;0,27159202;0,57440329;3,18559289;1,00000000
1,36837614;0,16609251;0,27189961;0,57501847;3,18559289;1,00000000
1,36844281;0,16609251;0,27189961;0,57547981;3,18590045;1,00000000
1,36850949;0,16609251;0,27159202;0,57578737;3,18620801;1,00000000
1,36857616;0,16609251;0,27128446;0,57640254;3,18651581;1,00000000
1,36864283;0,16609251;0,27128446;0,57686394;3,18682337;1,00000000
1,36870950;0,16593874;0,27128446;0,57717150;3,18682337;1,00000000
1,36877617;0,16593874;0,27159202;0,57747906;3,18682337;1,00000000
1,36884285;0,16593874;0,27189961;0,57794046;3,18682337;1,00000000
1,36890952;0,16593874;0,27189961;0,57840180;3,18713093;1,00000000
1,36897619;0,16593874;0,27220720;0,57886314;3,18713093;1,00000000
1,36904286;0,16593874;0,27251476;0,57932454;3,18743849;1,00000000
1,36910953;0,16593874;0,27251476;0,57963216;3,18774605;1,00000000
1,36917621;0,16593874;0,27220720;0,58009350;3,18805361;1,00000000
1,36924288;0,16593874;0,27251476;0,58070862;3,18836117;1,00000000
1,36930955;0,16609251;0,27282235;0,58132380;3,18836117;1,00000000
1,36937622;0,16609251;0,27312991;0,58178520;3,18836117;1,00000000
1,36944289;0,16609251;0,27343750;0,58224654;3,18836117;1,00000000
1,36950957;0,16609251;0,27374509;0,58255410;3,18836117;1,00000000
1,36957624;0,16609251;0,27405265;0,58286172;3,18836117;1,00000000
1,36964291;0,16609251;0,27405265;0,58332312;3,18836117;1,00000000
1,36970958;0,16609251;0,27405265;0,58378446;3,18897629;1,00000000
1,36977625;0,16609251;0,27436024;0,58409202;3,18928385;1,00000000
1,36984293;0,16609251;0,27466780;0,58439958;3,18928385;1,00000000
1,36990960;0,16609251;0,27436024;0,58486098;3,18928385;1,00000000
1,36997627;0,16609251;0,27466780;0,58516854;3,18928385;1,00000000
1,37004294;0,16609251;0,27466780;0,58532232;3,18928385;1,00000000
1,37010961;0,16609251;0,27497539;0,58562988;3,18928385;1,00000000
1,37017629;0,16609251;0,27497539;0,58609128;3,18928385;1,00000000
1,37024296;0,16609251;0,27497539;0,58639890;3,18928385;1,00000000
1,37030963;0,16609251;0,27466780;0,58655268;3,18959141;1,00000000
1,37037630;0,16609251;0,27497539;0,58686024;3,18928385;1,00000000
1,37044297;0,16609251;0,27466780;0,58701402;3,18928385;1,00000000
1,37050965;0,16624631;0,27497539;0,58732158;3,18897629;1,00000000
1,37057632;0,16624631;0,27497539;0,58747536;3,18897629;1,00000000
1,37064299;0,16624631;0,27497539;0,58762920;3,18897629;1,00000000
1,37070966;0,16609251;0,27466780;0,58762920;3,18928385;1,00000000
1,37077633;0,16609251;0,27436024;0,58778298;3,18928385;1,00000000
1,37084301;0,16609251;0,27436024;0,58809054;3,18928385;1,00000000
1,37090968;0,16609251;0,27436024;0,58809054;3,18897629;1,00000000
1,37097635;0,16609251;0,27466780;0,58809054;3,18897629;1,00000000
1,37104302;0,16609251;0,27466780;0,58809054;3,18866873;1,00000000
1,37110969;0,16609251;0,27436024;0,58809054;3,18836117;1,00000000
1,37117637;0,16609251;0,27466780;0,58793676;3,18836117;1,00000000
1,37124304;0,16609251;0,27466780;0,58793676;3,18836117;1,00000000
1,37130971;0,16609251;0,27497539;0,58793676;3,18836117;1,00000000
1,37137638;0,16609251;0,27466780;0,58793676;3,18836117;1,00000000
1,37144305;0,16593874;0,27466780;0,58778298;3,18774605;1,00000000
1,37150973;0,16593874;0,27497539;0,58778298;3,18713093;1,00000000
1,37157640;0,16593874;0,27497539;0,58762920;3,18713093;1,00000000
1,37164307;0,16593874;0,27497539;0,58747536;3,18713093;1,00000000
1,37170974;0,16593874;0,27497539;0,58747536;3,18713093;1,00000000
1,37177641;0,16593874;0,27466780;0,58732158;3,18713093;1,00000000
1,37184309;0,16593874;0,27436024;0,58716780;3,18713093;1,00000000
1,37190976;0,16593874;0,27436024;0,58716780;3,18682337;1,00000000
1,37197643;0,16593874;0,27436024;0,58701402;3,18682337;1,00000000
1,37204310;0,16593874;0,27466780;0,58701402;3,18651581;1,00000000
1,37210977;0,16593874;0,27466780;0,58701402;3,18651581;1,00000000
1,37217645;0,16593874;0,27436024;0,58670646;3,18651581;1,00000000
1,37224312;0,16593874;0,27466780;0,58639890;3,18651581;1,00000000
1,37230979;0,16593874;0,27466780;0,58639890;3,18620801;1,00000000
1,37237646;0,16593874;0,27436024;0,58624506;3,18590045;1,00000000
1,37244313;0,16593874;0,27436024;0,58609128;3,18559289;1,00000000
1,37250981;0,16593874;0,27405265;0,58578372;3,18590045;1,00000000
1,37257648;0,16593874;0,27374509;0,58547610;3,18620801;1,00000000
1,37264315;0,16593874;0,27374509;0,58532232;3,18651581;1,00000000
1,37270982;0,16578494;0,27343750;0,58501476;3,18682337;1,00000000
1,37277649;0,16578494;0,27343750;0,58470720;3,18651581;1,00000000
1,37284317;0,16578494;0,27343750;0,58439958;3,18620801;1,00000000
1,37290984;0,16563116;0,27312991;0,58424580;3,18620801;1,00000000
1,37297651;0,16547737;0,27282235;0,58393824;3,18620801;1,00000000
1,37304318;0,16532359;0,27251476;0,58363068;3,18620801;1,00000000
1,37310985;0,16532359;0,27251476;0,58332312;3,18651581;1,00000000
1,37317653;0,16532359;0,27251476;0,58301550;3,18682337;1,00000000
1,37324320;0,16532359;0,27220720;0,58255410;3,18682337;1,00000000
1,37330987;0,16516978;0,27251476;0,58224654;3,18682337;1,00000000
1,37337654;0,16516978;0,27251476;0,58209276;3,18682337;1,00000000
1,37344321;0,16501600;0,27220720;0,58178520;3,18682337;1,00000000
1,37350989;0,16486220;0,27220720;0,58163142;3,18682337;1,00000000
1,37357656;0,16486220;0,27220720;0,58132380;3,18713093;1,00000000
1,37364323;0,16486220;0,27189961;0,58101624;3,18774605;1,00000000
1,37370990;0,16486220;0,27189961;0,58070862;3,18774605;1,00000000
1,37377657;0,16470842;0,27220720;0,58040106;3,18805361;1,00000000
1,37384325;0,16470842;0,27251476;0,58009350;3,18805361;1,00000000
1,37390992;0,16470842;0,27220720;0,57978594;3,18805361;1,00000000
1,37397659;0,16470842;0,27220720;0,57947832;3,18805361;1,00000000
1,37404326;0,16470842;0,27220720;0,57932454;3,18805361;1,00000000
1,37410993;0,16470842;0,27220720;0,57901698;3,18805361;1,00000000
1,37417661;0,16470842;0,27189961;0,57870936;3,18805361;1,00000000
1,37424328;0,16470842;0,27220720;0,57840180;3,18836117;1,00000000
1,37430995;0,16470842;0,27189961;0,57809424;3,18866873;1,00000000
1,37437662;0,16470842;0,27159202;0,57778668;3,18866873;1,00000000
1,37444329;0,16470842;0,27128446;0,57747906;3,18866873;1,00000000
1,37450997;0,16470842;0,27128446;0,57717150;3,18866873;1,00000000
1,37457664;0,16470842;0,27097687;0,57686394;3,18866873;1,00000000
1,37464331;0,16455463;0,27066928;0,57671016;3,18897629;1,00000000
1,37470998;0,16455463;0,27066928;0,57655638;3,18897629;1,00000000
1,37477665;0,16455463;0,27036172;0,57640254;3,18897629;1,00000000
1,37484333;0,16440085;0,27066928;0,57624876;3,18928385;1,00000000
1,37491000;0,16424704;0,27097687;0,57594121;3,18928385;1,00000000
1,37497667;0,16424704;0,27128446;0,57563359;3,18928385;1,00000000
1,37504334;0,16409326;0,27128446;0,57547981;3,18928385;1,00000000
1,37511001;0,16393946;0,27128446;0,57532603;3,18928385;1,00000000
1,37517669;0,16393946;0,27097687;0,57501847;3,18959141;1,00000000
1,37524336;0,16393946;0,27066928;0,57486469;3,18928385;1,00000000
1,37531003;0,16378568;0,27097687;0,57471091;3,18928385;1,00000000
1,37537670;0,16378568;0,27097687;0,57471091;3,18959141;1,00000000
1,37544337;0,16363189;0,27097687;0,57455707;3,18989897;1,00000000
1,37551005;0,16363189;0,27128446;0,57455707;3,18989897;1,00000000
1,37557672;0,16363189;0,27159202;0,57455707;3,18989897;1,00000000
1,37564339;0,16363189;0,27159202;0,57455707;3,19020653;1,00000000
1,37571006;0,16347811;0,27128446;0,57455707;3,19020653;1,00000000
1,37577673;0,16347811;0,27097687;0,57455707;3,18989897;1,00000000
1,37584341;0,16363189;0,27097687;0,57455707;3,18989897;1,00000000
1,37591008;0,16347811;0,27097687;0,57455707;3,19020653;1,00000000
1,37597675;0,16363189;0,27097687;0,57486469;3,19051409;1,00000000
1,37604342;0,16363189;0,27097687;0,57486469;3,19082165;1,00000000
1,37611009;0,16363189;0,27128446;0,57486469;3,19082165;1,00000000
1,37617677;0,16363189;0,27128446;0,57501847;3,19082165;1,00000000
1,37624344;0,16363189;0,27159202;0,57517225;3,19082165;1,00000000
1,37631011;0,16363189;0,27189961;0,57547981;3,19082165;1,00000000
1,37637678;0,16363189;0,27220720;0,57578737;3,19082165;1,00000000
1,37644345;0,16363189;0,27251476;0,57609499;3,19082165;1,00000000
1,37651013;0,16363189;0,27282235;0,57624876;3,19112968;1,00000000
1,37657680;0,16363189;0,27282235;0,57640254;3,19112968;1,00000000
1,37664347;0,16363189;0,27282235;0,57655638;3,19112968;1,00000000
1,37671014;0,16378568;0,27312991;0,57671016;3,19112968;1,00000000
1,37677681;0,16378568;0,27343750;0,57686394;3,19112968;1,00000000
1,37684349;0,16378568;0,27374509;0,57717150;3,19143724;1,00000000
1,37691016;0,16378568;0,27374509;0,57747906;3,19143724;1,00000000
1,37697683;0,16378568;0,27343750;0,57763284;3,19112968;1,00000000
1,37704350;0,16393946;0,27374509;0,57794046;3,19112968;1,00000000
1,37711017;0,16393946;0,27405265;0,57809424;3,19112968;1,00000000
1,37717685;0,16378568;0,27436024;0,57840180;3,19112968;1,00000000
1,37724352;0,16378568;0,27436024;0,57855558;3,19112968;1,00000000
1,37731019;0,16378568;0,27436024;0,57886314;3,19112968;1,00000000
1,37737686;0,16378568;0,27405265;0,57917076;3,19082165;1,00000000
1,37744353;0,16378568;0,27405265;0,57947832;3,19143724;1,00000000
1,37751021;0,16393946;0,27374509;0,57963216;3,19112968;1,00000000
1,37757688;0,16393946;0,27374509;0,57978594;3,19082165;1,00000000
1,37764355;0,16393946;0,27343750;0,58009350;3,19051409;1,00000000
1,37771022;0,16378568;0,27343750;0,58040106;3,19051409;1,00000000
1,37777689;0,16393946;0,27343750;0,58055484;3,19051409;1,00000000
1,37784357;0,16393946;0,27312991;0,58070862;3,19020653;1,00000000
1,37791024;0,16393946;0,27282235;0,58101624;3,18989897;1,00000000
1,37797691;0,16393946;0,27251476;0,58132380;3,18959141;1,00000000
1,37804358;0,16409326;0,27282235;0,58163142;3,18959141;1,00000000
1,37811025;0,16409326;0,27282235;0,58193898;3,18928385;1,00000000
1,37817693;0,16409326;0,27312991;0,58224654;3,18897629;1,00000000
1,37824360;0,16409326;0,27343750;0,58240032;3,18897629;1,00000000
1,37831027;0,16393946;0,27374509;0,58270794;3,18897629;1,00000000
1,37837694;0,16393946;0,27343750;0,58286172;3,18866873;1,00000000
1,37844361;0,16378568;0,27312991;0,58316928;3,18836117;1,00000000
1,37851029;0,16378568;0,27282235;0,58332312;3,18805361;1,00000000
1,37857696;0,16378568;0,27282235;0,58378446;3,18805361;1,00000000
1,37864363;0,16363189;0,27282235;0,58393824;3,18774605;1,00000000
1,37871030;0,16363189;0,27282235;0,58424580;3,18743849;1,00000000
1,37877697;0,16378568;0,27282235;0,58439958;3,18682337;1,00000000
1,37884365;0,16363189;0,27312991;0,58470720;3,18682337;1,00000000
1,37891032;0,16378568;0,27282235;0,58501476;3,18682337;1,00000000
1,37897699;0,16393946;0,27251476;0,58547610;3,18651581;1,00000000
1,37904366;0,16393946;0,27251476;0,58578372;3,18620801;1,00000000
1,37911033;0,16378568;0,27251476;0,58593750;3,18590045;1,00000000
1,37917701;0,16393946;0,27251476;0,58624506;3,18559289;1,00000000
1,37924368;0,16393946;0,27251476;0,58639890;3,18528533;1,00000000
1,37931035;0,16393946;0,27220720;0,58670646;3,18467021;1,00000000
1,37937702;0,16393946;0,27220720;0,58686024;3,18405509;1,00000000
1,37944369;0,16393946;0,27220720;0,58701402;3,18374753;1,00000000
1,37951037;0,16393946;0,27189961;0,58716780;3,18343997;1,00000000
1,37957704;0,16393946;0,27189961;0,58747536;3,18343997;1,00000000
1,37964371;0,16378568;0,27189961;0,58762920;3,18343997;1,00000000
1,37971038;0,16363189;0,27159202;0,58793676;3,18313241;1,00000000
1,37977705;0,16363189;0,27159202;0,58824432;3,18282485;1,00000000
1,37984373;0,16347811;0,27159202;0,58839810;3,18251729;1,00000000
1,37991040;0,16347811;0,27128446;0,58855188;3,18220973;1,00000000
1,37997707;0,16332431;0,27128446;0,58870566;3,18220973;1,00000000
1,38004374;0,16317053;0,27097687;0,58916706;3,18220973;1,00000000
1,38011041;0,16317053;0,27097687;0,58932084;3,18220973;1,00000000
1,38017709;0,16317053;0,27097687;0,58962846;3,18251729;1,00000000
1,38024376;0,16301674;0,27097687;0,58993602;3,18220973;1,00000000
1,38031043;0,16301674;0,27097687;0,59024358;3,18220973;1,00000000
1,38037710;0,16286296;0,27066928;0,59039736;3,18190217;1,00000000
1,38044377;0,16301674;0,27097687;0,59055120;3,18220973;1,00000000
1,38051045;0,16286296;0,27097687;0,59070498;3,18251729;1,00000000
1,38057712;0,16301674;0,27097687;0,59085876;3,18282485;1,00000000
1,38064379;0,16286296;0,27097687;0,59101254;3,18251729;1,00000000
1,38071046;0,16270915;0,27128446;0,59116638;3,18251729;1,00000000
1,38077713;0,16255537;0,27097687;0,59132016;3,18220973;1,00000000
1,38084381;0,16255537;0,27097687;0,59147394;3,18190217;1,00000000
1,38091048;0,16270915;0,27066928;0,59147394;3,18220973;1,00000000
1,38097715;0,16286296;0,27066928;0,59162772;3,18251729;1,00000000
1,38104382;0,16286296;0,27066928;0,59178150;3,18282485;1,00000000
1,38111049;0,16286296;0,27036172;0,59178150;3,18282485;1,00000000
1,38117717;0,16286296;0,27005413;0,59178150;3,18282485;1,00000000
1,38124384;0,16270915;0,27005413;0,59178150;3,18251729;1,00000000
1,38131051;0,16255537;0,27036172;0,59178150;3,18220973;1,00000000
1,38137718;0,16255537;0,27066928;0,59178150;3,18220973;1,00000000
1,38144385;0,16270915;0,27036172;0,59193528;3,18251729;1,00000000
1,38151053;0,16286296;0,27066928;0,59193528;3,18282485;1,00000000
1,38157720;0,16286296;0,27036172;0,59178150;3,18313241;1,00000000
1,38164387;0,16270915;0,27036172;0,59162772;3,18313241;1,00000000
1,38171054;0,16270915;0,27005413;0,59147394;3,18313241;1,00000000
1,38177721;0,16270915;0,27005413;0,59147394;3,18282485;1,00000000
1,38184389;0,16286296;0,27005413;0,59132016;3,18251729;1,00000000
1,38191056;0,16270915;0,27005413;0,59116638;3,18282485;1,00000000
1,38197723;0,16270915;0,27005413;0,59101254;3,18313241;1,00000000
1,38204390;0,16286296;0,27005413;0,59070498;3,18343997;1,00000000
1,38211057;0,16301674;0,27005413;0,59039736;3,18343997;1,00000000
1,38217725;0,16317053;0,27005413;0,59008980;3,18343997;1,00000000
1,38224392;0,16332431;0,27005413;0,58993602;3,18343997;1,00000000
1,38231059;0,16332431;0,27005413;0,58978224;3,18343997;1,00000000
1,38237726;0,16332431;0,27036172;0,58962846;3,18313241;1,00000000
1,38244393;0,16347811;0,27036172;0,58932084;3,18343997;1,00000000
1,38251061;0,16332431;0,27066928;0,58901328;3,18343997;1,00000000
1,38257728;0,16347811;0,27066928;0,58885950;3,18343997;1,00000000
1,38264395;0,16363189;0,27097687;0,58870566;3,18343997;1,00000000
1,38271062;0,16378568;0,27066928;0,58839810;3,18313241;1,00000000
1,38277729;0,16393946;0,27066928;0,58809054;3,18313241;1,00000000
1,38284397;0,16393946;0,27066928;0,58778298;3,18313241;1,00000000
1,38291064;0,16409326;0,27066928;0,58747536;3,18374753;1,00000000
1,38297731;0,16409326;0,27097687;0,58716780;3,18405509;1,00000000
1,38304398;0,16409326;0,27097687;0,58686024;3,18405509;1,00000000
1,38311065;0,16424704;0,27097687;0,58655268;3,18405509;1,00000000
1,38317733;0,16440085;0,27128446;0,58624506;3,18405509;1,00000000
1,38324400;0,16455463;0,27128446;0,58593750;3,18405509;1,00000000
1,38331067;0,16455463;0,27097687;0,58562988;3,18405509;1,00000000
1,38337734;0,16455463;0,27128446;0,58516854;3,18405509;1,00000000
1,38344401;0,16470842;0,27128446;0,58486098;3,18405509;1,00000000
1,38351069;0,16470842;0,27128446;0,58455342;3,18436265;1,00000000
1,38357736;0,16486220;0,27128446;0,58409202;3,18436265;1,00000000
1,38364403;0,16501600;0,27128446;0,58363068;3,18436265;1,00000000
1,38371070;0,16516978;0,27128446;0,58316928;3,18436265;1,00000000
1,38377737;0,16516978;0,27097687;0,58270794;3,18467021;1,00000000
1,38384405;0,16516978;0,27097687;0,58240032;3,18467021;1,00000000
1,38391072;0,16532359;0,27097687;0,58193898;3,18467021;1,00000000
1,38397739;0,16547737;0,27128446;0,58163142;3,18405509;1,00000000
1,38404406;0,16547737;0,27128446;0,58117002;3,18436265;1,00000000
1,38411073;0,16563116;0,27128446;0,58086246;3,18467021;1,00000000
1,38417741;0,16578494;0,27159202;0,58055484;3,18467021;1,00000000
1,38424408;0,16593874;0,27189961;0,58024728;3,18467021;1,00000000
1,38431075;0,16609251;0,27159202;0,57993972;3,18467021;1,00000000
1,38437742;0,16609251;0,27128446;0,57947832;3,18467021;1,00000000
1,38444409;0,16609251;0,27097687;0,57932454;3,18467021;1,00000000
1,38451077;0,16624631;0,27066928;0,57886314;3,18405509;1,00000000
1,38457744;0,16624631;0,27066928;0,57855558;3,18374753;1,00000000
1,38464411;0,16624631;0,27066928;0,57809424;3,18405509;1,00000000
1,38471078;0,16624631;0,27066928;0,57778668;3,18436265;1,00000000
1,38477745;0,16624631;0,27066928;0,57747906;3,18436265;1,00000000
1,38484413;0,16640009;0,27066928;0,57701772;3,18467021;1,00000000
1,38491080;0,16640009;0,27066928;0,57671016;3,18467021;1,00000000
1,38497747;0,16640009;0,27036172;0,57640254;3,18467021;1,00000000
1,38504414;0,16624631;0,27005413;0,57609499;3,18436265;1,00000000
1,38511081;0,16624631;0,27005413;0,57594121;3,18374753;1,00000000
1,38517749;0,16624631;0,27005413;0,57547981;3,18405509;1,00000000
1,38524416;0,16624631;0,27036172;0,57501847;3,18436265;1,00000000
1,38531083;0,16624631;0,27066928;0,57471091;3,18436265;1,00000000
1,38537750;0,16624631;0,27066928;0,57440329;3,18467021;1,00000000
1,38544417;0,16640009;0,27036172;0,57409573;3,18467021;1,00000000
1,38551085;0,16640009;0,27036172;0,57378817;3,18467021;1,00000000
1,38557752;0,16640009;0,27036172;0,57363439;3,18436265;1,00000000
1,38564419;0,16640009;0,27036172;0,57332677;3,18405509;1,00000000
1,38571086;0,16640009;0,27036172;0,57286543;3,18374753;1,00000000
1,38577753;0,16655388;0,27066928;0,57271159;3,18374753;1,00000000
1,38584421;0,16655388;0,27066928;0,57255781;3,18374753;1,00000000
1,38591088;0,16670766;0,27036172;0,57209647;3,18374753;1,00000000
1,38597755;0,16670766;0,27036172;0,57178891;3,18405509;1,00000000
1,38604422;0,16670766;0,27005413;0,57148129;3,18374753;1,00000000
1,38611089;0,16670766;0,26974654;0,57117373;3,18343997;1,00000000
1,38617757;0,16670766;0,26974654;0,57101995;3,18313241;1,00000000
1,38624424;0,16670766;0,26974654;0,57086611;3,18282485;1,00000000
1,38631091;0,16670766;0,26974654;0,57055855;3,18251729;1,00000000
1,38637758;0,16670766;0,26974654;0,57025099;3,18251729;1,00000000
1,38644425;0,16670766;0,26943898;0,57025099;3,18282485;1,00000000
1,38651093;0,16670766;0,26913139;0,57009721;3,18313241;1,00000000
1,38657760;0,16670766;0,26882383;0,56994343;3,18282485;1,00000000
1,38664427;0,16670766;0,26882383;0,56994343;3,18251729;1,00000000
1,38671094;0,16670766;0,26851624;0,56978959;3,18251729;1,00000000
1,38677761;0,16670766;0,26851624;0,56978959;3,18220973;1,00000000
1,38684429;0,16670766;0,26851624;0,56978959;3,18220973;1,00000000
1,38691096;0,16670766;0,26851624;0,56963581;3,18220973;1,00000000
1,38697763;0,16686147;0,26882383;0,56963581;3,18220973;1,00000000
1,38704430;0,16686147;0,26882383;0,56963581;3,18251729;1,00000000
1,38711097;0,16686147;0,26851624;0,56978959;3,18282485;1,00000000
1,38717765;0,16686147;0,26820865;0,56994343;3,18251729;1,00000000
1,38724432;0,16686147;0,26820865;0,56994343;3,18251729;1,00000000
1,38731099;0,16686147;0,26790109;0,57009721;3,18251729;1,00000000
1,38737766;0,16686147;0,26790109;0,57025099;3,18220973;1,00000000
1,38744433;0,16686147;0,26759350;0,57055855;3,18251729;1,00000000
1,38751101;0,16686147;0,26790109;0,57086611;3,18251729;1,00000000
1,38757768;0,16686147;0,26790109;0,57117373;3,18282485;1,00000000
1,38764435;0,16686147;0,26820865;0,57132751;3,18282485;1,00000000
1,38771102;0,16686147;0,26790109;0,57163513;3,18251729;1,00000000
1,38777769;0,16716905;0,26790109;0,57209647;3,18220973;1,00000000
1,38784437;0,16716905;0,26790109;0,57240403;3,18220973;1,00000000
1,38791104;0,16716905;0,26790109;0,57255781;3,18220973;1,00000000
1,38797771;0,16716905;0,26790109;0,57301921;3,18251729;1,00000000
1,38804438;0,16716905;0,26759350;0,57332677;3,18251729;1,00000000
1,38811105;0,16716905;0,26790109;0,57378817;3,18313241;1,00000000
1,38817773;0,16701525;0,26790109;0,57409573;3,18343997;1,00000000
1,38824440;0,16701525;0,26790109;0,57455707;3,18343997;1,00000000
1,38831107;0,16701525;0,26790109;0,57501847;3,18313241;1,00000000
1,38837774;0,16701525;0,26759350;0,57547981;3,18313241;1,00000000
1,38844441;0,16701525;0,26790109;0,57594121;3,18313241;1,00000000
1,38851109;0,16701525;0,26790109;0,57640254;3,18343997;1,00000000
1,38857776;0,16701525;0,26759350;0,57686394;3,18374753;1,00000000
1,38864443;0,16701525;0,26790109;0,57747906;3,18436265;1,00000000
1,38871110;0,16701525;0,26820865;0,57809424;3,18436265;1,00000000
1,38877777;0,16701525;0,26820865;0,57855558;3,18467021;1,00000000
1,38884445;0,16701525;0,26820865;0,57917076;3,18436265;1,00000000
1,38891112;0,16701525;0,26851624;0,57963216;3,18436265;1,00000000
1,38897779;0,16701525;0,26851624;0,57993972;3,18467021;1,00000000
1,38904446;0,16686147;0,26851624;0,58055484;3,18467021;1,00000000
1,38911113;0,16686147;0,26851624;0,58101624;3,18528533;1,00000000
1,38917781;0,16686147;0,26882383;0,58147764;3,18559289;1,00000000
1,38924448;0,16686147;0,26913139;0,58209276;3,18590045;1,00000000
1,38931115;0,16686147;0,26913139;0,58270794;3,18620801;1,00000000
1,38937782;0,16686147;0,26943898;0,58301550;3,18651581;1,00000000
1,38944449;0,16686147;0,26974654;0,58347690;3,18651581;1,00000000
1,38951117;0,16686147;0,27005413;0,58393824;3,18682337;1,00000000
1,38957784;0,16686147;0,27005413;0,58439958;3,18682337;1,00000000
1,38964451;0,16686147;0,27036172;0,58486098;3,18713093;1,00000000
1,38971118;0,16686147;0,27066928;0,58516854;3,18743849;1,00000000
1,38977785;0,16686147;0,27097687;0,58562988;3,18774605;1,00000000
1,38984453;0,16686147;0,27128446;0,58593750;3,18805361;1,00000000
1,38991120;0,16686147;0,27128446;0,58639890;3,18805361;1,00000000
1,38997787;0,16686147;0,27128446;0,58670646;3,18805361;1,00000000
1,39004454;0,16701525;0,27128446;0,58701402;3,18805361;1,00000000
1,39011121;0,16716905;0,27128446;0,58732158;3,18805361;1,00000000
1,39017789;0,16716905;0,27159202;0,58778298;3,18805361;1,00000000
1,39024456;0,16716905;0,27159202;0,58809054;3,18805361;1,00000000
1,39031123;0,16732283;0,27189961;0,58839810;3,18836117;1,00000000
1,39037790;0,16732283;0,27159202;0,58855188;3,18805361;1,00000000
1,39044457;0,16732283;0,27159202;0,58870566;3,18805361;1,00000000
1,39051125;0,16732283;0,27159202;0,58885950;3,18805361;1,00000000
1,39057792;0,16732283;0,27128446;0,58901328;3,18805361;1,00000000
1,39064459;0,16732283;0,27128446;0,58901328;3,18774605;1,00000000
1,39071126;0,16732283;0,27128446;0,58916706;3,18743849;1,00000000
1,39077793;0,16732283;0,27128446;0,58916706;3,18774605;1,00000000
1,39084461;0,16732283;0,27128446;0,58916706;3,18774605;1,00000000
1,39091128;0,16732283;0,27097687;0,58916706;3,18743849;1,00000000
1,39097795;0,16732283;0,27128446;0,58916706;3,18713093;1,00000000
1,39104462;0,16732283;0,27128446;0,58916706;3,18713093;1,00000000
1,39111129;0,16732283;0,27159202;0,58916706;3,18713093;1,00000000
1,39117797;0,16732283;0,27159202;0,58916706;3,18682337;1,00000000
1,39124464;0,16732283;0,27159202;0,58916706;3,18713093;1,00000000
1,39131131;0,16732283;0,27128446;0,58916706;3,18713093;1,00000000
1,39137798;0,16732283;0,27128446;0,58916706;3,18682337;1,00000000
1,39144465;0,16732283;0,27159202;0,58916706;3,18651581;1,00000000
1,39151133;0,16732283;0,27159202;0,58916706;3,18620801;1,00000000
1,39157800;0,16732283;0,27159202;0,58916706;3,18620801;1,00000000
1,39164467;0,16732283;0,27159202;0,58916706;3,18620801;1,00000000
1,39171134;0,16732283;0,27159202;0,58916706;3,18590045;1,00000000
1,39177801;0,16732283;0,27128446;0,58901328;3,18620801;1,00000000
1,39184469;0,16732283;0,27128446;0,58870566;3,18620801;1,00000000
1,39191136;0,16747662;0,27097687;0,58855188;3,18590045;1,00000000
1,39197803;0,16747662;0,27066928;0,58839810;3,18590045;1,00000000
1,39204470;0,16747662;0,27066928;0,58839810;3,18590045;1,00000000
1,39211137;0,16747662;0,27036172;0,58824432;3,18590045;1,00000000
1,39217805;0,16747662;0,27036172;0,58809054;3,18590045;1,00000000
1,39224472;0,16747662;0,27036172;0,58809054;3,18559289;1,00000000
1,39231139;0,16747662;0,27036172;0,58778298;3,18559289;1,00000000
1,39237806;0,16732283;0,27005413;0,58747536;3,18590045;1,00000000
1,39244473;0,16732283;0,26974654;0,58732158;3,18590045;1,00000000
1,39251141;0,16732283;0,26943898;0,58701402;3,18590045;1,00000000
1,39257808;0,16716905;0,26913139;0,58686024;3,18590045;1,00000000
1,39264475;0,16716905;0,26913139;0,58655268;3,18590045;1,00000000
1,39271142;0,16716905;0,26943898;0,58624506;3,18559289;1,00000000
1,39277809;0,16701525;0,26974654;0,58609128;3,18528533;1,00000000
1,39284477;0,16701525;0,26974654;0,58593750;3,18559289;1,00000000
1,39291144;0,16686147;0,26974654;0,58562988;3,18590045;1,00000000
1,39297811;0,16686147;0,26943898;0,58547610;3,18590045;1,00000000
1,39304478;0,16670766;0,26943898;0,58501476;3,18590045;1,00000000
1,39311145;0,16655388;0,26943898;0,58470720;3,18590045;1,00000000
1,39317813;0,16655388;0,26913139;0,58455342;3,18620801;1,00000000
1,39324480;0,16655388;0,26913139;0,58424580;3,18590045;1,00000000
1,39331147;0,16655388;0,26882383;0,58393824;3,18590045;1,00000000
1,39337814;0,16655388;0,26851624;0,58363068;3,18590045;1,00000000
1,39344481;0,16655388;0,26820865;0,58316928;3,18620801;1,00000000
1,39351149;0,16655388;0,26790109;0,58270794;3,18651581;1,00000000
1,39357816;0,16640009;0,26790109;0,58240032;3,18651581;1,00000000
1,39364483;0,16640009;0,26759350;0,58224654;3,18682337;1,00000000
1,39371150;0,16624631;0,26759350;0,58193898;3,18713093;1,00000000
1,39377817;0,16609251;0,26728594;0,58178520;3,18713093;1,00000000
1,39384485;0,16609251;0,26697835;0,58147764;3,18713093;1,00000000
1,39391152;0,16609251;0,26667076;0,58101624;3,18682337;1,00000000
1,39397819;0,16609251;0,26697835;0,58070862;3,18713093;1,00000000
1,39404486;0,16609251;0,26697835;0,58055484;3,18743849;1,00000000
1,39411153;0,16593874;0,26667076;0,58009350;3,18774605;1,00000000
1,39417821;0,16593874;0,26636320;0,57993972;3,18805361;1,00000000
1,39424488;0,16593874;0,26636320;0,57963216;3,18805361;1,00000000
1,39431155;0,16609251;0,26636320;0,57932454;3,18805361;1,00000000
1,39437822;0,16609251;0,26636320;0,57901698;3,18805361;1,00000000
1,39444489;0,16609251;0,26636320;0,57870936;3,18805361;1,00000000
1,39451157;0,16609251;0,26636320;0,57840180;3,18774605;1,00000000
1,39457824;0,16593874;0,26636320;0,57824802;3,18805361;1,00000000
1,39464491;0,16578494;0,26605561;0,57794046;3,18866873;1,00000000
1,39471158;0,16578494;0,26605561;0,57763284;3,18866873;1,00000000
1,39477825;0,16578494;0,26605561;0,57747906;3,18866873;1,00000000
1,39484493;0,16563116;0,26574802;0,57732528;3,18866873;1,00000000
1,39491160;0,16563116;0,26605561;0,57717150;3,18866873;1,00000000
1,39497827;0,16563116;0,26605561;0,57701772;3,18866873;1,00000000
1,39504494;0,16563116;0,26605561;0,57671016;3,18897629;1,00000000
1,39511161;0,16547737;0,26574802;0,57640254;3,18928385;1,00000000
1,39517829;0,16547737;0,26574802;0,57609499;3,18928385;1,00000000
1,39524496;0,16547737;0,26544046;0,57594121;3,18928385;1,00000000
1,39531163;0,16547737;0,26513287;0,57594121;3,18928385;1,00000000
1,39537830;0,16547737;0,26513287;0,57578737;3,18928385;1,00000000
1,39544497;0,16532359;0,26513287;0,57578737;3,18928385;1,00000000
1,39551165;0,16532359;0,26544046;0,57563359;3,18928385;1,00000000
1,39557832;0,16532359;0,26544046;0,57563359;3,18928385;1,00000000
1,39564499;0,16516978;0,26544046;0,57547981;3,18928385;1,00000000
1,39571166;0,16516978;0,26513287;0,57547981;3,18928385;1,00000000
1,39577833;0,16516978;0,26544046;0,57547981;3,18928385;1,00000000
1,39584501;0,16501600;0,26544046;0,57547981;3,18959141;1,00000000
1,39591168;0,16516978;0,26544046;0,57547981;3,18959141;1,00000000
1,39597835;0,16501600;0,26544046;0,57547981;3,18959141;1,00000000
1,39604502;0,16486220;0,26544046;0,57532603;3,18959141;1,00000000
1,39611169;0,16486220;0,26544046;0,57547981;3,18959141;1,00000000
1,39617837;0,16486220;0,26544046;0,57563359;3,18989897;1,00000000
1,39624504;0,16486220;0,26544046;0,57578737;3,18989897;1,00000000
1,39631171;0,16486220;0,26544046;0,57609499;3,18989897;1,00000000
1,39637838;0,16470842;0,26574802;0,57609499;3,18989897;1,00000000
1,39644505;0,16455463;0,26605561;0,57609499;3,19020653;1,00000000
1,39651173;0,16455463;0,26636320;0,57640254;3,19020653;1,00000000
1,39657840;0,16455463;0,26667076;0,57655638;3,19020653;1,00000000
1,39664507;0,16455463;0,26667076;0,57671016;3,19020653;1,00000000
1,39671174;0,16455463;0,26667076;0,57701772;3,19020653;1,00000000
1,39677841;0,16455463;0,26667076;0,57717150;3,19020653;1,00000000
1,39684509;0,16470842;0,26667076;0,57717150;3,19020653;1,00000000
1,39691176;0,16470842;0,26636320;0,57747906;3,18989897;1,00000000
1,39697843;0,16470842;0,26636320;0,57778668;3,18959141;1,00000000
1,39704510;0,16470842;0,26667076;0,57809424;3,18959141;1,00000000
1,39711177;0,16470842;0,26697835;0,57824802;3,18959141;1,00000000
1,39717845;0,16470842;0,26728594;0,57855558;3,18959141;1,00000000
1,39724512;0,16470842;0,26728594;0,57886314;3,18928385;1,00000000
1,39731179;0,16470842;0,26728594;0,57901698;3,18928385;1,00000000
1,39737846;0,16486220;0,26759350;0,57917076;3,18897629;1,00000000
1,39744513;0,16486220;0,26759350;0,57947832;3,18866873;1,00000000
1,39751181;0,16470842;0,26728594;0,57978594;3,18836117;1,00000000
1,39757848;0,16486220;0,26759350;0,58009350;3,18805361;1,00000000
1,39764515;0,16470842;0,26759350;0,58040106;3,18774605;1,00000000
1,39771182;0,16470842;0,26759350;0,58070862;3,18774605;1,00000000
1,39777849;0,16470842;0,26759350;0,58101624;3,18774605;1,00000000
1,39784517;0,16470842;0,26759350;0,58132380;3,18774605;1,00000000
1,39791184;0,16470842;0,26759350;0,58163142;3,18743849;1,00000000
1,39797851;0,16470842;0,26790109;0,58193898;3,18682337;1,00000000
1,39804518;0,16455463;0,26790109;0,58224654;3,18620801;1,00000000
1,39811185;0,16470842;0,26790109;0,58240032;3,18590045;1,00000000
1,39817853;0,16455463;0,26820865;0,58270794;3,18590045;1,00000000
1,39824520;0,16455463;0,26851624;0,58286172;3,18590045;1,00000000
1,39831187;0,16455463;0,26820865;0,58301550;3,18590045;1,00000000
1,39837854;0,16470842;0,26790109;0,58316928;3,18590045;1,00000000
1,39844521;0,16486220;0,26759350;0,58332312;3,18559289;1,00000000
1,39851189;0,16470842;0,26759350;0,58347690;3,18467021;1,00000000
1,39857856;0,16455463;0,26728594;0,58363068;3,18405509;1,00000000
1,39864523;0,16440085;0,26728594;0,58393824;3,18343997;1,00000000
1,39871190;0,16440085;0,26728594;0,58424580;3,18343997;1,00000000
1,39877857;0,16440085;0,26728594;0,58455342;3,18343997;1,00000000
1,39884525;0,16440085;0,26697835;0,58470720;3,18343997;1,00000000
1,39891192;0,16424704;0,26667076;0,58501476;3,18343997;1,00000000
1,39897859;0,16424704;0,26667076;0,58532232;3,18343997;1,00000000
1,39904526;0,16440085;0,26667076;0,58562988;3,18282485;1,00000000
1,39911193;0,16424704;0,26636320;0,58593750;3,18220973;1,00000000
1,39917861;0,16409326;0,26636320;0,58624506;3,18190217;1,00000000
1,39924528;0,16393946;0,26636320;0,58655268;3,18159461;1,00000000
1,39931195;0,16378568;0,26605561;0,58670646;3,18159461;1,00000000
1,39937862;0,16378568;0,26574802;0,58701402;3,18159461;1,00000000
1,39944529;0,16378568;0,26544046;0,58732158;3,18159461;1,00000000
1,39951197;0,16363189;0,26513287;0,58762920;3,18128681;1,00000000
1,39957864;0,16363189;0,26482528;0,58778298;3,18128681;1,00000000
1,39964531;0,16363189;0,26482528;0,58793676;3,18097925;1,00000000
1,39971198;0,16347811;0,26451772;0,58824432;3,18067169;1,00000000
1,39977865;0,16332431;0,26451772;0,58839810;3,18036413;1,00000000
1,39984533;0,16317053;0,26482528;0,58855188;3,18005657;1,00000000
1,39991200;0,16317053;0,26451772;0,58870566;3,17974901;1,00000000
1,39997867;0,16301674;0,26451772;0,58901328;3,17944145;1,00000000
1,40004534;0,16301674;0,26421013;0,58916706;3,17913389;1,00000000
1,40011201;0,16286296;0,26421013;0,58932084;3,17913389;1,00000000
1,40017869;0,16270915;0,26421013;0,58962846;3,17882633;1,00000000
1,40024536;0,16255537;0,26390257;0,58993602;3,17882633;1,00000000
1,40031203;0,16240157;0,26359499;0,59008980;3,17882633;1,00000000
1,40037870;0,16255537;0,26359499;0,59024358;3,17882633;1,00000000
1,40044537;0,16255537;0,26328740;0,59055120;3,17851877;1,00000000
1,40051205;0,16240157;0,26328740;0,59085876;3,17821121;1,00000000
1,40057872;0,16224779;0,26328740;0,59101254;3,17851877;1,00000000
1,40064539;0,16209400;0,26328740;0,59116638;3,17821121;1,00000000
1,40071206;0,16224779;0,26359499;0,59147394;3,17821121;1,00000000
1,40077873;0,16209400;0,26390257;0,59162772;3,17821121;1,00000000
1,40084541;0,16224779;0,26390257;0,59178150;3,17790365;1,00000000
1,40091208;0,16224779;0,26390257;0,59178150;3,17759609;1,00000000
1,40097875;0,16209400;0,26390257;0,59193528;3,17759609;1,00000000
1,40104542;0,16194022;0,26390257;0,59208906;3,17821121;1,00000000
1,40111209;0,16194022;0,26421013;0,59224284;3,17851877;1,00000000
1,40117877;0,16194022;0,26421013;0,59224284;3,17882633;1,00000000
1,40124544;0,16178641;0,26390257;0,59224284;3,17882633;1,00000000
1,40131211;0,16163263;0,26390257;0,59224284;3,17882633;1,00000000
1,40137878;0,16147883;0,26390257;0,59224284;3,17913389;1,00000000
1,40144545;0,16147883;0,26421013;0,59239668;3,17913389;1,00000000
1,40151213;0,16147883;0,26451772;0,59239668;3,17913389;1,00000000
1,40157880;0,16132505;0,26451772;0,59255046;3,17974901;1,00000000
1,40164547;0,16132505;0,26451772;0,59239668;3,18005657;1,00000000
1,40171214;0,16147883;0,26421013;0,59239668;3,17974901;1,00000000
1,40177881;0,16163263;0,26421013;0,59224284;3,17974901;1,00000000
1,40184549;0,16163263;0,26421013;0,59193528;3,17974901;1,00000000
1,40191216;0,16147883;0,26421013;0,59178150;3,17974901;1,00000000
1,40197883;0,16147883;0,26421013;0,59162772;3,17974901;1,00000000
1,40204550;0,16163263;0,26451772;0,59147394;3,18005657;1,00000000
1,40211217;0,16178641;0,26482528;0,59147394;3,18067169;1,00000000
1,40217885;0,16178641;0,26482528;0,59116638;3,18128681;1,00000000
1,40224552;0,16194022;0,26513287;0,59101254;3,18128681;1,00000000
1,40231219;0,16194022;0,26513287;0,59085876;3,18128681;1,00000000
1,40237886;0,16194022;0,26513287;0,59070498;3,18128681;1,00000000
1,40244553;0,16209400;0,26482528;0,59070498;3,18097925;1,00000000
1,40251221;0,16209400;0,26513287;0,59039736;3,18128681;1,00000000
1,40257888;0,16209400;0,26544046;0,59024358;3,18159461;1,00000000
1,40264555;0,16224779;0,26544046;0,58993602;3,18190217;1,00000000
1,40271222;0,16240157;0,26574802;0,58947468;3,18190217;1,00000000
1,40277889;0,16255537;0,26605561;0,58932084;3,18190217;1,00000000
1,40284557;0,16270915;0,26574802;0,58901328;3,18190217;1,00000000
1,40291224;0,16286296;0,26574802;0,58870566;3,18190217;1,00000000
1,40297891;0,16286296;0,26605561;0,58839810;3,18190217;1,00000000
1,40304558;0,16301674;0,26605561;0,58809054;3,18190217;1,00000000
1,40311225;0,16317053;0,26636320;0,58778298;3,18251729;1,00000000
1,40317893;0,16332431;0,26667076;0,58747536;3,18251729;1,00000000
1,40324560;0,16332431;0,26667076;0,58716780;3,18251729;1,00000000
1,40331227;0,16332431;0,26667076;0,58686024;3,18251729;1,00000000
1,40337894;0,16332431;0,26636320;0,58670646;3,18251729;1,00000000
1,40344561;0,16347811;0,26636320;0,58639890;3,18251729;1,00000000
1,40351229;0,16347811;0,26667076;0,58593750;3,18251729;1,00000000
1,40357896;0,16363189;0,26697835;0,58562988;3,18251729;1,00000000
1,40364563;0,16378568;0,26697835;0,58532232;3,18282485;1,00000000
1,40371230;0,16393946;0,26697835;0,58486098;3,18313241;1,00000000
1,40377897;0,16393946;0,26697835;0,58470720;3,18313241;1,00000000
1,40384565;0,16409326;0,26697835;0,58424580;3,18313241;1,00000000
1,40391232;0,16424704;0,26667076;0,58378446;3,18313241;1,00000000
1,40397899;0,16424704;0,26667076;0,58347690;3,18313241;1,00000000
1,40404566;0,16424704;0,26667076;0,58316928;3,18343997;1,00000000
1,40411233;0,16424704;0,26636320;0,58286172;3,18313241;1,00000000
1,40417901;0,16424704;0,26636320;0,58255410;3,18282485;1,00000000
1,40424568;0,16424704;0,26667076;0,58224654;3,18313241;1,00000000
1,40431235;0,16440085;0,26697835;0,58178520;3,18313241;1,00000000
1,40437902;0,16440085;0,26697835;0,58147764;3,18313241;1,00000000
1,40444569;0,16440085;0,26728594;0,58117002;3,18343997;1,00000000
1,40451237;0,16440085;0,26728594;0,58070862;3,18374753;1,00000000
1,40457904;0,16440085;0,26728594;0,58024728;3,18374753;1,00000000
1,40464571;0,16455463;0,26728594;0,57978594;3,18374753;1,00000000
1,40471238;0,16455463;0,26728594;0,57947832;3,18374753;1,00000000
1,40477905;0,16455463;0,26759350;0,57917076;3,18405509;1,00000000
1,40484573;0,16455463;0,26790109;0,57870936;3,18436265;1,00000000
1,40491240;0,16470842;0,26790109;0,57840180;3,18436265;1,00000000
1,40497907;0,16470842;0,26790109;0,57809424;3,18436265;1,00000000
1,40504574;0,16486220;0,26790109;0,57763284;3,18436265;1,00000000
1,40511241;0,16501600;0,26820865;0,57747906;3,18405509;1,00000000
1,40517909;0,16501600;0,26820865;0,57717150;3,18374753;1,00000000
1,40524576;0,16516978;0,26851624;0,57701772;3,18343997;1,00000000
1,40531243;0,16532359;0,26851624;0,57686394;3,18343997;1,00000000
1,40537910;0,16532359;0,26851624;0,57655638;3,18374753;1,00000000
1,40544577;0,16547737;0,26882383;0,57609499;3,18405509;1,00000000
1,40551245;0,16563116;0,26851624;0,57563359;3,18405509;1,00000000
1,40557912;0,16563116;0,26851624;0,57547981;3,18405509;1,00000000
1,40564579;0,16578494;0,26851624;0,57517225;3,18436265;1,00000000
1,40571246;0,16578494;0,26820865;0,57486469;3,18405509;1,00000000
1,40577913;0,16593874;0,26820865;0,57455707;3,18405509;1,00000000
1,40584581;0,16593874;0,26820865;0,57424951;3,18374753;1,00000000
1,40591248;0,16593874;0,26820865;0,57394195;3,18405509;1,00000000
1,40597915;0,16593874;0,26790109;0,57363439;3,18436265;1,00000000
1,40604582;0,16593874;0,26790109;0,57348061;3,18436265;1,00000000
1,40611249;0,16609251;0,26790109;0,57317299;3,18436265;1,00000000
1,40617917;0,16609251;0,26790109;0,57301921;3,18405509;1,00000000
1,40624584;0,16609251;0,26759350;0,57255781;3,18374753;1,00000000
1,40631251;0,16609251;0,26759350;0,57240403;3,18343997;1,00000000
1,40637918;0,16593874;0,26728594;0,57209647;3,18343997;1,00000000
1,40644585;0,16593874;0,26697835;0,57194269;3,18374753;1,00000000
1,40651253;0,16593874;0,26697835;0,57194269;3,18343997;1,00000000
1,40657920;0,16593874;0,26667076;0,57178891;3,18343997;1,00000000
1,40664587;0,16593874;0,26667076;0,57178891;3,18343997;1,00000000
1,40671254;0,16593874;0,26636320;0,57178891;3,18313241;1,00000000
1,40677921;0,16593874;0,26605561;0,57178891;3,18282485;1,00000000
1,40684589;0,16593874;0,26605561;0,57178891;3,18251729;1,00000000
1,40691256;0,16593874;0,26574802;0,57194269;3,18282485;1,00000000
1,40697923;0,16593874;0,26544046;0,57178891;3,18282485;1,00000000
1,40704590;0,16593874;0,26574802;0,57178891;3,18282485;1,00000000
1,40711257;0,16593874;0,26574802;0,57194269;3,18282485;1,00000000
1,40717925;0,16593874;0,26574802;0,57209647;3,18282485;1,00000000
1,40724592;0,16593874;0,26544046;0,57209647;3,18282485;1,00000000
1,40731259;0,16593874;0,26544046;0,57225025;3,18282485;1,00000000
1,40737926;0,16578494;0,26513287;0,57240403;3,18251729;1,00000000
1,40744593;0,16578494;0,26513287;0,57286543;3,18313241;1,00000000
1,40751261;0,16578494;0,26513287;0,57301921;3,18282485;1,00000000
1,40757928;0,16578494;0,26544046;0,57332677;3,18251729;1,00000000
1,40764595;0,16578494;0,26544046;0,57348061;3,18251729;1,00000000
1,40771262;0,16578494;0,26544046;0,57394195;3,18251729;1,00000000
1,40777929;0,16578494;0,26544046;0,57424951;3,18251729;1,00000000
1,40784597;0,16578494;0,26574802;0,57455707;3,18251729;1,00000000
1,40791264;0,16578494;0,26574802;0,57486469;3,18251729;1,00000000
1,40797931;0,16578494;0,26574802;0,57532603;3,18313241;1,00000000
1,40804598;0,16578494;0,26544046;0,57563359;3,18343997;1,00000000
1,40811265;0,16578494;0,26574802;0,57609499;3,18343997;1,00000000
1,40817933;0,16578494;0,26544046;0,57640254;3,18343997;1,00000000
1,40824600;0,16578494;0,26574802;0,57686394;3,18343997;1,00000000
1,40831267;0,16578494;0,26574802;0,57717150;3,18343997;1,00000000
1,40837934;0,16578494;0,26574802;0,57747906;3,18343997;1,00000000
1,40844601;0,16578494;0,26574802;0,57778668;3,18374753;1,00000000
1,40851269;0,16578494;0,26544046;0,57824802;3,18436265;1,00000000
1,40857936;0,16578494;0,26544046;0,57855558;3,18467021;1,00000000
1,40864603;0,16578494;0,26544046;0,57901698;3,18467021;1,00000000
1,40871270;0,16578494;0,26574802;0,57947832;3,18467021;1,00000000
1,40877937;0,16578494;0,26574802;0,57978594;3,18467021;1,00000000
1,40884605;0,16578494;0,26605561;0,58024728;3,18467021;1,00000000
1,40891272;0,16578494;0,26605561;0,58086246;3,18559289;1,00000000
1,40897939;0,16563116;0,26605561;0,58117002;3,18620801;1,00000000
1,40904606;0,16563116;0,26636320;0,58163142;3,18651581;1,00000000
1,40911273;0,16563116;0,26605561;0,58193898;3,18620801;1,00000000
1,40917941;0,16563116;0,26636320;0,58240032;3,18620801;1,00000000
1,40924608;0,16563116;0,26667076;0,58286172;3,18620801;1,00000000
1,40931275;0,16563116;0,26667076;0,58316928;3,18620801;1,00000000
1,40937942;0,16563116;0,26697835;0,58378446;3,18651581;1,00000000
1,40944609;0,16578494;0,26728594;0,58439958;3,18651581;1,00000000
1,40951277;0,16578494;0,26728594;0,58470720;3,18682337;1,00000000
1,40957944;0,16578494;0,26759350;0,58516854;3,18713093;1,00000000
1,40964611;0,16593874;0,26790109;0,58547610;3,18743849;1,00000000
1,40971278;0,16593874;0,26790109;0,58593750;3,18713093;1,00000000
1,40977945;0,16593874;0,26790109;0,58639890;3,18713093;1,00000000
1,40984613;0,16609251;0,26790109;0,58655268;3,18743849;1,00000000
1,40991280;0,16609251;0,26820865;0,58670646;3,18743849;1,00000000
1,40997947;0,16624631;0,26851624;0,58701402;3,18743849;1,00000000
1,41004614;0,16640009;0,26882383;0,58716780;3,18743849;1,00000000
1,41011281;0,16640009;0,26913139;0,58747536;3,18743849;1,00000000
1,41017949;0,16655388;0,26913139;0,58778298;3,18774605;1,00000000
1,41024616;0,16655388;0,26943898;0,58793676;3,18713093;1,00000000
1,41031283;0,16655388;0,26974654;0,58824432;3,18713093;1,00000000
1,41037950;0,16655388;0,27005413;0,58855188;3,18713093;1,00000000
1,41044617;0,16655388;0,27036172;0,58870566;3,18713093;1,00000000
1,41051285;0,16655388;0,27036172;0,58901328;3,18713093;1,00000000
1,41057952;0,16655388;0,27066928;0,58916706;3,18713093;1,00000000
1,41064619;0,16655388;0,27036172;0,58916706;3,18713093;1,00000000
1,41071286;0,16655388;0,27066928;0,58916706;3,18682337;1,00000000
1,41077953;0,16670766;0,27066928;0,58916706;3,18620801;1,00000000
1,41084621;0,16670766;0,27066928;0,58932084;3,18590045;1,00000000
1,41091288;0,16670766;0,27097687;0,58932084;3,18559289;1,00000000
1,41097955;0,16670766;0,27128446;0,58947468;3,18559289;1,00000000
1,41104622;0,16670766;0,27128446;0,58947468;3,18559289;1,00000000
1,41111289;0,16670766;0,27128446;0,58947468;3,18559289;1,00000000
1,41117957;0,16670766;0,27159202;0,58962846;3,18528533;1,00000000
1,41124624;0,16670766;0,27189961;0,58962846;3,18467021;1,00000000
1,41131291;0,16670766;0,27189961;0,58962846;3,18436265;1,00000000
1,41137958;0,16655388;0,27159202;0,58962846;3,18436265;1,00000000
1,41144625;0,16655388;0,27159202;0,58962846;3,18405509;1,00000000
1,41151293;0,16655388;0,27159202;0,58947468;3,18405509;1,00000000
1,41157960;0,16655388;0,27159202;0,58947468;3,18405509;1,00000000
1,41164627;0,16640009;0,27159202;0,58947468;3,18405509;1,00000000
1,41171294;0,16640009;0,27159202;0,58947468;3,18374753;1,00000000
1,41177961;0,16624631;0,27159202;0,58932084;3,18405509;1,00000000
1,41184629;0,16624631;0,27128446;0,58916706;3,18374753;1,00000000
1,41191296;0,16624631;0,27128446;0,58901328;3,18374753;1,00000000
1,41197963;0,16624631;0,27128446;0,58885950;3,18374753;1,00000000
1,41204630;0,16624631;0,27128446;0,58870566;3,18374753;1,00000000
1,41211297;0,16624631;0,27128446;0,58855188;3,18343997;1,00000000
1,41217965;0,16624631;0,27128446;0,58839810;3,18313241;1,00000000
1,41224632;0,16624631;0,27128446;0,58824432;3,18343997;1,00000000
1,41231299;0,16624631;0,27128446;0,58793676;3,18374753;1,00000000
1,41237966;0,16624631;0,27128446;0,58762920;3,18374753;1,00000000
1,41244633;0,16609251;0,27097687;0,58732158;3,18374753;1,00000000
1,41251301;0,16609251;0,27097687;0,58716780;3,18374753;1,00000000
1,41257968;0,16609251;0,27066928;0,58686024;3,18374753;1,00000000
1,41264635;0,16609251;0,27066928;0,58670646;3,18374753;1,00000000
1,41271302;0,16609251;0,27066928;0,58655268;3,18374753;1,00000000
1,41277969;0,16609251;0,27066928;0,58624506;3,18405509;1,00000000
1,41284637;0,16609251;0,27036172;0,58593750;3,18436265;1,00000000
1,41291304;0,16609251;0,27005413;0,58578372;3,18436265;1,00000000
1,41297971;0,16593874;0,26974654;0,58547610;3,18436265;1,00000000
1,41304638;0,16593874;0,26974654;0,58532232;3,18436265;1,00000000
1,41311305;0,16593874;0,27005413;0,58501476;3,18467021;1,00000000
1,41317973;0,16593874;0,27005413;0,58455342;3,18436265;1,00000000
1,41324640;0,16593874;0,27005413;0,58424580;3,18436265;1,00000000
1,41331307;0,16578494;0,27005413;0,58393824;3,18467021;1,00000000
1,41337974;0,16578494;0,27005413;0,58363068;3,18528533;1,00000000
1,41344641;0,16578494;0,26974654;0,58347690;3,18528533;1,00000000
1,41351309;0,16578494;0,26974654;0,58316928;3,18528533;1,00000000
1,41357976;0,16578494;0,26943898;0,58270794;3,18528533;1,00000000
1,41364643;0,16578494;0,26913139;0,58224654;3,18467021;1,00000000
1,41371310;0,16578494;0,26913139;0,58178520;3,18436265;1,00000000
1,41377977;0,16578494;0,26913139;0,58132380;3,18436265;1,00000000
1,41384645;0,16578494;0,26943898;0,58101624;3,18467021;1,00000000
1,41391312;0,16563116;0,26974654;0,58086246;3,18528533;1,00000000
1,41397979;0,16563116;0,26974654;0,58055484;3,18559289;1,00000000
1,41404646;0,16563116;0,26974654;0,58024728;3,18590045;1,00000000
1,41411313;0,16563116;0,26943898;0,57993972;3,18590045;1,00000000
1,41417981;0,16563116;0,26943898;0,57947832;3,18590045;1,00000000
1,41424648;0,16563116;0,26943898;0,57917076;3,18590045;1,00000000
1,41431315;0,16563116;0,26943898;0,57886314;3,18590045;1,00000000
1,41437982;0,16563116;0,26943898;0,57855558;3,18590045;1,00000000
1,41444649;0,16547737;0,26943898;0,57824802;3,18620801;1,00000000
1,41451317;0,16547737;0,26943898;0,57794046;3,18651581;1,00000000
1,41457984;0,16547737;0,26974654;0,57763284;3,18651581;1,00000000
1,41464651;0,16532359;0,26943898;0,57732528;3,18682337;1,00000000
1,41471318;0,16532359;0,26943898;0,57701772;3,18651581;1,00000000
1,41477985;0,16532359;0,26943898;0,57671016;3,18620801;1,00000000
1,41484653;0,16532359;0,26913139;0,57640254;3,18620801;1,00000000
1,41491320;0,16532359;0,26913139;0,57624876;3,18620801;1,00000000
1,41497987;0,16532359;0,26913139;0,57594121;3,18651581;1,00000000
1,41504654;0,16516978;0,26882383;0,57563359;3,18682337;1,00000000
1,41511321;0,16516978;0,26882383;0,57547981;3,18713093;1,00000000
1,41517989;0,16501600;0,26851624;0,57532603;3,18713093;1,00000000
1,41524656;0,16501600;0,26820865;0,57517225;3,18713093;1,00000000
1,41531323;0,16501600;0,26820865;0,57517225;3,18713093;1,00000000
1,41537990;0,16501600;0,26820865;0,57501847;3,18713093;1,00000000
1,41544657;0,16486220;0,26820865;0,57501847;3,18713093;1,00000000
1,41551325;0,16470842;0,26820865;0,57501847;3,18743849;1,00000000
1,41557992;0,16455463;0,26820865;0,57501847;3,18774605;1,00000000
1,41564659;0,16455463;0,26820865;0,57501847;3,18805361;1,00000000
1,41571326;0,16455463;0,26851624;0,57501847;3,18805361;1,00000000
1,41577993;0,16470842;0,26851624;0,57501847;3,18774605;1,00000000
1,41584661;0,16470842;0,26882383;0,57501847;3,18743849;1,00000000
1,41591328;0,16470842;0,26882383;0,57501847;3,18743849;1,00000000
1,41597995;0,16470842;0,26882383;0,57501847;3,18743849;1,00000000
1,41604662;0,16470842;0,26882383;0,57501847;3,18743849;1,00000000
1,41611329;0,16455463;0,26913139;0,57501847;3,18774605;1,00000000
1,41617997;0,16470842;0,26943898;0,57501847;3,18805361;1,00000000
1,41624664;0,16470842;0,26943898;0,57517225;3,18805361;1,00000000
1,41631331;0,16486220;0,26974654;0,57517225;3,18836117;1,00000000
1,41637998;0,16501600;0,27005413;0,57547981;3,18836117;1,00000000
1,41644665;0,16501600;0,27005413;0,57547981;3,18836117;1,00000000
1,41651333;0,16501600;0,27005413;0,57563359;3,18836117;1,00000000
1,41658000;0,16501600;0,27005413;0,57563359;3,18836117;1,00000000
1,41664667;0,16501600;0,27036172;0,57578737;3,18836117;1,00000000
1,41671334;0,16486220;0,27066928;0,57594121;3,18836117;1,00000000
1,41678001;0,16501600;0,27066928;0,57594121;3,18836117;1,00000000
1,41684669;0,16501600;0,27097687;0,57624876;3,18866873;1,00000000
1,41691336;0,16501600;0,27097687;0,57640254;3,18866873;1,00000000
1,41698003;0,16501600;0,27097687;0,57671016;3,18866873;1,00000000
1,41704670;0,16501600;0,27128446;0,57686394;3,18866873;1,00000000
1,41711337;0,16501600;0,27128446;0,57717150;3,18866873;1,00000000
1,41718005;0,16501600;0,27128446;0,57747906;3,18866873;1,00000000
1,41724672;0,16516978;0,27128446;0,57763284;3,18866873;1,00000000
1,41731339;0,16532359;0,27159202;0,57794046;3,18836117;1,00000000
1,41738006;0,16532359;0,27189961;0,57809424;3,18805361;1,00000000
1,41744673;0,16516978;0,27220720;0,57840180;3,18774605;1,00000000
1,41751341;0,16516978;0,27220720;0,57855558;3,18774605;1,00000000
1,41758008;0,16532359;0,27251476;0,57870936;3,18774605;1,00000000
1,41764675;0,16547737;0,27251476;0,57901698;3,18743849;1,00000000
1,41771342;0,16547737;0,27282235;0,57932454;3,18774605;1,00000000
1,41778009;0,16532359;0,27282235;0,57947832;3,18774605;1,00000000
1,41784677;0,16532359;0,27282235;0,57963216;3,18743849;1,00000000
1,41791344;0,16516978;0,27312991;0,57993972;3,18743849;1,00000000
1,41798011;0,16516978;0,27343750;0,58024728;3,18713093;1,00000000
1,41804678;0,16516978;0,27312991;0,58055484;3,18682337;1,00000000
1,41811345;0,16532359;0,27312991;0,58086246;3,18651581;1,00000000
1,41818013;0,16532359;0,27282235;0,58117002;3,18620801;1,00000000
1,41824680;0,16516978;0,27251476;0,58147764;3,18590045;1,00000000
1,41831347;0,16516978;0,27251476;0,58163142;3,18590045;1,00000000
1,41838014;0,16516978;0,27220720;0,58193898;3,18590045;1,00000000
1,41844681;0,16516978;0,27251476;0,58224654;3,18528533;1,00000000
1,41851349;0,16516978;0,27220720;0,58240032;3,18467021;1,00000000
1,41858016;0,16516978;0,27220720;0,58255410;3,18436265;1,00000000
1,41864683;0,16516978;0,27220720;0,58270794;3,18374753;1,00000000
1,41871350;0,16516978;0,27220720;0,58301550;3,18313241;1,00000000
1,41878017;0,16501600;0,27220720;0,58316928;3,18343997;1,00000000
1,41884685;0,16501600;0,27251476;0,58347690;3,18343997;1,00000000
1,41891352;0,16501600;0,27251476;0,58363068;3,18343997;1,00000000
1,41898019;0,16516978;0,27251476;0,58393824;3,18313241;1,00000000
1,41904686;0,16532359;0,27251476;0,58424580;3,18282485;1,00000000
1,41911353;0,16516978;0,27251476;0,58455342;3,18220973;1,00000000
1,41918021;0,16516978;0,27220720;0,58470720;3,18159461;1,00000000
1,41924688;0,16516978;0,27220720;0,58501476;3,18097925;1,00000000
1,41931355;0,16516978;0,27189961;0,58532232;3,18097925;1,00000000
1,41938022;0,16516978;0,27159202;0,58562988;3,18097925;1,00000000
1,41944689;0,16516978;0,27128446;0,58562988;3,18097925;1,00000000
1,41951357;0,16501600;0,27128446;0,58578372;3,18067169;1,00000000
1,41958024;0,16501600;0,27097687;0,58609128;3,18005657;1,00000000
1,41964691;0,16501600;0,27066928;0,58609128;3,17974901;1,00000000
1,41971358;0,16486220;0,27066928;0,58624506;3,17944145;1,00000000
1,41978025;0,16470842;0,27036172;0,58639890;3,17944145;1,00000000
1,41984693;0,16455463;0,27005413;0,58655268;3,17944145;1,00000000
1,41991360;0,16440085;0,27005413;0,58670646;3,17944145;1,00000000
1,41998027;0,16424704;0,26974654;0,58686024;3,17944145;1,00000000
1,42004694;0,16409326;0,26943898;0,58716780;3,17913389;1,00000000
1,42011361;0,16393946;0,26943898;0,58732158;3,17882633;1,00000000
1,42018029;0,16378568;0,26913139;0,58747536;3,17851877;1,00000000
1,42024696;0,16363189;0,26882383;0,58762920;3,17851877;1,00000000
1,42031363;0,16363189;0,26851624;0,58778298;3,17851877;1,00000000
1,42038030;0,16363189;0,26851624;0,58793676;3,17851877;1,00000000
1,42044697;0,16363189;0,26851624;0,58793676;3,17882633;1,00000000
1,42051365;0,16347811;0,26820865;0,58809054;3,17913389;1,00000000
1,42058032;0,16347811;0,26790109;0,58824432;3,17882633;1,00000000
1,42064699;0,16332431;0,26759350;0,58839810;3,17851877;1,00000000
1,42071366;0,16317053;0,26790109;0,58855188;3,17851877;1,00000000
1,42078033;0,16301674;0,26790109;0,58870566;3,17851877;1,00000000
1,42084701;0,16317053;0,26820865;0,58870566;3,17851877;1,00000000
1,42091368;0,16301674;0,26820865;0,58885950;3,17851877;1,00000000
1,42098035;0,16301674;0,26820865;0,58901328;3,17882633;1,00000000
1,42104702;0,16301674;0,26790109;0,58916706;3,17882633;1,00000000
1,42111369;0,16286296;0,26759350;0,58916706;3,17851877;1,00000000
1,42118037;0,16286296;0,26790109;0,58916706;3,17851877;1,00000000
1,42124704;0,16286296;0,26820865;0,58916706;3,17882633;1,00000000
1,42131371;0,16301674;0,26820865;0,58916706;3,17913389;1,00000000
1,42138038;0,16286296;0,26790109;0,58932084;3,17944145;1,00000000
1,42144705;0,16286296;0,26820865;0,58932084;3,17974901;1,00000000
1,42151373;0,16286296;0,26790109;0,58932084;3,17944145;1,00000000
1,42158040;0,16286296;0,26790109;0,58932084;3,17913389;1,00000000
1,42164707;0,16301674;0,26790109;0,58932084;3,17913389;1,00000000
1,42171374;0,16286296;0,26790109;0,58916706;3,17913389;1,00000000
1,42178041;0,16286296;0,26790109;0,58916706;3,17913389;1,00000000
1,42184709;0,16301674;0,26790109;0,58901328;3,17944145;1,00000000
1,42191376;0,16286296;0,26759350;0,58885950;3,17974901;1,00000000
1,42198043;0,16270915;0,26759350;0,58870566;3,18005657;1,00000000
1,42204710;0,16286296;0,26790109;0,58870566;3,18005657;1,00000000
1,42211377;0,16270915;0,26820865;0,58870566;3,18005657;1,00000000
1,42218045;0,16255537;0,26790109;0,58839810;3,18036413;1,00000000
1,42224712;0,16255537;0,26790109;0,58824432;3,18036413;1,00000000
1,42231379;0,16255537;0,26759350;0,58793676;3,18067169;1,00000000
1,42238046;0,16240157;0,26759350;0,58762920;3,18097925;1,00000000
1,42244713;0,16240157;0,26759350;0,58732158;3,18128681;1,00000000
1,42251381;0,16224779;0,26759350;0,58716780;3,18097925;1,00000000
1,42258048;0,16224779;0,26790109;0,58701402;3,18097925;1,00000000
1,42264715;0,16224779;0,26790109;0,58670646;3,18097925;1,00000000
1,42271382;0,16224779;0,26820865;0,58655268;3,18067169;1,00000000
1,42278049;0,16224779;0,26820865;0,58624506;3,18097925;1,00000000
1,42284717;0,16209400;0,26820865;0,58593750;3,18128681;1,00000000
1,42291384;0,16209400;0,26790109;0,58562988;3,18159461;1,00000000
1,42298051;0,16224779;0,26820865;0,58532232;3,18159461;1,00000000
1,42304718;0,16240157;0,26820865;0,58501476;3,18128681;1,00000000
1,42311385;0,16255537;0,26851624;0,58470720;3,18128681;1,00000000
1,42318053;0,16255537;0,26851624;0,58439958;3,18159461;1,00000000
1,42324720;0,16270915;0,26820865;0,58393824;3,18190217;1,00000000
1,42331387;0,16286296;0,26851624;0,58363068;3,18220973;1,00000000
1,42338054;0,16301674;0,26851624;0,58316928;3,18251729;1,00000000
1,42344721;0,16317053;0,26882383;0,58286172;3,18220973;1,00000000
1,42351389;0,16332431;0,26913139;0,58255410;3,18190217;1,00000000
1,42358056;0,16347811;0,26913139;0,58209276;3,18220973;1,00000000
1,42364723;0,16363189;0,26913139;0,58178520;3,18220973;1,00000000
1,42371390;0,16378568;0,26913139;0,58132380;3,18220973;1,00000000
1,42378057;0,16378568;0,26913139;0,58086246;3,18220973;1,00000000
1,42384725;0,16393946;0,26943898;0,58040106;3,18251729;1,00000000
1,42391392;0,16393946;0,26943898;0,57993972;3,18251729;1,00000000
1,42398059;0,16409326;0,26974654;0,57963216;3,18220973;1,00000000
1,42404726;0,16409326;0,27005413;0,57947832;3,18251729;1,00000000
1,42411393;0,16409326;0,27005413;0,57901698;3,18251729;1,00000000
1,42418061;0,16409326;0,27005413;0,57870936;3,18251729;1,00000000
1,42424728;0,16409326;0,27005413;0,57840180;3,18251729;1,00000000
1,42431395;0,16424704;0,27036172;0,57809424;3,18282485;1,00000000
1,42438062;0,16424704;0,27036172;0,57778668;3,18313241;1,00000000
1,42444729;0,16424704;0,27036172;0,57732528;3,18282485;1,00000000
1,42451397;0,16424704;0,27066928;0,57686394;3,18251729;1,00000000
1,42458064;0,16440085;0,27036172;0,57655638;3,18282485;1,00000000
1,42464731;0,16455463;0,27005413;0,57609499;3,18313241;1,00000000
1,42471398;0,16470842;0,27036172;0,57578737;3,18313241;1,00000000
1,42478065;0,16470842;0,27036172;0,57532603;3,18313241;1,00000000
1,42484733;0,16470842;0,27036172;0,57471091;3,18343997;1,00000000
1,42491400;0,16470842;0,27005413;0,57440329;3,18313241;1,00000000
1,42498067;0,16470842;0,26974654;0,57409573;3,18282485;1,00000000
1,42504734;0,16470842;0,27005413;0,57363439;3,18251729;1,00000000
1,42511401;0,16486220;0,27036172;0,57348061;3,18251729;1,00000000
1,42518069;0,16486220;0,27036172;0,57317299;3,18251729;1,00000000
1,42524736;0,16501600;0,27036172;0,57301921;3,18282485;1,00000000
1,42531403;0,16501600;0,27036172;0,57255781;3,18313241;1,00000000
1,42538070;0,16516978;0,27036172;0,57209647;3,18282485;1,00000000
1,42544737;0,16516978;0,27066928;0,57194269;3,18251729;1,00000000
1,42551405;0,16516978;0,27066928;0,57163513;3,18251729;1,00000000
1,42558072;0,16532359;0,27097687;0,57132751;3,18220973;1,00000000
1,42564739;0,16532359;0,27128446;0,57101995;3,18220973;1,00000000
1,42571406;0,16532359;0,27159202;0,57071233;3,18220973;1,00000000
1,42578073;0,16532359;0,27128446;0,57040477;3,18220973;1,00000000
1,42584741;0,16532359;0,27128446;0,57025099;3,18251729;1,00000000
1,42591408;0,16532359;0,27097687;0,56994343;3,18282485;1,00000000
1,42598075;0,16547737;0,27097687;0,56963581;3,18251729;1,00000000
1,42604742;0,16563116;0,27097687;0,56963581;3,18220973;1,00000000
1,42611409;0,16563116;0,27066928;0,56963581;3,18190217;1,00000000
1,42618077;0,16563116;0,27097687;0,56948203;3,18220973;1,00000000
1,42624744;0,16563116;0,27097687;0,56917441;3,18220973;1,00000000
1,42631411;0,16578494;0,27066928;0,56902063;3,18251729;1,00000000
1,42638078;0,16578494;0,27066928;0,56886685;3,18282485;1,00000000
1,42644745;0,16578494;0,27036172;0,56855929;3,18282485;1,00000000
1,42651413;0,16593874;0,27005413;0,56840551;3,18251729;1,00000000
1,42658080;0,16593874;0,27036172;0,56840551;3,18220973;1,00000000
1,42664747;0,16593874;0,27005413;0,56840551;3,18190217;1,00000000
1,42671414;0,16593874;0,27005413;0,56840551;3,18159461;1,00000000
1,42678081;0,16593874;0,27005413;0,56840551;3,18190217;1,00000000
1,42684749;0,16593874;0,27005413;0,56840551;3,18190217;1,00000000
1,42691416;0,16593874;0,26974654;0,56855929;3,18190217;1,00000000
1,42698083;0,16593874;0,26943898;0,56871307;3,18190217;1,00000000
1,42704750;0,16578494;0,26913139;0,56886685;3,18159461;1,00000000
1,42711417;0,16563116;0,26882383;0,56902063;3,18128681;1,00000000
1,42718085;0,16563116;0,26851624;0,56917441;3,18128681;1,00000000
1,42724752;0,16563116;0,26882383;0,56932825;3,18097925;1,00000000
1,42731419;0,16563116;0,26882383;0,56948203;3,18128681;1,00000000
1,42738086;0,16563116;0,26882383;0,56978959;3,18159461;1,00000000
1,42744753;0,16563116;0,26851624;0,56994343;3,18159461;1,00000000
1,42751421;0,16563116;0,26820865;0,57009721;3,18190217;1,00000000
1,42758088;0,16563116;0,26851624;0,57025099;3,18220973;1,00000000
1,42764755;0,16563116;0,26820865;0,57071233;3,18190217;1,00000000
1,42771422;0,16563116;0,26851624;0,57117373;3,18190217;1,00000000
1,42778089;0,16563116;0,26820865;0,57163513;3,18190217;1,00000000
1,42784757;0,16547737;0,26820865;0,57225025;3,18220973;1,00000000
1,42791424;0,16547737;0,26851624;0,57271159;3,18251729;1,00000000
1,42798091;0,16547737;0,26820865;0,57317299;3,18282485;1,00000000
1,42804758;0,16547737;0,26820865;0,57363439;3,18313241;1,00000000
1,42811425;0,16547737;0,26790109;0,57409573;3,18343997;1,00000000
1,42818093;0,16532359;0,26790109;0,57455707;3,18313241;1,00000000
1,42824760;0,16532359;0,26759350;0,57501847;3,18313241;1,00000000
1,42831427;0,16532359;0,26759350;0,57532603;3,18313241;1,00000000
1,42838094;0,16532359;0,26728594;0,57578737;3,18343997;1,00000000
1,42844761;0,16532359;0,26728594;0,57624876;3,18374753;1,00000000
1,42851429;0,16532359;0,26728594;0,57671016;3,18405509;1,00000000
1,42858096;0,16532359;0,26728594;0,57732528;3,18436265;1,00000000
1,42864763;0,16532359;0,26728594;0,57763284;3,18467021;1,00000000
1,42871430;0,16547737;0,26728594;0,57809424;3,18528533;1,00000000
1,42878097;0,16547737;0,26759350;0,57855558;3,18528533;1,00000000
1,42884765;0,16563116;0,26759350;0,57917076;3,18528533;1,00000000
1,42891432;0,16563116;0,26759350;0,57963216;3,18559289;1,00000000
1,42898099;0,16563116;0,26790109;0,58009350;3,18559289;1,00000000
1,42904766;0,16547737;0,26790109;0,58055484;3,18590045;1,00000000
1,42911433;0,16547737;0,26820865;0,58086246;3,18620801;1,00000000
1,42918101;0,16547737;0,26851624;0,58147764;3,18651581;1,00000000
1,42924768;0,16547737;0,26851624;0,58193898;3,18651581;1,00000000
1,42931435;0,16547737;0,26882383;0,58240032;3,18651581;1,00000000
1,42938102;0,16547737;0,26913139;0,58286172;3,18651581;1,00000000
1,42944769;0,16547737;0,26943898;0,58347690;3,18651581;1,00000000
1,42951437;0,16563116;0,26974654;0,58393824;3,18651581;1,00000000
1,42958104;0,16563116;0,27005413;0,58424580;3,18651581;1,00000000
1,42964771;0,16563116;0,27036172;0,58486098;3,18651581;1,00000000
1,42971438;0,16563116;0,27036172;0,58516854;3,18682337;1,00000000
1,42978105;0,16563116;0,27066928;0,58547610;3,18713093;1,00000000
1,42984773;0,16563116;0,27066928;0,58593750;3,18713093;1,00000000
1,42991440;0,16563116;0,27097687;0,58639890;3,18713093;1,00000000
1,42998107;0,16563116;0,27097687;0,58670646;3,18713093;1,00000000
1,43004774;0,16563116;0,27128446;0,58701402;3,18713093;1,00000000
1,43011441;0,16563116;0,27159202;0,58716780;3,18713093;1,00000000
1,43018109;0,16563116;0,27128446;0,58747536;3,18682337;1,00000000
1,43024776;0,16563116;0,27128446;0,58778298;3,18743849;1,00000000
1,43031443;0,16563116;0,27128446;0,58809054;3,18713093;1,00000000
1,43038110;0,16563116;0,27159202;0,58824432;3,18682337;1,00000000
1,43044777;0,16563116;0,27189961;0,58839810;3,18651581;1,00000000
1,43051445;0,16563116;0,27220720;0,58855188;3,18651581;1,00000000
1,43058112;0,16563116;0,27189961;0,58885950;3,18651581;1,00000000
1,43064779;0,16563116;0,27220720;0,58916706;3,18651581;1,00000000
1,43071446;0,16563116;0,27220720;0,58932084;3,18682337;1,00000000
1,43078113;0,16563116;0,27220720;0,58962846;3,18713093;1,00000000
1,43084781;0,16563116;0,27220720;0,58978224;3,18713093;1,00000000
1,43091448;0,16563116;0,27189961;0,58978224;3,18682337;1,00000000
1,43098115;0,16547737;0,27159202;0,58978224;3,18651581;1,00000000
1,43104782;0,16547737;0,27159202;0,58978224;3,18620801;1,00000000
1,43111449;0,16547737;0,27159202;0,58978224;3,18620801;1,00000000
1,43118117;0,16547737;0,27189961;0,58978224;3,18620801;1,00000000
1,43124784;0,16547737;0,27189961;0,58993602;3,18620801;1,00000000
1,43131451;0,16547737;0,27189961;0,58993602;3,18620801;1,00000000
1,43138118;0,16547737;0,27189961;0,58993602;3,18620801;1,00000000
1,43144785;0,16547737;0,27189961;0,58993602;3,18590045;1,00000000
1,43151453;0,16547737;0,27159202;0,58993602;3,18590045;1,00000000
1,43158120;0,16547737;0,27189961;0,58978224;3,18590045;1,00000000
1,43164787;0,16547737;0,27159202;0,58978224;3,18590045;1,00000000
1,43171454;0,16547737;0,27159202;0,58962846;3,18559289;1,00000000
1,43178121;0,16547737;0,27159202;0,58962846;3,18590045;1,00000000
1,43184789;0,16547737;0,27189961;0,58932084;3,18620801;1,00000000
1,43191456;0,16547737;0,27189961;0,58932084;3,18590045;1,00000000
1,43198123;0,16547737;0,27220720;0,58901328;3,18590045;1,00000000
1,43204790;0,16547737;0,27251476;0,58901328;3,18590045;1,00000000
1,43211457;0,16547737;0,27251476;0,58901328;3,18590045;1,00000000
1,43218125;0,16547737;0,27251476;0,58885950;3,18590045;1,00000000
1,43224792;0,16547737;0,27251476;0,58870566;3,18590045;1,00000000
1,43231459;0,16547737;0,27282235;0,58855188;3,18620801;1,00000000
1,43238126;0,16547737;0,27282235;0,58824432;3,18590045;1,00000000
1,43244793;0,16532359;0,27282235;0,58809054;3,18590045;1,00000000
1,43251461;0,16532359;0,27282235;0,58778298;3,18590045;1,00000000
1,43258128;0,16532359;0,27282235;0,58762920;3,18590045;1,00000000
1,43264795;0,16547737;0,27282235;0,58732158;3,18590045;1,00000000
1,43271462;0,16547737;0,27312991;0,58701402;3,18590045;1,00000000
1,43278129;0,16547737;0,27282235;0,58670646;3,18620801;1,00000000
1,43284797;0,16532359;0,27282235;0,58655268;3,18620801;1,00000000
1,43291464;0,16532359;0,27282235;0,58624506;3,18620801;1,00000000
1,43298131;0,16532359;0,27282235;0,58593750;3,18590045;1,00000000
1,43304798;0,16516978;0,27282235;0,58562988;3,18590045;1,00000000
1,43311465;0,16516978;0,27282235;0,58547610;3,18590045;1,00000000
1,43318133;0,16516978;0,27251476;0,58532232;3,18590045;1,00000000
1,43324800;0,16501600;0,27220720;0,58516854;3,18590045;1,00000000
1,43331467;0,16501600;0,27251476;0,58486098;3,18620801;1,00000000
1,43338134;0,16486220;0,27251476;0,58455342;3,18590045;1,00000000
1,43344801;0,16470842;0,27220720;0,58424580;3,18590045;1,00000000
1,43351469;0,16470842;0,27220720;0,58393824;3,18590045;1,00000000
1,43358136;0,16470842;0,27251476;0,58363068;3,18590045;1,00000000
1,43364803;0,16470842;0,27251476;0,58347690;3,18590045;1,00000000
1,43371470;0,16470842;0,27220720;0,58332312;3,18590045;1,00000000
1,43378137;0,16470842;0,27189961;0,58316928;3,18620801;1,00000000
1,43384805;0,16455463;0,27220720;0,58301550;3,18682337;1,00000000
1,43391472;0,16455463;0,27220720;0,58270794;3,18682337;1,00000000
1,43398139;0,16455463;0,27220720;0,58255410;3,18682337;1,00000000
1,43404806;0,16455463;0,27220720;0,58224654;3,18682337;1,00000000
1,43411473;0,16455463;0,27189961;0,58193898;3,18682337;1,00000000
1,43418141;0,16455463;0,27189961;0,58163142;3,18682337;1,00000000
1,43424808;0,16455463;0,27220720;0,58132380;3,18713093;1,00000000
1,43431475;0,16440085;0,27220720;0,58101624;3,18713093;1,00000000
1,43438142;0,16424704;0,27189961;0,58070862;3,18743849;1,00000000
1,43444809;0,16424704;0,27189961;0,58070862;3,18774605;1,00000000
1,43451477;0,16424704;0,27189961;0,58040106;3,18805361;1,00000000
1,43458144;0,16424704;0,27189961;0,58009350;3,18805361;1,00000000
1,43464811;0,16409326;0,27159202;0,57978594;3,18836117;1,00000000
1,43471478;0,16393946;0,27159202;0,57947832;3,18866873;1,00000000
1,43478145;0,16409326;0,27128446;0,57917076;3,18866873;1,00000000
1,43484813;0,16409326;0,27128446;0,57886314;3,18836117;1,00000000
1,43491480;0,16409326;0,27097687;0,57870936;3,18866873;1,00000000
1,43498147;0,16409326;0,27066928;0,57840180;3,18866873;1,00000000
1,43504814;0,16409326;0,27066928;0,57824802;3,18897629;1,00000000
1,43511481;0,16409326;0,27066928;0,57809424;3,18897629;1,00000000
1,43518149;0,16393946;0,27066928;0,57794046;3,18897629;1,00000000
1,43524816;0,16393946;0,27097687;0,57763284;3,18928385;1,00000000
1,43531483;0,16393946;0,27097687;0,57732528;3,18897629;1,00000000
1,43538150;0,16393946;0,27097687;0,57732528;3,18866873;1,00000000
1,43544817;0,16393946;0,27128446;0,57717150;3,18866873;1,00000000
1,43551485;0,16393946;0,27097687;0,57701772;3,18897629;1,00000000
1,43558152;0,16393946;0,27128446;0,57701772;3,18928385;1,00000000
1,43564819;0,16393946;0,27128446;0,57701772;3,18959141;1,00000000
1,43571486;0,16409326;0,27128446;0,57701772;3,18989897;1,00000000
1,43578153;0,16409326;0,27128446;0,57701772;3,19020653;1,00000000
1,43584821;0,16409326;0,27159202;0,57701772;3,18989897;1,00000000
1,43591488;0,16393946;0,27128446;0,57701772;3,18959141;1,00000000
1,43598155;0,16393946;0,27128446;0,57717150;3,18928385;1,00000000
1,43604822;0,16378568;0,27097687;0,57717150;3,18928385;1,00000000
1,43611489;0,16363189;0,27128446;0,57717150;3,18959141;1,00000000
1,43618157;0,16378568;0,27097687;0,57732528;3,18989897;1,00000000
1,43624824;0,16363189;0,27128446;0,57747906;3,19020653;1,00000000
1,43631491;0,16378568;0,27128446;0,57747906;3,19051409;1,00000000
1,43638158;0,16363189;0,27128446;0,57747906;3,19020653;1,00000000
1,43644825;0,16378568;0,27128446;0,57747906;3,18989897;1,00000000
1,43651493;0,16393946;0,27159202;0,57763284;3,18989897;1,00000000
1,43658160;0,16393946;0,27189961;0,57778668;3,18989897;1,00000000
1,43664827;0,16393946;0,27220720;0,57794046;3,19020653;1,00000000
1,43671494;0,16393946;0,27251476;0,57824802;3,19020653;1,00000000
1,43678161;0,16393946;0,27282235;0,57855558;3,19020653;1,00000000
1,43684829;0,16393946;0,27282235;0,57886314;3,19020653;1,00000000
1,43691496;0,16393946;0,27282235;0,57901698;3,19051409;1,00000000
1,43698163;0,16393946;0,27312991;0,57932454;3,19020653;1,00000000
1,43704830;0,16393946;0,27343750;0,57947832;3,18989897;1,00000000
1,43711497;0,16409326;0,27374509;0,57963216;3,18989897;1,00000000
1,43718165;0,16409326;0,27405265;0,57993972;3,18989897;1,00000000
1,43724832;0,16409326;0,27405265;0,58024728;3,18989897;1,00000000
1,43731499;0,16409326;0,27436024;0,58055484;3,18989897;1,00000000
1,43738166;0,16409326;0,27436024;0,58086246;3,18989897;1,00000000
1,43744833;0,16409326;0,27436024;0,58117002;3,18989897;1,00000000
1,43751501;0,16409326;0,27436024;0,58147764;3,18928385;1,00000000
1,43758168;0,16409326;0,27436024;0,58178520;3,18866873;1,00000000
1,43764835;0,16409326;0,27436024;0,58209276;3,18836117;1,00000000
1,43771502;0,16424704;0,27436024;0,58240032;3,18836117;1,00000000
1,43778169;0,16424704;0,27436024;0,58270794;3,18836117;1,00000000
1,43784837;0,16424704;0,27436024;0,58301550;3,18836117;1,00000000
1,43791504;0,16409326;0,27405265;0,58332312;3,18836117;1,00000000
1,43798171;0,16409326;0,27405265;0,58363068;3,18836117;1,00000000
1,43804838;0,16393946;0,27405265;0,58378446;3,18836117;1,00000000
1,43811505;0,16409326;0,27436024;0,58393824;3,18805361;1,00000000
1,43818173;0,16409326;0,27436024;0,58409202;3,18774605;1,00000000
1,43824840;0,16409326;0,27436024;0,58439958;3,18774605;1,00000000
1,43831507;0,16409326;0,27436024;0,58455342;3,18743849;1,00000000
1,43838174;0,16393946;0,27436024;0,58486098;3,18713093;1,00000000
1,43844841;0,16409326;0,27436024;0,58501476;3,18682337;1,00000000
1,43851509;0,16424704;0,27436024;0,58516854;3,18651581;1,00000000
1,43858176;0,16424704;0,27436024;0,58532232;3,18651581;1,00000000
1,43864843;0,16424704;0,27436024;0,58547610;3,18620801;1,00000000
1,43871510;0,16424704;0,27436024;0,58562988;3,18590045;1,00000000
1,43878177;0,16440085;0,27405265;0,58593750;3,18590045;1,00000000
1,43884845;0,16440085;0,27374509;0,58609128;3,18559289;1,00000000
1,43891512;0,16424704;0,27374509;0,58639890;3,18528533;1,00000000
1,43898179;0,16424704;0,27374509;0,58670646;3,18467021;1,00000000
1,43904846;0,16440085;0,27374509;0,58701402;3,18436265;1,00000000
1,43911513;0,16424704;0,27343750;0,58716780;3,18405509;1,00000000
1,43918181;0,16440085;0,27343750;0,58732158;3,18374753;1,00000000
1,43924848;0,16455463;0,27343750;0,58747536;3,18343997;1,00000000
1,43931515;0,16455463;0,27312991;0,58762920;3,18313241;1,00000000
1,43938182;0,16455463;0,27312991;0,58778298;3,18251729;1,00000000
1,43944849;0,16470842;0,27282235;0,58809054;3,18220973;1,00000000
1,43951517;0,16470842;0,27282235;0,58839810;3,18190217;1,00000000
1,43958184;0,16470842;0,27251476;0,58870566;3,18190217;1,00000000
1,43964851;0,16455463;0,27220720;0,58901328;3,18190217;1,00000000
1,43971518;0,16455463;0,27220720;0,58916706;3,18159461;1,00000000
1,43978185;0,16455463;0,27189961;0,58916706;3,18128681;1,00000000
1,43984853;0,16455463;0,27189961;0,58932084;3,18097925;1,00000000
1,43991520;0,16455463;0,27159202;0,58978224;3,18036413;1,00000000
1,43998187;0,16455463;0,27159202;0,59008980;3,18005657;1,00000000
1,44004854;0,16440085;0,27128446;0,59024358;3,18005657;1,00000000
1,44011521;0,16424704;0,27128446;0,59055120;3,18005657;1,00000000
1,44018189;0,16393946;0,27128446;0,59085876;3,18005657;1,00000000
1,44024856;0,16393946;0,27128446;0,59101254;3,18005657;1,00000000
1,44031523;0,16378568;0,27159202;0,59116638;3,17974901;1,00000000
1,44038190;0,16363189;0,27159202;0,59132016;3,17944145;1,00000000
1,44044857;0,16332431;0,27128446;0,59162772;3,17913389;1,00000000
1,44051525;0,16332431;0,27128446;0,59178150;3,17913389;1,00000000
1,44058192;0,16317053;0,27128446;0,59193528;3,17913389;1,00000000
1,44064859;0,16301674;0,27128446;0,59208906;3,17944145;1,00000000
1,44071526;0,16286296;0,27159202;0,59224284;3,17974901;1,00000000
1,44078193;0,16286296;0,27189961;0,59239668;3,18005657;1,00000000
1,44084861;0,16286296;0,27220720;0,59255046;3,18005657;1,00000000
1,44091528;0,16270915;0,27220720;0,59285802;3,17974901;1,00000000
1,44098195;0,16270915;0,27220720;0,59301186;3,17974901;1,00000000
1,44104862;0,16255537;0,27220720;0,59301186;3,18005657;1,00000000
1,44111529;0,16270915;0,27220720;0,59301186;3,18036413;1,00000000
1,44118197;0,16270915;0,27220720;0,59316564;3,18067169;1,00000000
1,44124864;0,16286296;0,27251476;0,59316564;3,18067169;1,00000000
1,44131531;0,16286296;0,27251476;0,59301186;3,18067169;1,00000000
1,44138198;0,16270915;0,27251476;0,59285802;3,18036413;1,00000000
1,44144865;0,16270915;0,27251476;0,59285802;3,18005657;1,00000000
1,44151533;0,16270915;0,27251476;0,59301186;3,18036413;1,00000000
1,44158200;0,16270915;0,27251476;0,59285802;3,18067169;1,00000000
1,44164867;0,16255537;0,27251476;0,59270424;3,18097925;1,00000000
1,44171534;0,16240157;0,27251476;0,59255046;3,18128681;1,00000000
1,44178201;0,16224779;0,27251476;0,59255046;3,18128681;1,00000000
1,44184869;0,16224779;0,27251476;0,59255046;3,18128681;1,00000000
1,44191536;0,16224779;0,27282235;0,59255046;3,18097925;1,00000000
1,44198203;0,16240157;0,27312991;0,59239668;3,18128681;1,00000000
1,44204870;0,16240157;0,27312991;0,59239668;3,18190217;1,00000000
1,44211537;0,16240157;0,27312991;0,59239668;3,18220973;1,00000000
1,44218205;0,16224779;0,27312991;0,59208906;3,18251729;1,00000000
1,44224872;0,16224779;0,27282235;0,59178150;3,18251729;1,00000000
1,44231539;0,16224779;0,27282235;0,59147394;3,18220973;1,00000000
1,44238206;0,16224779;0,27282235;0,59132016;3,18190217;1,00000000
1,44244873;0,16209400;0,27312991;0,59116638;3,18220973;1,00000000
1,44251541;0,16209400;0,27312991;0,59085876;3,18282485;1,00000000
1,44258208;0,16224779;0,27343750;0,59070498;3,18282485;1,00000000
1,44264875;0,16224779;0,27312991;0,59039736;3,18282485;1,00000000
1,44271542;0,16224779;0,27282235;0,59024358;3,18282485;1,00000000
1,44278209;0,16224779;0,27251476;0,58993602;3,18282485;1,00000000
1,44284877;0,16224779;0,27282235;0,58962846;3,18282485;1,00000000
1,44291544;0,16224779;0,27312991;0,58901328;3,18251729;1,00000000
1,44298211;0,16224779;0,27343750;0,58870566;3,18220973;1,00000000
1,44304878;0,16209400;0,27374509;0,58839810;3,18251729;1,00000000
1,44311545;0,16209400;0,27405265;0,58793676;3,18282485;1,00000000
1,44318213;0,16224779;0,27436024;0,58747536;3,18282485;1,00000000
1,44324880;0,16224779;0,27436024;0,58732158;3,18282485;1,00000000
1,44331547;0,16240157;0,27405265;0,58701402;3,18282485;1,00000000
1,44338214;0,16224779;0,27436024;0,58655268;3,18251729;1,00000000
1,44344881;0,16224779;0,27436024;0,58624506;3,18220973;1,00000000
1,44351549;0,16240157;0,27466780;0,58593750;3,18220973;1,00000000
1,44358216;0,16240157;0,27466780;0,58547610;3,18282485;1,00000000
1,44364883;0,16255537;0,27436024;0,58501476;3,18282485;1,00000000
1,44371550;0,16255537;0,27436024;0,58470720;3,18282485;1,00000000
1,44378217;0,16270915;0,27405265;0,58439958;3,18282485;1,00000000
1,44384885;0,16286296;0,27374509;0,58393824;3,18282485;1,00000000
1,44391552;0,16286296;0,27374509;0,58347690;3,18282485;1,00000000
1,44398219;0,16301674;0,27405265;0,58301550;3,18282485;1,00000000
1,44404886;0,16317053;0,27436024;0,58255410;3,18313241;1,00000000
1,44411553;0,16317053;0,27466780;0,58209276;3,18343997;1,00000000
1,44418221;0,16317053;0,27497539;0,58163142;3,18374753;1,00000000
1,44424888;0,16332431;0,27528298;0,58117002;3,18374753;1,00000000
1,44431555;0,16332431;0,27497539;0,58086246;3,18374753;1,00000000
1,44438222;0,16332431;0,27466780;0,58040106;3,18374753;1,00000000
1,44444889;0,16347811;0,27466780;0,57978594;3,18374753;1,00000000
1,44451557;0,16363189;0,27497539;0,57947832;3,18374753;1,00000000
1,44458224;0,16363189;0,27497539;0,57917076;3,18313241;1,00000000
1,44464891;0,16363189;0,27497539;0,57886314;3,18282485;1,00000000
1,44471558;0,16363189;0,27497539;0,57840180;3,18313241;1,00000000
1,44478225;0,16378568;0,27497539;0,57794046;3,18313241;1,00000000
1,44484893;0,16393946;0,27528298;0,57747906;3,18313241;1,00000000
1,44491560;0,16409326;0,27528298;0,57701772;3,18313241;1,00000000
1,44498227;0,16409326;0,27497539;0,57640254;3,18313241;1,00000000
1,44504894;0,16409326;0,27497539;0,57594121;3,18313241;1,00000000
1,44511561;0,16409326;0,27497539;0,57547981;3,18282485;1,00000000
1,44518229;0,16409326;0,27528298;0,57501847;3,18251729;1,00000000
1,44524896;0,16424704;0,27528298;0,57471091;3,18282485;1,00000000
1,44531563;0,16424704;0,27559054;0,57424951;3,18282485;1,00000000
1,44538230;0,16440085;0,27528298;0,57409573;3,18313241;1,00000000
1,44544897;0,16440085;0,27559054;0,57363439;3,18313241;1,00000000
1,44551565;0,16440085;0,27589813;0,57332677;3,18251729;1,00000000
1,44558232;0,16440085;0,27589813;0,57301921;3,18220973;1,00000000
1,44564899;0,16440085;0,27620572;0,57271159;3,18190217;1,00000000
1,44571566;0,16455463;0,27620572;0,57240403;3,18159461;1,00000000
1,44578233;0,16455463;0,27620572;0,57209647;3,18128681;1,00000000
1,44584901;0,16470842;0,27620572;0,57178891;3,18128681;1,00000000
1,44591568;0,16470842;0,27620572;0,57148129;3,18159461;1,00000000
1,44598235;0,16470842;0,27620572;0,57117373;3,18190217;1,00000000
1,44604902;0,16486220;0,27620572;0,57086611;3,18159461;1,00000000
1,44611569;0,16501600;0,27589813;0,57071233;3,18097925;1,00000000
1,44618237;0,16516978;0,27559054;0,57055855;3,18067169;1,00000000
1,44624904;0,16516978;0,27528298;0,57025099;3,18036413;1,00000000
1,44631571;0,16532359;0,27559054;0,57009721;3,18036413;1,00000000
1,44638238;0,16532359;0,27528298;0,56994343;3,18067169;1,00000000
1,44644905;0,16532359;0,27497539;0,56994343;3,18067169;1,00000000
1,44651573;0,16532359;0,27466780;0,56963581;3,18097925;1,00000000
1,44658240;0,16532359;0,27436024;0,56963581;3,18128681;1,00000000
1,44664907;0,16547737;0,27405265;0,56963581;3,18128681;1,00000000
1,44671574;0,16547737;0,27374509;0,56948203;3,18128681;1,00000000
1,44678241;0,16547737;0,27374509;0,56948203;3,18097925;1,00000000
1,44684909;0,16547737;0,27374509;0,56932825;3,18067169;1,00000000
1,44691576;0,16547737;0,27405265;0,56932825;3,18067169;1,00000000
1,44698243;0,16547737;0,27374509;0,56932825;3,18067169;1,00000000
1,44704910;0,16547737;0,27374509;0,56932825;3,18067169;1,00000000
1,44711577;0,16547737;0,27343750;0,56948203;3,18036413;1,00000000
1,44718245;0,16547737;0,27312991;0,56948203;3,18005657;1,00000000
1,44724912;0,16547737;0,27312991;0,56963581;3,18005657;1,00000000
1,44731579;0,16547737;0,27343750;0,56978959;3,17974901;1,00000000
1,44738246;0,16547737;0,27343750;0,57009721;3,18005657;1,00000000
1,44744913;0,16547737;0,27312991;0,57040477;3,18036413;1,00000000
1,44751581;0,16547737;0,27312991;0,57071233;3,18097925;1,00000000
1,44758248;0,16547737;0,27282235;0,57086611;3,18097925;1,00000000
1,44764915;0,16547737;0,27312991;0,57117373;3,18128681;1,00000000
1,44771582;0,16547737;0,27282235;0,57132751;3,18097925;1,00000000
1,44778249;0,16547737;0,27312991;0,57178891;3,18097925;1,00000000
1,44784917;0,16547737;0,27312991;0,57209647;3,18097925;1,00000000
1,44791584;0,16547737;0,27312991;0,57271159;3,18097925;1,00000000
1,44798251;0,16547737;0,27312991;0,57301921;3,18128681;1,00000000
1,44804918;0,16563116;0,27312991;0,57348061;3,18190217;1,00000000
1,44811585;0,16547737;0,27312991;0,57378817;3,18251729;1,00000000
1,44818253;0,16547737;0,27343750;0,57409573;3,18282485;1,00000000
1,44824920;0,16547737;0,27312991;0,57455707;3,18251729;1,00000000
1,44831587;0,16547737;0,27282235;0,57501847;3,18251729;1,00000000
1,44838254;0,16547737;0,27282235;0,57547981;3,18251729;1,00000000
1,44844921;0,16532359;0,27282235;0,57578737;3,18251729;1,00000000
1,44851589;0,16516978;0,27282235;0,57609499;3,18313241;1,00000000
1,44858256;0,16516978;0,27282235;0,57655638;3,18343997;1,00000000
1,44864923;0,16516978;0,27282235;0,57717150;3,18374753;1,00000000
1,44871590;0,16516978;0,27312991;0,57763284;3,18405509;1,00000000
1,44878257;0,16516978;0,27312991;0,57809424;3,18405509;1,00000000
1,44884925;0,16516978;0,27312991;0,57855558;3,18405509;1,00000000
1,44891592;0,16516978;0,27312991;0,57917076;3,18405509;1,00000000
1,44898259;0,16501600;0,27312991;0,57947832;3,18436265;1,00000000
1,44904926;0,16501600;0,27312991;0,57993972;3,18436265;1,00000000
1,44911593;0,16501600;0,27312991;0,58040106;3,18467021;1,00000000
1,44918261;0,16501600;0,27343750;0,58070862;3,18528533;1,00000000
1,44924928;0,16501600;0,27374509;0,58117002;3,18559289;1,00000000
1,44931595;0,16501600;0,27405265;0,58178520;3,18590045;1,00000000
1,44938262;0,16501600;0,27405265;0,58209276;3,18559289;1,00000000
1,44944929;0,16501600;0,27405265;0,58270794;3,18590045;1,00000000
1,44951597;0,16516978;0,27436024;0,58332312;3,18590045;1,00000000
1,44958264;0,16516978;0,27466780;0,58393824;3,18590045;1,00000000
1,44964931;0,16532359;0,27497539;0,58424580;3,18620801;1,00000000
1,44971598;0,16532359;0,27528298;0,58470720;3,18651581;1,00000000
1,44978265;0,16532359;0,27528298;0,58516854;3,18682337;1,00000000
1,44984933;0,16532359;0,27559054;0,58562988;3,18682337;1,00000000
1,44991600;0,16532359;0,27559054;0,58593750;3,18713093;1,00000000
1,44998267;0,16532359;0,27559054;0,58639890;3,18743849;1,00000000
1,45004934;0,16532359;0,27589813;0,58686024;3,18774605;1,00000000
1,45011601;0,16547737;0,27589813;0,58716780;3,18774605;1,00000000
1,45018269;0,16547737;0,27589813;0,58732158;3,18774605;1,00000000
1,45024936;0,16563116;0,27589813;0,58747536;3,18774605;1,00000000
1,45031603;0,16563116;0,27620572;0,58762920;3,18774605;1,00000000
1,45038270;0,16563116;0,27620572;0,58778298;3,18774605;1,00000000
1,45044937;0,16563116;0,27620572;0,58809054;3,18774605;1,00000000
1,45051605;0,16563116;0,27620572;0,58824432;3,18774605;1,00000000
1,45058272;0,16563116;0,27620572;0,58855188;3,18774605;1,00000000
1,45064939;0,16563116;0,27589813;0,58870566;3,18774605;1,00000000
1,45071606;0,16563116;0,27589813;0,58885950;3,18774605;1,00000000
1,45078273;0,16563116;0,27589813;0,58901328;3,18774605;1,00000000
1,45084941;0,16563116;0,27589813;0,58901328;3,18743849;1,00000000
1,45091608;0,16563116;0,27589813;0,58901328;3,18682337;1,00000000
1,45098275;0,16563116;0,27559054;0,58901328;3,18682337;1,00000000
1,45104942;0,16563116;0,27528298;0,58901328;3,18651581;1,00000000
1,45111609;0,16563116;0,27528298;0,58901328;3,18651581;1,00000000
1,45118277;0,16563116;0,27528298;0,58901328;3,18651581;1,00000000
1,45124944;0,16563116;0,27559054;0,58901328;3,18651581;1,00000000
1,45131611;0,16563116;0,27528298;0,58885950;3,18590045;1,00000000
1,45138278;0,16563116;0,27528298;0,58885950;3,18590045;1,00000000
1,45144945;0,16563116;0,27559054;0,58885950;3,18590045;1,00000000
1,45151613;0,16563116;0,27528298;0,58870566;3,18590045;1,00000000
1,45158280;0,16563116;0,27528298;0,58870566;3,18590045;1,00000000
1,45164947;0,16563116;0,27528298;0,58870566;3,18590045;1,00000000
1,45171614;0,16563116;0,27528298;0,58855188;3,18559289;1,00000000
1,45178281;0,16563116;0,27528298;0,58839810;3,18467021;1,00000000
1,45184949;0,16547737;0,27528298;0,58839810;3,18436265;1,00000000
1,45191616;0,16547737;0,27497539;0,58839810;3,18467021;1,00000000
1,45198283;0,16547737;0,27497539;0,58839810;3,18467021;1,00000000
1,45204950;0,16547737;0,27497539;0,58824432;3,18467021;1,00000000
1,45211617;0,16547737;0,27497539;0,58809054;3,18467021;1,00000000
1,45218285;0,16532359;0,27497539;0,58778298;3,18467021;1,00000000
1,45224952;0,16532359;0,27497539;0,58747536;3,18467021;1,00000000
1,45231619;0,16532359;0,27466780;0,58732158;3,18405509;1,00000000
1,45238286;0,16532359;0,27466780;0,58716780;3,18405509;1,00000000
1,45244953;0,16532359;0,27466780;0,58701402;3,18436265;1,00000000
1,45251621;0,16532359;0,27436024;0,58670646;3,18436265;1,00000000
1,45258288;0,16532359;0,27466780;0,58655268;3,18436265;1,00000000
1,45264955;0,16532359;0,27466780;0,58639890;3,18436265;1,00000000
1,45271622;0,16532359;0,27436024;0,58609128;3,18436265;1,00000000
1,45278289;0,16516978;0,27436024;0,58578372;3,18436265;1,00000000
1,45284957;0,16516978;0,27436024;0,58562988;3,18405509;1,00000000
1,45291624;0,16516978;0,27405265;0,58532232;3,18436265;1,00000000
1,45298291;0,16516978;0,27405265;0,58501476;3,18467021;1,00000000
1,45304958;0,16501600;0,27405265;0,58470720;3,18528533;1,00000000
1,45311625;0,16501600;0,27436024;0,58439958;3,18528533;1,00000000
1,45318293;0,16501600;0,27436024;0,58424580;3,18467021;1,00000000
1,45324960;0,16486220;0,27466780;0,58393824;3,18436265;1,00000000
1,45331627;0,16486220;0,27436024;0,58363068;3,18436265;1,00000000
1,45338294;0,16455463;0,27436024;0,58347690;3,18436265;1,00000000
1,45344961;0,16455463;0,27436024;0,58332312;3,18467021;1,00000000
1,45351629;0,16440085;0,27466780;0,58316928;3,18528533;1,00000000
1,45358296;0,16424704;0,27436024;0,58301550;3,18528533;1,00000000
1,45364963;0,16424704;0,27405265;0,58255410;3,18559289;1,00000000
1,45371630;0,16424704;0,27374509;0,58224654;3,18559289;1,00000000
1,45378297;0,16424704;0,27374509;0,58193898;3,18559289;1,00000000
1,45384965;0,16424704;0,27343750;0,58163142;3,18559289;1,00000000
1,45391632;0,16409326;0,27343750;0,58132380;3,18559289;1,00000000
1,45398299;0,16409326;0,27343750;0,58117002;3,18528533;1,00000000
1,45404966;0,16409326;0,27343750;0,58086246;3,18559289;1,00000000
1,45411633;0,16409326;0,27312991;0,58070862;3,18590045;1,00000000
1,45418301;0,16393946;0,27312991;0,58040106;3,18590045;1,00000000
1,45424968;0,16393946;0,27312991;0,58024728;3,18590045;1,00000000
1,45431635;0,16378568;0,27312991;0,57993972;3,18590045;1,00000000
1,45438302;0,16378568;0,27282235;0,57963216;3,18590045;1,00000000
1,45444969;0,16378568;0,27282235;0,57947832;3,18590045;1,00000000
1,45451637;0,16378568;0,27282235;0,57917076;3,18590045;1,00000000
1,45458304;0,16378568;0,27282235;0,57886314;3,18651581;1,00000000
1,45464971;0,16378568;0,27282235;0,57855558;3,18713093;1,00000000
1,45471638;0,16378568;0,27282235;0,57824802;3,18743849;1,00000000
1,45478305;0,16363189;0,27282235;0,57809424;3,18743849;1,00000000
1,45484973;0,16363189;0,27282235;0,57778668;3,18743849;1,00000000
1,45491640;0,16363189;0,27251476;0,57763284;3,18743849;1,00000000
1,45498307;0,16363189;0,27251476;0,57732528;3,18743849;1,00000000
1,45504974;0,16363189;0,27220720;0,57717150;3,18774605;1,00000000
1,45511641;0,16363189;0,27220720;0,57717150;3,18743849;1,00000000
1,45518309;0,16347811;0,27189961;0,57717150;3,18743849;1,00000000
1,45524976;0,16347811;0,27220720;0,57701772;3,18774605;1,00000000
1,45531643;0,16347811;0,27220720;0,57686394;3,18774605;1,00000000
1,45538310;0,16347811;0,27189961;0,57671016;3,18774605;1,00000000
1,45544977;0,16347811;0,27189961;0,57655638;3,18774605;1,00000000
1,45551645;0,16332431;0,27189961;0,57655638;3,18774605;1,00000000
1,45558312;0,16301674;0,27159202;0,57655638;3,18774605;1,00000000
1,45564979;0,16301674;0,27159202;0,57655638;3,18805361;1,00000000
1,45571646;0,16301674;0,27159202;0,57655638;3,18805361;1,00000000
1,45578313;0,16286296;0,27128446;0,57655638;3,18805361;1,00000000
1,45584981;0,16270915;0,27159202;0,57655638;3,18805361;1,00000000
1,45591648;0,16270915;0,27159202;0,57655638;3,18836117;1,00000000
1,45598315;0,16270915;0,27159202;0,57655638;3,18836117;1,00000000
1,45604982;0,16286296;0,27189961;0,57671016;3,18836117;1,00000000
1,45611649;0,16270915;0,27189961;0,57671016;3,18836117;1,00000000
1,45618317;0,16270915;0,27189961;0,57671016;3,18866873;1,00000000
1,45624984;0,16255537;0,27189961;0,57671016;3,18866873;1,00000000
1,45631651;0,16240157;0,27189961;0,57686394;3,18897629;1,00000000
1,45638318;0,16240157;0,27220720;0,57701772;3,18928385;1,00000000
1,45644985;0,16255537;0,27220720;0,57732528;3,18959141;1,00000000
1,45651653;0,16240157;0,27251476;0,57747906;3,18959141;1,00000000
1,45658320;0,16240157;0,27282235;0,57763284;3,18959141;1,00000000
1,45664987;0,16240157;0,27282235;0,57778668;3,18959141;1,00000000
1,45671654;0,16240157;0,27312991;0,57794046;3,18928385;1,00000000
1,45678321;0,16240157;0,27312991;0,57809424;3,18928385;1,00000000
1,45684989;0,16224779;0,27312991;0,57840180;3,18928385;1,00000000
1,45691656;0,16224779;0,27312991;0,57870936;3,18928385;1,00000000
1,45698323;0,16240157;0,27343750;0,57886314;3,18959141;1,00000000
1,45704990;0,16240157;0,27374509;0,57901698;3,18959141;1,00000000
1,45711657;0,16240157;0,27374509;0,57932454;3,18959141;1,00000000
1,45718325;0,16240157;0,27374509;0,57947832;3,18959141;1,00000000
1,45724992;0,16255537;0,27343750;0,57963216;3,18959141;1,00000000
1,45731659;0,16270915;0,27343750;0,57993972;3,18897629;1,00000000
1,45738326;0,16270915;0,27312991;0,58024728;3,18866873;1,00000000
1,45744993;0,16286296;0,27312991;0,58040106;3,18866873;1,00000000
1,45751661;0,16301674;0,27312991;0,58055484;3,18866873;1,00000000
1,45758328;0,16317053;0,27312991;0,58086246;3,18866873;1,00000000
1,45764995;0,16332431;0,27282235;0,58117002;3,18866873;1,00000000
1,45771662;0,16332431;0,27251476;0,58147764;3,18836117;1,00000000
1,45778329;0,16332431;0,27220720;0,58178520;3,18805361;1,00000000
1,45784997;0,16317053;0,27189961;0,58209276;3,18743849;1,00000000
1,45791664;0,16332431;0,27159202;0,58224654;3,18713093;1,00000000
1,45798331;0,16347811;0,27159202;0,58224654;3,18682337;1,00000000
1,45804998;0,16347811;0,27128446;0,58255410;3,18651581;1,00000000
1,45811665;0,16347811;0,27128446;0,58286172;3,18590045;1,00000000
1,45818333;0,16347811;0,27097687;0,58316928;3,18559289;1,00000000
1,45825000;0,16363189;0,27066928;0,58347690;3,18528533;1,00000000
1,45831667;0,16363189;0,27036172;0,58378446;3,18528533;1,00000000
1,45838334;0,16363189;0,27066928;0,58409202;3,18528533;1,00000000
1,45845001;0,16363189;0,27036172;0,58439958;3,18467021;1,00000000
1,45851669;0,16363189;0,27036172;0,58455342;3,18436265;1,00000000
1,45858336;0,16363189;0,27066928;0,58486098;3,18405509;1,00000000
1,45865003;0,16378568;0,27036172;0,58532232;3,18343997;1,00000000
1,45871670;0,16393946;0,27066928;0,58562988;3,18313241;1,00000000
1,45878337;0,16393946;0,27066928;0,58593750;3,18282485;1,00000000
1,45885005;0,16393946;0,27066928;0,58609128;3,18282485;1,00000000
1,45891672;0,16409326;0,27066928;0,58639890;3,18282485;1,00000000
1,45898339;0,16424704;0,27036172;0,58670646;3,18282485;1,00000000
1,45905006;0,16409326;0,27005413;0,58686024;3,18251729;1,00000000
1,45911673;0,16409326;0,27005413;0,58701402;3,18220973;1,00000000
1,45918341;0,16409326;0,26974654;0,58701402;3,18190217;1,00000000
1,45925008;0,16409326;0,26943898;0,58732158;3,18159461;1,00000000
1,45931675;0,16409326;0,26974654;0,58762920;3,18159461;1,00000000
1,45938342;0,16393946;0,26974654;0,58793676;3,18128681;1,00000000
1,45945009;0,16409326;0,26943898;0,58824432;3,18097925;1,00000000
1,45951677;0,16409326;0,26913139;0,58839810;3,18097925;1,00000000
1,45958344;0,16409326;0,26882383;0,58870566;3,18067169;1,00000000
1,45965011;0,16393946;0,26851624;0,58901328;3,18067169;1,00000000
1,45971678;0,16393946;0,26851624;0,58932084;3,18067169;1,00000000
1,45978345;0,16409326;0,26882383;0,58978224;3,18067169;1,00000000
1,45985013;0,16409326;0,26882383;0,58993602;3,18067169;1,00000000
1,45991680;0,16409326;0,26851624;0,59024358;3,18067169;1,00000000
1,45998347;0,16424704;0,26820865;0,59055120;3,18067169;1,00000000
1,46005014;0,16424704;0,26790109;0,59070498;3,18067169;1,00000000
1,46011681;0,16440085;0,26759350;0,59085876;3,18036413;1,00000000
1,46018349;0,16440085;0,26728594;0,59101254;3,18036413;1,00000000
1,46025016;0,16424704;0,26697835;0,59116638;3,18036413;1,00000000
1,46031683;0,16424704;0,26697835;0,59116638;3,18036413;1,00000000
1,46038350;0,16409326;0,26697835;0,59132016;3,18036413;1,00000000
1,46045018;0,16424704;0,26697835;0,59147394;3,18036413;1,00000000
1,46051685;0,16424704;0,26697835;0,59162772;3,18036413;1,00000000
1,46058352;0,16409326;0,26667076;0,59178150;3,18067169;1,00000000
1,46065019;0,16409326;0,26667076;0,59193528;3,18067169;1,00000000
1,46071686;0,16393946;0,26667076;0,59208906;3,18067169;1,00000000
1,46078354;0,16393946;0,26697835;0,59208906;3,18067169;1,00000000
1,46085021;0,16378568;0,26697835;0,59208906;3,18067169;1,00000000
1,46091688;0,16378568;0,26697835;0,59224284;3,18097925;1,00000000
1,46098355;0,16378568;0,26697835;0,59239668;3,18128681;1,00000000
1,46105022;0,16363189;0,26667076;0,59255046;3,18159461;1,00000000
1,46111690;0,16347811;0,26636320;0,59270424;3,18159461;1,00000000
1,46118357;0,16363189;0,26636320;0,59285802;3,18159461;1,00000000
1,46125024;0,16378568;0,26605561;0,59285802;3,18159461;1,00000000
1,46131691;0,16378568;0,26605561;0,59301186;3,18159461;1,00000000
1,46138358;0,16393946;0,26636320;0,59301186;3,18159461;1,00000000
1,46145026;0,16393946;0,26636320;0,59316564;3,18190217;1,00000000
1,46151693;0,16378568;0,26636320;0,59331942;3,18220973;1,00000000
1,46158360;0,16378568;0,26605561;0,59331942;3,18251729;1,00000000
1,46165027;0,16393946;0,26636320;0,59331942;3,18282485;1,00000000
1,46171694;0,16409326;0,26605561;0,59331942;3,18282485;1,00000000
1,46178362;0,16409326;0,26636320;0,59316564;3,18282485;1,00000000
1,46185029;0,16393946;0,26605561;0,59301186;3,18282485;1,00000000
1,46191696;0,16378568;0,26574802;0,59301186;3,18282485;1,00000000
1,46198363;0,16363189;0,26574802;0,59301186;3,18313241;1,00000000
1,46205030;0,16363189;0,26605561;0,59301186;3,18343997;1,00000000
1,46211698;0,16378568;0,26605561;0,59285802;3,18343997;1,00000000
1,46218365;0,16378568;0,26574802;0,59270424;3,18343997;1,00000000
1,46225032;0,16378568;0,26574802;0,59255046;3,18343997;1,00000000
1,46231699;0,16378568;0,26574802;0,59224284;3,18343997;1,00000000
1,46238366;0,16378568;0,26544046;0,59208906;3,18343997;1,00000000
1,46245034;0,16378568;0,26544046;0,59178150;3,18343997;1,00000000
1,46251701;0,16378568;0,26544046;0,59162772;3,18343997;1,00000000
1,46258368;0,16393946;0,26544046;0,59132016;3,18374753;1,00000000
1,46265035;0,16409326;0,26574802;0,59101254;3,18405509;1,00000000
1,46271702;0,16409326;0,26544046;0,59070498;3,18405509;1,00000000
1,46278370;0,16393946;0,26574802;0,59039736;3,18405509;1,00000000
1,46285037;0,16409326;0,26574802;0,59008980;3,18405509;1,00000000
1,46291704;0,16409326;0,26544046;0,58978224;3,18436265;1,00000000
1,46298371;0,16424704;0,26574802;0,58947468;3,18436265;1,00000000
1,46305038;0,16424704;0,26574802;0,58916706;3,18405509;1,00000000
1,46311706;0,16424704;0,26574802;0,58885950;3,18436265;1,00000000
1,46318373;0,16424704;0,26574802;0,58855188;3,18467021;1,00000000
1,46325040;0,16409326;0,26574802;0,58839810;3,18467021;1,00000000
1,46331707;0,16409326;0,26574802;0,58809054;3,18467021;1,00000000
1,46338374;0,16393946;0,26574802;0,58778298;3,18528533;1,00000000
1,46345042;0,16393946;0,26605561;0,58747536;3,18528533;1,00000000
1,46351709;0,16393946;0,26605561;0,58701402;3,18528533;1,00000000
1,46358376;0,16393946;0,26605561;0,58670646;3,18467021;1,00000000
1,46365043;0,16393946;0,26636320;0,58624506;3,18436265;1,00000000
1,46371710;0,16378568;0,26667076;0,58578372;3,18436265;1,00000000
1,46378378;0,16378568;0,26697835;0,58532232;3,18436265;1,00000000
1,46385045;0,16393946;0,26697835;0,58486098;3,18467021;1,00000000
1,46391712;0,16393946;0,26667076;0,58455342;3,18467021;1,00000000
1,46398379;0,16393946;0,26636320;0,58409202;3,18467021;1,00000000
1,46405046;0,16409326;0,26667076;0,58363068;3,18467021;1,00000000
1,46411714;0,16424704;0,26667076;0,58332312;3,18467021;1,00000000
1,46418381;0,16440085;0,26697835;0,58301550;3,18528533;1,00000000
1,46425048;0,16440085;0,26728594;0,58270794;3,18559289;1,00000000
1,46431715;0,16455463;0,26759350;0,58240032;3,18559289;1,00000000
1,46438382;0,16470842;0,26759350;0,58209276;3,18590045;1,00000000
1,46445050;0,16470842;0,26759350;0,58163142;3,18590045;1,00000000
1,46451717;0,16486220;0,26759350;0,58117002;3,18590045;1,00000000
1,46458384;0,16486220;0,26728594;0,58070862;3,18559289;1,00000000
1,46465051;0,16486220;0,26728594;0,58040106;3,18559289;1,00000000
1,46471718;0,16501600;0,26697835;0,57993972;3,18559289;1,00000000
1,46478386;0,16501600;0,26697835;0,57947832;3,18590045;1,00000000
1,46485053;0,16501600;0,26667076;0,57901698;3,18590045;1,00000000
1,46491720;0,16501600;0,26667076;0,57870936;3,18590045;1,00000000
1,46498387;0,16501600;0,26667076;0,57840180;3,18559289;1,00000000
1,46505054;0,16501600;0,26667076;0,57809424;3,18559289;1,00000000
1,46511722;0,16501600;0,26697835;0,57763284;3,18528533;1,00000000
1,46518389;0,16516978;0,26728594;0,57747906;3,18467021;1,00000000
1,46525056;0,16516978;0,26728594;0,57717150;3,18467021;1,00000000
1,46531723;0,16516978;0,26759350;0,57671016;3,18559289;1,00000000
1,46538390;0,16532359;0,26759350;0,57624876;3,18590045;1,00000000
1,46545058;0,16547737;0,26759350;0,57594121;3,18590045;1,00000000
1,46551725;0,16563116;0,26759350;0,57563359;3,18590045;1,00000000
1,46558392;0,16578494;0,26759350;0,57547981;3,18559289;1,00000000
1,46565059;0,16593874;0,26790109;0,57517225;3,18528533;1,00000000
1,46571726;0,16593874;0,26759350;0,57471091;3,18467021;1,00000000
1,46578394;0,16609251;0,26728594;0,57440329;3,18467021;1,00000000
1,46585061;0,16609251;0,26759350;0,57409573;3,18528533;1,00000000
1,46591728;0,16609251;0,26728594;0,57378817;3,18467021;1,00000000
1,46598395;0,16609251;0,26728594;0,57348061;3,18467021;1,00000000
1,46605062;0,16624631;0,26728594;0,57332677;3,18467021;1,00000000
1,46611730;0,16624631;0,26728594;0,57317299;3,18467021;1,00000000
1,46618397;0,16624631;0,26697835;0,57286543;3,18436265;1,00000000
1,46625064;0,16624631;0,26667076;0,57271159;3,18405509;1,00000000
1,46631731;0,16624631;0,26636320;0,57240403;3,18374753;1,00000000
1,46638398;0,16624631;0,26605561;0,57225025;3,18374753;1,00000000
1,46645066;0,16624631;0,26574802;0,57225025;3,18374753;1,00000000
1,46651733;0,16640009;0,26574802;0,57194269;3,18343997;1,00000000
1,46658400;0,16640009;0,26544046;0,57178891;3,18343997;1,00000000
1,46665067;0,16640009;0,26513287;0,57163513;3,18343997;1,00000000
1,46671734;0,16624631;0,26482528;0,57163513;3,18313241;1,00000000
1,46678402;0,16624631;0,26482528;0,57148129;3,18282485;1,00000000
1,46685069;0,16624631;0,26451772;0,57148129;3,18251729;1,00000000
1,46691736;0,16624631;0,26451772;0,57148129;3,18251729;1,00000000
1,46698403;0,16624631;0,26421013;0,57148129;3,18282485;1,00000000
1,46705070;0,16624631;0,26390257;0,57148129;3,18251729;1,00000000
1,46711738;0,16640009;0,26359499;0,57148129;3,18220973;1,00000000
1,46718405;0,16640009;0,26359499;0,57163513;3,18190217;1,00000000
1,46725072;0,16640009;0,26359499;0,57178891;3,18190217;1,00000000
1,46731739;0,16624631;0,26359499;0,57194269;3,18190217;1,00000000
1,46738406;0,16624631;0,26359499;0,57209647;3,18190217;1,00000000
1,46745074;0,16624631;0,26328740;0,57255781;3,18190217;1,00000000
1,46751741;0,16609251;0,26297984;0,57271159;3,18220973;1,00000000
1,46758408;0,16609251;0,26328740;0,57301921;3,18220973;1,00000000
1,46765075;0,16609251;0,26328740;0,57317299;3,18190217;1,00000000
1,46771742;0,16609251;0,26328740;0,57332677;3,18159461;1,00000000
1,46778410;0,16609251;0,26328740;0,57348061;3,18159461;1,00000000
1,46785077;0,16609251;0,26328740;0,57363439;3,18159461;1,00000000
1,46791744;0,16593874;0,26328740;0,57409573;3,18190217;1,00000000
1,46798411;0,16593874;0,26297984;0,57440329;3,18220973;1,00000000
1,46805078;0,16593874;0,26328740;0,57471091;3,18220973;1,00000000
1,46811746;0,16593874;0,26359499;0,57501847;3,18282485;1,00000000
1,46818413;0,16593874;0,26359499;0,57532603;3,18251729;1,00000000
1,46825080;0,16593874;0,26359499;0,57578737;3,18251729;1,00000000
1,46831747;0,16593874;0,26359499;0,57624876;3,18251729;1,00000000
1,46838414;0,16593874;0,26390257;0,57686394;3,18282485;1,00000000
1,46845082;0,16593874;0,26421013;0,57732528;3,18313241;1,00000000
1,46851749;0,16593874;0,26390257;0,57778668;3,18343997;1,00000000
1,46858416;0,16593874;0,26421013;0,57809424;3,18374753;1,00000000
1,46865083;0,16593874;0,26421013;0,57855558;3,18405509;1,00000000
1,46871750;0,16593874;0,26451772;0,57886314;3,18436265;1,00000000
1,46878418;0,16578494;0,26482528;0,57947832;3,18436265;1,00000000
1,46885085;0,16578494;0,26513287;0,58009350;3,18467021;1,00000000
1,46891752;0,16563116;0,26513287;0,58055484;3,18528533;1,00000000
1,46898419;0,16563116;0,26544046;0,58101624;3,18528533;1,00000000
1,46905086;0,16563116;0,26574802;0,58132380;3,18559289;1,00000000
1,46911754;0,16547737;0,26574802;0,58178520;3,18590045;1,00000000
1,46918421;0,16547737;0,26574802;0,58224654;3,18620801;1,00000000
1,46925088;0,16563116;0,26605561;0,58270794;3,18651581;1,00000000
1,46931755;0,16563116;0,26574802;0,58316928;3,18651581;1,00000000
1,46938422;0,16563116;0,26605561;0,58378446;3,18682337;1,00000000
1,46945090;0,16563116;0,26636320;0,58424580;3,18713093;1,00000000
1,46951757;0,16563116;0,26667076;0,58455342;3,18743849;1,00000000
1,46958424;0,16563116;0,26697835;0,58501476;3,18743849;1,00000000
1,46965091;0,16563116;0,26697835;0,58532232;3,18774605;1,00000000
1,46971758;0,16563116;0,26697835;0,58547610;3,18805361;1,00000000
1,46978426;0,16563116;0,26728594;0,58593750;3,18805361;1,00000000
1,46985093;0,16563116;0,26759350;0,58639890;3,18805361;1,00000000
1,46991760;0,16563116;0,26790109;0,58670646;3,18836117;1,00000000
1,46998427;0,16578494;0,26820865;0,58701402;3,18836117;1,00000000
1,47005094;0,16578494;0,26851624;0,58747536;3,18836117;1,00000000
1,47011762;0,16593874;0,26882383;0,58778298;3,18836117;1,00000000
1,47018429;0,16593874;0,26882383;0,58809054;3,18836117;1,00000000
1,47025096;0,16593874;0,26882383;0,58824432;3,18836117;1,00000000
1,47031763;0,16593874;0,26882383;0,58839810;3,18866873;1,00000000
1,47038430;0,16593874;0,26913139;0,58855188;3,18866873;1,00000000
1,47045098;0,16609251;0,26913139;0,58870566;3,18866873;1,00000000
1,47051765;0,16609251;0,26913139;0,58885950;3,18866873;1,00000000
1,47058432;0,16609251;0,26882383;0,58901328;3,18866873;1,00000000
1,47065099;0,16609251;0,26882383;0,58916706;3,18866873;1,00000000
1,47071766;0,16609251;0,26882383;0,58947468;3,18866873;1,00000000
1,47078434;0,16609251;0,26882383;0,58947468;3,18836117;1,00000000
1,47085101;0,16609251;0,26851624;0,58947468;3,18836117;1,00000000
1,47091768;0,16609251;0,26851624;0,58947468;3,18805361;1,00000000
1,47098435;0,16624631;0,26882383;0,58962846;3,18805361;1,00000000
1,47105102;0,16624631;0,26882383;0,58962846;3,18805361;1,00000000
1,47111770;0,16624631;0,26851624;0,58962846;3,18805361;1,00000000
1,47118437;0,16624631;0,26851624;0,58962846;3,18805361;1,00000000
1,47125104;0,16624631;0,26820865;0,58962846;3,18805361;1,00000000
1,47131771;0,16624631;0,26790109;0,58947468;3,18805361;1,00000000
1,47138438;0,16624631;0,26790109;0,58947468;3,18805361;1,00000000
1,47145106;0,16624631;0,26820865;0,58947468;3,18805361;1,00000000
1,47151773;0,16624631;0,26820865;0,58901328;3,18805361;1,00000000
1,47158440;0,16624631;0,26820865;0,58901328;3,18805361;1,00000000
1,47165107;0,16624631;0,26820865;0,58901328;3,18774605;1,00000000
1,47171774;0,16624631;0,26820865;0,58885950;3,18713093;1,00000000
1,47178442;0,16624631;0,26820865;0,58885950;3,18682337;1,00000000
1,47185109;0,16624631;0,26851624;0,58855188;3,18682337;1,00000000
1,47191776;0,16624631;0,26820865;0,58839810;3,18682337;1,00000000
1,47198443;0,16624631;0,26820865;0,58824432;3,18682337;1,00000000
1,47205110;0,16624631;0,26851624;0,58824432;3,18682337;1,00000000
1,47211778;0,16624631;0,26851624;0,58793676;3,18620801;1,00000000
1,47218445;0,16624631;0,26851624;0,58762920;3,18590045;1,00000000
1,47225112;0,16624631;0,26851624;0,58747536;3,18620801;1,00000000
1,47231779;0,16624631;0,26851624;0,58732158;3,18620801;1,00000000
1,47238446;0,16640009;0,26851624;0,58716780;3,18620801;1,00000000
1,47245114;0,16640009;0,26851624;0,58701402;3,18620801;1,00000000
1,47251781;0,16640009;0,26851624;0,58686024;3,18620801;1,00000000
1,47258448;0,16640009;0,26882383;0,58670646;3,18620801;1,00000000
1,47265115;0,16655388;0,26882383;0,58655268;3,18590045;1,00000000
1,47271782;0,16655388;0,26882383;0,58639890;3,18559289;1,00000000
1,47278450;0,16655388;0,26882383;0,58609128;3,18590045;1,00000000
1,47285117;0,16655388;0,26882383;0,58578372;3,18620801;1,00000000
1,47291784;0,16655388;0,26851624;0,58562988;3,18620801;1,00000000
1,47298451;0,16655388;0,26851624;0,58532232;3,18620801;1,00000000
1,47305118;0,16655388;0,26851624;0,58501476;3,18620801;1,00000000
1,47311786;0,16640009;0,26851624;0,58470720;3,18620801;1,00000000
1,47318453;0,16640009;0,26851624;0,58455342;3,18620801;1,00000000
1,47325120;0,16640009;0,26851624;0,58424580;3,18620801;1,00000000
1,47331787;0,16640009;0,26820865;0,58409202;3,18651581;1,00000000
1,47338454;0,16640009;0,26820865;0,58378446;3,18651581;1,00000000
1,47345122;0,16640009;0,26790109;0,58332312;3,18651581;1,00000000
1,47351789;0,16624631;0,26790109;0,58286172;3,18651581;1,00000000
1,47358456;0,16624631;0,26790109;0,58255410;3,18620801;1,00000000
1,47365123;0,16624631;0,26759350;0,58224654;3,18620801;1,00000000
1,47371790;0,16624631;0,26759350;0,58193898;3,18620801;1,00000000
1,47378458;0,16624631;0,26759350;0,58163142;3,18651581;1,00000000
1,47385125;0,16624631;0,26759350;0,58147764;3,18713093;1,00000000
1,47391792;0,16624631;0,26759350;0,58117002;3,18774605;1,00000000
1,47398459;0,16624631;0,26790109;0,58086246;3,18774605;1,00000000
1,47405126;0,16609251;0,26759350;0,58055484;3,18774605;1,00000000
1,47411794;0,16609251;0,26759350;0,58024728;3,18774605;1,00000000
1,47418461;0,16624631;0,26790109;0,57993972;3,18774605;1,00000000
1,47425128;0,16624631;0,26790109;0,57963216;3,18774605;1,00000000
1,47431795;0,16624631;0,26790109;0,57932454;3,18774605;1,00000000
1,47438462;0,16593874;0,26790109;0,57901698;3,18805361;1,00000000
1,47445130;0,16593874;0,26790109;0,57870936;3,18836117;1,00000000
1,47451797;0,16578494;0,26759350;0,57855558;3,18836117;1,00000000
1,47458464;0,16578494;0,26790109;0,57824802;3,18836117;1,00000000
1,47465131;0,16563116;0,26759350;0,57794046;3,18836117;1,00000000
1,47471798;0,16547737;0,26759350;0,57763284;3,18836117;1,00000000
1,47478466;0,16547737;0,26759350;0,57747906;3,18836117;1,00000000
1,47485133;0,16547737;0,26759350;0,57732528;3,18805361;1,00000000
1,47491800;0,16547737;0,26759350;0,57701772;3,18805361;1,00000000
1,47498467;0,16532359;0,26759350;0,57686394;3,18836117;1,00000000
1,47505134;0,16532359;0,26759350;0,57686394;3,18866873;1,00000000
1,47511802;0,16532359;0,26759350;0,57671016;3,18897629;1,00000000
1,47518469;0,16532359;0,26728594;0,57640254;3,18928385;1,00000000
1,47525136;0,16516978;0,26728594;0,57624876;3,18928385;1,00000000
1,47531803;0,16501600;0,26759350;0,57609499;3,18959141;1,00000000
1,47538470;0,16486220;0,26759350;0,57594121;3,18928385;1,00000000
1,47545138;0,16486220;0,26728594;0,57594121;3,18928385;1,00000000
1,47551805;0,16486220;0,26728594;0,57594121;3,18959141;1,00000000
1,47558472;0,16486220;0,26728594;0,57594121;3,18989897;1,00000000
1,47565139;0,16486220;0,26728594;0,57578737;3,19020653;1,00000000
1,47571806;0,16470842;0,26759350;0,57563359;3,19051409;1,00000000
1,47578474;0,16455463;0,26759350;0,57563359;3,19051409;1,00000000
1,47585141;0,16455463;0,26759350;0,57563359;3,19051409;1,00000000
1,47591808;0,16455463;0,26759350;0,57563359;3,19020653;1,00000000
1,47598475;0,16440085;0,26759350;0,57547981;3,18989897;1,00000000
1,47605142;0,16424704;0,26759350;0,57547981;3,18959141;1,00000000
1,47611810;0,16424704;0,26790109;0,57563359;3,18989897;1,00000000
1,47618477;0,16424704;0,26790109;0,57563359;3,18989897;1,00000000
1,47625144;0,16424704;0,26820865;0,57578737;3,18989897;1,00000000
1,47631811;0,16424704;0,26851624;0,57578737;3,18989897;1,00000000
1,47638478;0,16424704;0,26820865;0,57594121;3,18989897;1,00000000
1,47645146;0,16424704;0,26820865;0,57594121;3,18989897;1,00000000
1,47651813;0,16409326;0,26851624;0,57609499;3,18989897;1,00000000
1,47658480;0,16409326;0,26851624;0,57624876;3,18959141;1,00000000
1,47665147;0,16409326;0,26851624;0,57640254;3,18959141;1,00000000
1,47671814;0,16409326;0,26882383;0,57655638;3,18959141;1,00000000
1,47678482;0,16393946;0,26882383;0,57671016;3,18959141;1,00000000
1,47685149;0,16393946;0,26851624;0,57686394;3,18959141;1,00000000
1,47691816;0,16393946;0,26851624;0,57717150;3,18959141;1,00000000
1,47698483;0,16393946;0,26882383;0,57732528;3,18959141;1,00000000
1,47705150;0,16378568;0,26882383;0,57763284;3,18928385;1,00000000
1,47711818;0,16378568;0,26882383;0,57794046;3,18897629;1,00000000
1,47718485;0,16363189;0,26913139;0,57824802;3,18866873;1,00000000
1,47725152;0,16363189;0,26943898;0,57855558;3,18805361;1,00000000
1,47731819;0,16363189;0,26943898;0,57886314;3,18774605;1,00000000
1,47738486;0,16363189;0,26943898;0,57917076;3,18774605;1,00000000
1,47745154;0,16363189;0,26943898;0,57947832;3,18774605;1,00000000
1,47751821;0,16347811;0,26913139;0,57978594;3,18774605;1,00000000
1,47758488;0,16363189;0,26913139;0,58009350;3,18774605;1,00000000
1,47765155;0,16378568;0,26913139;0,58024728;3,18774605;1,00000000
1,47771822;0,16363189;0,26913139;0,58055484;3,18713093;1,00000000
1,47778490;0,16363189;0,26913139;0,58086246;3,18713093;1,00000000
1,47785157;0,16363189;0,26913139;0,58117002;3,18713093;1,00000000
1,47791824;0,16363189;0,26913139;0,58147764;3,18713093;1,00000000
1,47798491;0,16347811;0,26943898;0,58178520;3,18682337;1,00000000
1,47805158;0,16347811;0,26913139;0,58209276;3,18651581;1,00000000
1,47811826;0,16347811;0,26943898;0,58224654;3,18620801;1,00000000
1,47818493;0,16347811;0,26974654;0,58240032;3,18559289;1,00000000
1,47825160;0,16332431;0,26943898;0,58270794;3,18528533;1,00000000
1,47831827;0,16317053;0,26974654;0,58316928;3,18467021;1,00000000
1,47838494;0,16317053;0,26974654;0,58332312;3,18436265;1,00000000
1,47845162;0,16301674;0,26974654;0,58347690;3,18436265;1,00000000
1,47851829;0,16301674;0,26974654;0,58363068;3,18405509;1,00000000
1,47858496;0,16317053;0,26974654;0,58378446;3,18374753;1,00000000
1,47865163;0,16317053;0,26974654;0,58393824;3,18343997;1,00000000
1,47871830;0,16301674;0,26943898;0,58409202;3,18343997;1,00000000
1,47878498;0,16286296;0,26974654;0,58424580;3,18313241;1,00000000
1,47885165;0,16286296;0,26943898;0,58455342;3,18282485;1,00000000
1,47891832;0,16286296;0,26943898;0,58486098;3,18251729;1,00000000
1,47898499;0,16301674;0,26943898;0,58501476;3,18220973;1,00000000
1,47905166;0,16301674;0,26913139;0,58516854;3,18159461;1,00000000
1,47911834;0,16301674;0,26882383;0,58532232;3,18128681;1,00000000
1,47918501;0,16286296;0,26913139;0,58562988;3,18128681;1,00000000
1,47925168;0,16286296;0,26913139;0,58578372;3,18128681;1,00000000
1,47931835;0,16286296;0,26882383;0,58593750;3,18128681;1,00000000
1,47938502;0,16301674;0,26882383;0,58624506;3,18097925;1,00000000
1,47945170;0,16301674;0,26882383;0,58655268;3,18067169;1,00000000
1,47951837;0,16286296;0,26882383;0,58670646;3,18005657;1,00000000
1,47958504;0,16286296;0,26851624;0,58701402;3,18005657;1,00000000
1,47965171;0,16270915;0,26820865;0,58732158;3,17974901;1,00000000
1,47971838;0,16255537;0,26790109;0,58747536;3,17974901;1,00000000
1,47978506;0,16255537;0,26790109;0,58762920;3,17974901;1,00000000
1,47985173;0,16270915;0,26759350;0,58793676;3,17974901;1,00000000
1,47991840;0,16255537;0,26759350;0,58809054;3,17974901;1,00000000
1,47998507;0,16240157;0,26759350;0,58839810;3,17913389;1,00000000
1,48005174;0,16240157;0,26728594;0,58855188;3,17882633;1,00000000
1,48011842;0,16240157;0,26728594;0,58855188;3,17882633;1,00000000
1,48018509;0,16224779;0,26697835;0,58885950;3,17882633;1,00000000
1,48025176;0,16224779;0,26697835;0,58901328;3,17882633;1,00000000
1,48031843;0,16224779;0,26697835;0,58901328;3,17882633;1,00000000
1,48038510;0,16224779;0,26728594;0,58932084;3,17913389;1,00000000
1,48045178;0,16224779;0,26728594;0,58947468;3,17882633;1,00000000
1,48051845;0,16240157;0,26697835;0,58978224;3,17851877;1,00000000
1,48058512;0,16240157;0,26697835;0,58993602;3,17851877;1,00000000
1,48065179;0,16240157;0,26697835;0,59008980;3,17851877;1,00000000
1,48071846;0,16240157;0,26667076;0,59039736;3,17851877;1,00000000
1,48078514;0,16240157;0,26667076;0,59055120;3,17851877;1,00000000
1,48085181;0,16240157;0,26636320;0,59070498;3,17851877;1,00000000
1,48091848;0,16224779;0,26667076;0,59085876;3,17851877;1,00000000
1,48098515;0,16224779;0,26667076;0,59101254;3,17882633;1,00000000
1,48105182;0,16240157;0,26667076;0,59116638;3,17882633;1,00000000
1,48111850;0,16224779;0,26636320;0,59132016;3,17882633;1,00000000
1,48118517;0,16209400;0,26636320;0,59132016;3,17882633;1,00000000
1,48125184;0,16209400;0,26636320;0,59132016;3,17882633;1,00000000
1,48131851;0,16209400;0,26636320;0,59132016;3,17882633;1,00000000
1,48138518;0,16209400;0,26636320;0,59132016;3,17913389;1,00000000
1,48145186;0,16194022;0,26605561;0,59132016;3,17913389;1,00000000
1,48151853;0,16194022;0,26605561;0,59116638;3,17913389;1,00000000
1,48158520;0,16194022;0,26636320;0,59116638;3,17913389;1,00000000
1,48165187;0,16209400;0,26636320;0,59116638;3,17913389;1,00000000
1,48171854;0,16209400;0,26636320;0,59101254;3,17913389;1,00000000
1,48178522;0,16209400;0,26636320;0,59085876;3,17913389;1,00000000
1,48185189;0,16209400;0,26667076;0,59101254;3,17944145;1,00000000
1,48191856;0,16209400;0,26697835;0,59085876;3,17974901;1,00000000
1,48198523;0,16224779;0,26728594;0,59085876;3,17974901;1,00000000
1,48205190;0,16224779;0,26728594;0,59055120;3,18005657;1,00000000
1,48211858;0,16240157;0,26759350;0,59055120;3,18005657;1,00000000
1,48218525;0,16240157;0,26759350;0,59039736;3,18005657;1,00000000
1,48225192;0,16240157;0,26728594;0,59008980;3,18005657;1,00000000
1,48231859;0,16255537;0,26697835;0,58993602;3,18005657;1,00000000
1,48238526;0,16270915;0,26667076;0,58978224;3,18005657;1,00000000
1,48245194;0,16255537;0,26667076;0,58947468;3,17974901;1,00000000
1,48251861;0,16240157;0,26667076;0,58916706;3,17974901;1,00000000
1,48258528;0,16240157;0,26697835;0,58901328;3,17974901;1,00000000
1,48265195;0,16255537;0,26697835;0,58870566;3,17974901;1,00000000
1,48271862;0,16240157;0,26667076;0,58839810;3,17974901;1,00000000
1,48278530;0,16240157;0,26667076;0,58824432;3,17974901;1,00000000
1,48285197;0,16224779;0,26667076;0,58793676;3,17974901;1,00000000
1,48291864;0,16224779;0,26636320;0,58778298;3,17944145;1,00000000
1,48298531;0,16240157;0,26667076;0,58747536;3,17974901;1,00000000
1,48305198;0,16240157;0,26667076;0,58716780;3,17974901;1,00000000
1,48311866;0,16255537;0,26667076;0,58686024;3,17974901;1,00000000
1,48318533;0,16255537;0,26636320;0,58670646;3,17974901;1,00000000
1,48325200;0,16270915;0,26636320;0,58639890;3,18005657;1,00000000
1,48331867;0,16270915;0,26667076;0,58609128;3,18036413;1,00000000
1,48338534;0,16270915;0,26667076;0,58562988;3,18005657;1,00000000
1,48345202;0,16286296;0,26697835;0,58516854;3,17974901;1,00000000
1,48351869;0,16286296;0,26728594;0,58470720;3,17974901;1,00000000
1,48358536;0,16286296;0,26728594;0,58439958;3,18005657;1,00000000
1,48365203;0,16286296;0,26759350;0,58409202;3,18005657;1,00000000
1,48371870;0,16286296;0,26759350;0,58378446;3,18005657;1,00000000
1,48378538;0,16286296;0,26759350;0,58332312;3,18005657;1,00000000
1,48385205;0,16286296;0,26728594;0,58301550;3,18005657;1,00000000
1,48391872;0,16286296;0,26728594;0,58270794;3,18005657;1,00000000
1,48398539;0,16286296;0,26697835;0,58240032;3,18005657;1,00000000
1,48405206;0,16286296;0,26728594;0,58209276;3,17974901;1,00000000
1,48411874;0,16286296;0,26728594;0,58178520;3,18005657;1,00000000
1,48418541;0,16286296;0,26759350;0,58132380;3,18036413;1,00000000
1,48425208;0,16286296;0,26759350;0,58086246;3,18097925;1,00000000
1,48431875;0,16286296;0,26790109;0,58040106;3,18128681;1,00000000
1,48438542;0,16286296;0,26790109;0,57993972;3,18128681;1,00000000
1,48445210;0,16301674;0,26759350;0,57963216;3,18128681;1,00000000
1,48451877;0,16301674;0,26790109;0,57917076;3,18128681;1,00000000
1,48458544;0,16317053;0,26820865;0,57870936;3,18128681;1,00000000
1,48465211;0,16332431;0,26820865;0,57824802;3,18159461;1,00000000
1,48471878;0,16332431;0,26851624;0,57794046;3,18190217;1,00000000
1,48478546;0,16332431;0,26851624;0,57763284;3,18190217;1,00000000
1,48485213;0,16332431;0,26851624;0,57732528;3,18159461;1,00000000
1,48491880;0,16332431;0,26851624;0,57701772;3,18159461;1,00000000
1,48498547;0,16347811;0,26882383;0,57655638;3,18159461;1,00000000
1,48505214;0,16347811;0,26882383;0,57624876;3,18159461;1,00000000
1,48511882;0,16347811;0,26851624;0,57594121;3,18159461;1,00000000
1,48518549;0,16347811;0,26851624;0,57563359;3,18128681;1,00000000
1,48525216;0,16347811;0,26882383;0,57532603;3,18190217;1,00000000
1,48531883;0,16347811;0,26913139;0,57501847;3,18159461;1,00000000
1,48538550;0,16347811;0,26882383;0,57471091;3,18128681;1,00000000
1,48545218;0,16347811;0,26851624;0,57440329;3,18128681;1,00000000
1,48551885;0,16363189;0,26820865;0,57409573;3,18128681;1,00000000
1,48558552;0,16363189;0,26851624;0,57378817;3,18097925;1,00000000
1,48565219;0,16363189;0,26851624;0,57363439;3,18067169;1,00000000
1,48571886;0,16363189;0,26820865;0,57332677;3,18036413;1,00000000
1,48578554;0,16363189;0,26790109;0,57317299;3,18036413;1,00000000
1,48585221;0,16378568;0,26759350;0,57286543;3,18005657;1,00000000
1,48591888;0,16378568;0,26728594;0,57240403;3,18005657;1,00000000
1,48598555;0,16393946;0,26728594;0,57209647;3,18005657;1,00000000
1,48605222;0,16393946;0,26697835;0,57178891;3,18005657;1,00000000
1,48611890;0,16393946;0,26667076;0,57178891;3,17974901;1,00000000
1,48618557;0,16409326;0,26667076;0,57163513;3,17944145;1,00000000
1,48625224;0,16409326;0,26667076;0,57132751;3,17913389;1,00000000
1,48631891;0,16409326;0,26636320;0,57132751;3,17882633;1,00000000
1,48638558;0,16424704;0,26667076;0,57117373;3,17913389;1,00000000
1,48645226;0,16424704;0,26636320;0,57086611;3,17882633;1,00000000
1,48651893;0,16424704;0,26605561;0,57086611;3,17851877;1,00000000
1,48658560;0,16424704;0,26605561;0,57071233;3,17821121;1,00000000
1,48665227;0,16424704;0,26574802;0,57055855;3,17821121;1,00000000
1,48671894;0,16424704;0,26544046;0,57040477;3,17790365;1,00000000
1,48678562;0,16424704;0,26513287;0,57055855;3,17759609;1,00000000
1,48685229;0,16424704;0,26513287;0,57055855;3,17759609;1,00000000
1,48691896;0,16409326;0,26513287;0,57055855;3,17759609;1,00000000
1,48698563;0,16409326;0,26482528;0,57055855;3,17728853;1,00000000
1,48705230;0,16393946;0,26482528;0,57086611;3,17698097;1,00000000
1,48711898;0,16393946;0,26451772;0,57086611;3,17698097;1,00000000
1,48718565;0,16393946;0,26421013;0,57101995;3,17698097;1,00000000
1,48725232;0,16393946;0,26421013;0,57117373;3,17698097;1,00000000
1,48731899;0,16393946;0,26421013;0,57132751;3,17728853;1,00000000
1,48738566;0,16393946;0,26390257;0,57148129;3,17759609;1,00000000
1,48745234;0,16393946;0,26390257;0,57163513;3,17790365;1,00000000
1,48751901;0,16393946;0,26421013;0,57194269;3,17821121;1,00000000
1,48758568;0,16393946;0,26421013;0,57209647;3,17821121;1,00000000
1,48765235;0,16393946;0,26421013;0,57225025;3,17821121;1,00000000
1,48771902;0,16409326;0,26421013;0,57240403;3,17821121;1,00000000
1,48778570;0,16409326;0,26421013;0,57301921;3,17821121;1,00000000
1,48785237;0,16424704;0,26451772;0,57332677;3,17851877;1,00000000
1,48791904;0,16424704;0,26482528;0,57363439;3,17851877;1,00000000
1,48798571;0,16424704;0,26482528;0,57394195;3,17913389;1,00000000
1,48805238;0,16424704;0,26451772;0,57424951;3,17882633;1,00000000
1,48811906;0,16424704;0,26451772;0,57471091;3,17851877;1,00000000
1,48818573;0,16409326;0,26482528;0,57517225;3,17851877;1,00000000
1,48825240;0,16409326;0,26482528;0,57563359;3,17851877;1,00000000
1,48831907;0,16409326;0,26482528;0,57594121;3,17882633;1,00000000
1,48838574;0,16393946;0,26513287;0,57640254;3,17913389;1,00000000
1,48845242;0,16409326;0,26544046;0,57671016;3,17944145;1,00000000
1,48851909;0,16409326;0,26513287;0,57701772;3,17974901;1,00000000
1,48858576;0,16409326;0,26513287;0,57763284;3,17974901;1,00000000
1,48865243;0,16409326;0,26544046;0,57809424;3,17974901;1,00000000
1,48871910;0,16409326;0,26544046;0,57855558;3,17974901;1,00000000
1,48878578;0,16393946;0,26574802;0,57901698;3,18005657;1,00000000
1,48885245;0,16393946;0,26605561;0,57947832;3,18036413;1,00000000
1,48891912;0,16378568;0,26574802;0,57993972;3,18036413;1,00000000
1,48898579;0,16378568;0,26605561;0,58055484;3,18036413;1,00000000
1,48905246;0,16378568;0,26636320;0,58101624;3,18067169;1,00000000
1,48911914;0,16378568;0,26636320;0,58147764;3,18097925;1,00000000
1,48918581;0,16378568;0,26636320;0,58193898;3,18097925;1,00000000
1,48925248;0,16378568;0,26667076;0,58255410;3,18128681;1,00000000
1,48931915;0,16378568;0,26667076;0,58301550;3,18128681;1,00000000
1,48938582;0,16378568;0,26667076;0,58347690;3,18128681;1,00000000
1,48945250;0,16363189;0,26667076;0,58378446;3,18159461;1,00000000
1,48951917;0,16363189;0,26697835;0,58439958;3,18190217;1,00000000
1,48958584;0,16363189;0,26697835;0,58470720;3,18220973;1,00000000
1,48965251;0,16363189;0,26697835;0,58501476;3,18251729;1,00000000
1,48971918;0,16363189;0,26728594;0,58532232;3,18251729;1,00000000
1,48978586;0,16363189;0,26759350;0,58562988;3,18251729;1,00000000
1,48985253;0,16363189;0,26790109;0,58609128;3,18251729;1,00000000
1,48991920;0,16378568;0,26820865;0,58639890;3,18251729;1,00000000
1,48998587;0,16378568;0,26851624;0,58670646;3,18282485;1,00000000
1,49005254;0,16378568;0,26882383;0,58701402;3,18282485;1,00000000
1,49011922;0,16378568;0,26882383;0,58732158;3,18282485;1,00000000
1,49018589;0,16393946;0,26882383;0,58747536;3,18313241;1,00000000
1,49025256;0,16409326;0,26882383;0,58762920;3,18282485;1,00000000
1,49031923;0,16409326;0,26913139;0,58793676;3,18251729;1,00000000
1,49038590;0,16409326;0,26913139;0,58809054;3,18251729;1,00000000
1,49045258;0,16409326;0,26913139;0,58839810;3,18251729;1,00000000
1,49051925;0,16409326;0,26943898;0,58855188;3,18251729;1,00000000
1,49058592;0,16409326;0,26974654;0,58870566;3,18251729;1,00000000
1,49065259;0,16409326;0,26974654;0,58885950;3,18282485;1,00000000
1,49071926;0,16424704;0,26974654;0,58885950;3,18251729;1,00000000
1,49078594;0,16424704;0,26974654;0,58885950;3,18251729;1,00000000
1,49085261;0,16424704;0,26943898;0,58885950;3,18220973;1,00000000
1,49091928;0,16424704;0,26943898;0,58885950;3,18190217;1,00000000
1,49098595;0,16424704;0,26943898;0,58885950;3,18159461;1,00000000
1,49105262;0,16424704;0,26913139;0,58885950;3,18159461;1,00000000
1,49111930;0,16424704;0,26943898;0,58885950;3,18159461;1,00000000
1,49118597;0,16424704;0,26913139;0,58885950;3,18159461;1,00000000
1,49125264;0,16409326;0,26882383;0,58885950;3,18128681;1,00000000
1,49131931;0,16393946;0,26882383;0,58885950;3,18128681;1,00000000
1,49138598;0,16393946;0,26882383;0,58885950;3,18097925;1,00000000
1,49145266;0,16409326;0,26882383;0,58885950;3,18097925;1,00000000
1,49151933;0,16393946;0,26882383;0,58870566;3,18097925;1,00000000
1,49158600;0,16393946;0,26913139;0,58870566;3,18097925;1,00000000
1,49165267;0,16393946;0,26882383;0,58870566;3,18067169;1,00000000
1,49171934;0,16393946;0,26882383;0,58870566;3,18067169;1,00000000
1,49178602;0,16393946;0,26913139;0,58870566;3,18067169;1,00000000
1,49185269;0,16393946;0,26913139;0,58839810;3,18067169;1,00000000
1,49191936;0,16393946;0,26913139;0,58824432;3,18097925;1,00000000
1,49198603;0,16393946;0,26913139;0,58809054;3,18128681;1,00000000
1,49205270;0,16393946;0,26913139;0,58793676;3,18128681;1,00000000
1,49211938;0,16378568;0,26913139;0,58778298;3,18097925;1,00000000
1,49218605;0,16378568;0,26913139;0,58747536;3,18097925;1,00000000
1,49225272;0,16378568;0,26913139;0,58747536;3,18097925;1,00000000
1,49231939;0,16378568;0,26943898;0,58716780;3,18097925;1,00000000
1,49238606;0,16378568;0,26913139;0,58686024;3,18067169;1,00000000
1,49245274;0,16378568;0,26943898;0,58655268;3,18097925;1,00000000
1,49251941;0,16378568;0,26943898;0,58639890;3,18097925;1,00000000
1,49258608;0,16378568;0,26943898;0,58624506;3,18067169;1,00000000
1,49265275;0,16378568;0,26974654;0,58593750;3,18036413;1,00000000
1,49271942;0,16378568;0,26943898;0,58562988;3,18036413;1,00000000
1,49278610;0,16378568;0,26913139;0,58547610;3,18036413;1,00000000
1,49285277;0,16378568;0,26882383;0,58516854;3,18036413;1,00000000
1,49291944;0,16363189;0,26913139;0,58501476;3,18036413;1,00000000
1,49298611;0,16363189;0,26882383;0,58470720;3,18067169;1,00000000
1,49305278;0,16363189;0,26882383;0,58455342;3,18067169;1,00000000
1,49311946;0,16363189;0,26882383;0,58424580;3,18097925;1,00000000
1,49318613;0,16363189;0,26851624;0,58393824;3,18067169;1,00000000
1,49325280;0,16363189;0,26851624;0,58378446;3,18067169;1,00000000
1,49331947;0,16363189;0,26820865;0,58363068;3,18067169;1,00000000
1,49338614;0,16363189;0,26820865;0,58347690;3,18067169;1,00000000
1,49345282;0,16363189;0,26851624;0,58316928;3,18067169;1,00000000
1,49351949;0,16363189;0,26851624;0,58301550;3,18097925;1,00000000
1,49358616;0,16363189;0,26851624;0,58255410;3,18128681;1,00000000
1,49365283;0,16363189;0,26851624;0,58240032;3,18159461;1,00000000
1,49371950;0,16363189;0,26851624;0,58209276;3,18159461;1,00000000
1,49378618;0,16363189;0,26820865;0,58163142;3,18159461;1,00000000
1,49385285;0,16363189;0,26820865;0,58132380;3,18159461;1,00000000
1,49391952;0,16347811;0,26851624;0,58101624;3,18159461;1,00000000
1,49398619;0,16347811;0,26851624;0,58070862;3,18190217;1,00000000
1,49405286;0,16347811;0,26820865;0,58040106;3,18159461;1,00000000
1,49411954;0,16347811;0,26851624;0,57993972;3,18190217;1,00000000
1,49418621;0,16347811;0,26882383;0,57947832;3,18220973;1,00000000
1,49425288;0,16347811;0,26851624;0,57917076;3,18251729;1,00000000
1,49431955;0,16347811;0,26820865;0,57886314;3,18282485;1,00000000
1,49438622;0,16347811;0,26851624;0,57855558;3,18313241;1,00000000
1,49445290;0,16347811;0,26851624;0,57824802;3,18343997;1,00000000
1,49451957;0,16347811;0,26882383;0,57794046;3,18313241;1,00000000
1,49458624;0,16347811;0,26882383;0,57763284;3,18313241;1,00000000
1,49465291;0,16332431;0,26913139;0,57732528;3,18313241;1,00000000
1,49471958;0,16317053;0,26913139;0,57717150;3,18282485;1,00000000
1,49478626;0,16317053;0,26913139;0,57686394;3,18313241;1,00000000
1,49485293;0,16317053;0,26913139;0,57655638;3,18313241;1,00000000
1,49491960;0,16317053;0,26882383;0,57624876;3,18313241;1,00000000
1,49498627;0,16317053;0,26882383;0,57609499;3,18282485;1,00000000
1,49505294;0,16317053;0,26882383;0,57578737;3,18251729;1,00000000
1,49511962;0,16317053;0,26913139;0,57547981;3,18251729;1,00000000
1,49518629;0,16317053;0,26882383;0,57547981;3,18251729;1,00000000
1,49525296;0,16317053;0,26851624;0,57547981;3,18282485;1,00000000
1,49531963;0,16317053;0,26851624;0,57532603;3,18313241;1,00000000
1,49538630;0,16317053;0,26820865;0,57517225;3,18343997;1,00000000
1,49545298;0,16301674;0,26790109;0,57517225;3,18374753;1,00000000
1,49551965;0,16301674;0,26790109;0,57517225;3,18343997;1,00000000
1,49558632;0,16301674;0,26790109;0,57517225;3,18313241;1,00000000
1,49565299;0,16286296;0,26759350;0,57517225;3,18313241;1,00000000
1,49571966;0,16270915;0,26790109;0,57517225;3,18313241;1,00000000
1,49578634;0,16270915;0,26790109;0,57517225;3,18313241;1,00000000
1,49585301;0,16286296;0,26759350;0,57517225;3,18343997;1,00000000
1,49591968;0,16286296;0,26759350;0,57532603;3,18374753;1,00000000
1,49598635;0,16286296;0,26790109;0,57532603;3,18405509;1,00000000
1,49605302;0,16270915;0,26790109;0,57532603;3,18405509;1,00000000
1,49611970;0,16270915;0,26820865;0,57547981;3,18405509;1,00000000
1,49618637;0,16270915;0,26851624;0,57563359;3,18405509;1,00000000
1,49625304;0,16270915;0,26851624;0,57563359;3,18405509;1,00000000
1,49631971;0,16270915;0,26882383;0,57594121;3,18405509;1,00000000
1,49638638;0,16270915;0,26882383;0,57609499;3,18405509;1,00000000
1,49645306;0,16255537;0,26882383;0,57624876;3,18436265;1,00000000
1,49651973;0,16255537;0,26882383;0,57640254;3,18467021;1,00000000
1,49658640;0,16255537;0,26882383;0,57655638;3,18528533;1,00000000
1,49665307;0,16255537;0,26913139;0,57655638;3,18467021;1,00000000
1,49671974;0,16255537;0,26943898;0,57655638;3,18467021;1,00000000
1,49678642;0,16255537;0,26943898;0,57686394;3,18436265;1,00000000
1,49685309;0,16255537;0,26974654;0,57717150;3,18436265;1,00000000
1,49691976;0,16240157;0,26974654;0,57732528;3,18436265;1,00000000
1,49698643;0,16240157;0,26974654;0,57763284;3,18436265;1,00000000
1,49705310;0,16240157;0,27005413;0,57778668;3,18467021;1,00000000
1,49711978;0,16224779;0,27036172;0,57809424;3,18467021;1,00000000
1,49718645;0,16240157;0,27036172;0,57840180;3,18405509;1,00000000
1,49725312;0,16240157;0,27066928;0,57855558;3,18374753;1,00000000
1,49731979;0,16240157;0,27097687;0,57886314;3,18343997;1,00000000
1,49738646;0,16240157;0,27128446;0,57917076;3,18343997;1,00000000
1,49745314;0,16255537;0,27128446;0,57917076;3,18313241;1,00000000
1,49751981;0,16255537;0,27097687;0,57947832;3,18313241;1,00000000
1,49758648;0,16240157;0,27097687;0,57963216;3,18313241;1,00000000
1,49765315;0,16240157;0,27097687;0,57993972;3,18313241;1,00000000
1,49771982;0,16240157;0,27097687;0,58009350;3,18313241;1,00000000
1,49778650;0,16240157;0,27097687;0,58024728;3,18282485;1,00000000
1,49785317;0,16255537;0,27097687;0,58055484;3,18251729;1,00000000
1,49791984;0,16255537;0,27097687;0,58086246;3,18220973;1,00000000
1,49798651;0,16255537;0,27066928;0,58117002;3,18190217;1,00000000
1,49805318;0,16255537;0,27066928;0,58132380;3,18159461;1,00000000
1,49811986;0,16255537;0,27097687;0,58163142;3,18159461;1,00000000
1,49818653;0,16255537;0,27128446;0,58193898;3,18159461;1,00000000
1,49825320;0,16255537;0,27128446;0,58224654;3,18159461;1,00000000
1,49831987;0,16255537;0,27097687;0,58240032;3,18190217;1,00000000
1,49838654;0,16255537;0,27097687;0,58286172;3,18159461;1,00000000
1,49845322;0,16255537;0,27066928;0,58301550;3,18097925;1,00000000
1,49851989;0,16255537;0,27066928;0,58316928;3,18036413;1,00000000
1,49858656;0,16270915;0,27066928;0,58347690;3,18036413;1,00000000
1,49865323;0,16270915;0,27036172;0,58378446;3,18005657;1,00000000
1,49871990;0,16255537;0,27036172;0,58393824;3,18005657;1,00000000
1,49878658;0,16255537;0,27036172;0,58424580;3,18005657;1,00000000
1,49885325;0,16240157;0,27036172;0,58455342;3,17974901;1,00000000
1,49891992;0,16240157;0,27036172;0,58470720;3,17944145;1,00000000
1,49898659;0,16240157;0,27036172;0,58501476;3,17882633;1,00000000
1,49905326;0,16224779;0,27005413;0,58516854;3,17851877;1,00000000
1,49911994;0,16224779;0,27005413;0,58547610;3,17821121;1,00000000
1,49918661;0,16209400;0,26974654;0,58547610;3,17821121;1,00000000
1,49925328;0,16209400;0,26943898;0,58562988;3,17821121;1,00000000
1,49931995;0,16209400;0,26943898;0,58593750;3,17821121;1,00000000
1,49938662;0,16194022;0,26943898;0,58609128;3,17790365;1,00000000
1,49945330;0,16178641;0,26943898;0,58639890;3,17759609;1,00000000
1,49951997;0,16178641;0,26943898;0,58655268;3,17728853;1,00000000
1,49958664;0,16178641;0,26943898;0,58686024;3,17698097;1,00000000
1,49965331;0,16178641;0,26913139;0,58701402;3,17667341;1,00000000
1,49971998;0,16163263;0,26913139;0,58732158;3,17636538;1,00000000
1,49978666;0,16163263;0,26913139;0,58747536;3,17636538;1,00000000
1,49985333;0,16163263;0,26913139;0,58778298;3,17636538;1,00000000
1,49992000;0,16163263;0,26943898;0,58793676;3,17605782;1,00000000
1,49998667;0,16178641;0,26974654;0,58809054;3,17605782;1,00000000
1,50005334;0,16163263;0,26974654;0,58824432;3,17605782;1,00000000
1,50012002;0,16163263;0,26943898;0,58839810;3,17575026;1,00000000
1,50018669;0,16147883;0,26943898;0,58855188;3,17544270;1,00000000
1,50025336;0,16147883;0,26943898;0,58855188;3,17544270;1,00000000
1,50032003;0,16132505;0,26943898;0,58885950;3,17513514;1,00000000
1,50038670;0,16132505;0,26943898;0,58901328;3,17482758;1,00000000
1,50045338;0,16132505;0,26974654;0,58932084;3,17513514;1,00000000
1,50052005;0,16117126;0,26974654;0,58947468;3,17544270;1,00000000
1,50058672;0,16117126;0,26974654;0,58978224;3,17544270;1,00000000
1,50065339;0,16101748;0,26974654;0,58993602;3,17544270;1,00000000
1,50072006;0,16101748;0,26974654;0,58993602;3,17575026;1,00000000
1,50078674;0,16101748;0,26974654;0,58993602;3,17575026;1,00000000
1,50085341;0,16101748;0,26974654;0,59008980;3,17605782;1,00000000
1,50092008;0,16101748;0,27005413;0,59024358;3,17636538;1,00000000
1,50098675;0,16101748;0,27036172;0,59024358;3,17667341;1,00000000
1,50105342;0,16101748;0,27066928;0,59024358;3,17667341;1,00000000
1,50112010;0,16117126;0,27036172;0,59024358;3,17667341;1,00000000
1,50118677;0,16117126;0,27066928;0,59008980;3,17667341;1,00000000
1,50125344;0,16101748;0,27066928;0,59024358;3,17698097;1,00000000
1,50132011;0,16117126;0,27066928;0,59039736;3,17698097;1,00000000
1,50138678;0,16117126;0,27036172;0,59055120;3,17698097;1,00000000
1,50145346;0,16117126;0,27036172;0,59070498;3,17728853;1,00000000
1,50152013;0,16117126;0,27066928;0,59070498;3,17728853;1,00000000
1,50158680;0,16132505;0,27066928;0,59070498;3,17728853;1,00000000
1,50165347;0,16132505;0,27036172;0,59070498;3,17728853;1,00000000
1,50172014;0,16117126;0,27036172;0,59070498;3,17698097;1,00000000
1,50178682;0,16117126;0,27036172;0,59055120;3,17728853;1,00000000
1,50185349;0,16117126;0,27066928;0,59039736;3,17790365;1,00000000
1,50192016;0,16132505;0,27066928;0,59039736;3,17851877;1,00000000
1,50198683;0,16132505;0,27066928;0,59008980;3,17851877;1,00000000
1,50205350;0,16132505;0,27066928;0,58993602;3,17851877;1,00000000
1,50212018;0,16132505;0,27097687;0,58993602;3,17851877;1,00000000
1,50218685;0,16147883;0,27128446;0,58947468;3,17851877;1,00000000
1,50225352;0,16163263;0,27128446;0,58947468;3,17882633;1,00000000
1,50232019;0,16163263;0,27128446;0,58932084;3,17882633;1,00000000
1,50238686;0,16163263;0,27128446;0,58901328;3,17944145;1,00000000
1,50245354;0,16178641;0,27159202;0,58870566;3,17974901;1,00000000
1,50252021;0,16178641;0,27189961;0,58839810;3,17974901;1,00000000
1,50258688;0,16178641;0,27220720;0,58809054;3,17974901;1,00000000
1,50265355;0,16178641;0,27189961;0,58778298;3,17974901;1,00000000
1,50272022;0,16194022;0,27159202;0,58747536;3,17974901;1,00000000
1,50278690;0,16209400;0,27159202;0,58716780;3,18005657;1,00000000
1,50285357;0,16209400;0,27159202;0,58686024;3,18005657;1,00000000
1,50292024;0,16209400;0,27159202;0,58655268;3,18036413;1,00000000
1,50298691;0,16209400;0,27189961;0,58624506;3,18036413;1,00000000
1,50305358;0,16224779;0,27189961;0,58593750;3,18036413;1,00000000
1,50312026;0,16224779;0,27220720;0,58562988;3,18036413;1,00000000
1,50318693;0,16240157;0,27251476;0,58516854;3,18036413;1,00000000
1,50325360;0,16240157;0,27282235;0,58486098;3,18036413;1,00000000
1,50332027;0,16240157;0,27282235;0,58455342;3,18067169;1,00000000
1,50338694;0,16240157;0,27312991;0,58409202;3,18067169;1,00000000
1,50345362;0,16240157;0,27312991;0,58378446;3,18036413;1,00000000
1,50352029;0,16240157;0,27343750;0,58347690;3,18067169;1,00000000
1,50358696;0,16255537;0,27343750;0,58301550;3,18097925;1,00000000
1,50365363;0,16270915;0,27343750;0,58270794;3,18128681;1,00000000
1,50372030;0,16270915;0,27343750;0,58240032;3,18159461;1,00000000
1,50378698;0,16286296;0,27343750;0,58209276;3,18128681;1,00000000
1,50385365;0,16301674;0,27374509;0,58178520;3,18128681;1,00000000
1,50392032;0,16301674;0,27343750;0,58132380;3,18128681;1,00000000
1,50398699;0,16317053;0,27343750;0,58101624;3,18128681;1,00000000
1,50405366;0,16317053;0,27374509;0,58070862;3,18159461;1,00000000
1,50412034;0,16317053;0,27374509;0,58009350;3,18190217;1,00000000
1,50418701;0,16317053;0,27405265;0,57978594;3,18190217;1,00000000
1,50425368;0,16332431;0,27405265;0,57932454;3,18190217;1,00000000
1,50432035;0,16347811;0,27405265;0,57901698;3,18159461;1,00000000
1,50438702;0,16347811;0,27374509;0,57855558;3,18159461;1,00000000
1,50445370;0,16347811;0,27374509;0,57824802;3,18128681;1,00000000
1,50452037;0,16347811;0,27374509;0,57794046;3,18097925;1,00000000
1,50458704;0,16347811;0,27343750;0,57747906;3,18067169;1,00000000
1,50465371;0,16347811;0,27343750;0,57717150;3,18067169;1,00000000
1,50472038;0,16347811;0,27374509;0,57671016;3,18067169;1,00000000
1,50478706;0,16332431;0,27405265;0,57640254;3,18067169;1,00000000
1,50485373;0,16347811;0,27405265;0,57594121;3,18067169;1,00000000
1,50492040;0,16332431;0,27405265;0,57563359;3,18036413;1,00000000
1,50498707;0,16347811;0,27405265;0,57532603;3,18036413;1,00000000
1,50505374;0,16363189;0,27436024;0,57517225;3,18036413;1,00000000
1,50512042;0,16378568;0,27466780;0,57471091;3,18067169;1,00000000
1,50518709;0,16393946;0,27466780;0,57424951;3,18097925;1,00000000
1,50525376;0,16409326;0,27466780;0,57378817;3,18097925;1,00000000
1,50532043;0,16424704;0,27497539;0,57348061;3,18097925;1,00000000
1,50538710;0,16424704;0,27528298;0,57317299;3,18097925;1,00000000
1,50545378;0,16455463;0,27528298;0,57286543;3,18067169;1,00000000
1,50552045;0,16455463;0,27528298;0,57271159;3,18036413;1,00000000
1,50558712;0,16470842;0,27528298;0,57240403;3,18005657;1,00000000
1,50565379;0,16486220;0,27559054;0,57194269;3,18005657;1,00000000
1,50572046;0,16486220;0,27559054;0,57163513;3,18005657;1,00000000
1,50578714;0,16486220;0,27589813;0,57132751;3,18036413;1,00000000
1,50585381;0,16501600;0,27589813;0,57117373;3,18036413;1,00000000
1,50592048;0,16501600;0,27559054;0,57071233;3,18005657;1,00000000
1,50598715;0,16516978;0,27559054;0,57055855;3,18005657;1,00000000
1,50605382;0,16516978;0,27559054;0,57025099;3,18005657;1,00000000
1,50612050;0,16516978;0,27528298;0,57009721;3,17974901;1,00000000
1,50618717;0,16516978;0,27497539;0,56978959;3,17944145;1,00000000
1,50625384;0,16516978;0,27528298;0,56963581;3,17974901;1,00000000
1,50632051;0,16516978;0,27528298;0,56948203;3,18005657;1,00000000
1,50638718;0,16516978;0,27559054;0,56932825;3,18036413;1,00000000
1,50645386;0,16516978;0,27528298;0,56917441;3,18036413;1,00000000
1,50652053;0,16532359;0,27497539;0,56917441;3,18005657;1,00000000
1,50658720;0,16532359;0,27466780;0,56902063;3,17974901;1,00000000
1,50665387;0,16547737;0,27436024;0,56886685;3,17944145;1,00000000
1,50672054;0,16547737;0,27405265;0,56886685;3,17913389;1,00000000
1,50678722;0,16547737;0,27374509;0,56886685;3,17944145;1,00000000
1,50685389;0,16547737;0,27374509;0,56871307;3,17944145;1,00000000
1,50692056;0,16547737;0,27374509;0,56871307;3,17974901;1,00000000
1,50698723;0,16532359;0,27343750;0,56886685;3,17944145;1,00000000
1,50705390;0,16547737;0,27343750;0,56886685;3,17882633;1,00000000
1,50712058;0,16547737;0,27343750;0,56902063;3,17882633;1,00000000
1,50718725;0,16547737;0,27312991;0,56917441;3,17882633;1,00000000
1,50725392;0,16547737;0,27282235;0,56932825;3,17851877;1,00000000
1,50732059;0,16532359;0,27282235;0,56948203;3,17882633;1,00000000
1,50738726;0,16532359;0,27251476;0,56978959;3,17944145;1,00000000
1,50745394;0,16532359;0,27282235;0,56994343;3,17974901;1,00000000
1,50752061;0,16532359;0,27312991;0,57009721;3,18005657;1,00000000
1,50758728;0,16532359;0,27282235;0,57055855;3,18005657;1,00000000
1,50765395;0,16532359;0,27282235;0,57086611;3,18005657;1,00000000
1,50772062;0,16532359;0,27282235;0,57101995;3,18005657;1,00000000
1,50778730;0,16516978;0,27312991;0,57148129;3,18036413;1,00000000
1,50785397;0,16516978;0,27343750;0,57194269;3,18036413;1,00000000
1,50792064;0,16516978;0,27374509;0,57240403;3,18067169;1,00000000
1,50798731;0,16516978;0,27405265;0,57286543;3,18097925;1,00000000
1,50805398;0,16516978;0,27405265;0,57317299;3,18128681;1,00000000
1,50812066;0,16516978;0,27436024;0,57363439;3,18128681;1,00000000
1,50818733;0,16516978;0,27436024;0,57394195;3,18097925;1,00000000
1,50825400;0,16516978;0,27436024;0,57424951;3,18097925;1,00000000
1,50832067;0,16516978;0,27466780;0,57471091;3,18128681;1,00000000
1,50838734;0,16547737;0,27466780;0,57517225;3,18128681;1,00000000
1,50845402;0,16547737;0,27466780;0,57547981;3,18190217;1,00000000
1,50852069;0,16547737;0,27497539;0,57594121;3,18220973;1,00000000
1,50858736;0,16563116;0,27528298;0,57655638;3,18251729;1,00000000
1,50865403;0,16563116;0,27528298;0,57686394;3,18251729;1,00000000
1,50872070;0,16563116;0,27559054;0,57717150;3,18282485;1,00000000
1,50878738;0,16563116;0,27559054;0,57763284;3,18282485;1,00000000
1,50885405;0,16547737;0,27559054;0,57809424;3,18282485;1,00000000
1,50892072;0,16547737;0,27559054;0,57870936;3,18313241;1,00000000
1,50898739;0,16547737;0,27559054;0,57917076;3,18313241;1,00000000
1,50905406;0,16547737;0,27589813;0,57978594;3,18343997;1,00000000
1,50912074;0,16547737;0,27620572;0,58024728;3,18374753;1,00000000
1,50918741;0,16547737;0,27589813;0,58055484;3,18436265;1,00000000
1,50925408;0,16547737;0,27620572;0,58117002;3,18436265;1,00000000
1,50932075;0,16547737;0,27651328;0,58163142;3,18436265;1,00000000
1,50938742;0,16547737;0,27651328;0,58209276;3,18436265;1,00000000
1,50945410;0,16547737;0,27682087;0,58255410;3,18436265;1,00000000
1,50952077;0,16547737;0,27651328;0,58301550;3,18436265;1,00000000
1,50958744;0,16547737;0,27682087;0,58332312;3,18436265;1,00000000
1,50965411;0,16547737;0,27743602;0,58363068;3,18467021;1,00000000
1,50972078;0,16547737;0,27743602;0,58409202;3,18559289;1,00000000
1,50978746;0,16563116;0,27774361;0,58455342;3,18590045;1,00000000
1,50985413;0,16547737;0,27805117;0,58470720;3,18620801;1,00000000
1,50992080;0,16563116;0,27835876;0,58516854;3,18620801;1,00000000
1,50998747;0,16578494;0,27805117;0,58547610;3,18620801;1,00000000
1,51005414;0,16578494;0,27805117;0,58593750;3,18620801;1,00000000
1,51012082;0,16593874;0,27835876;0,58609128;3,18651581;1,00000000
1,51018749;0,16593874;0,27866635;0,58639890;3,18651581;1,00000000
1,51025416;0,16593874;0,27866635;0,58670646;3,18682337;1,00000000
1,51032083;0,16593874;0,27897391;0,58686024;3,18682337;1,00000000
1,51038750;0,16593874;0,27928150;0,58701402;3,18651581;1,00000000
1,51045418;0,16593874;0,27928150;0,58701402;3,18651581;1,00000000
1,51052085;0,16609251;0,27897391;0,58701402;3,18620801;1,00000000
1,51058752;0,16609251;0,27928150;0,58716780;3,18620801;1,00000000
1,51065419;0,16609251;0,27897391;0,58747536;3,18620801;1,00000000
1,51072086;0,16609251;0,27897391;0,58747536;3,18620801;1,00000000
1,51078754;0,16609251;0,27928150;0,58747536;3,18620801;1,00000000
1,51085421;0,16609251;0,27928150;0,58762920;3,18620801;1,00000000
1,51092088;0,16609251;0,27928150;0,58762920;3,18590045;1,00000000
1,51098755;0,16609251;0,27928150;0,58762920;3,18559289;1,00000000
1,51105422;0,16609251;0,27928150;0,58762920;3,18528533;1,00000000
1,51112090;0,16609251;0,27928150;0,58762920;3,18559289;1,00000000
1,51118757;0,16609251;0,27897391;0,58793676;3,18559289;1,00000000
1,51125424;0,16609251;0,27866635;0,58809054;3,18559289;1,00000000
1,51132091;0,16609251;0,27866635;0,58809054;3,18559289;1,00000000
1,51138758;0,16609251;0,27866635;0,58793676;3,18559289;1,00000000
1,51145426;0,16609251;0,27835876;0,58793676;3,18528533;1,00000000
1,51152093;0,16609251;0,27805117;0,58793676;3,18436265;1,00000000
1,51158760;0,16609251;0,27805117;0,58793676;3,18467021;1,00000000
1,51165427;0,16609251;0,27805117;0,58793676;3,18467021;1,00000000
1,51172094;0,16609251;0,27805117;0,58793676;3,18467021;1,00000000
1,51178762;0,16609251;0,27805117;0,58793676;3,18467021;1,00000000
1,51185429;0,16609251;0,27835876;0,58793676;3,18467021;1,00000000
1,51192096;0,16609251;0,27835876;0,58778298;3,18467021;1,00000000
1,51198763;0,16609251;0,27866635;0,58778298;3,18436265;1,00000000
1,51205430;0,16609251;0,27866635;0,58762920;3,18467021;1,00000000
1,51212098;0,16609251;0,27835876;0,58762920;3,18528533;1,00000000
1,51218765;0,16609251;0,27835876;0,58762920;3,18528533;1,00000000
1,51225432;0,16609251;0,27835876;0,58747536;3,18528533;1,00000000
1,51232099;0,16609251;0,27835876;0,58716780;3,18528533;1,00000000
1,51238766;0,16609251;0,27835876;0,58686024;3,18467021;1,00000000
1,51245434;0,16609251;0,27835876;0,58670646;3,18467021;1,00000000
1,51252101;0,16609251;0,27835876;0,58655268;3,18467021;1,00000000
1,51258768;0,16609251;0,27835876;0,58624506;3,18528533;1,00000000
1,51265435;0,16609251;0,27866635;0,58593750;3,18559289;1,00000000
1,51272102;0,16609251;0,27866635;0,58578372;3,18559289;1,00000000
1,51278770;0,16609251;0,27835876;0,58547610;3,18559289;1,00000000
1,51285437;0,16609251;0,27835876;0,58516854;3,18528533;1,00000000
1,51292104;0,16593874;0,27866635;0,58486098;3,18467021;1,00000000
1,51298771;0,16593874;0,27866635;0,58455342;3,18467021;1,00000000
1,51305438;0,16593874;0,27835876;0,58424580;3,18467021;1,00000000
1,51312106;0,16593874;0,27866635;0,58409202;3,18528533;1,00000000
1,51318773;0,16593874;0,27835876;0,58378446;3,18559289;1,00000000
1,51325440;0,16609251;0,27805117;0,58347690;3,18528533;1,00000000
1,51332107;0,16593874;0,27805117;0,58316928;3,18528533;1,00000000
1,51338774;0,16593874;0,27774361;0,58270794;3,18528533;1,00000000
1,51345442;0,16593874;0,27774361;0,58255410;3,18528533;1,00000000
1,51352109;0,16593874;0,27774361;0,58224654;3,18528533;1,00000000
1,51358776;0,16593874;0,27774361;0,58178520;3,18528533;1,00000000
1,51365443;0,16593874;0,27805117;0,58163142;3,18559289;1,00000000
1,51372110;0,16593874;0,27774361;0,58147764;3,18559289;1,00000000
1,51378778;0,16593874;0,27743602;0,58132380;3,18590045;1,00000000
1,51385445;0,16593874;0,27743602;0,58101624;3,18620801;1,00000000
1,51392112;0,16593874;0,27682087;0,58055484;3,18620801;1,00000000
1,51398779;0,16593874;0,27743602;0,58024728;3,18620801;1,00000000
1,51405446;0,16593874;0,27743602;0,57978594;3,18620801;1,00000000
1,51412114;0,16578494;0,27743602;0,57932454;3,18620801;1,00000000
1,51418781;0,16578494;0,27743602;0,57901698;3,18620801;1,00000000
1,51425448;0,16563116;0,27743602;0,57870936;3,18682337;1,00000000
1,51432115;0,16563116;0,27682087;0,57840180;3,18713093;1,00000000
1,51438782;0,16563116;0,27682087;0,57809424;3,18743849;1,00000000
1,51445450;0,16563116;0,27651328;0,57778668;3,18743849;1,00000000
1,51452117;0,16547737;0,27620572;0,57763284;3,18774605;1,00000000
1,51458784;0,16547737;0,27620572;0,57732528;3,18774605;1,00000000
1,51465451;0,16547737;0,27620572;0,57717150;3,18774605;1,00000000
1,51472118;0,16547737;0,27620572;0,57686394;3,18774605;1,00000000
1,51478786;0,16547737;0,27620572;0,57671016;3,18774605;1,00000000
1,51485453;0,16547737;0,27620572;0,57640254;3,18805361;1,00000000
1,51492120;0,16532359;0,27589813;0,57609499;3,18836117;1,00000000
1,51498787;0,16532359;0,27620572;0,57578737;3,18897629;1,00000000
1,51505454;0,16532359;0,27620572;0,57563359;3,18897629;1,00000000
1,51512122;0,16532359;0,27620572;0,57563359;3,18897629;1,00000000
1,51518789;0,16516978;0,27589813;0,57532603;3,18897629;1,00000000
1,51525456;0,16516978;0,27589813;0,57517225;3,18897629;1,00000000
1,51532123;0,16516978;0,27589813;0,57501847;3,18897629;1,00000000
1,51538790;0,16501600;0,27620572;0,57501847;3,18866873;1,00000000
1,51545458;0,16501600;0,27620572;0,57486469;3,18897629;1,00000000
1,51552125;0,16486220;0,27620572;0,57486469;3,18897629;1,00000000
1,51558792;0,16486220;0,27620572;0,57486469;3,18897629;1,00000000
1,51565459;0,16470842;0,27620572;0,57486469;3,18866873;1,00000000
1,51572126;0,16455463;0,27620572;0,57471091;3,18897629;1,00000000
1,51578794;0,16455463;0,27620572;0,57486469;3,18897629;1,00000000
1,51585461;0,16455463;0,27651328;0,57486469;3,18897629;1,00000000
1,51592128;0,16455463;0,27682087;0,57486469;3,18897629;1,00000000
1,51598795;0,16455463;0,27682087;0,57486469;3,18897629;1,00000000
1,51605462;0,16455463;0,27651328;0,57486469;3,18928385;1,00000000
1,51612130;0,16470842;0,27651328;0,57486469;3,18928385;1,00000000
1,51618797;0,16486220;0,27651328;0,57486469;3,18928385;1,00000000
1,51625464;0,16486220;0,27651328;0,57501847;3,18928385;1,00000000
1,51632131;0,16486220;0,27651328;0,57532603;3,18928385;1,00000000
1,51638798;0,16486220;0,27651328;0,57532603;3,18928385;1,00000000
1,51645466;0,16486220;0,27682087;0,57547981;3,18928385;1,00000000
1,51652133;0,16486220;0,27743602;0,57563359;3,18928385;1,00000000
1,51658800;0,16486220;0,27774361;0,57578737;3,18959141;1,00000000
1,51665467;0,16501600;0,27743602;0,57578737;3,18959141;1,00000000
1,51672134;0,16501600;0,27774361;0,57609499;3,18959141;1,00000000
1,51678802;0,16501600;0,27774361;0,57609499;3,18959141;1,00000000
1,51685469;0,16501600;0,27774361;0,57640254;3,18959141;1,00000000
1,51692136;0,16501600;0,27774361;0,57655638;3,18959141;1,00000000
1,51698803;0,16501600;0,27743602;0,57686394;3,18959141;1,00000000
1,51705470;0,16486220;0,27743602;0,57717150;3,18959141;1,00000000
1,51712138;0,16486220;0,27682087;0,57747906;3,18959141;1,00000000
1,51718805;0,16486220;0,27743602;0,57778668;3,18989897;1,00000000
1,51725472;0,16501600;0,27743602;0,57809424;3,18989897;1,00000000
1,51732139;0,16501600;0,27743602;0,57840180;3,18959141;1,00000000
1,51738806;0,16501600;0,27774361;0,57855558;3,18928385;1,00000000
1,51745474;0,16501600;0,27774361;0,57886314;3,18928385;1,00000000
1,51752141;0,16501600;0,27743602;0,57901698;3,18928385;1,00000000
1,51758808;0,16501600;0,27743602;0,57932454;3,18897629;1,00000000
1,51765475;0,16501600;0,27682087;0,57963216;3,18897629;1,00000000
1,51772142;0,16501600;0,27682087;0,57993972;3,18897629;1,00000000
1,51778810;0,16501600;0,27651328;0,58024728;3,18836117;1,00000000
1,51785477;0,16501600;0,27651328;0,58055484;3,18805361;1,00000000
1,51792144;0,16516978;0,27682087;0,58070862;3,18743849;1,00000000
1,51798811;0,16532359;0,27682087;0,58101624;3,18682337;1,00000000
1,51805478;0,16532359;0,27651328;0,58132380;3,18651581;1,00000000
1,51812146;0,16547737;0,27651328;0,58178520;3,18651581;1,00000000
1,51818813;0,16532359;0,27651328;0,58209276;3,18651581;1,00000000
1,51825480;0,16547737;0,27651328;0,58255410;3,18651581;1,00000000
1,51832147;0,16547737;0,27651328;0,58270794;3,18620801;1,00000000
1,51838814;0,16547737;0,27651328;0,58301550;3,18559289;1,00000000
1,51845482;0,16563116;0,27682087;0,58316928;3,18467021;1,00000000
1,51852149;0,16563116;0,27682087;0,58332312;3,18405509;1,00000000
1,51858816;0,16547737;0,27682087;0,58347690;3,18374753;1,00000000
1,51865483;0,16547737;0,27682087;0,58378446;3,18374753;1,00000000
1,51872150;0,16547737;0,27682087;0,58409202;3,18374753;1,00000000
1,51878818;0,16563116;0,27682087;0,58424580;3,18374753;1,00000000
1,51885485;0,16563116;0,27651328;0,58455342;3,18343997;1,00000000
1,51892152;0,16578494;0,27620572;0,58486098;3,18313241;1,00000000
1,51898819;0,16563116;0,27620572;0,58501476;3,18251729;1,00000000
1,51905486;0,16563116;0,27620572;0,58547610;3,18220973;1,00000000
1,51912154;0,16578494;0,27589813;0,58578372;3,18220973;1,00000000
1,51918821;0,16593874;0,27559054;0,58593750;3,18190217;1,00000000
1,51925488;0,16578494;0,27559054;0,58624506;3,18159461;1,00000000
1,51932155;0,16563116;0,27528298;0,58639890;3,18128681;1,00000000
1,51938822;0,16563116;0,27497539;0,58655268;3,18097925;1,00000000
1,51945490;0,16563116;0,27466780;0,58670646;3,18067169;1,00000000
1,51952157;0,16547737;0,27436024;0,58686024;3,18036413;1,00000000
1,51958824;0,16547737;0,27405265;0,58701402;3,18005657;1,00000000
1,51965491;0,16532359;0,27374509;0,58732158;3,17974901;1,00000000
1,51972158;0,16532359;0,27374509;0,58762920;3,17974901;1,00000000
1,51978826;0,16532359;0,27374509;0,58793676;3,17974901;1,00000000
1,51985493;0,16516978;0,27405265;0,58809054;3,17944145;1,00000000
1,51992160;0,16516978;0,27405265;0,58824432;3,17944145;1,00000000
1,51998827;0,16532359;0,27405265;0,58839810;3,17974901;1,00000000
1,52005494;0,16532359;0,27405265;0,58855188;3,17944145;1,00000000
1,52012162;0,16516978;0,27405265;0,58885950;3,17944145;1,00000000
1,52018829;0,16516978;0,27374509;0,58901328;3,17944145;1,00000000
1,52025496;0,16516978;0,27374509;0,58916706;3,17944145;1,00000000
1,52032163;0,16516978;0,27343750;0,58932084;3,17944145;1,00000000
1,52038830;0,16516978;0,27312991;0,58962846;3,17944145;1,00000000
1,52045498;0,16516978;0,27312991;0,58978224;3,17974901;1,00000000
1,52052165;0,16501600;0,27282235;0,58993602;3,18005657;1,00000000
1,52058832;0,16516978;0,27251476;0,59008980;3,18005657;1,00000000
1,52065499;0,16501600;0,27251476;0,59024358;3,18005657;1,00000000
1,52072166;0,16501600;0,27220720;0,59039736;3,17974901;1,00000000
1,52078834;0,16501600;0,27220720;0,59055120;3,17944145;1,00000000
1,52085501;0,16486220;0,27251476;0,59070498;3,17974901;1,00000000
1,52092168;0,16470842;0,27251476;0,59070498;3,17974901;1,00000000
1,52098835;0,16470842;0,27282235;0,59085876;3,17974901;1,00000000
1,52105502;0,16470842;0,27251476;0,59085876;3,18005657;1,00000000
1,52112170;0,16470842;0,27220720;0,59085876;3,18005657;1,00000000
1,52118837;0,16470842;0,27220720;0,59101254;3,18005657;1,00000000
1,52125504;0,16470842;0,27189961;0,59085876;3,18005657;1,00000000
1,52132171;0,16455463;0,27189961;0,59101254;3,18005657;1,00000000
1,52138838;0,16440085;0,27159202;0,59101254;3,18067169;1,00000000
1,52145506;0,16440085;0,27159202;0,59116638;3,18067169;1,00000000
1,52152173;0,16440085;0,27189961;0,59101254;3,18097925;1,00000000
1,52158840;0,16455463;0,27189961;0,59101254;3,18128681;1,00000000
1,52165507;0,16470842;0,27220720;0,59101254;3,18128681;1,00000000
1,52172174;0,16470842;0,27251476;0,59101254;3,18128681;1,00000000
1,52178842;0,16486220;0,27220720;0,59101254;3,18128681;1,00000000
1,52185509;0,16501600;0,27220720;0,59101254;3,18159461;1,00000000
1,52192176;0,16486220;0,27220720;0,59101254;3,18190217;1,00000000
1,52198843;0,16501600;0,27220720;0,59085876;3,18251729;1,00000000
1,52205510;0,16486220;0,27220720;0,59070498;3,18282485;1,00000000
1,52212178;0,16486220;0,27189961;0,59039736;3,18251729;1,00000000
1,52218845;0,16486220;0,27159202;0,59024358;3,18251729;1,00000000
1,52225512;0,16470842;0,27159202;0,59008980;3,18251729;1,00000000
1,52232179;0,16470842;0,27128446;0,58993602;3,18251729;1,00000000
1,52238846;0,16470842;0,27128446;0,58962846;3,18282485;1,00000000
1,52245514;0,16486220;0,27128446;0,58932084;3,18282485;1,00000000
1,52252181;0,16486220;0,27097687;0,58901328;3,18313241;1,00000000
1,52258848;0,16501600;0,27097687;0,58870566;3,18313241;1,00000000
1,52265515;0,16501600;0,27128446;0,58855188;3,18313241;1,00000000
1,52272182;0,16486220;0,27097687;0,58824432;3,18343997;1,00000000
1,52278850;0,16486220;0,27066928;0,58793676;3,18374753;1,00000000
1,52285517;0,16501600;0,27066928;0,58762920;3,18374753;1,00000000
1,52292184;0,16501600;0,27036172;0,58732158;3,18405509;1,00000000
1,52298851;0,16501600;0,27036172;0,58716780;3,18436265;1,00000000
1,52305518;0,16501600;0,27066928;0,58686024;3,18436265;1,00000000
1,52312186;0,16516978;0,27066928;0,58655268;3,18436265;1,00000000
1,52318853;0,16516978;0,27097687;0,58609128;3,18436265;1,00000000
1,52325520;0,16516978;0,27097687;0,58578372;3,18436265;1,00000000
1,52332187;0,16532359;0,27066928;0,58562988;3,18467021;1,00000000
1,52338854;0,16532359;0,27066928;0,58516854;3,18436265;1,00000000
1,52345522;0,16547737;0,27036172;0,58470720;3,18374753;1,00000000
1,52352189;0,16563116;0,27066928;0,58439958;3,18374753;1,00000000
1,52358856;0,16547737;0,27097687;0,58393824;3,18374753;1,00000000
1,52365523;0,16563116;0,27128446;0,58363068;3,18374753;1,00000000
1,52372190;0,16563116;0,27128446;0,58332312;3,18374753;1,00000000
1,52378858;0,16578494;0,27128446;0,58301550;3,18374753;1,00000000
1,52385525;0,16578494;0,27128446;0,58270794;3,18374753;1,00000000
1,52392192;0,16593874;0,27097687;0,58255410;3,18374753;1,00000000
1,52398859;0,16593874;0,27066928;0,58209276;3,18374753;1,00000000
1,52405526;0,16593874;0,27066928;0,58163142;3,18405509;1,00000000
1,52412194;0,16578494;0,27036172;0,58132380;3,18436265;1,00000000
1,52418861;0,16578494;0,27036172;0,58101624;3,18436265;1,00000000
1,52425528;0,16593874;0,27066928;0,58055484;3,18436265;1,00000000
1,52432195;0,16578494;0,27066928;0,58024728;3,18436265;1,00000000
1,52438862;0,16593874;0,27097687;0,57978594;3,18467021;1,00000000
1,52445530;0,16609251;0,27097687;0,57932454;3,18436265;1,00000000
1,52452197;0,16609251;0,27066928;0,57901698;3,18405509;1,00000000
1,52458864;0,16609251;0,27066928;0,57870936;3,18374753;1,00000000
1,52465531;0,16609251;0,27097687;0,57824802;3,18374753;1,00000000
1,52472198;0,16609251;0,27097687;0,57794046;3,18374753;1,00000000
1,52478866;0,16609251;0,27066928;0,57763284;3,18374753;1,00000000
1,52485533;0,16624631;0,27066928;0,57717150;3,18374753;1,00000000
1,52492200;0,16624631;0,27066928;0,57671016;3,18343997;1,00000000
1,52498867;0,16640009;0,27036172;0,57640254;3,18343997;1,00000000
1,52505534;0,16640009;0,27036172;0,57609499;3,18282485;1,00000000
1,52512202;0,16640009;0,27066928;0,57594121;3,18251729;1,00000000
1,52518869;0,16640009;0,27066928;0,57547981;3,18251729;1,00000000
1,52525536;0,16640009;0,27066928;0,57532603;3,18282485;1,00000000
1,52532203;0,16640009;0,27066928;0,57517225;3,18282485;1,00000000
1,52538870;0,16640009;0,27066928;0,57486469;3,18282485;1,00000000
1,52545538;0,16624631;0,27097687;0,57440329;3,18313241;1,00000000
1,52552205;0,16624631;0,27128446;0,57424951;3,18251729;1,00000000
1,52558872;0,16640009;0,27097687;0,57394195;3,18220973;1,00000000
1,52565539;0,16640009;0,27097687;0,57363439;3,18190217;1,00000000
1,52572206;0,16640009;0,27066928;0,57332677;3,18190217;1,00000000
1,52578874;0,16655388;0,27066928;0,57317299;3,18190217;1,00000000
1,52585541;0,16655388;0,27066928;0,57286543;3,18220973;1,00000000
1,52592208;0,16670766;0,27066928;0,57255781;3,18251729;1,00000000
1,52598875;0,16670766;0,27066928;0,57209647;3,18190217;1,00000000
1,52605542;0,16670766;0,27066928;0,57178891;3,18159461;1,00000000
1,52612210;0,16670766;0,27036172;0,57148129;3,18128681;1,00000000
1,52618877;0,16670766;0,27005413;0,57148129;3,18097925;1,00000000
1,52625544;0,16670766;0,27005413;0,57132751;3,18067169;1,00000000
1,52632211;0,16670766;0,27005413;0,57101995;3,18067169;1,00000000
1,52638878;0,16670766;0,27005413;0,57071233;3,18067169;1,00000000
1,52645546;0,16670766;0,27005413;0,57071233;3,18097925;1,00000000
1,52652213;0,16670766;0,26974654;0,57055855;3,18128681;1,00000000
1,52658880;0,16670766;0,26974654;0,57055855;3,18097925;1,00000000
1,52665547;0,16670766;0,26943898;0,57055855;3,18067169;1,00000000
1,52672214;0,16670766;0,26913139;0,57055855;3,18067169;1,00000000
1,52678882;0,16670766;0,26913139;0,57055855;3,18036413;1,00000000
1,52685549;0,16655388;0,26882383;0,57071233;3,18005657;1,00000000
1,52692216;0,16670766;0,26851624;0,57086611;3,17974901;1,00000000
1,52698883;0,16655388;0,26851624;0,57086611;3,17974901;1,00000000
1,52705550;0,16655388;0,26882383;0,57086611;3,18005657;1,00000000
1,52712218;0,16655388;0,26882383;0,57086611;3,18036413;1,00000000
1,52718885;0,16640009;0,26882383;0,57101995;3,18005657;1,00000000
1,52725552;0,16640009;0,26851624;0,57117373;3,17974901;1,00000000
1,52732219;0,16640009;0,26851624;0,57132751;3,17974901;1,00000000
1,52738886;0,16640009;0,26851624;0,57148129;3,17974901;1,00000000
1,52745554;0,16640009;0,26820865;0,57163513;3,18005657;1,00000000
1,52752221;0,16624631;0,26820865;0,57209647;3,18005657;1,00000000
1,52758888;0,16609251;0,26851624;0,57255781;3,18067169;1,00000000
1,52765555;0,16609251;0,26820865;0,57271159;3,18097925;1,00000000
1,52772222;0,16609251;0,26851624;0,57301921;3,18128681;1,00000000
1,52778890;0,16609251;0,26851624;0,57348061;3,18097925;1,00000000
1,52785557;0,16609251;0,26820865;0,57378817;3,18067169;1,00000000
1,52792224;0,16609251;0,26851624;0,57424951;3,18067169;1,00000000
1,52798891;0,16609251;0,26851624;0,57455707;3,18097925;1,00000000
1,52805558;0,16609251;0,26851624;0,57501847;3,18128681;1,00000000
1,52812226;0,16609251;0,26882383;0,57547981;3,18128681;1,00000000
1,52818893;0,16609251;0,26882383;0,57594121;3,18128681;1,00000000
1,52825560;0,16609251;0,26882383;0,57609499;3,18159461;1,00000000
1,52832227;0,16609251;0,26882383;0,57640254;3,18190217;1,00000000
1,52838894;0,16609251;0,26882383;0,57686394;3,18220973;1,00000000
1,52845562;0,16609251;0,26882383;0,57763284;3,18220973;1,00000000
1,52852229;0,16609251;0,26882383;0,57809424;3,18251729;1,00000000
1,52858896;0,16593874;0,26913139;0,57855558;3,18282485;1,00000000
1,52865563;0,16593874;0,26882383;0,57886314;3,18313241;1,00000000
1,52872230;0,16593874;0,26913139;0,57932454;3,18313241;1,00000000
1,52878898;0,16593874;0,26882383;0,57978594;3,18343997;1,00000000
1,52885565;0,16593874;0,26913139;0,58009350;3,18374753;1,00000000
1,52892232;0,16593874;0,26882383;0,58055484;3,18343997;1,00000000
1,52898899;0,16593874;0,26913139;0,58117002;3,18343997;1,00000000
1,52905566;0,16593874;0,26882383;0,58147764;3,18374753;1,00000000
1,52912234;0,16609251;0,26913139;0,58193898;3,18374753;1,00000000
1,52918901;0,16609251;0,26943898;0,58224654;3,18374753;1,00000000
1,52925568;0,16609251;0,26943898;0,58270794;3,18374753;1,00000000
1,52932235;0,16609251;0,26974654;0,58301550;3,18405509;1,00000000
1,52938902;0,16609251;0,26974654;0,58347690;3,18436265;1,00000000
1,52945570;0,16609251;0,27005413;0,58409202;3,18528533;1,00000000
1,52952237;0,16609251;0,27005413;0,58439958;3,18467021;1,00000000
1,52958904;0,16624631;0,27036172;0,58486098;3,18467021;1,00000000
1,52965571;0,16640009;0,27036172;0,58532232;3,18467021;1,00000000
1,52972238;0,16640009;0,27036172;0,58578372;3,18467021;1,00000000
1,52978906;0,16640009;0,27066928;0,58609128;3,18467021;1,00000000
1,52985573;0,16640009;0,27066928;0,58655268;3,18467021;1,00000000
1,52992240;0,16640009;0,27097687;0,58686024;3,18528533;1,00000000
1,52998907;0,16640009;0,27097687;0,58732158;3,18590045;1,00000000
1,53005574;0,16640009;0,27128446;0,58747536;3,18620801;1,00000000
1,53012242;0,16640009;0,27159202;0,58778298;3,18590045;1,00000000
1,53018909;0,16640009;0,27128446;0,58809054;3,18590045;1,00000000
1,53025576;0,16640009;0,27159202;0,58824432;3,18590045;1,00000000
1,53032243;0,16624631;0,27189961;0,58839810;3,18620801;1,00000000
1,53038910;0,16655388;0,27159202;0,58870566;3,18620801;1,00000000
1,53045578;0,16655388;0,27159202;0,58901328;3,18620801;1,00000000
1,53052245;0,16655388;0,27189961;0,58916706;3,18620801;1,00000000
1,53058912;0,16655388;0,27220720;0,58932084;3,18620801;1,00000000
1,53065579;0,16655388;0,27251476;0,58962846;3,18590045;1,00000000
1,53072246;0,16655388;0,27251476;0,58962846;3,18559289;1,00000000
1,53078914;0,16655388;0,27282235;0,58962846;3,18590045;1,00000000
1,53085581;0,16655388;0,27282235;0,58962846;3,18590045;1,00000000
1,53092248;0,16655388;0,27282235;0,58962846;3,18590045;1,00000000
1,53098915;0,16670766;0,27282235;0,58978224;3,18590045;1,00000000
1,53105582;0,16670766;0,27251476;0,58978224;3,18590045;1,00000000
1,53112250;0,16670766;0,27251476;0,58993602;3,18559289;1,00000000
1,53118917;0,16686147;0,27220720;0,59008980;3,18528533;1,00000000
1,53125584;0,16686147;0,27189961;0,59008980;3,18528533;1,00000000
1,53132251;0,16686147;0,27189961;0,59008980;3,18528533;1,00000000
1,53138918;0,16686147;0,27189961;0,59008980;3,18528533;1,00000000
1,53145586;0,16686147;0,27159202;0,58993602;3,18528533;1,00000000
1,53152253;0,16686147;0,27159202;0,58978224;3,18528533;1,00000000
1,53158920;0,16686147;0,27159202;0,58962846;3,18436265;1,00000000
1,53165587;0,16686147;0,27159202;0,58962846;3,18405509;1,00000000
1,53172254;0,16686147;0,27189961;0,58932084;3,18405509;1,00000000
1,53178922;0,16686147;0,27189961;0,58932084;3,18405509;1,00000000
1,53185589;0,16686147;0,27220720;0,58932084;3,18405509;1,00000000
1,53192256;0,16686147;0,27220720;0,58916706;3,18405509;1,00000000
1,53198923;0,16686147;0,27220720;0,58901328;3,18405509;1,00000000
1,53205590;0,16686147;0,27189961;0,58885950;3,18343997;1,00000000
1,53212258;0,16670766;0,27189961;0,58855188;3,18313241;1,00000000
1,53218925;0,16670766;0,27189961;0,58824432;3,18282485;1,00000000
1,53225592;0,16670766;0,27189961;0,58809054;3,18282485;1,00000000
1,53232259;0,16670766;0,27159202;0,58778298;3,18282485;1,00000000
1,53238926;0,16670766;0,27189961;0,58762920;3,18282485;1,00000000
1,53245594;0,16670766;0,27189961;0,58732158;3,18282485;1,00000000
1,53252261;0,16670766;0,27159202;0,58716780;3,18282485;1,00000000
1,53258928;0,16670766;0,27159202;0,58686024;3,18282485;1,00000000
1,53265595;0,16670766;0,27159202;0,58655268;3,18313241;1,00000000
1,53272262;0,16670766;0,27159202;0,58624506;3,18343997;1,00000000
1,53278930;0,16670766;0,27159202;0,58609128;3,18343997;1,00000000
1,53285597;0,16670766;0,27159202;0,58562988;3,18343997;1,00000000
1,53292264;0,16670766;0,27159202;0,58532232;3,18374753;1,00000000
1,53298931;0,16670766;0,27159202;0,58501476;3,18374753;1,00000000
1,53305598;0,16670766;0,27128446;0,58470720;3,18374753;1,00000000
1,53312266;0,16670766;0,27128446;0,58455342;3,18374753;1,00000000
1,53318933;0,16640009;0,27128446;0,58439958;3,18405509;1,00000000
1,53325600;0,16624631;0,27159202;0,58424580;3,18436265;1,00000000
1,53332267;0,16624631;0,27159202;0,58409202;3,18436265;1,00000000
1,53338934;0,16624631;0,27189961;0,58363068;3,18436265;1,00000000
1,53345602;0,16624631;0,27189961;0,58347690;3,18436265;1,00000000
1,53352269;0,16624631;0,27159202;0,58316928;3,18436265;1,00000000
1,53358936;0,16624631;0,27128446;0,58270794;3,18436265;1,00000000
1,53365603;0,16624631;0,27097687;0,58255410;3,18436265;1,00000000
1,53372270;0,16609251;0,27097687;0,58240032;3,18467021;1,00000000
1,53378938;0,16609251;0,27066928;0,58193898;3,18528533;1,00000000
1,53385605;0,16609251;0,27066928;0,58178520;3,18559289;1,00000000
1,53392272;0,16609251;0,27097687;0,58147764;3,18590045;1,00000000
1,53398939;0,16609251;0,27097687;0,58101624;3,18590045;1,00000000
1,53405606;0,16609251;0,27097687;0,58070862;3,18590045;1,00000000
1,53412274;0,16609251;0,27097687;0,58040106;3,18590045;1,00000000
1,53418941;0,16609251;0,27097687;0,58009350;3,18590045;1,00000000
1,53425608;0,16609251;0,27066928;0,57978594;3,18590045;1,00000000
1,53432275;0,16593874;0,27097687;0,57947832;3,18651581;1,00000000
1,53438942;0,16593874;0,27097687;0,57917076;3,18682337;1,00000000
1,53445610;0,16593874;0,27066928;0,57886314;3,18713093;1,00000000
1,53452277;0,16593874;0,27036172;0,57855558;3,18713093;1,00000000
1,53458944;0,16593874;0,27036172;0,57824802;3,18713093;1,00000000
1,53465611;0,16593874;0,27036172;0,57809424;3,18713093;1,00000000
1,53472278;0,16593874;0,27066928;0,57778668;3,18713093;1,00000000
1,53478946;0,16593874;0,27036172;0,57747906;3,18713093;1,00000000
1,53485613;0,16593874;0,27036172;0,57717150;3,18774605;1,00000000
1,53492280;0,16593874;0,27036172;0,57686394;3,18774605;1,00000000
1,53498947;0,16593874;0,27036172;0,57686394;3,18805361;1,00000000
1,53505614;0,16578494;0,27005413;0,57655638;3,18836117;1,00000000
1,53512282;0,16578494;0,27005413;0,57640254;3,18836117;1,00000000
1,53518949;0,16563116;0,26974654;0,57609499;3,18836117;1,00000000
1,53525616;0,16563116;0,26974654;0,57578737;3,18836117;1,00000000
1,53532283;0,16547737;0,26943898;0,57547981;3,18836117;1,00000000
1,53538950;0,16547737;0,26913139;0,57547981;3,18836117;1,00000000
1,53545618;0,16516978;0,26913139;0,57517225;3,18836117;1,00000000
1,53552285;0,16501600;0,26882383;0,57501847;3,18836117;1,00000000
1,53558952;0,16501600;0,26882383;0,57501847;3,18866873;1,00000000
1,53565619;0,16501600;0,26882383;0,57501847;3,18897629;1,00000000
1,53572286;0,16486220;0,26882383;0,57486469;3,18897629;1,00000000
1,53578954;0,16486220;0,26882383;0,57486469;3,18897629;1,00000000
1,53585621;0,16470842;0,26851624;0,57501847;3,18897629;1,00000000
1,53592288;0,16470842;0,26851624;0,57501847;3,18897629;1,00000000
1,53598955;0,16455463;0,26882383;0,57501847;3,18897629;1,00000000
1,53605622;0,16455463;0,26882383;0,57501847;3,18897629;1,00000000
1,53612290;0,16470842;0,26913139;0,57517225;3,18897629;1,00000000
1,53618957;0,16455463;0,26943898;0,57517225;3,18897629;1,00000000
1,53625624;0,16440085;0,26974654;0,57517225;3,18928385;1,00000000
1,53632291;0,16440085;0,26943898;0,57532603;3,18959141;1,00000000
1,53638958;0,16440085;0,26974654;0,57532603;3,18959141;1,00000000
1,53645626;0,16440085;0,26974654;0,57563359;3,18959141;1,00000000
1,53652293;0,16440085;0,26974654;0,57594121;3,18959141;1,00000000
1,53658960;0,16440085;0,26974654;0,57609499;3,18989897;1,00000000
1,53665627;0,16440085;0,27005413;0,57624876;3,18989897;1,00000000
1,53672294;0,16440085;0,27036172;0,57640254;3,18989897;1,00000000
1,53678962;0,16455463;0,27036172;0,57655638;3,18989897;1,00000000
1,53685629;0,16440085;0,27036172;0,57671016;3,18989897;1,00000000
1,53692296;0,16440085;0,27005413;0,57701772;3,18989897;1,00000000
1,53698963;0,16455463;0,27036172;0,57732528;3,18959141;1,00000000
1,53705630;0,16440085;0,27066928;0,57763284;3,18928385;1,00000000
1,53712298;0,16440085;0,27066928;0,57794046;3,18989897;1,00000000
1,53718965;0,16440085;0,27066928;0,57794046;3,18959141;1,00000000
1,53725632;0,16440085;0,27066928;0,57809424;3,18928385;1,00000000
1,53732299;0,16424704;0,27066928;0,57840180;3,18928385;1,00000000
1,53738966;0,16424704;0,27097687;0,57870936;3,18928385;1,00000000
1,53745634;0,16440085;0,27097687;0,57901698;3,18897629;1,00000000
1,53752301;0,16440085;0,27066928;0,57932454;3,18866873;1,00000000
1,53758968;0,16440085;0,27097687;0,57963216;3,18836117;1,00000000
1,53765635;0,16424704;0,27097687;0,57993972;3,18836117;1,00000000
1,53772302;0,16424704;0,27128446;0,58024728;3,18805361;1,00000000
1,53778970;0,16424704;0,27159202;0,58055484;3,18774605;1,00000000
1,53785637;0,16424704;0,27159202;0,58086246;3,18743849;1,00000000
1,53792304;0,16424704;0,27159202;0,58117002;3,18743849;1,00000000
1,53798971;0,16424704;0,27128446;0,58132380;3,18743849;1,00000000
1,53805638;0,16424704;0,27097687;0,58147764;3,18743849;1,00000000
1,53812306;0,16424704;0,27128446;0,58178520;3,18713093;1,00000000
1,53818973;0,16424704;0,27128446;0,58209276;3,18713093;1,00000000
1,53825640;0,16424704;0,27128446;0,58224654;3,18713093;1,00000000
1,53832307;0,16440085;0,27128446;0,58255410;3,18682337;1,00000000
1,53838974;0,16455463;0,27128446;0,58270794;3,18651581;1,00000000
1,53845642;0,16470842;0,27159202;0,58286172;3,18590045;1,00000000
1,53852309;0,16470842;0,27189961;0,58301550;3,18590045;1,00000000
1,53858976;0,16486220;0,27189961;0,58332312;3,18559289;1,00000000
1,53865643;0,16470842;0,27159202;0,58347690;3,18467021;1,00000000
1,53872310;0,16470842;0,27128446;0,58363068;3,18467021;1,00000000
1,53878978;0,16470842;0,27097687;0,58378446;3,18467021;1,00000000
1,53885645;0,16455463;0,27097687;0,58409202;3,18436265;1,00000000
1,53892312;0,16440085;0,27097687;0,58424580;3,18374753;1,00000000
1,53898979;0,16440085;0,27128446;0,58424580;3,18313241;1,00000000
1,53905646;0,16424704;0,27097687;0,58455342;3,18251729;1,00000000
1,53912314;0,16440085;0,27066928;0,58501476;3,18220973;1,00000000
1,53918981;0,16424704;0,27066928;0,58532232;3,18220973;1,00000000
1,53925648;0,16409326;0,27066928;0,58562988;3,18220973;1,00000000
1,53932315;0,16409326;0,27066928;0,58593750;3,18220973;1,00000000
1,53938982;0,16409326;0,27066928;0,58609128;3,18190217;1,00000000
1,53945650;0,16409326;0,27036172;0,58639890;3,18128681;1,00000000
1,53952317;0,16393946;0,27005413;0,58670646;3,18097925;1,00000000
1,53958984;0,16378568;0,27005413;0,58701402;3,18036413;1,00000000
1,53965651;0,16363189;0,26974654;0,58716780;3,18036413;1,00000000
1,53972318;0,16347811;0,26943898;0,58732158;3,18036413;1,00000000
1,53978986;0,16347811;0,26943898;0,58762920;3,18005657;1,00000000
1,53985653;0,16347811;0,26943898;0,58793676;3,17974901;1,00000000
1,53992320;0,16347811;0,26913139;0,58809054;3,17913389;1,00000000
1,53998987;0,16347811;0,26913139;0,58824432;3,17882633;1,00000000
1,54005654;0,16347811;0,26913139;0,58839810;3,17882633;1,00000000
1,54012322;0,16347811;0,26913139;0,58855188;3,17882633;1,00000000
1,54018989;0,16332431;0,26882383;0,58870566;3,17882633;1,00000000
1,54025656;0,16332431;0,26851624;0,58885950;3,17882633;1,00000000
1,54032323;0,16332431;0,26851624;0,58901328;3,17913389;1,00000000
1,54038990;0,16332431;0,26851624;0,58901328;3,17913389;1,00000000
1,54045658;0,16332431;0,26851624;0,58916706;3,17913389;1,00000000
1,54052325;0,16317053;0,26851624;0,58932084;3,17944145;1,00000000
1,54058992;0,16301674;0,26820865;0,58947468;3,17944145;1,00000000
1,54065659;0,16301674;0,26820865;0,58978224;3,17974901;1,00000000
1,54072326;0,16301674;0,26790109;0,58978224;3,17974901;1,00000000
1,54078994;0,16286296;0,26790109;0,58993602;3,18005657;1,00000000
1,54085661;0,16270915;0,26790109;0,59008980;3,18036413;1,00000000
1,54092328;0,16270915;0,26820865;0,59008980;3,18067169;1,00000000
1,54098995;0,16255537;0,26851624;0,59008980;3,18067169;1,00000000
1,54105662;0,16270915;0,26882383;0,59039736;3,18067169;1,00000000
1,54112330;0,16286296;0,26913139;0,59055120;3,18097925;1,00000000
1,54118997;0,16286296;0,26943898;0,59055120;3,18128681;1,00000000
1,54125664;0,16301674;0,26943898;0,59039736;3,18159461;1,00000000
1,54132331;0,16286296;0,26913139;0,59055120;3,18190217;1,00000000
1,54138998;0,16286296;0,26943898;0,59055120;3,18190217;1,00000000
1,54145666;0,16270915;0,26913139;0,59055120;3,18159461;1,00000000
1,54152333;0,16270915;0,26943898;0,59055120;3,18159461;1,00000000
1,54159000;0,16270915;0,26974654;0,59055120;3,18159461;1,00000000
1,54165667;0,16286296;0,26974654;0,59039736;3,18190217;1,00000000
1,54172334;0,16301674;0,26974654;0,59024358;3,18220973;1,00000000
1,54179002;0,16301674;0,26943898;0,59008980;3,18251729;1,00000000
1,54185669;0,16317053;0,26974654;0,58993602;3,18251729;1,00000000
1,54192336;0,16301674;0,26974654;0,58978224;3,18251729;1,00000000
1,54199003;0,16317053;0,26974654;0,58947468;3,18282485;1,00000000
1,54205670;0,16301674;0,26974654;0,58932084;3,18313241;1,00000000
1,54212338;0,16301674;0,26974654;0,58901328;3,18343997;1,00000000
1,54219005;0,16317053;0,26974654;0,58870566;3,18374753;1,00000000
1,54225672;0,16317053;0,26974654;0,58855188;3,18405509;1,00000000
1,54232339;0,16317053;0,26974654;0,58824432;3,18405509;1,00000000
1,54239006;0,16332431;0,27005413;0,58793676;3,18405509;1,00000000
1,54245674;0,16347811;0,27005413;0,58762920;3,18405509;1,00000000
1,54252341;0,16363189;0,26974654;0,58747536;3,18374753;1,00000000
1,54259008;0,16378568;0,26943898;0,58716780;3,18436265;1,00000000
1,54265675;0,16378568;0,26943898;0,58686024;3,18467021;1,00000000
1,54272342;0,16393946;0,26913139;0,58655268;3,18528533;1,00000000
1,54279010;0,16409326;0,26913139;0,58639890;3,18467021;1,00000000
1,54285677;0,16393946;0,26913139;0,58609128;3,18467021;1,00000000
1,54292344;0,16409326;0,26913139;0,58578372;3,18436265;1,00000000
1,54299011;0,16409326;0,26882383;0,58547610;3,18405509;1,00000000
1,54305678;0,16409326;0,26882383;0,58516854;3,18436265;1,00000000
1,54312346;0,16409326;0,26882383;0,58486098;3,18528533;1,00000000
1,54319013;0,16409326;0,26882383;0,58455342;3,18559289;1,00000000
1,54325680;0,16409326;0,26882383;0,58424580;3,18590045;1,00000000
1,54332347;0,16424704;0,26882383;0,58393824;3,18590045;1,00000000
1,54339014;0,16440085;0,26882383;0,58363068;3,18590045;1,00000000
1,54345682;0,16455463;0,26882383;0,58332312;3,18590045;1,00000000
1,54352349;0,16470842;0,26851624;0,58286172;3,18559289;1,00000000
1,54359016;0,16486220;0,26882383;0,58255410;3,18528533;1,00000000
1,54365683;0,16501600;0,26882383;0,58209276;3,18559289;1,00000000
1,54372350;0,16501600;0,26913139;0,58178520;3,18620801;1,00000000
1,54379018;0,16501600;0,26913139;0,58132380;3,18620801;1,00000000
1,54385685;0,16501600;0,26913139;0,58101624;3,18620801;1,00000000
1,54392352;0,16501600;0,26943898;0,58055484;3,18620801;1,00000000
1,54399019;0,16501600;0,26943898;0,58024728;3,18620801;1,00000000
1,54405686;0,16501600;0,26943898;0,57993972;3,18620801;1,00000000
1,54412354;0,16516978;0,26943898;0,57963216;3,18620801;1,00000000
1,54419021;0,16516978;0,26943898;0,57917076;3,18590045;1,00000000
1,54425688;0,16516978;0,26943898;0,57870936;3,18620801;1,00000000
1,54432355;0,16516978;0,26974654;0,57840180;3,18651581;1,00000000
1,54439022;0,16516978;0,26974654;0,57794046;3,18651581;1,00000000
1,54445690;0,16516978;0,26943898;0,57763284;3,18651581;1,00000000
1,54452357;0,16516978;0,26943898;0,57717150;3,18651581;1,00000000
1,54459024;0,16547737;0,26943898;0,57671016;3,18682337;1,00000000
1,54465691;0,16563116;0,26943898;0,57640254;3,18651581;1,00000000
1,54472358;0,16563116;0,26943898;0,57609499;3,18620801;1,00000000
1,54479026;0,16578494;0,26943898;0,57563359;3,18590045;1,00000000
1,54485693;0,16578494;0,26943898;0,57517225;3,18620801;1,00000000
1,54492360;0,16578494;0,26974654;0,57486469;3,18651581;1,00000000
1,54499027;0,16578494;0,26974654;0,57440329;3,18651581;1,00000000
1,54505694;0,16578494;0,27005413;0,57424951;3,18682337;1,00000000
1,54512362;0,16578494;0,26974654;0,57378817;3,18651581;1,00000000
1,54519029;0,16578494;0,26974654;0,57332677;3,18651581;1,00000000
1,54525696;0,16578494;0,26974654;0,57286543;3,18651581;1,00000000
1,54532363;0,16578494;0,27005413;0,57271159;3,18620801;1,00000000
1,54539030;0,16578494;0,27005413;0,57255781;3,18590045;1,00000000
1,54545698;0,16593874;0,27036172;0,57225025;3,18559289;1,00000000
1,54552365;0,16609251;0,27066928;0,57148129;3,18559289;1,00000000
1,54559032;0,16609251;0,27066928;0,57117373;3,18559289;1,00000000
1,54565699;0,16640009;0,27066928;0,57086611;3,18590045;1,00000000
1,54572366;0,16640009;0,27066928;0,57071233;3,18528533;1,00000000
1,54579034;0,16640009;0,27036172;0,57040477;3,18528533;1,00000000
1,54585701;0,16640009;0,27036172;0,57009721;3,18467021;1,00000000
1,54592368;0,16655388;0,27005413;0,56994343;3,18436265;1,00000000
1,54599035;0,16655388;0,27005413;0,56978959;3,18467021;1,00000000
1,54605702;0,16655388;0,26974654;0,56948203;3,18467021;1,00000000
1,54612370;0,16655388;0,27005413;0,56932825;3,18467021;1,00000000
1,54619037;0,16640009;0,26974654;0,56902063;3,18528533;1,00000000
1,54625704;0,16640009;0,26943898;0,56886685;3,18467021;1,00000000
1,54632371;0,16640009;0,26913139;0,56855929;3,18436265;1,00000000
1,54639038;0,16655388;0,26882383;0,56855929;3,18405509;1,00000000
1,54645706;0,16655388;0,26882383;0,56855929;3,18374753;1,00000000
1,54652373;0,16655388;0,26851624;0,56840551;3,18343997;1,00000000
1,54659040;0,16655388;0,26851624;0,56840551;3,18374753;1,00000000
1,54665707;0,16640009;0,26851624;0,56825173;3,18374753;1,00000000
1,54672374;0,16624631;0,26820865;0,56809795;3,18374753;1,00000000
1,54679042;0,16624631;0,26820865;0,56809795;3,18405509;1,00000000
1,54685709;0,16624631;0,26790109;0,56809795;3,18374753;1,00000000
1,54692376;0,16624631;0,26820865;0,56809795;3,18374753;1,00000000
1,54699043;0,16624631;0,26820865;0,56825173;3,18374753;1,00000000
1,54705710;0,16624631;0,26790109;0,56825173;3,18343997;1,00000000
1,54712378;0,16624631;0,26759350;0,56840551;3,18313241;1,00000000
1,54719045;0,16624631;0,26759350;0,56855929;3,18374753;1,00000000
1,54725712;0,16624631;0,26759350;0,56855929;3,18374753;1,00000000
1,54732379;0,16624631;0,26759350;0,56886685;3,18405509;1,00000000
1,54739046;0,16624631;0,26728594;0,56902063;3,18374753;1,00000000
1,54745714;0,16609251;0,26728594;0,56917441;3,18374753;1,00000000
1,54752381;0,16609251;0,26728594;0,56932825;3,18374753;1,00000000
1,54759048;0,16609251;0,26697835;0,56948203;3,18374753;1,00000000
1,54765715;0,16609251;0,26697835;0,56978959;3,18374753;1,00000000
1,54772382;0,16593874;0,26667076;0,57009721;3,18405509;1,00000000
1,54779050;0,16593874;0,26636320;0,57055855;3,18436265;1,00000000
1,54785717;0,16593874;0,26605561;0,57101995;3,18467021;1,00000000
1,54792384;0,16593874;0,26605561;0,57148129;3,18436265;1,00000000
1,54799051;0,16593874;0,26605561;0,57194269;3,18405509;1,00000000
1,54805718;0,16578494;0,26636320;0,57240403;3,18405509;1,00000000
1,54812386;0,16578494;0,26667076;0,57271159;3,18405509;1,00000000
1,54819053;0,16578494;0,26667076;0,57317299;3,18436265;1,00000000
1,54825720;0,16578494;0,26667076;0,57363439;3,18467021;1,00000000
1,54832387;0,16578494;0,26667076;0,57409573;3,18467021;1,00000000
1,54839054;0,16563116;0,26697835;0,57455707;3,18528533;1,00000000
1,54845722;0,16563116;0,26697835;0,57501847;3,18559289;1,00000000
1,54852389;0,16563116;0,26728594;0,57563359;3,18559289;1,00000000
1,54859056;0,16563116;0,26728594;0,57624876;3,18559289;1,00000000
1,54865723;0,16563116;0,26728594;0,57686394;3,18590045;1,00000000
1,54872390;0,16547737;0,26759350;0,57717150;3,18620801;1,00000000
1,54879058;0,16547737;0,26759350;0,57763284;3,18651581;1,00000000
1,54885725;0,16547737;0,26790109;0,57794046;3,18682337;1,00000000
1,54892392;0,16547737;0,26790109;0,57840180;3,18713093;1,00000000
1,54899059;0,16547737;0,26790109;0,57886314;3,18743849;1,00000000
1,54905726;0,16547737;0,26820865;0,57932454;3,18743849;1,00000000
1,54912394;0,16547737;0,26820865;0,57993972;3,18774605;1,00000000
1,54919061;0,16563116;0,26851624;0,58055484;3,18805361;1,00000000
1,54925728;0,16563116;0,26882383;0,58117002;3,18836117;1,00000000
1,54932395;0,16563116;0,26913139;0,58178520;3,18836117;1,00000000
1,54939062;0,16547737;0,26943898;0,58224654;3,18866873;1,00000000
1,54945730;0,16547737;0,26943898;0,58255410;3,18897629;1,00000000
1,54952397;0,16547737;0,26913139;0,58301550;3,18928385;1,00000000
1,54959064;0,16547737;0,26943898;0,58347690;3,18928385;1,00000000
1,54965731;0,16547737;0,26943898;0,58393824;3,18959141;1,00000000
1,54972398;0,16547737;0,26943898;0,58439958;3,18959141;1,00000000
1,54979066;0,16547737;0,26974654;0,58486098;3,18959141;1,00000000
1,54985733;0,16547737;0,27005413;0,58516854;3,18959141;1,00000000
1,54992400;0,16547737;0,27036172;0,58547610;3,18959141;1,00000000
1,54999067;0,16547737;0,27036172;0,58593750;3,18959141;1,00000000
1,55005734;0,16547737;0,27036172;0,58624506;3,18989897;1,00000000
1,55012402;0,16563116;0,27036172;0,58655268;3,18959141;1,00000000
1,55019069;0,16563116;0,27036172;0,58670646;3,18959141;1,00000000
1,55025736;0,16578494;0,27036172;0,58686024;3,18959141;1,00000000
1,55032403;0,16578494;0,27036172;0,58701402;3,18959141;1,00000000
1,55039070;0,16578494;0,27066928;0,58716780;3,18989897;1,00000000
1,55045738;0,16578494;0,27036172;0,58747536;3,18989897;1,00000000
1,55052405;0,16578494;0,27066928;0,58762920;3,18989897;1,00000000
1,55059072;0,16578494;0,27097687;0,58793676;3,18989897;1,00000000
1,55065739;0,16578494;0,27097687;0,58824432;3,18959141;1,00000000
1,55072406;0,16578494;0,27097687;0,58839810;3,18959141;1,00000000
1,55079074;0,16578494;0,27097687;0,58839810;3,18959141;1,00000000
1,55085741;0,16578494;0,27128446;0,58855188;3,18959141;1,00000000
1,55092408;0,16578494;0,27128446;0,58855188;3,18959141;1,00000000
1,55099075;0,16578494;0,27128446;0,58855188;3,18928385;1,00000000
1,55105742;0,16578494;0,27128446;0,58870566;3,18928385;1,00000000
1,55112410;0,16578494;0,27128446;0,58870566;3,18897629;1,00000000
1,55119077;0,16578494;0,27128446;0,58870566;3,18897629;1,00000000
1,55125744;0,16578494;0,27128446;0,58870566;3,18897629;1,00000000
1,55132411;0,16563116;0,27128446;0,58870566;3,18897629;1,00000000
1,55139078;0,16563116;0,27128446;0,58870566;3,18866873;1,00000000
1,55145746;0,16547737;0,27128446;0,58855188;3,18866873;1,00000000
1,55152413;0,16547737;0,27159202;0,58855188;3,18836117;1,00000000
1,55159080;0,16547737;0,27189961;0,58855188;3,18836117;1,00000000
1,55165747;0,16547737;0,27189961;0,58855188;3,18805361;1,00000000
1,55172414;0,16547737;0,27189961;0,58824432;3,18805361;1,00000000
1,55179082;0,16547737;0,27159202;0,58809054;3,18805361;1,00000000
1,55185749;0,16547737;0,27159202;0,58809054;3,18805361;1,00000000
1,55192416;0,16532359;0,27159202;0,58809054;3,18774605;1,00000000
1,55199083;0,16532359;0,27159202;0,58809054;3,18774605;1,00000000
1,55205750;0,16516978;0,27159202;0,58778298;3,18743849;1,00000000
1,55212418;0,16516978;0,27189961;0,58762920;3,18713093;1,00000000
1,55219085;0,16516978;0,27189961;0,58747536;3,18713093;1,00000000
1,55225752;0,16516978;0,27189961;0,58732158;3,18713093;1,00000000
1,55232419;0,16516978;0,27189961;0,58732158;3,18713093;1,00000000
1,55239086;0,16516978;0,27189961;0,58732158;3,18713093;1,00000000
1,55245754;0,16516978;0,27189961;0,58716780;3,18713093;1,00000000
1,55252421;0,16532359;0,27189961;0,58701402;3,18743849;1,00000000
1,55259088;0,16532359;0,27189961;0,58686024;3,18774605;1,00000000
1,55265755;0,16532359;0,27189961;0,58655268;3,18774605;1,00000000
1,55272422;0,16532359;0,27189961;0,58639890;3,18774605;1,00000000
1,55279090;0,16532359;0,27159202;0,58609128;3,18774605;1,00000000
1,55285757;0,16532359;0,27159202;0,58578372;3,18774605;1,00000000
1,55292424;0,16532359;0,27189961;0,58547610;3,18774605;1,00000000
1,55299091;0,16532359;0,27189961;0,58516854;3,18805361;1,00000000
1,55305758;0,16532359;0,27159202;0,58486098;3,18805361;1,00000000
1,55312426;0,16532359;0,27189961;0,58455342;3,18836117;1,00000000
1,55319093;0,16516978;0,27159202;0,58424580;3,18866873;1,00000000
1,55325760;0,16516978;0,27128446;0,58409202;3,18866873;1,00000000
1,55332427;0,16516978;0,27097687;0,58393824;3,18866873;1,00000000
1,55339094;0,16516978;0,27128446;0,58378446;3,18866873;1,00000000
1,55345762;0,16516978;0,27097687;0,58363068;3,18866873;1,00000000
1,55352429;0,16516978;0,27097687;0,58316928;3,18866873;1,00000000
1,55359096;0,16516978;0,27128446;0,58286172;3,18836117;1,00000000
1,55365763;0,16516978;0,27128446;0,58270794;3,18836117;1,00000000
1,55372430;0,16516978;0,27097687;0,58255410;3,18866873;1,00000000
1,55379098;0,16516978;0,27097687;0,58224654;3,18897629;1,00000000
1,55385765;0,16486220;0,27097687;0,58178520;3,18897629;1,00000000
1,55392432;0,16486220;0,27097687;0,58147764;3,18897629;1,00000000
1,55399099;0,16470842;0,27097687;0,58117002;3,18928385;1,00000000
1,55405766;0,16455463;0,27066928;0,58086246;3,18897629;1,00000000
1,55412434;0,16455463;0,27066928;0,58055484;3,18866873;1,00000000
1,55419101;0,16455463;0,27036172;0,58024728;3,18836117;1,00000000
1,55425768;0,16455463;0,27066928;0,58009350;3,18866873;1,00000000
1,55432435;0,16455463;0,27066928;0,57993972;3,18897629;1,00000000
1,55439102;0,16455463;0,27066928;0,57963216;3,18897629;1,00000000
1,55445770;0,16455463;0,27036172;0,57932454;3,18897629;1,00000000
1,55452437;0,16440085;0,27036172;0,57901698;3,18928385;1,00000000
1,55459104;0,16440085;0,27036172;0,57870936;3,18959141;1,00000000
1,55465771;0,16440085;0,27005413;0,57840180;3,18959141;1,00000000
1,55472438;0,16440085;0,27005413;0,57809424;3,18959141;1,00000000
1,55479106;0,16440085;0,26974654;0,57794046;3,18989897;1,00000000
1,55485773;0,16424704;0,26974654;0,57763284;3,19020653;1,00000000
1,55492440;0,16424704;0,26974654;0,57732528;3,19051409;1,00000000
1,55499107;0,16424704;0,26943898;0,57701772;3,19051409;1,00000000
1,55505774;0,16424704;0,26943898;0,57686394;3,19082165;1,00000000
1,55512442;0,16424704;0,26943898;0,57686394;3,19051409;1,00000000
1,55519109;0,16424704;0,26943898;0,57671016;3,19051409;1,00000000
1,55525776;0,16424704;0,26974654;0,57655638;3,19051409;1,00000000
1,55532443;0,16424704;0,26974654;0,57640254;3,19051409;1,00000000
1,55539110;0,16409326;0,26974654;0,57640254;3,19082165;1,00000000
1,55545778;0,16393946;0,27005413;0,57640254;3,19112968;1,00000000
1,55552445;0,16363189;0,26974654;0,57624876;3,19143724;1,00000000
1,55559112;0,16363189;0,26943898;0,57609499;3,19143724;1,00000000
1,55565779;0,16347811;0,26913139;0,57609499;3,19143724;1,00000000
1,55572446;0,16347811;0,26913139;0,57609499;3,19143724;1,00000000
1,55579114;0,16332431;0,26913139;0,57609499;3,19112968;1,00000000
1,55585781;0,16332431;0,26943898;0,57609499;3,19082165;1,00000000
1,55592448;0,16332431;0,26943898;0,57609499;3,19112968;1,00000000
1,55599115;0,16332431;0,26943898;0,57609499;3,19143724;1,00000000
1,55605782;0,16332431;0,26943898;0,57624876;3,19174480;1,00000000
1,55612450;0,16332431;0,26943898;0,57640254;3,19235992;1,00000000
1,55619117;0,16317053;0,26974654;0,57640254;3,19235992;1,00000000
1,55625784;0,16317053;0,26974654;0,57640254;3,19205236;1,00000000
1,55632451;0,16317053;0,26974654;0,57640254;3,19174480;1,00000000
1,55639118;0,16317053;0,26974654;0,57655638;3,19174480;1,00000000
1,55645786;0,16317053;0,26974654;0,57686394;3,19205236;1,00000000
1,55652453;0,16301674;0,26974654;0,57686394;3,19235992;1,00000000
1,55659120;0,16301674;0,27005413;0,57701772;3,19266748;1,00000000
1,55665787;0,16286296;0,27005413;0,57701772;3,19297504;1,00000000
1,55672454;0,16301674;0,27036172;0,57732528;3,19266748;1,00000000
1,55679122;0,16301674;0,27036172;0,57763284;3,19235992;1,00000000
1,55685789;0,16301674;0,27036172;0,57778668;3,19235992;1,00000000
1,55692456;0,16301674;0,27066928;0,57794046;3,19235992;1,00000000
1,55699123;0,16286296;0,27097687;0,57824802;3,19266748;1,00000000
1,55705790;0,16301674;0,27128446;0,57855558;3,19266748;1,00000000
1,55712458;0,16301674;0,27128446;0,57886314;3,19266748;1,00000000
1,55719125;0,16301674;0,27128446;0,57917076;3,19266748;1,00000000
1,55725792;0,16301674;0,27128446;0,57932454;3,19235992;1,00000000
1,55732459;0,16301674;0,27159202;0,57963216;3,19205236;1,00000000
1,55739126;0,16301674;0,27159202;0,57993972;3,19143724;1,00000000
1,55745794;0,16286296;0,27189961;0,58024728;3,19112968;1,00000000
1,55752461;0,16286296;0,27189961;0,58055484;3,19112968;1,00000000
1,55759128;0,16301674;0,27220720;0,58086246;3,19112968;1,00000000
1,55765795;0,16301674;0,27220720;0,58117002;3,19112968;1,00000000
1,55772462;0,16317053;0,27220720;0,58147764;3,19082165;1,00000000
1,55779130;0,16317053;0,27251476;0,58178520;3,19051409;1,00000000
1,55785797;0,16317053;0,27251476;0,58193898;3,18989897;1,00000000
1,55792464;0,16317053;0,27251476;0,58209276;3,18959141;1,00000000
1,55799131;0,16317053;0,27251476;0,58240032;3,18928385;1,00000000
1,55805798;0,16317053;0,27220720;0,58270794;3,18928385;1,00000000
1,55812466;0,16317053;0,27220720;0,58286172;3,18897629;1,00000000
1,55819133;0,16317053;0,27220720;0,58301550;3,18866873;1,00000000
1,55825800;0,16317053;0,27189961;0,58316928;3,18836117;1,00000000
1,55832467;0,16317053;0,27159202;0,58363068;3,18774605;1,00000000
1,55839134;0,16317053;0,27159202;0,58378446;3,18713093;1,00000000
1,55845802;0,16332431;0,27159202;0,58409202;3,18682337;1,00000000
1,55852469;0,16332431;0,27159202;0,58439958;3,18682337;1,00000000
1,55859136;0,16332431;0,27128446;0,58455342;3,18651581;1,00000000
1,55865803;0,16347811;0,27128446;0,58470720;3,18651581;1,00000000
1,55872470;0,16347811;0,27097687;0,58516854;3,18620801;1,00000000
1,55879138;0,16332431;0,27066928;0,58562988;3,18590045;1,00000000
1,55885805;0,16332431;0,27066928;0,58593750;3,18559289;1,00000000
1,55892472;0,16317053;0,27036172;0,58624506;3,18528533;1,00000000
1,55899139;0,16317053;0,27005413;0,58655268;3,18467021;1,00000000
1,55905806;0,16301674;0,27005413;0,58686024;3,18436265;1,00000000
1,55912474;0,16301674;0,27005413;0,58716780;3,18374753;1,00000000
1,55919141;0,16317053;0,26974654;0,58747536;3,18374753;1,00000000
1,55925808;0,16301674;0,26943898;0,58762920;3,18343997;1,00000000
1,55932475;0,16301674;0,26943898;0,58793676;3,18313241;1,00000000
1,55939142;0,16301674;0,26913139;0,58809054;3,18313241;1,00000000
1,55945810;0,16286296;0,26882383;0,58824432;3,18282485;1,00000000
1,55952477;0,16270915;0,26851624;0,58839810;3,18251729;1,00000000
1,55959144;0,16270915;0,26851624;0,58870566;3,18220973;1,00000000
1,55965811;0,16255537;0,26851624;0,58885950;3,18159461;1,00000000
1,55972478;0,16240157;0,26851624;0,58916706;3,18128681;1,00000000
1,55979146;0,16224779;0,26851624;0,58962846;3,18097925;1,00000000
1,55985813;0,16209400;0,26882383;0,58978224;3,18128681;1,00000000
1,55992480;0,16209400;0,26851624;0,58993602;3,18159461;1,00000000
1,55999147;0,16194022;0,26851624;0,59008980;3,18128681;1,00000000
1,56005814;0,16209400;0,26851624;0,59024358;3,18097925;1,00000000
1,56012482;0,16209400;0,26851624;0,59055120;3,18097925;1,00000000
1,56019149;0,16209400;0,26882383;0,59070498;3,18067169;1,00000000
1,56025816;0,16209400;0,26913139;0,59085876;3,18036413;1,00000000
1,56032483;0,16209400;0,26913139;0,59085876;3,18005657;1,00000000
1,56039150;0,16194022;0,26943898;0,59116638;3,18036413;1,00000000
1,56045818;0,16178641;0,26913139;0,59132016;3,18067169;1,00000000
1,56052485;0,16163263;0,26882383;0,59147394;3,18067169;1,00000000
1,56059152;0,16147883;0,26882383;0,59162772;3,18067169;1,00000000
1,56065819;0,16147883;0,26851624;0,59178150;3,18067169;1,00000000
1,56072486;0,16132505;0,26851624;0,59193528;3,18067169;1,00000000
1,56079154;0,16147883;0,26820865;0,59193528;3,18067169;1,00000000
1,56085821;0,16147883;0,26851624;0,59208906;3,18067169;1,00000000
1,56092488;0,16163263;0,26820865;0,59208906;3,18097925;1,00000000
1,56099155;0,16163263;0,26820865;0,59193528;3,18128681;1,00000000
1,56105822;0,16163263;0,26820865;0,59193528;3,18128681;1,00000000
1,56112490;0,16178641;0,26790109;0,59193528;3,18128681;1,00000000
1,56119157;0,16178641;0,26790109;0,59193528;3,18097925;1,00000000
1,56125824;0,16178641;0,26790109;0,59208906;3,18097925;1,00000000
1,56132491;0,16194022;0,26759350;0,59224284;3,18097925;1,00000000
1,56139158;0,16209400;0,26759350;0,59224284;3,18128681;1,00000000
1,56145826;0,16209400;0,26759350;0,59239668;3,18159461;1,00000000
1,56152493;0,16224779;0,26790109;0,59224284;3,18159461;1,00000000
1,56159160;0,16224779;0,26790109;0,59239668;3,18159461;1,00000000
1,56165827;0,16224779;0,26790109;0,59239668;3,18128681;1,00000000
1,56172494;0,16224779;0,26759350;0,59239668;3,18159461;1,00000000
1,56179162;0,16224779;0,26759350;0,59224284;3,18190217;1,00000000
1,56185829;0,16224779;0,26728594;0,59224284;3,18220973;1,00000000
1,56192496;0,16224779;0,26728594;0,59208906;3,18251729;1,00000000
1,56199163;0,16224779;0,26728594;0,59193528;3,18251729;1,00000000
1,56205830;0,16240157;0,26697835;0,59178150;3,18251729;1,00000000
1,56212498;0,16255537;0,26697835;0,59147394;3,18220973;1,00000000
1,56219165;0,16270915;0,26728594;0,59132016;3,18251729;1,00000000
1,56225832;0,16270915;0,26728594;0,59132016;3,18282485;1,00000000
1,56232499;0,16270915;0,26728594;0,59116638;3,18313241;1,00000000
1,56239166;0,16270915;0,26728594;0,59085876;3,18343997;1,00000000
1,56245834;0,16286296;0,26728594;0,59070498;3,18343997;1,00000000
1,56252501;0,16286296;0,26728594;0,59039736;3,18343997;1,00000000
1,56259168;0,16286296;0,26728594;0,59039736;3,18343997;1,00000000
1,56265835;0,16301674;0,26728594;0,59008980;3,18343997;1,00000000
1,56272502;0,16301674;0,26728594;0,58993602;3,18313241;1,00000000
1,56279170;0,16317053;0,26759350;0,58962846;3,18343997;1,00000000
1,56285837;0,16332431;0,26790109;0,58916706;3,18343997;1,00000000
1,56292504;0,16347811;0,26790109;0,58885950;3,18374753;1,00000000
1,56299171;0,16332431;0,26820865;0,58855188;3,18374753;1,00000000
1,56305838;0,16347811;0,26820865;0,58809054;3,18374753;1,00000000
1,56312506;0,16363189;0,26851624;0,58793676;3,18374753;1,00000000
1,56319173;0,16363189;0,26851624;0,58762920;3,18374753;1,00000000
1,56325840;0,16378568;0,26882383;0,58732158;3,18343997;1,00000000
1,56332507;0,16378568;0,26913139;0,58701402;3,18374753;1,00000000
1,56339174;0,16378568;0,26913139;0,58670646;3,18436265;1,00000000
1,56345842;0,16363189;0,26943898;0,58624506;3,18436265;1,00000000
1,56352509;0,16378568;0,26943898;0,58578372;3,18436265;1,00000000
1,56359176;0,16378568;0,26943898;0,58532232;3,18436265;1,00000000
1,56365843;0,16378568;0,26974654;0,58486098;3,18436265;1,00000000
1,56372510;0,16393946;0,26943898;0,58455342;3,18436265;1,00000000
1,56379178;0,16393946;0,26943898;0,58424580;3,18436265;1,00000000
1,56385845;0,16409326;0,26943898;0,58378446;3,18436265;1,00000000
1,56392512;0,16424704;0,26974654;0,58332312;3,18528533;1,00000000
1,56399179;0,16424704;0,26943898;0,58286172;3,18528533;1,00000000
1,56405846;0,16424704;0,26943898;0,58240032;3,18528533;1,00000000
1,56412514;0,16424704;0,26943898;0,58209276;3,18528533;1,00000000
1,56419181;0,16440085;0,26943898;0,58163142;3,18528533;1,00000000
1,56425848;0,16455463;0,26913139;0,58132380;3,18467021;1,00000000
1,56432515;0,16470842;0,26943898;0,58086246;3,18528533;1,00000000
1,56439182;0,16470842;0,26943898;0,58040106;3,18528533;1,00000000
1,56445850;0,16486220;0,26943898;0,58009350;3,18559289;1,00000000
1,56452517;0,16486220;0,26974654;0,57963216;3,18559289;1,00000000
1,56459184;0,16486220;0,26974654;0,57932454;3,18559289;1,00000000
1,56465851;0,16486220;0,26974654;0,57886314;3,18559289;1,00000000
1,56472518;0,16486220;0,26943898;0,57840180;3,18559289;1,00000000
1,56479186;0,16501600;0,26974654;0,57809424;3,18559289;1,00000000
1,56485853;0,16501600;0,26974654;0,57763284;3,18528533;1,00000000
1,56492520;0,16516978;0,27005413;0,57717150;3,18436265;1,00000000
1,56499187;0,16516978;0,27036172;0,57686394;3,18467021;1,00000000
1,56505854;0,16516978;0,27066928;0,57655638;3,18528533;1,00000000
1,56512522;0,16516978;0,27066928;0,57640254;3,18528533;1,00000000
1,56519189;0,16532359;0,27036172;0,57609499;3,18528533;1,00000000
1,56525856;0,16532359;0,27066928;0,57563359;3,18528533;1,00000000
1,56532523;0,16532359;0,27066928;0,57517225;3,18559289;1,00000000
1,56539190;0,16532359;0,27066928;0,57486469;3,18590045;1,00000000
1,56545858;0,16563116;0,27066928;0,57455707;3,18559289;1,00000000
1,56552525;0,16563116;0,27066928;0,57409573;3,18528533;1,00000000
1,56559192;0,16563116;0,27066928;0,57378817;3,18528533;1,00000000
1,56565859;0,16578494;0,27097687;0,57348061;3,18528533;1,00000000
1,56572526;0,16593874;0,27128446;0,57317299;3,18528533;1,00000000
1,56579194;0,16609251;0,27097687;0,57301921;3,18528533;1,00000000
1,56585861;0,16609251;0,27066928;0,57286543;3,18528533;1,00000000
1,56592528;0,16609251;0,27036172;0,57271159;3,18467021;1,00000000
1,56599195;0,16609251;0,27005413;0,57225025;3,18436265;1,00000000
1,56605862;0,16609251;0,27036172;0,57209647;3,18405509;1,00000000
1,56612530;0,16609251;0,27036172;0,57194269;3,18436265;1,00000000
1,56619197;0,16609251;0,27066928;0,57163513;3,18467021;1,00000000
1,56625864;0,16609251;0,27066928;0,57132751;3,18528533;1,00000000
1,56632531;0,16609251;0,27036172;0,57117373;3,18528533;1,00000000
1,56639198;0,16609251;0,27005413;0,57086611;3,18528533;1,00000000
1,56645866;0,16624631;0,26974654;0,57071233;3,18467021;1,00000000
1,56652533;0,16624631;0,26943898;0,57055855;3,18436265;1,00000000
1,56659200;0,16624631;0,26943898;0,57055855;3,18405509;1,00000000
1,56665867;0,16624631;0,26943898;0,57025099;3,18405509;1,00000000
1,56672534;0,16624631;0,26943898;0,57025099;3,18436265;1,00000000
1,56679202;0,16624631;0,26943898;0,57025099;3,18467021;1,00000000
1,56685869;0,16624631;0,26913139;0,57025099;3,18528533;1,00000000
1,56692536;0,16640009;0,26882383;0,57025099;3,18528533;1,00000000
1,56699203;0,16655388;0,26851624;0,57040477;3,18528533;1,00000000
1,56705870;0,16655388;0,26820865;0,57040477;3,18467021;1,00000000
1,56712538;0,16655388;0,26820865;0,57055855;3,18436265;1,00000000
1,56719205;0,16640009;0,26851624;0,57071233;3,18467021;1,00000000
1,56725872;0,16640009;0,26882383;0,57086611;3,18528533;1,00000000
1,56732539;0,16640009;0,26882383;0,57101995;3,18559289;1,00000000
1,56739206;0,16640009;0,26882383;0,57117373;3,18528533;1,00000000
1,56745874;0,16640009;0,26882383;0,57132751;3,18467021;1,00000000
1,56752541;0,16640009;0,26882383;0,57163513;3,18467021;1,00000000
1,56759208;0,16640009;0,26882383;0,57178891;3,18467021;1,00000000
1,56765875;0,16640009;0,26851624;0,57209647;3,18467021;1,00000000
1,56772542;0,16640009;0,26882383;0,57240403;3,18528533;1,00000000
1,56779210;0,16640009;0,26882383;0,57271159;3,18559289;1,00000000
1,56785877;0,16640009;0,26882383;0,57301921;3,18590045;1,00000000
1,56792544;0,16640009;0,26851624;0,57332677;3,18559289;1,00000000
1,56799211;0,16640009;0,26851624;0,57363439;3,18528533;1,00000000
1,56805878;0,16640009;0,26820865;0,57409573;3,18528533;1,00000000
1,56812546;0,16640009;0,26820865;0,57455707;3,18528533;1,00000000
1,56819213;0,16640009;0,26851624;0,57501847;3,18559289;1,00000000
1,56825880;0,16640009;0,26820865;0,57547981;3,18559289;1,00000000
1,56832547;0,16640009;0,26820865;0,57594121;3,18590045;1,00000000
1,56839214;0,16655388;0,26851624;0,57640254;3,18620801;1,00000000
1,56845882;0,16655388;0,26820865;0,57686394;3,18651581;1,00000000
1,56852549;0,16670766;0,26820865;0,57732528;3,18651581;1,00000000
1,56859216;0,16670766;0,26790109;0,57763284;3,18682337;1,00000000
1,56865883;0,16670766;0,26759350;0,57809424;3,18682337;1,00000000
1,56872550;0,16670766;0,26759350;0,57855558;3,18713093;1,00000000
1,56879218;0,16670766;0,26728594;0,57901698;3,18743849;1,00000000
1,56885885;0,16670766;0,26759350;0,57963216;3,18774605;1,00000000
1,56892552;0,16670766;0,26759350;0,57993972;3,18805361;1,00000000
1,56899219;0,16686147;0,26790109;0,58024728;3,18836117;1,00000000
1,56905886;0,16686147;0,26790109;0,58070862;3,18866873;1,00000000
1,56912554;0,16686147;0,26759350;0,58132380;3,18897629;1,00000000
1,56919221;0,16686147;0,26759350;0,58193898;3,18928385;1,00000000
1,56925888;0,16686147;0,26790109;0,58240032;3,18928385;1,00000000
1,56932555;0,16686147;0,26820865;0,58270794;3,18959141;1,00000000
1,56939222;0,16686147;0,26851624;0,58316928;3,18989897;1,00000000
1,56945890;0,16686147;0,26882383;0,58347690;3,19020653;1,00000000
1,56952557;0,16686147;0,26913139;0,58393824;3,19051409;1,00000000
1,56959224;0,16686147;0,26913139;0,58439958;3,19051409;1,00000000
1,56965891;0,16686147;0,26943898;0,58486098;3,19051409;1,00000000
1,56972558;0,16686147;0,26943898;0,58532232;3,19051409;1,00000000
1,56979226;0,16686147;0,26943898;0,58562988;3,19051409;1,00000000
1,56985893;0,16686147;0,26974654;0,58609128;3,19051409;1,00000000
1,56992560;0,16686147;0,26974654;0,58639890;3,19082165;1,00000000
1,56999227;0,16701525;0,26943898;0,58655268;3,19112968;1,00000000
1,57005894;0,16701525;0,26974654;0,58701402;3,19082165;1,00000000
1,57012562;0,16701525;0,26974654;0,58732158;3,19051409;1,00000000
1,57019229;0,16701525;0,26943898;0,58762920;3,19020653;1,00000000
1,57025896;0,16701525;0,26974654;0,58778298;3,19020653;1,00000000
1,57032563;0,16716905;0,26974654;0,58778298;3,19020653;1,00000000
1,57039230;0,16732283;0,27005413;0,58793676;3,19020653;1,00000000
1,57045898;0,16732283;0,26974654;0,58809054;3,19020653;1,00000000
1,57052565;0,16732283;0,27005413;0,58824432;3,19020653;1,00000000
1,57059232;0,16732283;0,27005413;0,58855188;3,19020653;1,00000000
1,57065899;0,16732283;0,27005413;0,58870566;3,19082165;1,00000000
1,57072566;0,16732283;0,27036172;0,58870566;3,19051409;1,00000000
1,57079234;0,16732283;0,27036172;0,58885950;3,19020653;1,00000000
1,57085901;0,16732283;0,27005413;0,58885950;3,19020653;1,00000000
1,57092568;0,16747662;0,27005413;0,58901328;3,19020653;1,00000000
1,57099235;0,16747662;0,27005413;0,58901328;3,19020653;1,00000000
1,57105902;0,16763040;0,27005413;0,58901328;3,18989897;1,00000000
1,57112570;0,16763040;0,27036172;0,58901328;3,19020653;1,00000000
1,57119237;0,16778421;0,27005413;0,58901328;3,19051409;1,00000000
1,57125904;0,16778421;0,27005413;0,58885950;3,19020653;1,00000000
1,57132571;0,16778421;0,26974654;0,58885950;3,18989897;1,00000000
1,57139238;0,16778421;0,26974654;0,58885950;3,18989897;1,00000000
1,57145906;0,16778421;0,26943898;0,58885950;3,18989897;1,00000000
1,57152573;0,16778421;0,26943898;0,58870566;3,18989897;1,00000000
1,57159240;0,16778421;0,26943898;0,58855188;3,18959141;1,00000000
1,57165907;0,16778421;0,26943898;0,58855188;3,18928385;1,00000000
1,57172574;0,16778421;0,26943898;0,58855188;3,18897629;1,00000000
1,57179242;0,16778421;0,26974654;0,58855188;3,18897629;1,00000000
1,57185909;0,16778421;0,27005413;0,58839810;3,18897629;1,00000000
1,57192576;0,16778421;0,26974654;0,58824432;3,18897629;1,00000000
1,57199243;0,16778421;0,27005413;0,58809054;3,18897629;1,00000000
1,57205910;0,16763040;0,27005413;0,58809054;3,18897629;1,00000000
1,57212578;0,16763040;0,27005413;0,58809054;3,18866873;1,00000000
1,57219245;0,16763040;0,27005413;0,58793676;3,18866873;1,00000000
1,57225912;0,16763040;0,26974654;0,58762920;3,18836117;1,00000000
1,57232579;0,16763040;0,26943898;0,58747536;3,18805361;1,00000000
1,57239246;0,16763040;0,26943898;0,58747536;3,18805361;1,00000000
1,57245914;0,16763040;0,26974654;0,58732158;3,18805361;1,00000000
1,57252581;0,16763040;0,26943898;0,58701402;3,18805361;1,00000000
1,57259248;0,16778421;0,26943898;0,58686024;3,18805361;1,00000000
1,57265915;0,16763040;0,26943898;0,58686024;3,18774605;1,00000000
1,57272582;0,16763040;0,26943898;0,58655268;3,18774605;1,00000000
1,57279250;0,16763040;0,26943898;0,58639890;3,18805361;1,00000000
1,57285917;0,16763040;0,26974654;0,58624506;3,18836117;1,00000000
1,57292584;0,16763040;0,26943898;0,58609128;3,18866873;1,00000000
1,57299251;0,16763040;0,26974654;0,58578372;3,18866873;1,00000000
1,57305918;0,16778421;0,26943898;0,58547610;3,18866873;1,00000000
1,57312586;0,16778421;0,26943898;0,58516854;3,18866873;1,00000000
1,57319253;0,16778421;0,26943898;0,58470720;3,18836117;1,00000000
1,57325920;0,16778421;0,26913139;0,58424580;3,18836117;1,00000000
1,57332587;0,16778421;0,26913139;0,58393824;3,18866873;1,00000000
1,57339254;0,16778421;0,26913139;0,58378446;3,18897629;1,00000000
1,57345922;0,16778421;0,26943898;0,58332312;3,18897629;1,00000000
1,57352589;0,16778421;0,26943898;0,58301550;3,18897629;1,00000000
1,57359256;0,16778421;0,26943898;0,58286172;3,18897629;1,00000000
1,57365923;0,16778421;0,26913139;0,58255410;3,18897629;1,00000000
1,57372590;0,16809179;0,26913139;0,58240032;3,18897629;1,00000000
1,57379258;0,16793799;0,26913139;0,58209276;3,18928385;1,00000000
1,57385925;0,16793799;0,26913139;0,58178520;3,18959141;1,00000000
1,57392592;0,16793799;0,26943898;0,58147764;3,18959141;1,00000000
1,57399259;0,16793799;0,26913139;0,58117002;3,18959141;1,00000000
1,57405926;0,16793799;0,26882383;0,58086246;3,18928385;1,00000000
1,57412594;0,16778421;0,26882383;0,58055484;3,18897629;1,00000000
1,57419261;0,16778421;0,26913139;0,58024728;3,18897629;1,00000000
1,57425928;0,16778421;0,26913139;0,57993972;3,18897629;1,00000000
1,57432595;0,16778421;0,26913139;0,57993972;3,18928385;1,00000000
1,57439262;0,16778421;0,26882383;0,57963216;3,18959141;1,00000000
1,57445930;0,16793799;0,26882383;0,57947832;3,18989897;1,00000000
1,57452597;0,16793799;0,26851624;0,57917076;3,18989897;1,00000000
1,57459264;0,16793799;0,26851624;0,57886314;3,19020653;1,00000000
1,57465931;0,16778421;0,26851624;0,57855558;3,18989897;1,00000000
1,57472598;0,16778421;0,26851624;0,57824802;3,18989897;1,00000000
1,57479266;0,16763040;0,26820865;0,57794046;3,18989897;1,00000000
1,57485933;0,16747662;0,26790109;0,57763284;3,19020653;1,00000000
1,57492600;0,16747662;0,26790109;0,57747906;3,19051409;1,00000000
1,57499267;0,16747662;0,26790109;0,57717150;3,19051409;1,00000000
1,57505934;0,16747662;0,26790109;0,57701772;3,19082165;1,00000000
1,57512602;0,16747662;0,26790109;0,57671016;3,19112968;1,00000000
1,57519269;0,16732283;0,26759350;0,57655638;3,19082165;1,00000000
1,57525936;0,16716905;0,26759350;0,57640254;3,19082165;1,00000000
1,57532603;0,16716905;0,26759350;0,57640254;3,19082165;1,00000000
1,57539270;0,16701525;0,26759350;0,57624876;3,19112968;1,00000000
1,57545938;0,16701525;0,26759350;0,57624876;3,19143724;1,00000000
1,57552605;0,16686147;0,26728594;0,57594121;3,19174480;1,00000000
1,57559272;0,16686147;0,26728594;0,57594121;3,19174480;1,00000000
1,57565939;0,16670766;0,26728594;0,57594121;3,19235992;1,00000000
1,57572606;0,16655388;0,26697835;0,57594121;3,19235992;1,00000000
1,57579274;0,16640009;0,26728594;0,57578737;3,19235992;1,00000000
1,57585941;0,16640009;0,26759350;0,57578737;3,19235992;1,00000000
1,57592608;0,16640009;0,26759350;0,57578737;3,19235992;1,00000000
1,57599275;0,16655388;0,26790109;0,57578737;3,19266748;1,00000000
1,57605942;0,16655388;0,26790109;0,57578737;3,19297504;1,00000000
1,57612610;0,16655388;0,26790109;0,57578737;3,19328260;1,00000000
1,57619277;0,16655388;0,26820865;0,57578737;3,19297504;1,00000000
1,57625944;0,16640009;0,26851624;0,57594121;3,19266748;1,00000000
1,57632611;0,16640009;0,26882383;0,57624876;3,19235992;1,00000000
1,57639278;0,16655388;0,26882383;0,57640254;3,19205236;1,00000000
1,57645946;0,16670766;0,26913139;0,57671016;3,19205236;1,00000000
1,57652613;0,16670766;0,26913139;0,57701772;3,19235992;1,00000000
1,57659280;0,16670766;0,26913139;0,57717150;3,19266748;1,00000000
1,57665947;0,16655388;0,26943898;0,57732528;3,19297504;1,00000000
1,57672614;0,16655388;0,26943898;0,57763284;3,19328260;1,00000000
1,57679282;0,16655388;0,26943898;0,57778668;3,19297504;1,00000000
1,57685949;0,16670766;0,26943898;0,57794046;3,19266748;1,00000000
1,57692616;0,16670766;0,26913139;0,57824802;3,19266748;1,00000000
1,57699283;0,16686147;0,26943898;0,57855558;3,19235992;1,00000000
1,57705950;0,16701525;0,26943898;0,57886314;3,19266748;1,00000000
1,57712618;0,16686147;0,26943898;0,57901698;3,19297504;1,00000000
1,57719285;0,16686147;0,26943898;0,57917076;3,19297504;1,00000000
1,57725952;0,16701525;0,26913139;0,57947832;3,19235992;1,00000000
1,57732619;0,16701525;0,26882383;0,57978594;3,19205236;1,00000000
1,57739286;0,16716905;0,26913139;0,58009350;3,19174480;1,00000000
1,57745954;0,16716905;0,26882383;0,58024728;3,19143724;1,00000000
1,57752621;0,16716905;0,26882383;0,58055484;3,19112968;1,00000000
1,57759288;0,16732283;0,26882383;0,58086246;3,19112968;1,00000000
1,57765955;0,16747662;0,26913139;0,58117002;3,19112968;1,00000000
1,57772622;0,16732283;0,26913139;0,58147764;3,19143724;1,00000000
1,57779290;0,16747662;0,26943898;0,58178520;3,19143724;1,00000000
1,57785957;0,16732283;0,26943898;0,58209276;3,19082165;1,00000000
1,57792624;0,16747662;0,26943898;0,58240032;3,19051409;1,00000000
1,57799291;0,16732283;0,26974654;0,58270794;3,18989897;1,00000000
1,57805958;0,16732283;0,26943898;0,58301550;3,18928385;1,00000000
1,57812626;0,16747662;0,26943898;0,58332312;3,18928385;1,00000000
1,57819293;0,16747662;0,26974654;0,58363068;3,18928385;1,00000000
1,57825960;0,16747662;0,26943898;0,58393824;3,18928385;1,00000000
1,57832627;0,16763040;0,26974654;0,58409202;3,18928385;1,00000000
1,57839294;0,16763040;0,27005413;0,58439958;3,18928385;1,00000000
1,57845962;0,16747662;0,26974654;0,58470720;3,18897629;1,00000000
1,57852629;0,16763040;0,26974654;0,58486098;3,18836117;1,00000000
1,57859296;0,16763040;0,26974654;0,58532232;3,18805361;1,00000000
1,57865963;0,16763040;0,26974654;0,58547610;3,18774605;1,00000000
1,57872630;0,16763040;0,26974654;0,58578372;3,18774605;1,00000000
1,57879298;0,16763040;0,26974654;0,58593750;3,18743849;1,00000000
1,57885965;0,16763040;0,26974654;0,58639890;3,18713093;1,00000000
1,57892632;0,16763040;0,27005413;0,58655268;3,18682337;1,00000000
1,57899299;0,16763040;0,27036172;0,58686024;3,18651581;1,00000000
1,57905966;0,16763040;0,27005413;0,58716780;3,18651581;1,00000000
1,57912634;0,16763040;0,27005413;0,58747536;3,18620801;1,00000000
1,57919301;0,16763040;0,26974654;0,58762920;3,18590045;1,00000000
1,57925968;0,16747662;0,26943898;0,58793676;3,18559289;1,00000000
1,57932635;0,16763040;0,26913139;0,58809054;3,18528533;1,00000000
1,57939302;0,16763040;0,26913139;0,58824432;3,18467021;1,00000000
1,57945970;0,16778421;0,26882383;0,58855188;3,18436265;1,00000000
1,57952637;0,16763040;0,26882383;0,58870566;3,18436265;1,00000000
1,57959304;0,16747662;0,26882383;0,58885950;3,18436265;1,00000000
1,57965971;0,16732283;0,26851624;0,58885950;3,18405509;1,00000000
1,57972638;0,16716905;0,26851624;0,58901328;3,18374753;1,00000000
1,57979306;0,16701525;0,26820865;0,58901328;3,18343997;1,00000000
1,57985973;0,16686147;0,26790109;0,58947468;3,18343997;1,00000000
1,57992640;0,16686147;0,26759350;0,58962846;3,18343997;1,00000000
1,57999307;0,16670766;0,26759350;0,58978224;3,18313241;1,00000000
1,58005974;0,16686147;0,26728594;0,58993602;3,18313241;1,00000000
1,58012642;0,16670766;0,26728594;0,59008980;3,18313241;1,00000000
1,58019309;0,16655388;0,26728594;0,59008980;3,18343997;1,00000000
1,58025976;0,16655388;0,26697835;0,59024358;3,18343997;1,00000000
1,58032643;0,16640009;0,26667076;0,59039736;3,18343997;1,00000000
1,58039310;0,16655388;0,26636320;0,59055120;3,18343997;1,00000000
1,58045978;0,16655388;0,26636320;0,59070498;3,18313241;1,00000000
1,58052645;0,16655388;0,26605561;0,59085876;3,18343997;1,00000000
1,58059312;0,16640009;0,26636320;0,59101254;3,18374753;1,00000000
1,58065979;0,16640009;0,26636320;0,59101254;3,18405509;1,00000000
1,58072646;0,16640009;0,26636320;0,59132016;3,18405509;1,00000000
1,58079314;0,16624631;0,26667076;0,59132016;3,18405509;1,00000000
1,58085981;0,16624631;0,26667076;0,59147394;3,18405509;1,00000000
1,58092648;0,16609251;0,26636320;0,59162772;3,18374753;1,00000000
1,58099315;0,16593874;0,26605561;0,59178150;3,18343997;1,00000000
1,58105982;0,16593874;0,26605561;0,59193528;3,18374753;1,00000000
1,58112650;0,16593874;0,26605561;0,59208906;3,18405509;1,00000000
1,58119317;0,16593874;0,26605561;0,59193528;3,18405509;1,00000000
1,58125984;0,16578494;0,26636320;0,59208906;3,18405509;1,00000000
1,58132651;0,16578494;0,26636320;0,59193528;3,18405509;1,00000000
1,58139318;0,16563116;0,26605561;0,59208906;3,18405509;1,00000000
1,58145986;0,16578494;0,26574802;0,59208906;3,18405509;1,00000000
1,58152653;0,16578494;0,26574802;0,59193528;3,18436265;1,00000000
1,58159320;0,16578494;0,26574802;0,59208906;3,18436265;1,00000000
1,58165987;0,16578494;0,26605561;0,59208906;3,18436265;1,00000000
1,58172654;0,16578494;0,26636320;0,59224284;3,18436265;1,00000000
1,58179322;0,16593874;0,26667076;0,59224284;3,18436265;1,00000000
1,58185989;0,16609251;0,26667076;0,59224284;3,18467021;1,00000000
1,58192656;0,16609251;0,26697835;0,59224284;3,18528533;1,00000000
1,58199323;0,16609251;0,26667076;0,59208906;3,18590045;1,00000000
1,58205990;0,16609251;0,26667076;0,59178150;3,18620801;1,00000000
1,58212658;0,16624631;0,26667076;0,59162772;3,18620801;1,00000000
1,58219325;0,16640009;0,26667076;0,59132016;3,18620801;1,00000000
1,58225992;0,16624631;0,26697835;0,59116638;3,18620801;1,00000000
1,58232659;0,16640009;0,26697835;0,59101254;3,18620801;1,00000000
1,58239326;0,16640009;0,26728594;0,59085876;3,18590045;1,00000000
1,58245994;0,16655388;0,26728594;0,59055120;3,18590045;1,00000000
1,58252661;0,16655388;0,26697835;0,59024358;3,18620801;1,00000000
1,58259328;0,16670766;0,26697835;0,59008980;3,18620801;1,00000000
1,58265995;0,16686147;0,26667076;0,58978224;3,18620801;1,00000000
1,58272662;0,16686147;0,26667076;0,58947468;3,18620801;1,00000000
1,58279330;0,16686147;0,26667076;0,58901328;3,18620801;1,00000000
1,58285997;0,16686147;0,26697835;0,58870566;3,18651581;1,00000000
1,58292664;0,16686147;0,26728594;0,58839810;3,18620801;1,00000000
1,58299331;0,16686147;0,26728594;0,58809054;3,18620801;1,00000000
1,58305998;0,16686147;0,26728594;0,58778298;3,18620801;1,00000000
1,58312666;0,16701525;0,26697835;0,58762920;3,18620801;1,00000000
1,58319333;0,16716905;0,26667076;0,58732158;3,18590045;1,00000000
1,58326000;0,16732283;0,26636320;0,58701402;3,18559289;1,00000000
1,58332667;0,16732283;0,26636320;0,58670646;3,18528533;1,00000000
1,58339334;0,16747662;0,26636320;0,58639890;3,18528533;1,00000000
1,58346002;0,16763040;0,26636320;0,58624506;3,18559289;1,00000000
1,58352669;0,16778421;0,26636320;0,58593750;3,18559289;1,00000000
1,58359336;0,16793799;0,26667076;0,58578372;3,18559289;1,00000000
1,58366003;0,16793799;0,26667076;0,58532232;3,18559289;1,00000000
1,58372670;0,16809179;0,26667076;0,58516854;3,18559289;1,00000000
1,58379338;0,16824557;0,26667076;0,58470720;3,18528533;1,00000000
1,58386005;0,16824557;0,26667076;0,58424580;3,18467021;1,00000000
1,58392672;0,16824557;0,26697835;0,58393824;3,18467021;1,00000000
1,58399339;0,16824557;0,26728594;0,58347690;3,18528533;1,00000000
1,58406006;0,16809179;0,26759350;0,58316928;3,18528533;1,00000000
1,58412674;0,16824557;0,26759350;0,58286172;3,18528533;1,00000000
1,58419341;0,16839936;0,26728594;0,58255410;3,18528533;1,00000000
1,58426008;0,16855314;0,26697835;0,58224654;3,18528533;1,00000000
1,58432675;0,16870694;0,26697835;0,58178520;3,18467021;1,00000000
1,58439342;0,16870694;0,26697835;0,58147764;3,18436265;1,00000000
1,58446010;0,16886072;0,26697835;0,58117002;3,18528533;1,00000000
1,58452677;0,16886072;0,26667076;0,58086246;3,18467021;1,00000000
1,58459344;0,16886072;0,26667076;0,58040106;3,18436265;1,00000000
1,58466011;0,16901451;0,26667076;0,58009350;3,18436265;1,00000000
1,58472678;0,16901451;0,26667076;0,57963216;3,18436265;1,00000000
1,58479346;0,16916829;0,26667076;0,57932454;3,18436265;1,00000000
1,58486013;0,16916829;0,26667076;0,57886314;3,18405509;1,00000000
1,58492680;0,16916829;0,26667076;0,57855558;3,18374753;1,00000000
1,58499347;0,16932210;0,26697835;0,57824802;3,18405509;1,00000000
1,58506014;0,16932210;0,26728594;0,57809424;3,18467021;1,00000000
1,58512682;0,16947588;0,26759350;0,57763284;3,18467021;1,00000000
1,58519349;0,16962968;0,26790109;0,57717150;3,18467021;1,00000000
1,58526016;0,16978346;0,26759350;0,57671016;3,18467021;1,00000000
1,58532683;0,16978346;0,26759350;0,57624876;3,18467021;1,00000000
1,58539350;0,16993725;0,26759350;0,57594121;3,18436265;1,00000000
1,58546018;0,16993725;0,26728594;0,57547981;3,18405509;1,00000000
1,58552685;0,16993725;0,26728594;0,57517225;3,18405509;1,00000000
1,58559352;0,17009103;0,26759350;0,57486469;3,18405509;1,00000000
1,58566019;0,17009103;0,26790109;0,57455707;3,18405509;1,00000000
1,58572686;0,17024484;0,26820865;0,57409573;3,18405509;1,00000000
1,58579354;0,17024484;0,26820865;0,57378817;3,18405509;1,00000000
1,58586021;0,17024484;0,26851624;0,57348061;3,18374753;1,00000000
1,58592688;0,17024484;0,26820865;0,57317299;3,18343997;1,00000000
1,58599355;0,17024484;0,26820865;0,57301921;3,18313241;1,00000000
1,58606022;0,17024484;0,26790109;0,57286543;3,18282485;1,00000000
1,58612690;0,17039862;0,26790109;0,57271159;3,18282485;1,00000000
1,58619357;0,17039862;0,26790109;0,57240403;3,18282485;1,00000000
1,58626024;0,17039862;0,26790109;0,57209647;3,18282485;1,00000000
1,58632691;0,17039862;0,26790109;0,57178891;3,18282485;1,00000000
1,58639358;0,17039862;0,26759350;0,57178891;3,18251729;1,00000000
1,58646026;0,17039862;0,26728594;0,57148129;3,18251729;1,00000000
1,58652693;0,17039862;0,26697835;0,57148129;3,18251729;1,00000000
1,58659360;0,17039862;0,26667076;0,57132751;3,18190217;1,00000000
1,58666027;0,17055242;0,26667076;0,57132751;3,18159461;1,00000000
1,58672694;0,17055242;0,26636320;0,57132751;3,18159461;1,00000000
1,58679362;0,17055242;0,26667076;0,57132751;3,18159461;1,00000000
1,58686029;0,17055242;0,26667076;0,57132751;3,18159461;1,00000000
1,58692696;0,17055242;0,26667076;0,57132751;3,18159461;1,00000000
1,58699363;0,17055242;0,26697835;0,57148129;3,18128681;1,00000000
1,58706030;0,17039862;0,26697835;0,57163513;3,18128681;1,00000000
1,58712698;0,17039862;0,26697835;0,57163513;3,18159461;1,00000000
1,58719365;0,17039862;0,26697835;0,57178891;3,18159461;1,00000000
1,58726032;0,17039862;0,26697835;0,57194269;3,18159461;1,00000000
1,58732699;0,17039862;0,26697835;0,57225025;3,18128681;1,00000000
1,58739366;0,17024484;0,26697835;0,57255781;3,18128681;1,00000000
1,58746034;0,17009103;0,26667076;0,57271159;3,18128681;1,00000000
1,58752701;0,17009103;0,26667076;0,57286543;3,18128681;1,00000000
1,58759368;0,17009103;0,26636320;0,57301921;3,18128681;1,00000000
1,58766035;0,17009103;0,26667076;0,57317299;3,18159461;1,00000000
1,58772702;0,17009103;0,26636320;0,57332677;3,18128681;1,00000000
1,58779370;0,17009103;0,26636320;0,57378817;3,18128681;1,00000000
1,58786037;0,17009103;0,26667076;0,57409573;3,18128681;1,00000000
1,58792704;0,17009103;0,26697835;0,57440329;3,18128681;1,00000000
1,58799371;0,17009103;0,26697835;0,57471091;3,18128681;1,00000000
1,58806038;0,17009103;0,26728594;0,57517225;3,18128681;1,00000000
1,58812706;0,17009103;0,26728594;0,57563359;3,18128681;1,00000000
1,58819373;0,17009103;0,26697835;0,57609499;3,18128681;1,00000000
1,58826040;0,16993725;0,26728594;0,57655638;3,18159461;1,00000000
1,58832707;0,16993725;0,26728594;0,57701772;3,18159461;1,00000000
1,58839374;0,16993725;0,26759350;0,57747906;3,18190217;1,00000000
1,58846042;0,16978346;0,26759350;0,57794046;3,18159461;1,00000000
1,58852709;0,16978346;0,26759350;0,57840180;3,18159461;1,00000000
1,58859376;0,16978346;0,26790109;0,57901698;3,18159461;1,00000000
1,58866043;0,16978346;0,26790109;0,57947832;3,18159461;1,00000000
1,58872710;0,16978346;0,26790109;0,57993972;3,18190217;1,00000000
1,58879378;0,16978346;0,26820865;0,58040106;3,18251729;1,00000000
1,58886045;0,16978346;0,26820865;0,58086246;3,18282485;1,00000000
1,58892712;0,16978346;0,26820865;0,58117002;3,18282485;1,00000000
1,58899379;0,16978346;0,26851624;0,58163142;3,18282485;1,00000000
1,58906046;0,16978346;0,26851624;0,58224654;3,18282485;1,00000000
1,58912714;0,16993725;0,26882383;0,58270794;3,18282485;1,00000000
1,58919381;0,16993725;0,26882383;0,58301550;3,18313241;1,00000000
1,58926048;0,16993725;0,26913139;0,58347690;3,18374753;1,00000000
1,58932715;0,16993725;0,26943898;0,58409202;3,18436265;1,00000000
1,58939382;0,16993725;0,26943898;0,58439958;3,18528533;1,00000000
1,58946050;0,16993725;0,26943898;0,58486098;3,18528533;1,00000000
1,58952717;0,16993725;0,26943898;0,58516854;3,18528533;1,00000000
1,58959384;0,17009103;0,26974654;0,58562988;3,18528533;1,00000000
1,58966051;0,17009103;0,27005413;0,58624506;3,18528533;1,00000000
1,58972718;0,17024484;0,27005413;0,58655268;3,18559289;1,00000000
1,58979386;0,17039862;0,27036172;0,58701402;3,18559289;1,00000000
1,58986053;0,17039862;0,27066928;0,58732158;3,18590045;1,00000000
1,58992720;0,17055242;0,27066928;0,58762920;3,18620801;1,00000000
1,58999387;0,17055242;0,27097687;0,58793676;3,18620801;1,00000000
1,59006054;0,17055242;0,27097687;0,58839810;3,18620801;1,00000000
1,59012722;0,17055242;0,27128446;0,58885950;3,18620801;1,00000000
1,59019389;0,17055242;0,27128446;0,58916706;3,18620801;1,00000000
1,59026056;0,17055242;0,27128446;0,58947468;3,18620801;1,00000000
1,59032723;0,17070620;0,27128446;0,58978224;3,18620801;1,00000000
1,59039390;0,17085999;0,27128446;0,59008980;3,18651581;1,00000000
1,59046058;0,17085999;0,27159202;0,59024358;3,18620801;1,00000000
1,59052725;0,17085999;0,27128446;0,59055120;3,18620801;1,00000000
1,59059392;0,17085999;0,27128446;0,59070498;3,18620801;1,00000000
1,59066059;0,17085999;0,27128446;0,59070498;3,18620801;1,00000000
1,59072726;0,17101377;0,27128446;0,59070498;3,18620801;1,00000000
1,59079394;0,17085999;0,27128446;0,59070498;3,18620801;1,00000000
1,59086061;0,17085999;0,27097687;0,59085876;3,18620801;1,00000000
1,59092728;0,17085999;0,27097687;0,59085876;3,18620801;1,00000000
1,59099395;0,17085999;0,27066928;0,59085876;3,18590045;1,00000000
1,59106062;0,17085999;0,27066928;0,59085876;3,18590045;1,00000000
1,59112730;0,17085999;0,27066928;0,59085876;3,18620801;1,00000000
1,59119397;0,17085999;0,27066928;0,59085876;3,18651581;1,00000000
1,59126064;0,17085999;0,27036172;0,59085876;3,18651581;1,00000000
1,59132731;0,17085999;0,27005413;0,59070498;3,18651581;1,00000000
1,59139398;0,17085999;0,27005413;0,59055120;3,18651581;1,00000000
1,59146066;0,17085999;0,27036172;0,59039736;3,18620801;1,00000000
1,59152733;0,17070620;0,27036172;0,59024358;3,18590045;1,00000000
1,59159400;0,17070620;0,27036172;0,59008980;3,18590045;1,00000000
1,59166067;0,17070620;0,27005413;0,59008980;3,18559289;1,00000000
1,59172734;0,17070620;0,26974654;0,59008980;3,18590045;1,00000000
1,59179402;0,17070620;0,27005413;0,59008980;3,18590045;1,00000000
1,59186069;0,17070620;0,27005413;0,58993602;3,18590045;1,00000000
1,59192736;0,17055242;0,27005413;0,58993602;3,18559289;1,00000000
1,59199403;0,17055242;0,27005413;0,58993602;3,18528533;1,00000000
1,59206070;0,17055242;0,27005413;0,58978224;3,18528533;1,00000000
1,59212738;0,17055242;0,27005413;0,58947468;3,18467021;1,00000000
1,59219405;0,17039862;0,27005413;0,58932084;3,18436265;1,00000000
1,59226072;0,17039862;0,27036172;0,58901328;3,18467021;1,00000000
1,59232739;0,17039862;0,27036172;0,58885950;3,18467021;1,00000000
1,59239406;0,17039862;0,27036172;0,58839810;3,18467021;1,00000000
1,59246074;0,17039862;0,27036172;0,58809054;3,18436265;1,00000000
1,59252741;0,17039862;0,27036172;0,58793676;3,18436265;1,00000000
1,59259408;0,17039862;0,27036172;0,58778298;3,18436265;1,00000000
1,59266075;0,17039862;0,27036172;0,58747536;3,18436265;1,00000000
1,59272742;0,17039862;0,27036172;0,58716780;3,18405509;1,00000000
1,59279410;0,17039862;0,27036172;0,58686024;3,18405509;1,00000000
1,59286077;0,17039862;0,27036172;0,58670646;3,18405509;1,00000000
1,59292744;0,17039862;0,27005413;0,58624506;3,18405509;1,00000000
1,59299411;0,17039862;0,27005413;0,58593750;3,18405509;1,00000000
1,59306078;0,17024484;0,26974654;0,58562988;3,18405509;1,00000000
1,59312746;0,17024484;0,26974654;0,58547610;3,18405509;1,00000000
1,59319413;0,17024484;0,26943898;0,58516854;3,18405509;1,00000000
1,59326080;0,17024484;0,26913139;0,58501476;3,18436265;1,00000000
1,59332747;0,17024484;0,26882383;0,58455342;3,18467021;1,00000000
1,59339414;0,17024484;0,26882383;0,58424580;3,18528533;1,00000000
1,59346082;0,17009103;0,26851624;0,58393824;3,18559289;1,00000000
1,59352749;0,16993725;0,26820865;0,58347690;3,18559289;1,00000000
1,59359416;0,16993725;0,26851624;0,58316928;3,18559289;1,00000000
1,59366083;0,16993725;0,26882383;0,58301550;3,18559289;1,00000000
1,59372750;0,16993725;0,26851624;0,58270794;3,18590045;1,00000000
1,59379418;0,16993725;0,26851624;0,58224654;3,18590045;1,00000000
1,59386085;0,16993725;0,26882383;0,58193898;3,18620801;1,00000000
1,59392752;0,16978346;0,26882383;0,58163142;3,18651581;1,00000000
1,59399419;0,16978346;0,26882383;0,58132380;3,18651581;1,00000000
1,59406086;0,16962968;0,26851624;0,58101624;3,18651581;1,00000000
1,59412754;0,16947588;0,26851624;0,58070862;3,18651581;1,00000000
1,59419421;0,16947588;0,26882383;0,58055484;3,18651581;1,00000000
1,59426088;0,16947588;0,26882383;0,58024728;3,18651581;1,00000000
1,59432755;0,16932210;0,26882383;0,57993972;3,18713093;1,00000000
1,59439422;0,16932210;0,26882383;0,57963216;3,18743849;1,00000000
1,59446090;0,16916829;0,26882383;0,57932454;3,18774605;1,00000000
1,59452757;0,16901451;0,26913139;0,57901698;3,18774605;1,00000000
1,59459424;0,16901451;0,26913139;0,57870936;3,18774605;1,00000000
1,59466091;0,16886072;0,26913139;0,57840180;3,18805361;1,00000000
1,59472758;0,16870694;0,26913139;0,57809424;3,18774605;1,00000000
1,59479426;0,16870694;0,26943898;0,57778668;3,18743849;1,00000000
1,59486093;0,16855314;0,26943898;0,57747906;3,18743849;1,00000000
1,59492760;0,16855314;0,26974654;0,57717150;3,18774605;1,00000000
1,59499427;0,16839936;0,26943898;0,57701772;3,18805361;1,00000000
1,59506094;0,16839936;0,26913139;0,57671016;3,18836117;1,00000000
1,59512762;0,16839936;0,26913139;0,57655638;3,18897629;1,00000000
1,59519429;0,16824557;0,26913139;0,57624876;3,18897629;1,00000000
1,59526096;0,16809179;0,26882383;0,57609499;3,18866873;1,00000000
1,59532763;0,16793799;0,26882383;0,57578737;3,18866873;1,00000000
1,59539430;0,16778421;0,26882383;0,57578737;3,18866873;1,00000000
1,59546098;0,16763040;0,26882383;0,57563359;3,18866873;1,00000000
1,59552765;0,16763040;0,26882383;0,57547981;3,18866873;1,00000000
1,59559432;0,16747662;0,26882383;0,57547981;3,18897629;1,00000000
1,59566099;0,16732283;0,26851624;0,57532603;3,18928385;1,00000000
1,59572766;0,16732283;0,26851624;0,57532603;3,18959141;1,00000000
1,59579434;0,16716905;0,26820865;0,57501847;3,18959141;1,00000000
1,59586101;0,16701525;0,26851624;0,57501847;3,18959141;1,00000000
1,59592768;0,16701525;0,26851624;0,57486469;3,18959141;1,00000000
1,59599435;0,16686147;0,26851624;0,57486469;3,18959141;1,00000000
1,59606102;0,16701525;0,26820865;0,57486469;3,18959141;1,00000000
1,59612770;0,16701525;0,26851624;0,57486469;3,18959141;1,00000000
1,59619437;0,16686147;0,26851624;0,57501847;3,18989897;1,00000000
1,59626104;0,16670766;0,26851624;0,57532603;3,18989897;1,00000000
1,59632771;0,16670766;0,26851624;0,57532603;3,18989897;1,00000000
1,59639438;0,16655388;0,26882383;0,57532603;3,18959141;1,00000000
1,59646106;0,16655388;0,26882383;0,57563359;3,18959141;1,00000000
1,59652773;0,16640009;0,26913139;0,57578737;3,18959141;1,00000000
1,59659440;0,16640009;0,26913139;0,57594121;3,18959141;1,00000000
1,59666107;0,16640009;0,26882383;0,57609499;3,18959141;1,00000000
1,59672774;0,16640009;0,26882383;0,57624876;3,18989897;1,00000000
1,59679442;0,16640009;0,26882383;0,57655638;3,19020653;1,00000000
1,59686109;0,16640009;0,26882383;0,57686394;3,19020653;1,00000000
1,59692776;0,16640009;0,26913139;0,57701772;3,18989897;1,00000000
1,59699443;0,16624631;0,26913139;0,57732528;3,18989897;1,00000000
1,59706110;0,16640009;0,26943898;0,57763284;3,18989897;1,00000000
1,59712778;0,16624631;0,26943898;0,57794046;3,18989897;1,00000000
1,59719445;0,16624631;0,26943898;0,57809424;3,18989897;1,00000000
1,59726112;0,16624631;0,26913139;0,57840180;3,18959141;1,00000000
1,59732779;0,16640009;0,26913139;0,57855558;3,18959141;1,00000000
1,59739446;0,16655388;0,26913139;0,57886314;3,18928385;1,00000000
1,59746114;0,16655388;0,26913139;0,57917076;3,18897629;1,00000000
1,59752781;0,16655388;0,26913139;0,57947832;3,18897629;1,00000000
1,59759448;0,16655388;0,26943898;0,57978594;3,18866873;1,00000000
1,59766115;0,16655388;0,26913139;0,58009350;3,18836117;1,00000000
1,59772782;0,16655388;0,26913139;0,58055484;3,18805361;1,00000000
1,59779450;0,16670766;0,26913139;0,58070862;3,18805361;1,00000000
1,59786117;0,16686147;0,26882383;0,58101624;3,18805361;1,00000000
1,59792784;0,16686147;0,26882383;0,58117002;3,18805361;1,00000000
1,59799451;0,16686147;0,26882383;0,58132380;3,18774605;1,00000000
1,59806118;0,16686147;0,26913139;0,58163142;3,18743849;1,00000000
1,59812786;0,16701525;0,26943898;0,58193898;3,18682337;1,00000000
1,59819453;0,16701525;0,26943898;0,58224654;3,18651581;1,00000000
1,59826120;0,16701525;0,26943898;0,58255410;3,18651581;1,00000000
1,59832787;0,16716905;0,26943898;0,58286172;3,18651581;1,00000000
1,59839454;0,16701525;0,26943898;0,58316928;3,18651581;1,00000000
1,59846122;0,16716905;0,26943898;0,58347690;3,18620801;1,00000000
1,59852789;0,16701525;0,26974654;0,58363068;3,18590045;1,00000000
1,59859456;0,16686147;0,26974654;0,58393824;3,18528533;1,00000000
1,59866123;0,16701525;0,26943898;0,58409202;3,18467021;1,00000000
1,59872790;0,16716905;0,26913139;0,58439958;3,18436265;1,00000000
1,59879458;0,16716905;0,26882383;0,58455342;3,18405509;1,00000000
1,59886125;0,16701525;0,26851624;0,58470720;3,18405509;1,00000000
1,59892792;0,16686147;0,26820865;0,58486098;3,18374753;1,00000000
1,59899459;0,16686147;0,26790109;0,58501476;3,18343997;1,00000000
1,59906126;0,16670766;0,26820865;0,58532232;3,18313241;1,00000000
1,59912794;0,16686147;0,26790109;0,58562988;3,18282485;1,00000000
1,59919461;0,16670766;0,26759350;0,58578372;3,18251729;1,00000000
1,59926128;0,16655388;0,26728594;0,58609128;3,18220973;1,00000000
1,59932795;0,16655388;0,26728594;0,58639890;3,18190217;1,00000000
1,59939462;0,16640009;0,26697835;0,58670646;3,18190217;1,00000000
1,59946130;0,16640009;0,26667076;0,58701402;3,18190217;1,00000000
1,59952797;0,16624631;0,26667076;0,58732158;3,18159461;1,00000000
1,59959464;0,16609251;0,26667076;0,58762920;3,18128681;1,00000000
1,59966131;0,16593874;0,26697835;0,58793676;3,18128681;1,00000000
1,59972798;0,16593874;0,26697835;0,58824432;3,18097925;1,00000000
1,59979466;0,16578494;0,26697835;0,58855188;3,18067169;1,00000000
1,59986133;0,16563116;0,26667076;0,58870566;3,18067169;1,00000000
1,59992800;0,16563116;0,26667076;0,58901328;3,18036413;1,00000000
1,59999467;0,16563116;0,26636320;0,58947468;3,18036413;1,00000000
1,60006134;0,16563116;0,26636320;0,58962846;3,18036413;1,00000000
1,60012802;0,16563116;0,26636320;0,58993602;3,18036413;1,00000000
1,60019469;0,16547737;0,26636320;0,58993602;3,18067169;1,00000000
1,60026136;0,16532359;0,26636320;0,59008980;3,18036413;1,00000000
1,60032803;0,16516978;0,26667076;0,59024358;3,18036413;1,00000000
1,60039470;0,16516978;0,26636320;0,59039736;3,18036413;1,00000000
1,60046138;0,16501600;0,26636320;0,59039736;3,18036413;1,00000000
1,60052805;0,16486220;0,26667076;0,59055120;3,18005657;1,00000000
1,60059472;0,16470842;0,26667076;0,59070498;3,18005657;1,00000000
1,60066139;0,16470842;0,26636320;0,59070498;3,18036413;1,00000000
1,60072806;0,16470842;0,26636320;0,59085876;3,18067169;1,00000000
1,60079474;0,16455463;0,26636320;0,59085876;3,18067169;1,00000000
1,60086141;0,16440085;0,26667076;0,59101254;3,18067169;1,00000000
1,60092808;0,16440085;0,26697835;0,59116638;3,18067169;1,00000000
1,60099475;0,16455463;0,26697835;0,59116638;3,18036413;1,00000000
1,60106142;0,16455463;0,26667076;0,59132016;3,18005657;1,00000000
1,60112810;0,16470842;0,26636320;0,59116638;3,18036413;1,00000000
1,60119477;0,16470842;0,26636320;0,59116638;3,18067169;1,00000000
1,60126144;0,16470842;0,26636320;0,59116638;3,18097925;1,00000000
1,60132811;0,16455463;0,26636320;0,59101254;3,18097925;1,00000000
1,60139478;0,16440085;0,26636320;0,59116638;3,18097925;1,00000000
1,60146146;0,16440085;0,26667076;0,59101254;3,18097925;1,00000000
1,60152813;0,16440085;0,26667076;0,59085876;3,18067169;1,00000000
1,60159480;0,16440085;0,26697835;0,59085876;3,18128681;1,00000000
1,60166147;0,16455463;0,26697835;0,59085876;3,18190217;1,00000000
1,60172814;0,16440085;0,26667076;0,59070498;3,18220973;1,00000000
1,60179482;0,16440085;0,26667076;0,59070498;3,18251729;1,00000000
1,60186149;0,16424704;0,26636320;0,59070498;3,18251729;1,00000000
1,60192816;0,16440085;0,26667076;0,59055120;3,18251729;1,00000000
1,60199483;0,16440085;0,26697835;0,59055120;3,18251729;1,00000000
1,60206150;0,16440085;0,26667076;0,59039736;3,18251729;1,00000000
1,60212818;0,16440085;0,26636320;0,59008980;3,18220973;1,00000000
1,60219485;0,16424704;0,26605561;0,58993602;3,18251729;1,00000000
1,60226152;0,16424704;0,26605561;0,58993602;3,18282485;1,00000000
1,60232819;0,16424704;0,26605561;0,58978224;3,18282485;1,00000000
1,60239486;0,16424704;0,26636320;0,58962846;3,18282485;1,00000000
1,60246154;0,16424704;0,26667076;0,58916706;3,18282485;1,00000000
1,60252821;0,16424704;0,26667076;0,58916706;3,18282485;1,00000000
1,60259488;0,16424704;0,26697835;0,58885950;3,18282485;1,00000000
1,60266155;0,16424704;0,26697835;0,58870566;3,18313241;1,00000000
1,60272822;0,16424704;0,26667076;0,58855188;3,18343997;1,00000000
1,60279490;0,16424704;0,26667076;0,58839810;3,18343997;1,00000000
1,60286157;0,16424704;0,26697835;0,58809054;3,18343997;1,00000000
1,60292824;0,16440085;0,26667076;0,58793676;3,18343997;1,00000000
1,60299491;0,16455463;0,26667076;0,58762920;3,18343997;1,00000000
1,60306158;0,16470842;0,26667076;0,58732158;3,18343997;1,00000000
1,60312826;0,16486220;0,26667076;0,58701402;3,18374753;1,00000000
1,60319493;0,16486220;0,26697835;0,58655268;3,18405509;1,00000000
1,60326160;0,16501600;0,26697835;0,58624506;3,18405509;1,00000000
1,60332827;0,16516978;0,26697835;0,58578372;3,18405509;1,00000000
1,60339494;0,16532359;0,26667076;0,58547610;3,18405509;1,00000000
1,60346162;0,16547737;0,26667076;0,58501476;3,18405509;1,00000000
1,60352829;0,16563116;0,26697835;0,58470720;3,18374753;1,00000000
1,60359496;0,16563116;0,26697835;0,58424580;3,18343997;1,00000000
1,60366163;0,16563116;0,26697835;0,58393824;3,18405509;1,00000000
1,60372830;0,16563116;0,26697835;0,58347690;3,18436265;1,00000000
1,60379498;0,16563116;0,26697835;0,58301550;3,18436265;1,00000000
1,60386165;0,16578494;0,26667076;0,58255410;3,18436265;1,00000000
1,60392832;0,16578494;0,26667076;0,58209276;3,18436265;1,00000000
1,60399499;0,16593874;0,26636320;0,58163142;3,18436265;1,00000000
1,60406166;0,16593874;0,26605561;0,58132380;3,18467021;1,00000000
1,60412834;0,16593874;0,26605561;0,58101624;3,18467021;1,00000000
1,60419501;0,16609251;0,26574802;0,58055484;3,18436265;1,00000000
1,60426168;0,16624631;0,26605561;0,58009350;3,18467021;1,00000000
1,60432835;0,16624631;0,26605561;0,57978594;3,18528533;1,00000000
1,60439502;0,16624631;0,26605561;0,57947832;3,18559289;1,00000000
1,60446170;0,16640009;0,26636320;0,57917076;3,18559289;1,00000000
1,60452837;0,16655388;0,26636320;0,57886314;3,18559289;1,00000000
1,60459504;0,16670766;0,26636320;0,57855558;3,18559289;1,00000000
1,60466171;0,16686147;0,26636320;0,57809424;3,18559289;1,00000000
1,60472838;0,16701525;0,26605561;0,57778668;3,18528533;1,00000000
1,60479506;0,16701525;0,26636320;0,57747906;3,18528533;1,00000000
1,60486173;0,16701525;0,26636320;0,57701772;3,18559289;1,00000000
1,60492840;0,16716905;0,26605561;0,57655638;3,18620801;1,00000000
1,60499507;0,16732283;0,26574802;0,57624876;3,18620801;1,00000000
1,60506174;0,16747662;0,26574802;0,57594121;3,18620801;1,00000000
1,60512842;0,16747662;0,26544046;0,57547981;3,18590045;1,00000000
1,60519509;0,16747662;0,26544046;0,57501847;3,18590045;1,00000000
1,60526176;0,16747662;0,26574802;0,57455707;3,18590045;1,00000000
1,60532843;0,16747662;0,26544046;0,57409573;3,18559289;1,00000000
1,60539510;0,16763040;0,26574802;0,57378817;3,18590045;1,00000000
1,60546178;0,16778421;0,26544046;0,57348061;3,18620801;1,00000000
1,60552845;0,16809179;0,26544046;0,57301921;3,18620801;1,00000000
1,60559512;0,16824557;0,26544046;0,57271159;3,18590045;1,00000000
1,60566179;0,16839936;0,26544046;0,57240403;3,18590045;1,00000000
1,60572846;0,16839936;0,26544046;0,57209647;3,18590045;1,00000000
1,60579514;0,16855314;0,26574802;0,57178891;3,18559289;1,00000000
1,60586181;0,16855314;0,26544046;0,57148129;3,18528533;1,00000000
1,60592848;0,16855314;0,26513287;0,57117373;3,18467021;1,00000000
1,60599515;0,16855314;0,26482528;0,57101995;3,18467021;1,00000000
1,60606182;0,16855314;0,26451772;0,57086611;3,18528533;1,00000000
1,60612850;0,16855314;0,26421013;0,57055855;3,18467021;1,00000000
1,60619517;0,16855314;0,26390257;0,57025099;3,18436265;1,00000000
1,60626184;0,16855314;0,26390257;0,57009721;3,18374753;1,00000000
1,60632851;0,16855314;0,26390257;0,56994343;3,18343997;1,00000000
1,60639518;0,16855314;0,26390257;0,56963581;3,18313241;1,00000000
1,60646186;0,16855314;0,26390257;0,56948203;3,18282485;1,00000000
1,60652853;0,16855314;0,26359499;0,56932825;3,18282485;1,00000000
1,60659520;0,16855314;0,26328740;0,56917441;3,18282485;1,00000000
1,60666187;0,16839936;0,26297984;0,56902063;3,18282485;1,00000000
1,60672854;0,16839936;0,26267225;0,56871307;3,18251729;1,00000000
1,60679522;0,16839936;0,26297984;0,56871307;3,18220973;1,00000000
1,60686189;0,16824557;0,26267225;0,56871307;3,18190217;1,00000000
1,60692856;0,16824557;0,26267225;0,56871307;3,18159461;1,00000000
1,60699523;0,16809179;0,26236469;0,56871307;3,18128681;1,00000000
1,60706190;0,16809179;0,26205710;0,56871307;3,18128681;1,00000000
1,60712858;0,16809179;0,26174951;0,56871307;3,18128681;1,00000000
1,60719525;0,16809179;0,26174951;0,56886685;3,18128681;1,00000000
1,60726192;0,16809179;0,26174951;0,56902063;3,18128681;1,00000000
1,60732859;0,16809179;0,26205710;0,56917441;3,18097925;1,00000000
1,60739526;0,16793799;0,26205710;0,56948203;3,18067169;1,00000000
1,60746194;0,16778421;0,26236469;0,56978959;3,18036413;1,00000000
1,60752861;0,16778421;0,26236469;0,56994343;3,18067169;1,00000000
1,60759528;0,16778421;0,26267225;0,57025099;3,18067169;1,00000000
1,60766195;0,16778421;0,26267225;0,57040477;3,18067169;1,00000000
1,60772862;0,16778421;0,26267225;0,57071233;3,18097925;1,00000000
1,60779530;0,16763040;0,26267225;0,57101995;3,18097925;1,00000000
1,60786197;0,16763040;0,26267225;0,57132751;3,18128681;1,00000000
1,60792864;0,16763040;0,26297984;0,57163513;3,18128681;1,00000000
1,60799531;0,16763040;0,26297984;0,57209647;3,18128681;1,00000000
1,60806198;0,16763040;0,26297984;0,57255781;3,18159461;1,00000000
1,60812866;0,16763040;0,26328740;0,57286543;3,18159461;1,00000000
1,60819533;0,16763040;0,26328740;0,57332677;3,18159461;1,00000000
1,60826200;0,16763040;0,26297984;0,57363439;3,18159461;1,00000000
1,60832867;0,16763040;0,26328740;0,57409573;3,18190217;1,00000000
1,60839534;0,16763040;0,26328740;0,57471091;3,18220973;1,00000000
1,60846202;0,16763040;0,26328740;0,57517225;3,18190217;1,00000000
1,60852869;0,16763040;0,26328740;0,57578737;3,18220973;1,00000000
1,60859536;0,16763040;0,26328740;0,57609499;3,18251729;1,00000000
1,60866203;0,16763040;0,26359499;0,57671016;3,18251729;1,00000000
1,60872870;0,16763040;0,26390257;0,57717150;3,18251729;1,00000000
1,60879538;0,16763040;0,26390257;0,57763284;3,18251729;1,00000000
1,60886205;0,16763040;0,26390257;0,57809424;3,18282485;1,00000000
1,60892872;0,16747662;0,26390257;0,57870936;3,18313241;1,00000000
1,60899539;0,16763040;0,26421013;0,57901698;3,18374753;1,00000000
1,60906206;0,16763040;0,26421013;0,57947832;3,18405509;1,00000000
1,60912874;0,16763040;0,26451772;0,58009350;3,18405509;1,00000000
1,60919541;0,16763040;0,26451772;0,58070862;3,18405509;1,00000000
1,60926208;0,16778421;0,26482528;0,58132380;3,18405509;1,00000000
1,60932875;0,16778421;0,26482528;0,58193898;3,18405509;1,00000000
1,60939542;0,16778421;0,26451772;0,58240032;3,18436265;1,00000000
1,60946210;0,16778421;0,26451772;0,58286172;3,18467021;1,00000000
1,60952877;0,16778421;0,26482528;0,58332312;3,18559289;1,00000000
1,60959544;0,16778421;0,26513287;0,58363068;3,18559289;1,00000000
1,60966211;0,16778421;0,26544046;0,58409202;3,18559289;1,00000000
1,60972878;0,16793799;0,26574802;0,58455342;3,18559289;1,00000000
1,60979546;0,16793799;0,26605561;0,58501476;3,18559289;1,00000000
1,60986213;0,16793799;0,26636320;0,58547610;3,18559289;1,00000000
1,60992880;0,16793799;0,26636320;0,58562988;3,18559289;1,00000000
1,60999547;0,16793799;0,26636320;0,58609128;3,18590045;1,00000000
1,61006214;0,16793799;0,26667076;0,58639890;3,18590045;1,00000000
1,61012882;0,16793799;0,26697835;0,58670646;3,18590045;1,00000000
1,61019549;0,16793799;0,26728594;0,58686024;3,18590045;1,00000000
1,61026216;0,16793799;0,26759350;0,58732158;3,18590045;1,00000000
1,61032883;0,16793799;0,26790109;0,58747536;3,18620801;1,00000000
1,61039550;0,16793799;0,26820865;0,58778298;3,18620801;1,00000000
1,61046218;0,16793799;0,26820865;0,58793676;3,18620801;1,00000000
1,61052885;0,16793799;0,26820865;0,58809054;3,18620801;1,00000000
1,61059552;0,16793799;0,26820865;0,58839810;3,18590045;1,00000000
1,61066219;0,16793799;0,26790109;0,58855188;3,18590045;1,00000000
1,61072886;0,16793799;0,26759350;0,58855188;3,18590045;1,00000000
1,61079554;0,16793799;0,26790109;0,58855188;3,18559289;1,00000000
1,61086221;0,16793799;0,26820865;0,58870566;3,18559289;1,00000000
1,61092888;0,16793799;0,26790109;0,58870566;3,18559289;1,00000000
1,61099555;0,16793799;0,26790109;0,58870566;3,18559289;1,00000000
1,61106222;0,16793799;0,26790109;0,58870566;3,18528533;1,00000000
1,61112890;0,16793799;0,26790109;0,58870566;3,18467021;1,00000000
1,61119557;0,16793799;0,26790109;0,58870566;3,18467021;1,00000000
1,61126224;0,16793799;0,26759350;0,58870566;3,18467021;1,00000000
1,61132891;0,16793799;0,26759350;0,58870566;3,18467021;1,00000000
1,61139558;0,16793799;0,26759350;0,58870566;3,18467021;1,00000000
1,61146226;0,16793799;0,26759350;0,58855188;3,18467021;1,00000000
1,61152893;0,16809179;0,26728594;0,58855188;3,18467021;1,00000000
1,61159560;0,16824557;0,26697835;0,58839810;3,18436265;1,00000000
1,61166227;0,16824557;0,26697835;0,58824432;3,18436265;1,00000000
1,61172894;0,16824557;0,26697835;0,58809054;3,18405509;1,00000000
1,61179562;0,16824557;0,26667076;0,58809054;3,18436265;1,00000000
1,61186229;0,16839936;0,26636320;0,58793676;3,18436265;1,00000000
1,61192896;0,16839936;0,26636320;0,58793676;3,18436265;1,00000000
1,61199563;0,16839936;0,26605561;0,58793676;3,18436265;1,00000000
1,61206230;0,16839936;0,26605561;0,58778298;3,18405509;1,00000000
1,61212898;0,16839936;0,26605561;0,58762920;3,18405509;1,00000000
1,61219565;0,16839936;0,26605561;0,58762920;3,18374753;1,00000000
1,61226232;0,16839936;0,26605561;0,58762920;3,18374753;1,00000000
1,61232899;0,16839936;0,26605561;0,58732158;3,18405509;1,00000000
1,61239566;0,16839936;0,26605561;0,58716780;3,18405509;1,00000000
1,61246234;0,16839936;0,26574802;0,58686024;3,18405509;1,00000000
1,61252901;0,16839936;0,26574802;0,58655268;3,18374753;1,00000000
1,61259568;0,16839936;0,26605561;0,58624506;3,18374753;1,00000000
1,61266235;0,16839936;0,26636320;0,58593750;3,18374753;1,00000000
1,61272902;0,16839936;0,26636320;0,58562988;3,18374753;1,00000000
1,61279570;0,16839936;0,26636320;0,58547610;3,18374753;1,00000000
1,61286237;0,16839936;0,26636320;0,58547610;3,18374753;1,00000000
1,61292904;0,16839936;0,26636320;0,58516854;3,18343997;1,00000000
1,61299571;0,16839936;0,26667076;0,58501476;3,18343997;1,00000000
1,61306238;0,16839936;0,26667076;0,58486098;3,18343997;1,00000000
1,61312906;0,16824557;0,26667076;0,58470720;3,18343997;1,00000000
1,61319573;0,16824557;0,26636320;0,58439958;3,18343997;1,00000000
1,61326240;0,16824557;0,26636320;0,58409202;3,18343997;1,00000000
1,61332907;0,16824557;0,26636320;0,58378446;3,18374753;1,00000000
1,61339574;0,16824557;0,26636320;0,58363068;3,18436265;1,00000000
1,61346242;0,16824557;0,26605561;0,58347690;3,18467021;1,00000000
1,61352909;0,16824557;0,26605561;0,58316928;3,18467021;1,00000000
1,61359576;0,16809179;0,26605561;0,58286172;3,18467021;1,00000000
1,61366243;0,16809179;0,26605561;0,58255410;3,18467021;1,00000000
1,61372910;0,16809179;0,26605561;0,58224654;3,18467021;1,00000000
1,61379578;0,16809179;0,26605561;0,58209276;3,18467021;1,00000000
1,61386245;0,16809179;0,26636320;0,58178520;3,18467021;1,00000000
1,61392912;0,16809179;0,26636320;0,58147764;3,18528533;1,00000000
1,61399579;0,16809179;0,26605561;0,58117002;3,18559289;1,00000000
1,61406246;0,16809179;0,26636320;0,58086246;3,18559289;1,00000000
1,61412914;0,16778421;0,26605561;0,58055484;3,18559289;1,00000000
1,61419581;0,16778421;0,26636320;0,58024728;3,18559289;1,00000000
1,61426248;0,16778421;0,26636320;0,58009350;3,18559289;1,00000000
1,61432915;0,16778421;0,26636320;0,57978594;3,18559289;1,00000000
1,61439582;0,16763040;0,26636320;0,57963216;3,18528533;1,00000000
1,61446250;0,16747662;0,26636320;0,57932454;3,18528533;1,00000000
1,61452917;0,16732283;0,26636320;0,57901698;3,18559289;1,00000000
1,61459584;0,16732283;0,26636320;0,57870936;3,18559289;1,00000000
1,61466251;0,16732283;0,26605561;0,57840180;3,18559289;1,00000000
1,61472918;0,16732283;0,26636320;0,57824802;3,18559289;1,00000000
1,61479586;0,16732283;0,26636320;0,57794046;3,18559289;1,00000000
1,61486253;0,16716905;0,26636320;0,57778668;3,18590045;1,00000000
1,61492920;0,16701525;0,26636320;0,57747906;3,18559289;1,00000000
1,61499587;0,16701525;0,26636320;0,57732528;3,18528533;1,00000000
1,61506254;0,16701525;0,26636320;0,57732528;3,18528533;1,00000000
1,61512922;0,16701525;0,26605561;0,57717150;3,18559289;1,00000000
1,61519589;0,16686147;0,26574802;0,57701772;3,18590045;1,00000000
1,61526256;0,16686147;0,26574802;0,57686394;3,18590045;1,00000000
1,61532923;0,16686147;0,26574802;0,57671016;3,18590045;1,00000000
1,61539590;0,16670766;0,26574802;0,57655638;3,18590045;1,00000000
1,61546258;0,16670766;0,26574802;0,57655638;3,18620801;1,00000000
1,61552925;0,16655388;0,26574802;0,57640254;3,18590045;1,00000000
1,61559592;0,16655388;0,26544046;0,57640254;3,18559289;1,00000000
1,61566259;0,16655388;0,26544046;0,57640254;3,18590045;1,00000000
1,61572926;0,16640009;0,26544046;0,57640254;3,18590045;1,00000000
1,61579594;0,16624631;0,26574802;0,57624876;3,18620801;1,00000000
1,61586261;0,16624631;0,26605561;0,57624876;3,18651581;1,00000000
1,61592928;0,16624631;0,26605561;0,57624876;3,18651581;1,00000000
1,61599595;0,16624631;0,26636320;0,57624876;3,18651581;1,00000000
1,61606262;0,16624631;0,26636320;0,57624876;3,18651581;1,00000000
1,61612930;0,16624631;0,26636320;0,57640254;3,18620801;1,00000000
1,61619597;0,16609251;0,26667076;0,57655638;3,18590045;1,00000000
1,61626264;0,16624631;0,26667076;0,57655638;3,18620801;1,00000000
1,61632931;0,16624631;0,26667076;0,57655638;3,18651581;1,00000000
1,61639598;0,16624631;0,26667076;0,57655638;3,18682337;1,00000000
1,61646266;0,16640009;0,26697835;0,57671016;3,18682337;1,00000000
1,61652933;0,16640009;0,26728594;0,57671016;3,18682337;1,00000000
1,61659600;0,16640009;0,26728594;0,57671016;3,18651581;1,00000000
1,61666267;0,16640009;0,26728594;0,57686394;3,18620801;1,00000000
1,61672934;0,16655388;0,26728594;0,57701772;3,18590045;1,00000000
1,61679602;0,16640009;0,26759350;0,57717150;3,18620801;1,00000000
1,61686269;0,16640009;0,26759350;0,57732528;3,18651581;1,00000000
1,61692936;0,16640009;0,26790109;0,57763284;3,18651581;1,00000000
1,61699603;0,16640009;0,26790109;0,57763284;3,18651581;1,00000000
1,61706270;0,16640009;0,26820865;0,57763284;3,18651581;1,00000000
1,61712938;0,16640009;0,26820865;0,57794046;3,18651581;1,00000000
1,61719605;0,16640009;0,26820865;0,57809424;3,18620801;1,00000000
1,61726272;0,16655388;0,26820865;0,57840180;3,18559289;1,00000000
1,61732939;0,16670766;0,26820865;0,57870936;3,18559289;1,00000000
1,61739606;0,16670766;0,26820865;0,57901698;3,18559289;1,00000000
1,61746274;0,16670766;0,26851624;0,57932454;3,18559289;1,00000000
1,61752941;0,16670766;0,26882383;0,57963216;3,18559289;1,00000000
1,61759608;0,16686147;0,26882383;0,57963216;3,18559289;1,00000000
1,61766275;0,16686147;0,26882383;0,57993972;3,18559289;1,00000000
1,61772942;0,16670766;0,26882383;0,58024728;3,18559289;1,00000000
1,61779610;0,16670766;0,26882383;0,58040106;3,18467021;1,00000000
1,61786277;0,16670766;0,26882383;0,58070862;3,18436265;1,00000000
1,61792944;0,16670766;0,26851624;0,58086246;3,18405509;1,00000000
1,61799611;0,16670766;0,26820865;0,58117002;3,18374753;1,00000000
1,61806278;0,16655388;0,26790109;0,58147764;3,18374753;1,00000000
1,61812946;0,16640009;0,26820865;0,58178520;3,18374753;1,00000000
1,61819613;0,16640009;0,26851624;0,58209276;3,18343997;1,00000000
1,61826280;0,16640009;0,26851624;0,58240032;3,18343997;1,00000000
1,61832947;0,16624631;0,26851624;0,58255410;3,18282485;1,00000000
1,61839614;0,16624631;0,26851624;0,58286172;3,18251729;1,00000000
1,61846282;0,16640009;0,26820865;0,58301550;3,18220973;1,00000000
1,61852949;0,16655388;0,26790109;0,58347690;3,18190217;1,00000000
1,61859616;0,16640009;0,26790109;0,58378446;3,18190217;1,00000000
1,61866283;0,16655388;0,26759350;0,58393824;3,18159461;1,00000000
1,61872950;0,16655388;0,26759350;0,58409202;3,18128681;1,00000000
1,61879618;0,16670766;0,26759350;0,58439958;3,18097925;1,00000000
1,61886285;0,16686147;0,26759350;0,58455342;3,18067169;1,00000000
1,61892952;0,16701525;0,26759350;0,58470720;3,18036413;1,00000000
1,61899619;0,16701525;0,26728594;0,58501476;3,18005657;1,00000000
1,61906286;0,16701525;0,26697835;0,58501476;3,18005657;1,00000000
1,61912954;0,16686147;0,26697835;0,58532232;3,18005657;1,00000000
1,61919621;0,16701525;0,26697835;0,58547610;3,18005657;1,00000000
1,61926288;0,16701525;0,26697835;0,58562988;3,17974901;1,00000000
1,61932955;0,16701525;0,26667076;0,58578372;3,17913389;1,00000000
1,61939622;0,16686147;0,26667076;0,58593750;3,17882633;1,00000000
1,61946290;0,16686147;0,26636320;0,58624506;3,17882633;1,00000000
1,61952957;0,16670766;0,26605561;0,58639890;3,17882633;1,00000000
1,61959624;0,16670766;0,26605561;0,58655268;3,17882633;1,00000000
1,61966291;0,16686147;0,26605561;0,58686024;3,17851877;1,00000000
1,61972958;0,16670766;0,26574802;0,58701402;3,17821121;1,00000000
1,61979626;0,16670766;0,26574802;0,58716780;3,17759609;1,00000000
1,61986293;0,16655388;0,26544046;0,58732158;3,17728853;1,00000000
1,61992960;0,16655388;0,26513287;0,58762920;3,17698097;1,00000000
1,61999627;0,16640009;0,26513287;0,58778298;3,17698097;1,00000000
1,62006294;0,16624631;0,26513287;0,58809054;3,17698097;1,00000000
1,62012962;0,16609251;0,26513287;0,58824432;3,17698097;1,00000000
1,62019629;0,16593874;0,26513287;0,58839810;3,17667341;1,00000000
1,62026296;0,16593874;0,26482528;0,58870566;3,17667341;1,00000000
1,62032963;0,16578494;0,26482528;0,58885950;3,17667341;1,00000000
1,62039630;0,16563116;0,26451772;0,58916706;3,17667341;1,00000000
1,62046298;0,16563116;0,26451772;0,58932084;3,17667341;1,00000000
1,62052965;0,16547737;0,26451772;0,58947468;3,17667341;1,00000000
1,62059632;0,16532359;0,26421013;0,58962846;3,17698097;1,00000000
1,62066299;0,16547737;0,26421013;0,59008980;3,17728853;1,00000000
1,62072966;0,16547737;0,26451772;0,59008980;3,17698097;1,00000000
1,62079634;0,16547737;0,26482528;0,59024358;3,17698097;1,00000000
1,62086301;0,16547737;0,26513287;0,59039736;3,17698097;1,00000000
1,62092968;0,16547737;0,26544046;0,59055120;3,17698097;1,00000000
1,62099635;0,16547737;0,26513287;0,59070498;3,17728853;1,00000000
1,62106302;0,16547737;0,26513287;0,59085876;3,17759609;1,00000000
1,62112970;0,16547737;0,26544046;0,59085876;3,17759609;1,00000000
1,62119637;0,16547737;0,26574802;0,59070498;3,17759609;1,00000000
1,62126304;0,16547737;0,26574802;0,59085876;3,17759609;1,00000000
1,62132971;0,16547737;0,26544046;0,59101254;3,17759609;1,00000000
1,62139638;0,16547737;0,26544046;0,59101254;3,17759609;1,00000000
1,62146306;0,16563116;0,26513287;0,59101254;3,17790365;1,00000000
1,62152973;0,16563116;0,26513287;0,59101254;3,17821121;1,00000000
1,62159640;0,16563116;0,26544046;0,59085876;3,17851877;1,00000000
1,62166307;0,16563116;0,26574802;0,59085876;3,17882633;1,00000000
1,62172974;0,16547737;0,26574802;0,59085876;3,17882633;1,00000000
1,62179642;0,16532359;0,26605561;0,59085876;3,17882633;1,00000000
1,62186309;0,16547737;0,26574802;0,59070498;3,17882633;1,00000000
1,62192976;0,16563116;0,26574802;0,59055120;3,17882633;1,00000000
1,62199643;0,16563116;0,26574802;0,59039736;3,17882633;1,00000000
1,62206310;0,16563116;0,26574802;0,59024358;3,17913389;1,00000000
1,62212978;0,16563116;0,26605561;0,59024358;3,17944145;1,00000000
1,62219645;0,16578494;0,26636320;0,59008980;3,17974901;1,00000000
1,62226312;0,16578494;0,26636320;0,58978224;3,17974901;1,00000000
1,62232979;0,16593874;0,26636320;0,58962846;3,17974901;1,00000000
1,62239646;0,16609251;0,26667076;0,58947468;3,18005657;1,00000000
1,62246314;0,16609251;0,26667076;0,58932084;3,18005657;1,00000000
1,62252981;0,16609251;0,26667076;0,58901328;3,18005657;1,00000000
1,62259648;0,16593874;0,26667076;0,58885950;3,18067169;1,00000000
1,62266315;0,16593874;0,26667076;0,58855188;3,18097925;1,00000000
1,62272982;0,16593874;0,26636320;0,58824432;3,18097925;1,00000000
1,62279650;0,16593874;0,26636320;0,58793676;3,18097925;1,00000000
1,62286317;0,16593874;0,26636320;0,58762920;3,18128681;1,00000000
1,62292984;0,16609251;0,26667076;0,58732158;3,18128681;1,00000000
1,62299651;0,16624631;0,26697835;0,58701402;3,18159461;1,00000000
1,62306318;0,16624631;0,26728594;0,58670646;3,18190217;1,00000000
1,62312986;0,16624631;0,26728594;0,58639890;3,18159461;1,00000000
1,62319653;0,16624631;0,26728594;0,58609128;3,18190217;1,00000000
1,62326320;0,16624631;0,26759350;0,58593750;3,18220973;1,00000000
1,62332987;0,16640009;0,26790109;0,58562988;3,18251729;1,00000000
1,62339654;0,16655388;0,26759350;0,58516854;3,18251729;1,00000000
1,62346322;0,16670766;0,26759350;0,58486098;3,18282485;1,00000000
1,62352989;0,16670766;0,26759350;0,58455342;3,18313241;1,00000000
1,62359656;0,16686147;0,26790109;0,58424580;3,18313241;1,00000000
1,62366323;0,16701525;0,26820865;0,58393824;3,18313241;1,00000000
1,62372990;0,16701525;0,26851624;0,58363068;3,18313241;1,00000000
1,62379658;0,16716905;0,26851624;0,58332312;3,18343997;1,00000000
1,62386325;0,16716905;0,26820865;0,58286172;3,18374753;1,00000000
1,62392992;0,16732283;0,26820865;0,58255410;3,18436265;1,00000000
1,62399659;0,16747662;0,26820865;0,58224654;3,18467021;1,00000000
1,62406326;0,16763040;0,26851624;0,58178520;3,18467021;1,00000000
1,62412994;0,16778421;0,26851624;0,58147764;3,18467021;1,00000000
1,62419661;0,16793799;0,26882383;0,58117002;3,18467021;1,00000000
1,62426328;0,16793799;0,26851624;0,58070862;3,18467021;1,00000000
1,62432995;0,16809179;0,26820865;0,58040106;3,18467021;1,00000000
1,62439662;0,16824557;0,26790109;0,58009350;3,18528533;1,00000000
1,62446330;0,16824557;0,26820865;0,57963216;3,18528533;1,00000000
1,62452997;0,16824557;0,26790109;0,57917076;3,18467021;1,00000000
1,62459664;0,16839936;0,26790109;0,57886314;3,18467021;1,00000000
1,62466331;0,16855314;0,26790109;0,57840180;3,18467021;1,00000000
1,62472998;0,16855314;0,26820865;0,57809424;3,18467021;1,00000000
1,62479666;0,16855314;0,26851624;0,57778668;3,18436265;1,00000000
1,62486333;0,16855314;0,26882383;0,57747906;3,18436265;1,00000000
1,62493000;0,16855314;0,26882383;0,57717150;3,18436265;1,00000000
1,62499667;0,16870694;0,26882383;0,57686394;3,18436265;1,00000000
1,62506334;0,16886072;0,26913139;0,57640254;3,18436265;1,00000000
1,62513002;0,16901451;0,26913139;0,57609499;3,18436265;1,00000000
1,62519669;0,16901451;0,26913139;0,57578737;3,18436265;1,00000000
1,62526336;0,16916829;0,26913139;0,57532603;3,18436265;1,00000000
1,62533003;0,16932210;0,26913139;0,57501847;3,18436265;1,00000000
1,62539670;0,16947588;0,26913139;0,57471091;3,18436265;1,00000000
1,62546338;0,16947588;0,26913139;0,57424951;3,18405509;1,00000000
1,62553005;0,16962968;0,26913139;0,57394195;3,18405509;1,00000000
1,62559672;0,16962968;0,26882383;0,57363439;3,18405509;1,00000000
1,62566339;0,16962968;0,26913139;0,57348061;3,18405509;1,00000000
1,62573006;0,16978346;0,26882383;0,57317299;3,18405509;1,00000000
1,62579674;0,16978346;0,26851624;0,57286543;3,18405509;1,00000000
1,62586341;0,16993725;0,26851624;0,57240403;3,18405509;1,00000000
1,62593008;0,16993725;0,26820865;0,57209647;3,18374753;1,00000000
1,62599675;0,17009103;0,26851624;0,57178891;3,18374753;1,00000000
1,62606342;0,17009103;0,26820865;0,57163513;3,18343997;1,00000000
1,62613010;0,17009103;0,26820865;0,57132751;3,18343997;1,00000000
1,62619677;0,17009103;0,26790109;0,57101995;3,18343997;1,00000000
1,62626344;0,17009103;0,26790109;0,57086611;3,18343997;1,00000000
1,62633011;0,17009103;0,26759350;0,57055855;3,18343997;1,00000000
1,62639678;0,17009103;0,26759350;0,57025099;3,18374753;1,00000000
1,62646346;0,17009103;0,26790109;0,57009721;3,18374753;1,00000000
1,62653013;0,17009103;0,26790109;0,56994343;3,18313241;1,00000000
1,62659680;0,17009103;0,26759350;0,56994343;3,18282485;1,00000000
1,62666347;0,17009103;0,26759350;0,56994343;3,18282485;1,00000000
1,62673014;0,17009103;0,26728594;0,56994343;3,18282485;1,00000000
1,62679682;0,16993725;0,26697835;0,56978959;3,18282485;1,00000000
1,62686349;0,17009103;0,26697835;0,56978959;3,18282485;1,00000000
1,62693016;0,17009103;0,26697835;0,56963581;3,18282485;1,00000000
1,62699683;0,17009103;0,26697835;0,56978959;3,18313241;1,00000000
1,62706350;0,17009103;0,26697835;0,56978959;3,18313241;1,00000000
1,62713018;0,17009103;0,26667076;0,56994343;3,18282485;1,00000000
1,62719685;0,17009103;0,26667076;0,57009721;3,18282485;1,00000000
1,62726352;0,17009103;0,26636320;0,57025099;3,18282485;1,00000000
1,62733019;0,17009103;0,26636320;0,57025099;3,18282485;1,00000000
1,62739686;0,17024484;0,26605561;0,57055855;3,18282485;1,00000000
1,62746354;0,17024484;0,26574802;0,57071233;3,18282485;1,00000000
1,62753021;0,17024484;0,26574802;0,57101995;3,18282485;1,00000000
1,62759688;0,17024484;0,26605561;0,57117373;3,18313241;1,00000000
1,62766355;0,17024484;0,26605561;0,57132751;3,18374753;1,00000000
1,62773022;0,17024484;0,26636320;0,57163513;3,18343997;1,00000000
1,62779690;0,17009103;0,26636320;0,57194269;3,18313241;1,00000000
1,62786357;0,17009103;0,26636320;0,57225025;3,18313241;1,00000000
1,62793024;0,17009103;0,26636320;0,57286543;3,18313241;1,00000000
1,62799691;0,17009103;0,26636320;0,57317299;3,18313241;1,00000000
1,62806358;0,17009103;0,26667076;0,57348061;3,18313241;1,00000000
1,62813026;0,17009103;0,26697835;0,57394195;3,18343997;1,00000000
1,62819693;0,16993725;0,26697835;0,57424951;3,18405509;1,00000000
1,62826360;0,16993725;0,26697835;0,57455707;3,18374753;1,00000000
1,62833027;0,16993725;0,26728594;0,57486469;3,18343997;1,00000000
1,62839694;0,16993725;0,26728594;0,57532603;3,18343997;1,00000000
1,62846362;0,16993725;0,26759350;0,57578737;3,18343997;1,00000000
1,62853029;0,16993725;0,26759350;0,57640254;3,18343997;1,00000000
1,62859696;0,16978346;0,26790109;0,57686394;3,18343997;1,00000000
1,62866363;0,16978346;0,26820865;0,57747906;3,18405509;1,00000000
1,62873030;0,16978346;0,26851624;0,57809424;3,18436265;1,00000000
1,62879698;0,16978346;0,26882383;0,57855558;3,18467021;1,00000000
1,62886365;0,16978346;0,26882383;0,57901698;3,18467021;1,00000000
1,62893032;0,16962968;0,26882383;0,57963216;3,18467021;1,00000000
1,62899699;0,16962968;0,26882383;0,58009350;3,18528533;1,00000000
1,62906366;0,16962968;0,26882383;0,58055484;3,18559289;1,00000000
1,62913034;0,16962968;0,26913139;0,58101624;3,18620801;1,00000000
1,62919701;0,16962968;0,26943898;0,58147764;3,18651581;1,00000000
1,62926368;0,16962968;0,26974654;0,58178520;3,18682337;1,00000000
1,62933035;0,16962968;0,27005413;0,58209276;3,18713093;1,00000000
1,62939702;0,16962968;0,27036172;0,58270794;3,18713093;1,00000000
1,62946370;0,16962968;0,27066928;0,58316928;3,18713093;1,00000000
1,62953037;0,16962968;0,27066928;0,58363068;3,18713093;1,00000000
1,62959704;0,16962968;0,27066928;0,58409202;3,18743849;1,00000000
1,62966371;0,16962968;0,27066928;0,58470720;3,18743849;1,00000000
1,62973038;0,16962968;0,27066928;0,58516854;3,18774605;1,00000000
1,62979706;0,16962968;0,27097687;0,58562988;3,18805361;1,00000000
1,62986373;0,16962968;0,27128446;0,58578372;3,18836117;1,00000000
1,62993040;0,16962968;0,27159202;0,58593750;3,18805361;1,00000000
1,62999707;0,16962968;0,27159202;0,58624506;3,18805361;1,00000000
1,63006374;0,16962968;0,27159202;0,58639890;3,18805361;1,00000000
1,63013042;0,16962968;0,27159202;0,58655268;3,18805361;1,00000000
1,63019709;0,16978346;0,27189961;0,58670646;3,18805361;1,00000000
1,63026376;0,16978346;0,27220720;0,58716780;3,18805361;1,00000000
1,63033043;0,16993725;0,27220720;0,58747536;3,18805361;1,00000000
1,63039710;0,16993725;0,27251476;0,58762920;3,18805361;1,00000000
1,63046378;0,16993725;0,27282235;0,58778298;3,18774605;1,00000000
1,63053045;0,16993725;0,27312991;0,58793676;3,18743849;1,00000000
1,63059712;0,17009103;0,27312991;0,58809054;3,18713093;1,00000000
1,63066379;0,17024484;0,27282235;0,58824432;3,18682337;1,00000000
1,63073046;0,17024484;0,27312991;0,58824432;3,18651581;1,00000000
1,63079714;0,17024484;0,27312991;0,58839810;3,18651581;1,00000000
1,63086381;0,17024484;0,27312991;0,58839810;3,18651581;1,00000000
1,63093048;0,17024484;0,27312991;0,58839810;3,18651581;1,00000000
1,63099715;0,17024484;0,27312991;0,58839810;3,18651581;1,00000000
1,63106382;0,17024484;0,27312991;0,58839810;3,18620801;1,00000000
1,63113050;0,17024484;0,27282235;0,58839810;3,18590045;1,00000000
1,63119717;0,17039862;0,27282235;0,58839810;3,18559289;1,00000000
1,63126384;0,17039862;0,27251476;0,58839810;3,18559289;1,00000000
1,63133051;0,17039862;0,27251476;0,58839810;3,18559289;1,00000000
1,63139718;0,17039862;0,27251476;0,58839810;3,18559289;1,00000000
1,63146386;0,17039862;0,27282235;0,58839810;3,18590045;1,00000000
1,63153053;0,17039862;0,27282235;0,58839810;3,18620801;1,00000000
1,63159720;0,17055242;0,27312991;0,58824432;3,18590045;1,00000000
1,63166387;0,17055242;0,27343750;0,58809054;3,18559289;1,00000000
1,63173054;0,17055242;0,27343750;0,58793676;3,18559289;1,00000000
1,63179722;0,17055242;0,27312991;0,58778298;3,18559289;1,00000000
1,63186389;0,17039862;0,27312991;0,58778298;3,18559289;1,00000000
1,63193056;0,17039862;0,27282235;0,58762920;3,18528533;1,00000000
1,63199723;0,17039862;0,27282235;0,58762920;3,18559289;1,00000000
1,63206390;0,17039862;0,27312991;0,58747536;3,18559289;1,00000000
1,63213058;0,17039862;0,27343750;0,58732158;3,18590045;1,00000000
1,63219725;0,17039862;0,27343750;0,58716780;3,18590045;1,00000000
1,63226392;0,17039862;0,27343750;0,58701402;3,18590045;1,00000000
1,63233059;0,17039862;0,27343750;0,58686024;3,18590045;1,00000000
1,63239726;0,17039862;0,27343750;0,58686024;3,18590045;1,00000000
1,63246394;0,17024484;0,27312991;0,58670646;3,18590045;1,00000000
1,63253061;0,17024484;0,27312991;0,58655268;3,18559289;1,00000000
1,63259728;0,17024484;0,27343750;0,58624506;3,18590045;1,00000000
1,63266395;0,17024484;0,27374509;0,58593750;3,18620801;1,00000000
1,63273062;0,17024484;0,27374509;0,58562988;3,18620801;1,00000000
1,63279730;0,17024484;0,27405265;0,58532232;3,18651581;1,00000000
1,63286397;0,17024484;0,27374509;0,58501476;3,18682337;1,00000000
1,63293064;0,17039862;0,27343750;0,58470720;3,18682337;1,00000000
1,63299731;0,17039862;0,27374509;0,58439958;3,18651581;1,00000000
1,63306398;0,17039862;0,27374509;0,58424580;3,18651581;1,00000000
1,63313066;0,17039862;0,27405265;0,58393824;3,18651581;1,00000000
1,63319733;0,17039862;0,27374509;0,58347690;3,18682337;1,00000000
1,63326400;0,17039862;0,27343750;0,58316928;3,18713093;1,00000000
1,63333067;0,17024484;0,27343750;0,58286172;3,18713093;1,00000000
1,63339734;0,17024484;0,27343750;0,58270794;3,18682337;1,00000000
1,63346402;0,17024484;0,27312991;0,58255410;3,18682337;1,00000000
1,63353069;0,17009103;0,27282235;0,58224654;3,18682337;1,00000000
1,63359736;0,17009103;0,27251476;0,58209276;3,18682337;1,00000000
1,63366403;0,17009103;0,27251476;0,58178520;3,18713093;1,00000000
1,63373070;0,17009103;0,27251476;0,58147764;3,18743849;1,00000000
1,63379738;0,16993725;0,27220720;0,58117002;3,18774605;1,00000000
1,63386405;0,16993725;0,27189961;0,58070862;3,18774605;1,00000000
1,63393072;0,16993725;0,27159202;0,58040106;3,18743849;1,00000000
1,63399739;0,16978346;0,27159202;0,58009350;3,18743849;1,00000000
1,63406406;0,16978346;0,27128446;0,57993972;3,18743849;1,00000000
1,63413074;0,16978346;0,27097687;0,57978594;3,18743849;1,00000000
1,63419741;0,16978346;0,27128446;0,57932454;3,18743849;1,00000000
1,63426408;0,16978346;0,27128446;0,57901698;3,18774605;1,00000000
1,63433075;0,16962968;0,27159202;0,57870936;3,18836117;1,00000000
1,63439742;0,16947588;0,27159202;0,57840180;3,18866873;1,00000000
1,63446410;0,16947588;0,27128446;0,57809424;3,18836117;1,00000000
1,63453077;0,16932210;0,27097687;0,57778668;3,18836117;1,00000000
1,63459744;0,16932210;0,27097687;0,57747906;3,18836117;1,00000000
1,63466411;0,16916829;0,27066928;0,57732528;3,18836117;1,00000000
1,63473078;0,16916829;0,27066928;0,57701772;3,18836117;1,00000000
1,63479746;0,16916829;0,27097687;0,57671016;3,18805361;1,00000000
1,63486413;0,16916829;0,27128446;0,57671016;3,18866873;1,00000000
1,63493080;0,16916829;0,27097687;0,57640254;3,18897629;1,00000000
1,63499747;0,16916829;0,27097687;0,57640254;3,18897629;1,00000000
1,63506414;0,16916829;0,27097687;0,57624876;3,18897629;1,00000000
1,63513082;0,16916829;0,27097687;0,57609499;3,18866873;1,00000000
1,63519749;0,16916829;0,27066928;0,57594121;3,18866873;1,00000000
1,63526416;0,16901451;0,27036172;0,57594121;3,18866873;1,00000000
1,63533083;0,16886072;0,27066928;0,57563359;3,18836117;1,00000000
1,63539750;0,16886072;0,27066928;0,57563359;3,18866873;1,00000000
1,63546418;0,16886072;0,27097687;0,57547981;3,18897629;1,00000000
1,63553085;0,16870694;0,27097687;0,57547981;3,18959141;1,00000000
1,63559752;0,16855314;0,27097687;0,57532603;3,18959141;1,00000000
1,63566419;0,16855314;0,27066928;0,57532603;3,18959141;1,00000000
1,63573086;0,16839936;0,27066928;0,57532603;3,18928385;1,00000000
1,63579754;0,16824557;0,27066928;0,57532603;3,18928385;1,00000000
1,63586421;0,16809179;0,27066928;0,57532603;3,18928385;1,00000000
1,63593088;0,16793799;0,27097687;0,57532603;3,18928385;1,00000000
1,63599755;0,16793799;0,27097687;0,57532603;3,18959141;1,00000000
1,63606422;0,16778421;0,27128446;0,57532603;3,18989897;1,00000000
1,63613090;0,16793799;0,27128446;0,57547981;3,18959141;1,00000000
1,63619757;0,16809179;0,27128446;0,57547981;3,18928385;1,00000000
1,63626424;0,16793799;0,27159202;0,57578737;3,18928385;1,00000000
1,63633091;0,16793799;0,27159202;0,57609499;3,18897629;1,00000000
1,63639758;0,16778421;0,27159202;0,57609499;3,18928385;1,00000000
1,63646426;0,16778421;0,27159202;0,57640254;3,18959141;1,00000000
1,63653093;0,16778421;0,27189961;0,57655638;3,18959141;1,00000000
1,63659760;0,16778421;0,27220720;0,57686394;3,18959141;1,00000000
1,63666427;0,16793799;0,27220720;0,57686394;3,18959141;1,00000000
1,63673094;0,16793799;0,27189961;0,57686394;3,18928385;1,00000000
1,63679762;0,16793799;0,27220720;0,57717150;3,18897629;1,00000000
1,63686429;0,16793799;0,27220720;0,57747906;3,18897629;1,00000000
1,63693096;0,16809179;0,27220720;0,57778668;3,18928385;1,00000000
1,63699763;0,16809179;0,27220720;0,57794046;3,18959141;1,00000000
1,63706430;0,16809179;0,27220720;0,57824802;3,18959141;1,00000000
1,63713098;0,16809179;0,27251476;0,57840180;3,18959141;1,00000000
1,63719765;0,16824557;0,27251476;0,57870936;3,18959141;1,00000000
1,63726432;0,16824557;0,27282235;0,57901698;3,18959141;1,00000000
1,63733099;0,16809179;0,27282235;0,57917076;3,18897629;1,00000000
1,63739766;0,16809179;0,27282235;0,57947832;3,18866873;1,00000000
1,63746434;0,16809179;0,27282235;0,57963216;3,18866873;1,00000000
1,63753101;0,16793799;0,27312991;0,57993972;3,18866873;1,00000000
1,63759768;0,16793799;0,27312991;0,58024728;3,18866873;1,00000000
1,63766435;0,16793799;0,27312991;0,58055484;3,18836117;1,00000000
1,63773102;0,16793799;0,27312991;0,58070862;3,18805361;1,00000000
1,63779770;0,16793799;0,27282235;0,58101624;3,18805361;1,00000000
1,63786437;0,16793799;0,27251476;0,58117002;3,18743849;1,00000000
1,63793104;0,16793799;0,27220720;0,58147764;3,18713093;1,00000000
1,63799771;0,16778421;0,27189961;0,58178520;3,18682337;1,00000000
1,63806438;0,16778421;0,27189961;0,58209276;3,18620801;1,00000000
1,63813106;0,16763040;0,27189961;0,58240032;3,18590045;1,00000000
1,63819773;0,16778421;0,27189961;0,58255410;3,18559289;1,00000000
1,63826440;0,16778421;0,27159202;0,58301550;3,18528533;1,00000000
1,63833107;0,16778421;0,27189961;0,58316928;3,18528533;1,00000000
1,63839774;0,16763040;0,27220720;0,58332312;3,18528533;1,00000000
1,63846442;0,16778421;0,27220720;0,58347690;3,18467021;1,00000000
1,63853109;0,16778421;0,27251476;0,58363068;3,18405509;1,00000000
1,63859776;0,16763040;0,27251476;0,58393824;3,18343997;1,00000000
1,63866443;0,16747662;0,27220720;0,58424580;3,18313241;1,00000000
1,63873110;0,16732283;0,27189961;0,58439958;3,18282485;1,00000000
1,63879778;0,16732283;0,27189961;0,58470720;3,18282485;1,00000000
1,63886445;0,16747662;0,27159202;0,58486098;3,18282485;1,00000000
1,63893112;0,16732283;0,27159202;0,58516854;3,18282485;1,00000000
1,63899779;0,16732283;0,27128446;0,58547610;3,18251729;1,00000000
1,63906446;0,16716905;0,27128446;0,58578372;3,18190217;1,00000000
1,63913114;0,16701525;0,27159202;0,58609128;3,18128681;1,00000000
1,63919781;0,16686147;0,27128446;0,58624506;3,18067169;1,00000000
1,63926448;0,16670766;0,27097687;0,58655268;3,18067169;1,00000000
1,63933115;0,16670766;0,27097687;0,58670646;3,18067169;1,00000000
1,63939782;0,16655388;0,27066928;0,58686024;3,18067169;1,00000000
1,63946450;0,16640009;0,27036172;0,58716780;3,18036413;1,00000000
1,63953117;0,16624631;0,27005413;0,58732158;3,18005657;1,00000000
1,63959784;0,16609251;0,27005413;0,58747536;3,17974901;1,00000000
1,63966451;0,16609251;0,27036172;0,58762920;3,17913389;1,00000000
1,63973118;0,16593874;0,27036172;0,58778298;3,17913389;1,00000000
1,63979786;0,16578494;0,27036172;0,58793676;3,17913389;1,00000000
1,63986453;0,16578494;0,27036172;0,58824432;3,17944145;1,00000000
1,63993120;0,16563116;0,27005413;0,58839810;3,17913389;1,00000000
1,63999787;0,16547737;0,26974654;0,58855188;3,17882633;1,00000000
1,64006454;0,16532359;0,26974654;0,58885950;3,17821121;1,00000000
1,64013122;0,16532359;0,26943898;0,58901328;3,17790365;1,00000000
1,64019789;0,16532359;0,26943898;0,58916706;3,17790365;1,00000000
1,64026456;0,16532359;0,26943898;0,58932084;3,17790365;1,00000000
1,64033123;0,16547737;0,26943898;0,58947468;3,17790365;1,00000000
1,64039790;0,16532359;0,26913139;0,58962846;3,17790365;1,00000000
1,64046458;0,16516978;0,26913139;0,58993602;3,17790365;1,00000000
1,64053125;0,16501600;0,26882383;0,59008980;3,17759609;1,00000000
1,64059792;0,16501600;0,26882383;0,59024358;3,17728853;1,00000000
1,64066459;0,16486220;0,26882383;0,59024358;3,17728853;1,00000000
1,64073126;0,16470842;0,26851624;0,59039736;3,17728853;1,00000000
1,64079794;0,16470842;0,26820865;0,59055120;3,17728853;1,00000000
1,64086461;0,16470842;0,26820865;0,59070498;3,17759609;1,00000000
1,64093128;0,16486220;0,26820865;0,59085876;3,17759609;1,00000000
1,64099795;0,16486220;0,26820865;0,59085876;3,17759609;1,00000000
1,64106462;0,16470842;0,26790109;0,59070498;3,17728853;1,00000000
1,64113130;0,16455463;0,26759350;0,59085876;3,17728853;1,00000000
1,64119797;0,16440085;0,26790109;0,59070498;3,17728853;1,00000000
1,64126464;0,16440085;0,26790109;0,59070498;3,17728853;1,00000000
1,64133131;0,16440085;0,26820865;0,59085876;3,17728853;1,00000000
1,64139798;0,16440085;0,26851624;0,59085876;3,17759609;1,00000000
1,64146466;0,16424704;0,26882383;0,59070498;3,17790365;1,00000000
1,64153133;0,16424704;0,26851624;0,59070498;3,17821121;1,00000000
1,64159800;0,16440085;0,26882383;0,59070498;3,17851877;1,00000000
1,64166467;0,16424704;0,26851624;0,59055120;3,17851877;1,00000000
1,64173134;0,16409326;0,26820865;0,59039736;3,17851877;1,00000000
1,64179802;0,16424704;0,26790109;0,59039736;3,17882633;1,00000000
1,64186469;0,16424704;0,26790109;0,59024358;3,17913389;1,00000000
1,64193136;0,16424704;0,26790109;0,59008980;3,17944145;1,00000000
1,64199803;0,16424704;0,26820865;0,59008980;3,17944145;1,00000000
1,64206470;0,16409326;0,26790109;0,58962846;3,17944145;1,00000000
1,64213138;0,16409326;0,26759350;0,58947468;3,17944145;1,00000000
1,64219805;0,16409326;0,26790109;0,58932084;3,17944145;1,00000000
1,64226472;0,16424704;0,26790109;0,58932084;3,17944145;1,00000000
1,64233139;0,16409326;0,26820865;0,58916706;3,17944145;1,00000000
1,64239806;0,16393946;0,26851624;0,58901328;3,17974901;1,00000000
1,64246474;0,16378568;0,26851624;0,58870566;3,17974901;1,00000000
1,64253141;0,16378568;0,26851624;0,58855188;3,18005657;1,00000000
1,64259808;0,16378568;0,26882383;0,58839810;3,18036413;1,00000000
1,64266475;0,16393946;0,26913139;0,58809054;3,18036413;1,00000000
1,64273142;0,16393946;0,26913139;0,58778298;3,18036413;1,00000000
1,64279810;0,16393946;0,26943898;0,58747536;3,18036413;1,00000000
1,64286477;0,16393946;0,26974654;0,58716780;3,18067169;1,00000000
1,64293144;0,16393946;0,26974654;0,58686024;3,18097925;1,00000000
1,64299811;0,16409326;0,27005413;0,58655268;3,18128681;1,00000000
1,64306478;0,16424704;0,27005413;0,58624506;3,18097925;1,00000000
1,64313146;0,16440085;0,27005413;0,58593750;3,18097925;1,00000000
1,64319813;0,16440085;0,27005413;0,58562988;3,18097925;1,00000000
1,64326480;0,16440085;0,27005413;0,58532232;3,18097925;1,00000000
1,64333147;0,16440085;0,27005413;0,58486098;3,18097925;1,00000000
1,64339814;0,16455463;0,27005413;0,58455342;3,18128681;1,00000000
1,64346482;0,16470842;0,26974654;0,58424580;3,18128681;1,00000000
1,64353149;0,16486220;0,26974654;0,58393824;3,18097925;1,00000000
1,64359816;0,16486220;0,27005413;0,58363068;3,18128681;1,00000000
1,64366483;0,16501600;0,27005413;0,58316928;3,18128681;1,00000000
1,64373150;0,16516978;0,26974654;0,58270794;3,18128681;1,00000000
1,64379818;0,16516978;0,27005413;0,58224654;3,18128681;1,00000000
1,64386485;0,16516978;0,27005413;0,58193898;3,18128681;1,00000000
1,64393152;0,16516978;0,27005413;0,58147764;3,18159461;1,00000000
1,64399819;0,16516978;0,26974654;0,58132380;3,18128681;1,00000000
1,64406486;0,16516978;0,26974654;0,58101624;3,18097925;1,00000000
1,64413154;0,16516978;0,27005413;0,58070862;3,18067169;1,00000000
1,64419821;0,16532359;0,27036172;0,58040106;3,18097925;1,00000000
1,64426488;0,16532359;0,27036172;0,58009350;3,18097925;1,00000000
1,64433155;0,16532359;0,27036172;0,57963216;3,18097925;1,00000000
1,64439822;0,16547737;0,27005413;0,57917076;3,18128681;1,00000000
1,64446490;0,16532359;0,27036172;0,57870936;3,18128681;1,00000000
1,64453157;0,16547737;0,27036172;0,57824802;3,18128681;1,00000000
1,64459824;0,16563116;0,27036172;0,57763284;3,18128681;1,00000000
1,64466491;0,16578494;0,27005413;0,57732528;3,18097925;1,00000000
1,64473158;0,16593874;0,27036172;0,57701772;3,18067169;1,00000000
1,64479826;0,16593874;0,27036172;0,57655638;3,18097925;1,00000000
1,64486493;0,16624631;0,27036172;0,57624876;3,18159461;1,00000000
1,64493160;0,16624631;0,27036172;0,57594121;3,18159461;1,00000000
1,64499827;0,16624631;0,27036172;0,57547981;3,18159461;1,00000000
1,64506494;0,16624631;0,27066928;0,57517225;3,18159461;1,00000000
1,64513162;0,16640009;0,27066928;0,57486469;3,18159461;1,00000000
1,64519829;0,16655388;0,27066928;0,57440329;3,18159461;1,00000000
1,64526496;0,16670766;0,27066928;0,57424951;3,18128681;1,00000000
1,64533163;0,16670766;0,27066928;0,57394195;3,18159461;1,00000000
1,64539830;0,16670766;0,27036172;0,57363439;3,18220973;1,00000000
1,64546498;0,16686147;0,27036172;0,57332677;3,18190217;1,00000000
1,64553165;0,16701525;0,27036172;0,57286543;3,18190217;1,00000000
1,64559832;0,16701525;0,27036172;0,57255781;3,18190217;1,00000000
1,64566499;0,16716905;0,27005413;0,57209647;3,18190217;1,00000000
1,64573166;0,16716905;0,26974654;0,57163513;3,18159461;1,00000000
1,64579834;0,16716905;0,26943898;0,57132751;3,18159461;1,00000000
1,64586501;0,16716905;0,26913139;0,57117373;3,18159461;1,00000000
1,64593168;0,16716905;0,26913139;0,57086611;3,18128681;1,00000000
1,64599835;0,16716905;0,26943898;0,57055855;3,18128681;1,00000000
1,64606502;0,16732283;0,26913139;0,57025099;3,18097925;1,00000000
1,64613170;0,16732283;0,26913139;0,56994343;3,18067169;1,00000000
1,64619837;0,16747662;0,26913139;0,56978959;3,18036413;1,00000000
1,64626504;0,16747662;0,26882383;0,56963581;3,18005657;1,00000000
1,64633171;0,16747662;0,26882383;0,56948203;3,18005657;1,00000000
1,64639838;0,16747662;0,26882383;0,56948203;3,18005657;1,00000000
1,64646506;0,16747662;0,26851624;0,56917441;3,17974901;1,00000000
1,64653173;0,16747662;0,26820865;0,56902063;3,17974901;1,00000000
1,64659840;0,16747662;0,26820865;0,56902063;3,17974901;1,00000000
1,64666507;0,16747662;0,26790109;0,56902063;3,17974901;1,00000000
1,64673174;0,16747662;0,26759350;0,56886685;3,17974901;1,00000000
1,64679842;0,16763040;0,26728594;0,56871307;3,17944145;1,00000000
1,64686509;0,16763040;0,26697835;0,56871307;3,17913389;1,00000000
1,64693176;0,16763040;0,26667076;0,56871307;3,17882633;1,00000000
1,64699843;0,16763040;0,26636320;0,56886685;3,17944145;1,00000000
1,64706510;0,16763040;0,26636320;0,56902063;3,17944145;1,00000000
1,64713178;0,16763040;0,26636320;0,56917441;3,17913389;1,00000000
1,64719845;0,16763040;0,26636320;0,56932825;3,17913389;1,00000000
1,64726512;0,16747662;0,26636320;0,56963581;3,17913389;1,00000000
1,64733179;0,16747662;0,26605561;0,56963581;3,17913389;1,00000000
1,64739846;0,16732283;0,26636320;0,56963581;3,17913389;1,00000000
1,64746514;0,16747662;0,26605561;0,56978959;3,17913389;1,00000000
1,64753181;0,16747662;0,26574802;0,56994343;3,17913389;1,00000000
1,64759848;0,16747662;0,26544046;0,57009721;3,17944145;1,00000000
1,64766515;0,16732283;0,26544046;0,57025099;3,17944145;1,00000000
1,64773182;0,16732283;0,26574802;0,57055855;3,17974901;1,00000000
1,64779850;0,16732283;0,26574802;0,57101995;3,18005657;1,00000000
1,64786517;0,16732283;0,26605561;0,57148129;3,18005657;1,00000000
1,64793184;0,16732283;0,26636320;0,57178891;3,18005657;1,00000000
1,64799851;0,16732283;0,26605561;0,57225025;3,18036413;1,00000000
1,64806518;0,16732283;0,26605561;0,57271159;3,18036413;1,00000000
1,64813186;0,16732283;0,26605561;0,57301921;3,18097925;1,00000000
1,64819853;0,16732283;0,26605561;0,57348061;3,18097925;1,00000000
1,64826520;0,16732283;0,26605561;0,57394195;3,18097925;1,00000000
1,64833187;0,16732283;0,26605561;0,57440329;3,18097925;1,00000000
1,64839854;0,16732283;0,26636320;0,57486469;3,18097925;1,00000000
1,64846522;0,16732283;0,26636320;0,57532603;3,18097925;1,00000000
1,64853189;0,16732283;0,26605561;0,57578737;3,18097925;1,00000000
1,64859856;0,16732283;0,26636320;0,57624876;3,18097925;1,00000000
1,64866523;0,16716905;0,26605561;0,57686394;3,18159461;1,00000000
1,64873190;0,16716905;0,26574802;0,57747906;3,18220973;1,00000000
1,64879858;0,16716905;0,26574802;0,57794046;3,18220973;1,00000000
1,64886525;0,16716905;0,26605561;0,57840180;3,18220973;1,00000000
1,64893192;0,16732283;0,26636320;0,57886314;3,18220973;1,00000000
1,64899859;0,16732283;0,26667076;0,57932454;3,18220973;1,00000000
1,64906526;0,16732283;0,26697835;0,57978594;3,18251729;1,00000000
1,64913194;0,16732283;0,26667076;0,58024728;3,18313241;1,00000000
1,64919861;0,16732283;0,26636320;0,58070862;3,18343997;1,00000000
1,64926528;0,16732283;0,26667076;0,58117002;3,18374753;1,00000000
1,64933195;0,16732283;0,26667076;0,58147764;3,18374753;1,00000000
1,64939862;0,16732283;0,26636320;0,58193898;3,18374753;1,00000000
1,64946530;0,16732283;0,26667076;0,58240032;3,18374753;1,00000000
1,64953197;0,16747662;0,26697835;0,58270794;3,18405509;1,00000000
1,64959864;0,16747662;0,26728594;0,58316928;3,18436265;1,00000000
1,64966531;0,16747662;0,26728594;0,58363068;3,18467021;1,00000000
1,64973198;0,16747662;0,26728594;0,58409202;3,18528533;1,00000000
1,64979866;0,16747662;0,26759350;0,58455342;3,18467021;1,00000000
1,64986533;0,16747662;0,26728594;0,58486098;3,18467021;1,00000000
1,64993200;0,16747662;0,26759350;0,58516854;3,18436265;1,00000000
1,64999867;0,16747662;0,26759350;0,58562988;3,18436265;1,00000000
1,65006534;0,16747662;0,26759350;0,58593750;3,18467021;1,00000000
1,65013202;0,16763040;0,26759350;0,58624506;3,18467021;1,00000000
1,65019869;0,16763040;0,26759350;0,58670646;3,18467021;1,00000000
1,65026536;0,16763040;0,26790109;0,58701402;3,18467021;1,00000000
1,65033203;0,16763040;0,26790109;0,58716780;3,18467021;1,00000000
1,65039870;0,16763040;0,26790109;0,58747536;3,18467021;1,00000000
1,65046538;0,16763040;0,26790109;0,58762920;3,18528533;1,00000000
1,65053205;0,16763040;0,26820865;0,58762920;3,18528533;1,00000000
1,65059872;0,16763040;0,26820865;0,58762920;3,18528533;1,00000000
1,65066539;0,16763040;0,26820865;0,58778298;3,18528533;1,00000000
1,65073206;0,16763040;0,26851624;0,58793676;3,18528533;1,00000000
1,65079874;0,16763040;0,26882383;0,58793676;3,18467021;1,00000000
1,65086541;0,16763040;0,26882383;0,58793676;3,18436265;1,00000000
1,65093208;0,16763040;0,26913139;0,58809054;3,18405509;1,00000000
1,65099875;0,16763040;0,26913139;0,58809054;3,18436265;1,00000000
1,65106542;0,16778421;0,26913139;0,58809054;3,18436265;1,00000000
1,65113210;0,16778421;0,26913139;0,58809054;3,18436265;1,00000000
1,65119877;0,16778421;0,26943898;0,58809054;3,18436265;1,00000000
1,65126544;0,16778421;0,26913139;0,58824432;3,18436265;1,00000000
1,65133211;0,16778421;0,26913139;0,58809054;3,18405509;1,00000000
1,65139878;0,16778421;0,26882383;0,58809054;3,18343997;1,00000000
1,65146546;0,16778421;0,26882383;0,58809054;3,18313241;1,00000000
1,65153213;0,16778421;0,26882383;0,58809054;3,18343997;1,00000000
1,65159880;0,16793799;0,26882383;0,58809054;3,18343997;1,00000000
1,65166547;0,16793799;0,26851624;0,58793676;3,18343997;1,00000000
1,65173214;0,16793799;0,26851624;0,58793676;3,18343997;1,00000000
1,65179882;0,16793799;0,26882383;0,58778298;3,18343997;1,00000000
1,65186549;0,16793799;0,26851624;0,58778298;3,18313241;1,00000000
1,65193216;0,16793799;0,26820865;0,58747536;3,18282485;1,00000000
1,65199883;0,16793799;0,26820865;0,58732158;3,18282485;1,00000000
1,65206550;0,16793799;0,26820865;0,58716780;3,18313241;1,00000000
1,65213218;0,16793799;0,26851624;0,58686024;3,18343997;1,00000000
1,65219885;0,16793799;0,26882383;0,58655268;3,18374753;1,00000000
1,65226552;0,16793799;0,26882383;0,58624506;3,18374753;1,00000000
1,65233219;0,16793799;0,26882383;0,58593750;3,18374753;1,00000000
1,65239886;0,16793799;0,26851624;0,58578372;3,18374753;1,00000000
1,65246554;0,16793799;0,26851624;0,58547610;3,18374753;1,00000000
1,65253221;0,16793799;0,26820865;0,58532232;3,18374753;1,00000000
1,65259888;0,16793799;0,26820865;0,58501476;3,18343997;1,00000000
1,65266555;0,16793799;0,26820865;0,58470720;3,18374753;1,00000000
1,65273222;0,16793799;0,26820865;0,58439958;3,18405509;1,00000000
1,65279890;0,16793799;0,26820865;0,58424580;3,18436265;1,00000000
1,65286557;0,16793799;0,26820865;0,58393824;3,18436265;1,00000000
1,65293224;0,16793799;0,26851624;0,58378446;3,18436265;1,00000000
1,65299891;0,16793799;0,26851624;0,58347690;3,18436265;1,00000000
1,65306558;0,16778421;0,26851624;0,58316928;3,18467021;1,00000000
1,65313226;0,16778421;0,26820865;0,58286172;3,18467021;1,00000000
1,65319893;0,16763040;0,26820865;0,58255410;3,18528533;1,00000000
1,65326560;0,16747662;0,26820865;0,58224654;3,18559289;1,00000000
1,65333227;0,16747662;0,26820865;0,58178520;3,18559289;1,00000000
1,65339894;0,16747662;0,26851624;0,58147764;3,18590045;1,00000000
1,65346562;0,16747662;0,26851624;0,58117002;3,18590045;1,00000000
1,65353229;0,16747662;0,26882383;0,58086246;3,18620801;1,00000000
1,65359896;0,16732283;0,26851624;0,58055484;3,18651581;1,00000000
1,65366563;0,16732283;0,26820865;0,58024728;3,18651581;1,00000000
1,65373230;0,16716905;0,26820865;0,58009350;3,18651581;1,00000000
1,65379898;0,16701525;0,26820865;0,57978594;3,18682337;1,00000000
1,65386565;0,16701525;0,26820865;0,57947832;3,18713093;1,00000000
1,65393232;0,16701525;0,26851624;0,57917076;3,18743849;1,00000000
1,65399899;0,16686147;0,26851624;0,57886314;3,18743849;1,00000000
1,65406566;0,16686147;0,26882383;0,57855558;3,18774605;1,00000000
1,65413234;0,16686147;0,26913139;0,57824802;3,18774605;1,00000000
1,65419901;0,16686147;0,26882383;0,57794046;3,18774605;1,00000000
1,65426568;0,16670766;0,26882383;0,57763284;3,18774605;1,00000000
1,65433235;0,16670766;0,26851624;0,57732528;3,18774605;1,00000000
1,65439902;0,16670766;0,26882383;0,57701772;3,18805361;1,00000000
1,65446570;0,16670766;0,26882383;0,57671016;3,18836117;1,00000000
1,65453237;0,16670766;0,26882383;0,57640254;3,18836117;1,00000000
1,65459904;0,16670766;0,26851624;0,57609499;3,18836117;1,00000000
1,65466571;0,16670766;0,26851624;0,57594121;3,18805361;1,00000000
1,65473238;0,16670766;0,26851624;0,57563359;3,18805361;1,00000000
1,65479906;0,16655388;0,26882383;0,57547981;3,18805361;1,00000000
1,65486573;0,16655388;0,26882383;0,57517225;3,18805361;1,00000000
1,65493240;0,16640009;0,26882383;0,57517225;3,18866873;1,00000000
1,65499907;0,16640009;0,26913139;0,57486469;3,18897629;1,00000000
1,65506574;0,16640009;0,26943898;0,57471091;3,18928385;1,00000000
1,65513242;0,16640009;0,26974654;0,57440329;3,18989897;1,00000000
1,65519909;0,16640009;0,26974654;0,57409573;3,19020653;1,00000000
1,65526576;0,16624631;0,26974654;0,57394195;3,19020653;1,00000000
1,65533243;0,16624631;0,26974654;0,57378817;3,19020653;1,00000000
1,65539911;0,16609251;0,26974654;0,57378817;3,19020653;1,00000000
1,65546578;0,16609251;0,26943898;0,57378817;3,19020653;1,00000000
1,65553245;0,16593874;0,26974654;0,57378817;3,19051409;1,00000000
1,65559912;0,16578494;0,26974654;0,57378817;3,19112968;1,00000000
1,65566579;0,16593874;0,26974654;0,57363439;3,19143724;1,00000000
1,65573247;0,16593874;0,26974654;0,57363439;3,19112968;1,00000000
1,65579914;0,16593874;0,26974654;0,57363439;3,19082165;1,00000000
1,65586581;0,16593874;0,26974654;0,57363439;3,19051409;1,00000000
1,65593248;0,16578494;0,27005413;0,57363439;3,19051409;1,00000000
1,65599915;0,16578494;0,27005413;0,57363439;3,19051409;1,00000000
1,65606583;0,16563116;0,27005413;0,57363439;3,19082165;1,00000000
1,65613250;0,16563116;0,27036172;0,57378817;3,19112968;1,00000000
1,65619917;0,16578494;0,27036172;0,57378817;3,19174480;1,00000000
1,65626584;0,16578494;0,27036172;0,57378817;3,19174480;1,00000000
1,65633251;0,16578494;0,27036172;0,57394195;3,19143724;1,00000000
1,65639919;0,16578494;0,27036172;0,57409573;3,19112968;1,00000000
1,65646586;0,16578494;0,27036172;0,57424951;3,19112968;1,00000000
1,65653253;0,16578494;0,27066928;0,57424951;3,19112968;1,00000000
1,65659920;0,16578494;0,27097687;0,57440329;3,19143724;1,00000000
1,65666587;0,16578494;0,27097687;0,57471091;3,19143724;1,00000000
1,65673255;0,16578494;0,27097687;0,57486469;3,19174480;1,00000000
1,65679922;0,16578494;0,27128446;0,57517225;3,19174480;1,00000000
1,65686589;0,16578494;0,27159202;0,57547981;3,19143724;1,00000000
1,65693256;0,16593874;0,27159202;0,57563359;3,19082165;1,00000000
1,65699923;0,16593874;0,27159202;0,57594121;3,19051409;1,00000000
1,65706591;0,16593874;0,27159202;0,57624876;3,19082165;1,00000000
1,65713258;0,16593874;0,27128446;0,57640254;3,19112968;1,00000000
1,65719925;0,16593874;0,27159202;0,57671016;3,19112968;1,00000000
1,65726592;0,16593874;0,27189961;0,57701772;3,19112968;1,00000000
1,65733259;0,16609251;0,27189961;0,57732528;3,19112968;1,00000000
1,65739927;0,16593874;0,27159202;0,57747906;3,19143724;1,00000000
1,65746594;0,16593874;0,27159202;0,57778668;3,19112968;1,00000000
1,65753261;0,16593874;0,27159202;0,57809424;3,19082165;1,00000000
1,65759928;0,16593874;0,27189961;0,57840180;3,19051409;1,00000000
1,65766595;0,16593874;0,27189961;0,57870936;3,19051409;1,00000000
1,65773263;0,16593874;0,27189961;0,57886314;3,19051409;1,00000000
1,65779930;0,16593874;0,27220720;0,57917076;3,19051409;1,00000000
1,65786597;0,16593874;0,27220720;0,57932454;3,19051409;1,00000000
1,65793264;0,16578494;0,27220720;0,57963216;3,19020653;1,00000000
1,65799931;0,16563116;0,27220720;0,57993972;3,18989897;1,00000000
1,65806599;0,16547737;0,27220720;0,58024728;3,18928385;1,00000000
1,65813266;0,16563116;0,27220720;0,58070862;3,18897629;1,00000000
1,65819933;0,16563116;0,27220720;0,58086246;3,18866873;1,00000000
1,65826600;0,16578494;0,27220720;0,58132380;3,18866873;1,00000000
1,65833267;0,16563116;0,27220720;0,58163142;3,18866873;1,00000000
1,65839935;0,16547737;0,27220720;0,58193898;3,18866873;1,00000000
1,65846602;0,16532359;0,27220720;0,58224654;3,18836117;1,00000000
1,65853269;0,16532359;0,27189961;0,58270794;3,18805361;1,00000000
1,65859936;0,16547737;0,27189961;0,58301550;3,18774605;1,00000000
1,65866603;0,16547737;0,27159202;0,58316928;3,18743849;1,00000000
1,65873271;0,16547737;0,27159202;0,58347690;3,18713093;1,00000000
1,65879938;0,16547737;0,27159202;0,58393824;3,18682337;1,00000000
1,65886605;0,16547737;0,27159202;0,58409202;3,18651581;1,00000000
1,65893272;0,16547737;0,27128446;0,58439958;3,18620801;1,00000000
1,65899939;0,16563116;0,27097687;0,58470720;3,18590045;1,00000000
1,65906607;0,16563116;0,27066928;0,58486098;3,18559289;1,00000000
1,65913274;0,16578494;0,27066928;0,58516854;3,18467021;1,00000000
1,65919941;0,16578494;0,27066928;0,58532232;3,18436265;1,00000000
1,65926608;0,16563116;0,27036172;0,58562988;3,18405509;1,00000000
1,65933275;0,16547737;0,27036172;0,58578372;3,18374753;1,00000000
1,65939943;0,16563116;0,27005413;0,58609128;3,18343997;1,00000000
1,65946610;0,16563116;0,26974654;0,58639890;3,18313241;1,00000000
1,65953277;0,16578494;0,26943898;0,58670646;3,18282485;1,00000000
1,65959944;0,16578494;0,26943898;0,58701402;3,18251729;1,00000000
1,65966611;0,16563116;0,26913139;0,58701402;3,18251729;1,00000000
1,65973279;0,16563116;0,26882383;0,58716780;3,18251729;1,00000000
1,65979946;0,16563116;0,26851624;0,58732158;3,18220973;1,00000000
1,65986613;0,16547737;0,26820865;0,58762920;3,18190217;1,00000000
1,65993280;0,16563116;0,26820865;0,58793676;3,18159461;1,00000000
1,65999947;0,16547737;0,26820865;0,58809054;3,18128681;1,00000000
1,66006615;0,16532359;0,26820865;0,58839810;3,18097925;1,00000000
1,66013282;0,16516978;0,26790109;0,58855188;3,18097925;1,00000000
1,66019949;0,16501600;0,26790109;0,58870566;3,18128681;1,00000000
1,66026616;0,16501600;0,26790109;0,58885950;3,18128681;1,00000000
1,66033283;0,16516978;0,26790109;0,58901328;3,18128681;1,00000000
1,66039951;0,16516978;0,26759350;0,58916706;3,18128681;1,00000000
1,66046618;0,16501600;0,26759350;0,58962846;3,18097925;1,00000000
1,66053285;0,16486220;0,26759350;0,58978224;3,18097925;1,00000000
1,66059952;0,16470842;0,26759350;0,58993602;3,18128681;1,00000000
1,66066619;0,16470842;0,26728594;0,59024358;3,18097925;1,00000000
1,66073287;0,16455463;0,26728594;0,59039736;3,18097925;1,00000000
1,66079954;0,16455463;0,26728594;0,59055120;3,18097925;1,00000000
1,66086621;0,16455463;0,26697835;0,59070498;3,18097925;1,00000000
1,66093288;0,16455463;0,26697835;0,59085876;3,18097925;1,00000000
1,66099955;0,16440085;0,26667076;0,59101254;3,18097925;1,00000000
1,66106623;0,16440085;0,26697835;0,59101254;3,18159461;1,00000000
1,66113290;0,16440085;0,26697835;0,59101254;3,18159461;1,00000000
1,66119957;0,16440085;0,26667076;0,59101254;3,18159461;1,00000000
1,66126624;0,16424704;0,26667076;0,59101254;3,18159461;1,00000000
1,66133291;0,16424704;0,26636320;0,59101254;3,18159461;1,00000000
1,66139959;0,16440085;0,26667076;0,59116638;3,18190217;1,00000000
1,66146626;0,16440085;0,26667076;0,59116638;3,18190217;1,00000000
1,66153293;0,16455463;0,26667076;0,59116638;3,18220973;1,00000000
1,66159960;0,16440085;0,26697835;0,59116638;3,18220973;1,00000000
1,66166627;0,16424704;0,26667076;0,59132016;3,18220973;1,00000000
1,66173295;0,16409326;0,26697835;0,59116638;3,18220973;1,00000000
1,66179962;0,16393946;0,26697835;0,59101254;3,18251729;1,00000000
1,66186629;0,16393946;0,26667076;0,59101254;3,18282485;1,00000000
1,66193296;0,16393946;0,26667076;0,59085876;3,18282485;1,00000000
1,66199963;0,16393946;0,26667076;0,59070498;3,18313241;1,00000000
1,66206631;0,16409326;0,26636320;0,59055120;3,18313241;1,00000000
1,66213298;0,16424704;0,26605561;0,59039736;3,18313241;1,00000000
1,66219965;0,16409326;0,26605561;0,59024358;3,18313241;1,00000000
1,66226632;0,16393946;0,26574802;0,59008980;3,18313241;1,00000000
1,66233299;0,16409326;0,26574802;0,58978224;3,18343997;1,00000000
1,66239967;0,16424704;0,26574802;0,58962846;3,18374753;1,00000000
1,66246634;0,16440085;0,26574802;0,58932084;3,18374753;1,00000000
1,66253301;0,16424704;0,26574802;0,58901328;3,18405509;1,00000000
1,66259968;0,16424704;0,26574802;0,58885950;3,18405509;1,00000000
1,66266635;0,16440085;0,26574802;0,58855188;3,18405509;1,00000000
1,66273303;0,16424704;0,26605561;0,58824432;3,18436265;1,00000000
1,66279970;0,16424704;0,26636320;0,58809054;3,18467021;1,00000000
1,66286637;0,16424704;0,26667076;0,58778298;3,18467021;1,00000000
1,66293304;0,16440085;0,26667076;0,58747536;3,18467021;1,00000000
1,66299971;0,16455463;0,26667076;0,58716780;3,18528533;1,00000000
1,66306639;0,16470842;0,26636320;0,58686024;3,18528533;1,00000000
1,66313306;0,16455463;0,26636320;0,58655268;3,18528533;1,00000000
1,66319973;0,16455463;0,26667076;0,58624506;3,18528533;1,00000000
1,66326640;0,16440085;0,26636320;0,58578372;3,18528533;1,00000000
1,66333307;0,16440085;0,26636320;0,58562988;3,18528533;1,00000000
1,66339975;0,16455463;0,26636320;0,58532232;3,18528533;1,00000000
1,66346642;0,16470842;0,26636320;0,58486098;3,18467021;1,00000000
1,66353309;0,16470842;0,26636320;0,58470720;3,18528533;1,00000000
1,66359976;0,16470842;0,26636320;0,58439958;3,18528533;1,00000000
1,66366643;0,16486220;0,26667076;0,58409202;3,18528533;1,00000000
1,66373311;0,16486220;0,26667076;0,58363068;3,18528533;1,00000000
1,66379978;0,16501600;0,26697835;0,58316928;3,18559289;1,00000000
1,66386645;0,16486220;0,26728594;0,58301550;3,18559289;1,00000000
1,66393312;0,16486220;0,26728594;0,58270794;3,18559289;1,00000000
1,66399979;0,16501600;0,26759350;0,58240032;3,18559289;1,00000000
1,66406647;0,16516978;0,26759350;0,58193898;3,18528533;1,00000000
1,66413314;0,16532359;0,26759350;0,58147764;3,18559289;1,00000000
1,66419981;0,16532359;0,26759350;0,58101624;3,18590045;1,00000000
1,66426648;0,16532359;0,26728594;0,58070862;3,18620801;1,00000000
1,66433315;0,16547737;0,26728594;0,58024728;3,18651581;1,00000000
1,66439983;0,16547737;0,26759350;0,57978594;3,18620801;1,00000000
1,66446650;0,16547737;0,26728594;0,57947832;3,18620801;1,00000000
1,66453317;0,16547737;0,26759350;0,57917076;3,18620801;1,00000000
1,66459984;0,16563116;0,26759350;0,57886314;3,18620801;1,00000000
1,66466651;0,16578494;0,26759350;0,57855558;3,18620801;1,00000000
1,66473319;0,16578494;0,26759350;0,57824802;3,18682337;1,00000000
1,66479986;0,16578494;0,26759350;0,57778668;3,18713093;1,00000000
1,66486653;0,16593874;0,26759350;0,57747906;3,18743849;1,00000000
1,66493320;0,16609251;0,26759350;0,57701772;3,18743849;1,00000000
1,66499987;0,16624631;0,26759350;0,57671016;3,18743849;1,00000000
1,66506655;0,16640009;0,26759350;0,57640254;3,18713093;1,00000000
1,66513322;0,16640009;0,26759350;0,57594121;3,18713093;1,00000000
1,66519989;0,16640009;0,26759350;0,57578737;3,18682337;1,00000000
1,66526656;0,16640009;0,26759350;0,57532603;3,18713093;1,00000000
1,66533323;0,16640009;0,26759350;0,57486469;3,18713093;1,00000000
1,66539991;0,16640009;0,26790109;0,57455707;3,18713093;1,00000000
1,66546658;0,16640009;0,26759350;0,57409573;3,18713093;1,00000000
1,66553325;0,16640009;0,26790109;0,57378817;3,18743849;1,00000000
1,66559992;0,16640009;0,26790109;0,57348061;3,18743849;1,00000000
1,66566659;0,16640009;0,26759350;0,57317299;3,18743849;1,00000000
1,66573327;0,16640009;0,26759350;0,57286543;3,18743849;1,00000000
1,66579994;0,16640009;0,26790109;0,57240403;3,18713093;1,00000000
1,66586661;0,16640009;0,26790109;0,57209647;3,18682337;1,00000000
1,66593328;0,16640009;0,26790109;0,57178891;3,18682337;1,00000000
1,66599995;0,16640009;0,26790109;0,57163513;3,18682337;1,00000000
1,66606663;0,16640009;0,26759350;0,57132751;3,18682337;1,00000000
1,66613330;0,16640009;0,26759350;0,57101995;3,18682337;1,00000000
1,66619997;0,16640009;0,26790109;0,57101995;3,18651581;1,00000000
1,66626664;0,16640009;0,26820865;0,57071233;3,18651581;1,00000000
1,66633331;0,16640009;0,26790109;0,57040477;3,18590045;1,00000000
1,66639999;0,16640009;0,26790109;0,57025099;3,18590045;1,00000000
1,66646666;0,16640009;0,26820865;0,56994343;3,18590045;1,00000000
1,66653333;0,16640009;0,26820865;0,56963581;3,18590045;1,00000000
1,66660000;0,16640009;0,26790109;0,56963581;3,18559289;1,00000000
1,66666667;0,16640009;0,26759350;0,56948203;3,18528533;1,00000000
1,66673335;0,16655388;0,26728594;0,56948203;3,18467021;1,00000000
1,66680002;0,16655388;0,26697835;0,56948203;3,18467021;1,00000000
1,66686669;0,16655388;0,26667076;0,56948203;3,18467021;1,00000000
1,66693336;0,16655388;0,26667076;0,56948203;3,18436265;1,00000000
1,66700003;0,16640009;0,26667076;0,56963581;3,18436265;1,00000000
1,66706671;0,16624631;0,26667076;0,56963581;3,18436265;1,00000000
1,66713338;0,16624631;0,26636320;0,56978959;3,18436265;1,00000000
1,66720005;0,16609251;0,26636320;0,56978959;3,18436265;1,00000000
1,66726672;0,16609251;0,26636320;0,56978959;3,18436265;1,00000000
1,66733339;0,16609251;0,26636320;0,56994343;3,18467021;1,00000000
1,66740007;0,16609251;0,26636320;0,57009721;3,18467021;1,00000000
1,66746674;0,16609251;0,26667076;0,57025099;3,18436265;1,00000000
1,66753341;0,16609251;0,26667076;0,57040477;3,18436265;1,00000000
1,66760008;0,16624631;0,26667076;0,57071233;3,18436265;1,00000000
1,66766675;0,16624631;0,26697835;0,57101995;3,18436265;1,00000000
1,66773343;0,16624631;0,26697835;0,57132751;3,18436265;1,00000000
1,66780010;0,16624631;0,26667076;0,57163513;3,18436265;1,00000000
1,66786677;0,16609251;0,26636320;0,57209647;3,18528533;1,00000000
1,66793344;0,16609251;0,26667076;0,57255781;3,18590045;1,00000000
1,66800011;0,16609251;0,26636320;0,57286543;3,18590045;1,00000000
1,66806679;0,16609251;0,26667076;0,57332677;3,18559289;1,00000000
1,66813346;0,16609251;0,26667076;0,57378817;3,18559289;1,00000000
1,66820013;0,16593874;0,26697835;0,57409573;3,18559289;1,00000000
1,66826680;0,16593874;0,26667076;0,57455707;3,18559289;1,00000000
1,66833347;0,16593874;0,26697835;0,57501847;3,18559289;1,00000000
1,66840015;0,16593874;0,26697835;0,57547981;3,18590045;1,00000000
1,66846682;0,16593874;0,26697835;0,57594121;3,18651581;1,00000000
1,66853349;0,16593874;0,26697835;0,57640254;3,18713093;1,00000000
1,66860016;0,16593874;0,26697835;0,57686394;3,18713093;1,00000000
1,66866683;0,16593874;0,26728594;0,57732528;3,18713093;1,00000000
1,66873351;0,16593874;0,26759350;0,57794046;3,18713093;1,00000000
1,66880018;0,16593874;0,26790109;0,57840180;3,18743849;1,00000000
1,66886685;0,16593874;0,26790109;0,57886314;3,18774605;1,00000000
1,66893352;0,16593874;0,26820865;0,57917076;3,18836117;1,00000000
1,66900019;0,16593874;0,26851624;0,57963216;3,18866873;1,00000000
1,66906687;0,16578494;0,26882383;0,58024728;3,18897629;1,00000000
1,66913354;0,16578494;0,26913139;0,58055484;3,18897629;1,00000000
1,66920021;0,16578494;0,26913139;0,58117002;3,18897629;1,00000000
1,66926688;0,16578494;0,26913139;0,58178520;3,18897629;1,00000000
1,66933355;0,16578494;0,26943898;0,58240032;3,18897629;1,00000000
1,66940023;0,16578494;0,26974654;0,58286172;3,18897629;1,00000000
1,66946690;0,16578494;0,26974654;0,58347690;3,18928385;1,00000000
1,66953357;0,16578494;0,26974654;0,58393824;3,18959141;1,00000000
1,66960024;0,16578494;0,26974654;0,58439958;3,18989897;1,00000000
1,66966691;0,16578494;0,27005413;0,58486098;3,18959141;1,00000000
1,66973359;0,16578494;0,27036172;0,58532232;3,18959141;1,00000000
1,66980026;0,16578494;0,27036172;0,58578372;3,18928385;1,00000000
1,66986693;0,16578494;0,27066928;0,58609128;3,18928385;1,00000000
1,66993360;0,16578494;0,27066928;0,58655268;3,18928385;1,00000000
1,67000027;0,16578494;0,27036172;0,58686024;3,18959141;1,00000000
1,67006695;0,16578494;0,27036172;0,58716780;3,18989897;1,00000000
1,67013362;0,16578494;0,27036172;0,58762920;3,18959141;1,00000000
1,67020029;0,16578494;0,27066928;0,58793676;3,18959141;1,00000000
1,67026696;0,16578494;0,27097687;0,58824432;3,18959141;1,00000000
1,67033363;0,16578494;0,27128446;0,58855188;3,18959141;1,00000000
1,67040031;0,16578494;0,27128446;0,58885950;3,18959141;1,00000000
1,67046698;0,16578494;0,27128446;0,58901328;3,18959141;1,00000000
1,67053365;0,16578494;0,27128446;0,58916706;3,18989897;1,00000000
1,67060032;0,16578494;0,27128446;0,58947468;3,18928385;1,00000000
1,67066699;0,16593874;0,27159202;0,58947468;3,18866873;1,00000000
1,67073367;0,16593874;0,27159202;0,58962846;3,18866873;1,00000000
1,67080034;0,16593874;0,27159202;0,58962846;3,18866873;1,00000000
1,67086701;0,16593874;0,27189961;0,58978224;3,18866873;1,00000000
1,67093368;0,16593874;0,27189961;0,58978224;3,18866873;1,00000000
1,67100035;0,16593874;0,27189961;0,58978224;3,18866873;1,00000000
1,67106703;0,16578494;0,27189961;0,58978224;3,18836117;1,00000000
1,67113370;0,16578494;0,27159202;0,58978224;3,18774605;1,00000000
1,67120037;0,16578494;0,27128446;0,58962846;3,18743849;1,00000000
1,67126704;0,16578494;0,27128446;0,58962846;3,18743849;1,00000000
1,67133371;0,16578494;0,27128446;0,58947468;3,18743849;1,00000000
1,67140039;0,16578494;0,27128446;0,58916706;3,18743849;1,00000000
1,67146706;0,16578494;0,27128446;0,58916706;3,18743849;1,00000000
1,67153373;0,16578494;0,27128446;0,58916706;3,18713093;1,00000000
1,67160040;0,16578494;0,27128446;0,58916706;3,18713093;1,00000000
1,67166707;0,16578494;0,27128446;0,58916706;3,18713093;1,00000000
1,67173375;0,16578494;0,27128446;0,58885950;3,18743849;1,00000000
1,67180042;0,16578494;0,27159202;0,58885950;3,18743849;1,00000000
1,67186709;0,16578494;0,27128446;0,58870566;3,18743849;1,00000000
1,67193376;0,16593874;0,27128446;0,58870566;3,18743849;1,00000000
1,67200043;0,16593874;0,27159202;0,58839810;3,18743849;1,00000000
1,67206711;0,16593874;0,27159202;0,58839810;3,18743849;1,00000000
1,67213378;0,16593874;0,27128446;0,58809054;3,18743849;1,00000000
1,67220045;0,16593874;0,27097687;0,58793676;3,18713093;1,00000000
1,67226712;0,16593874;0,27097687;0,58793676;3,18682337;1,00000000
1,67233379;0,16593874;0,27066928;0,58793676;3,18682337;1,00000000
1,67240047;0,16593874;0,27066928;0,58762920;3,18682337;1,00000000
1,67246714;0,16593874;0,27036172;0,58732158;3,18651581;1,00000000
1,67253381;0,16593874;0,27066928;0,58716780;3,18651581;1,00000000
1,67260048;0,16593874;0,27066928;0,58686024;3,18651581;1,00000000
1,67266715;0,16593874;0,27036172;0,58655268;3,18620801;1,00000000
1,67273383;0,16578494;0,27005413;0,58624506;3,18620801;1,00000000
1,67280050;0,16578494;0,27005413;0,58609128;3,18651581;1,00000000
1,67286717;0,16578494;0,27005413;0,58578372;3,18682337;1,00000000
1,67293384;0,16578494;0,27036172;0,58547610;3,18713093;1,00000000
1,67300051;0,16578494;0,27005413;0,58532232;3,18713093;1,00000000
1,67306719;0,16578494;0,27036172;0,58501476;3,18713093;1,00000000
1,67313386;0,16578494;0,27036172;0,58486098;3,18713093;1,00000000
1,67320053;0,16578494;0,27036172;0,58439958;3,18713093;1,00000000
1,67326720;0,16563116;0,27005413;0,58409202;3,18682337;1,00000000
1,67333387;0,16563116;0,27005413;0,58378446;3,18713093;1,00000000
1,67340055;0,16563116;0,27005413;0,58347690;3,18743849;1,00000000
1,67346722;0,16563116;0,27005413;0,58332312;3,18774605;1,00000000
1,67353389;0,16563116;0,27005413;0,58316928;3,18774605;1,00000000
1,67360056;0,16563116;0,27005413;0,58301550;3,18774605;1,00000000
1,67366723;0,16563116;0,26974654;0,58270794;3,18774605;1,00000000
1,67373391;0,16547737;0,26974654;0,58224654;3,18774605;1,00000000
1,67380058;0,16547737;0,26943898;0,58209276;3,18774605;1,00000000
1,67386725;0,16547737;0,26913139;0,58163142;3,18774605;1,00000000
1,67393392;0,16547737;0,26882383;0,58117002;3,18805361;1,00000000
1,67400059;0,16532359;0,26913139;0,58086246;3,18836117;1,00000000
1,67406727;0,16516978;0,26913139;0,58055484;3,18866873;1,00000000
1,67413394;0,16516978;0,26943898;0,58024728;3,18866873;1,00000000
1,67420061;0,16516978;0,26943898;0,57993972;3,18897629;1,00000000
1,67426728;0,16516978;0,26943898;0,57947832;3,18897629;1,00000000
1,67433395;0,16516978;0,26913139;0,57917076;3,18897629;1,00000000
1,67440063;0,16501600;0,26913139;0,57886314;3,18897629;1,00000000
1,67446730;0,16501600;0,26913139;0,57855558;3,18866873;1,00000000
1,67453397;0,16501600;0,26943898;0,57824802;3,18897629;1,00000000
1,67460064;0,16501600;0,26943898;0,57794046;3,18959141;1,00000000
1,67466731;0,16516978;0,26913139;0,57763284;3,18989897;1,00000000
1,67473399;0,16516978;0,26943898;0,57732528;3,18989897;1,00000000
1,67480066;0,16516978;0,26913139;0,57717150;3,18989897;1,00000000
1,67486733;0,16516978;0,26913139;0,57686394;3,18989897;1,00000000
1,67493400;0,16516978;0,26913139;0,57686394;3,18989897;1,00000000
1,67500067;0,16516978;0,26913139;0,57671016;3,19020653;1,00000000
1,67506735;0,16516978;0,26913139;0,57640254;3,19082165;1,00000000
1,67513402;0,16516978;0,26913139;0,57609499;3,19112968;1,00000000
1,67520069;0,16501600;0,26943898;0,57594121;3,19143724;1,00000000
1,67526736;0,16501600;0,26943898;0,57594121;3,19174480;1,00000000
1,67533403;0,16486220;0,26943898;0,57563359;3,19174480;1,00000000
1,67540071;0,16486220;0,26943898;0,57532603;3,19174480;1,00000000
1,67546738;0,16470842;0,26913139;0,57501847;3,19174480;1,00000000
1,67553405;0,16470842;0,26882383;0,57486469;3,19205236;1,00000000
1,67560072;0,16470842;0,26882383;0,57471091;3,19174480;1,00000000
1,67566739;0,16455463;0,26882383;0,57440329;3,19174480;1,00000000
1,67573407;0,16440085;0,26882383;0,57440329;3,19205236;1,00000000
1,67580074;0,16455463;0,26913139;0,57455707;3,19235992;1,00000000
1,67586741;0,16455463;0,26943898;0,57440329;3,19266748;1,00000000
1,67593408;0,16440085;0,26943898;0,57440329;3,19266748;1,00000000
1,67600075;0,16440085;0,26974654;0,57440329;3,19266748;1,00000000
1,67606743;0,16424704;0,26974654;0,57440329;3,19297504;1,00000000
1,67613410;0,16424704;0,26974654;0,57440329;3,19266748;1,00000000
1,67620077;0,16409326;0,26974654;0,57455707;3,19328260;1,00000000
1,67626744;0,16393946;0,26974654;0,57471091;3,19359016;1,00000000
1,67633411;0,16393946;0,27005413;0,57486469;3,19389772;1,00000000
1,67640079;0,16393946;0,27005413;0,57501847;3,19420528;1,00000000
1,67646746;0,16393946;0,27036172;0,57501847;3,19451284;1,00000000
1,67653413;0,16409326;0,27036172;0,57501847;3,19451284;1,00000000
1,67660080;0,16393946;0,27036172;0,57501847;3,19420528;1,00000000
1,67666747;0,16393946;0,27036172;0,57501847;3,19389772;1,00000000
1,67673415;0,16393946;0,27036172;0,57532603;3,19359016;1,00000000
1,67680082;0,16378568;0,27066928;0,57563359;3,19359016;1,00000000
1,67686749;0,16378568;0,27097687;0,57594121;3,19389772;1,00000000
1,67693416;0,16378568;0,27128446;0,57609499;3,19420528;1,00000000
1,67700083;0,16363189;0,27128446;0,57624876;3,19420528;1,00000000
1,67706751;0,16363189;0,27128446;0,57655638;3,19420528;1,00000000
1,67713418;0,16363189;0,27097687;0,57671016;3,19451284;1,00000000
1,67720085;0,16363189;0,27097687;0,57686394;3,19420528;1,00000000
1,67726752;0,16363189;0,27097687;0,57717150;3,19389772;1,00000000
1,67733419;0,16363189;0,27128446;0,57747906;3,19359016;1,00000000
1,67740087;0,16347811;0,27159202;0,57778668;3,19328260;1,00000000
1,67746754;0,16347811;0,27189961;0,57809424;3,19328260;1,00000000
1,67753421;0,16347811;0,27189961;0,57824802;3,19328260;1,00000000
1,67760088;0,16347811;0,27220720;0,57855558;3,19297504;1,00000000
1,67766755;0,16347811;0,27189961;0,57870936;3,19266748;1,00000000
1,67773423;0,16347811;0,27189961;0,57886314;3,19297504;1,00000000
1,67780090;0,16363189;0,27189961;0,57917076;3,19266748;1,00000000
1,67786757;0,16363189;0,27220720;0,57932454;3,19235992;1,00000000
1,67793424;0,16363189;0,27251476;0,57963216;3,19235992;1,00000000
1,67800091;0,16363189;0,27282235;0,57993972;3,19235992;1,00000000
1,67806759;0,16378568;0,27312991;0,58024728;3,19205236;1,00000000
1,67813426;0,16378568;0,27312991;0,58055484;3,19174480;1,00000000
1,67820093;0,16393946;0,27282235;0,58086246;3,19174480;1,00000000
1,67826760;0,16393946;0,27282235;0,58101624;3,19174480;1,00000000
1,67833427;0,16393946;0,27251476;0,58132380;3,19143724;1,00000000
1,67840095;0,16393946;0,27282235;0,58147764;3,19112968;1,00000000
1,67846762;0,16378568;0,27282235;0,58178520;3,19051409;1,00000000
1,67853429;0,16363189;0,27282235;0,58224654;3,18989897;1,00000000
1,67860096;0,16347811;0,27282235;0,58240032;3,18928385;1,00000000
1,67866763;0,16347811;0,27251476;0,58270794;3,18928385;1,00000000
1,67873431;0,16347811;0,27282235;0,58301550;3,18928385;1,00000000
1,67880098;0,16347811;0,27251476;0,58332312;3,18928385;1,00000000
1,67886765;0,16347811;0,27220720;0,58363068;3,18897629;1,00000000
1,67893432;0,16363189;0,27251476;0,58378446;3,18836117;1,00000000
1,67900099;0,16347811;0,27282235;0,58409202;3,18774605;1,00000000
1,67906767;0,16347811;0,27251476;0,58424580;3,18713093;1,00000000
1,67913434;0,16332431;0,27282235;0,58455342;3,18682337;1,00000000
1,67920101;0,16317053;0,27282235;0,58486098;3,18682337;1,00000000
1,67926768;0,16332431;0,27251476;0,58516854;3,18682337;1,00000000
1,67933435;0,16347811;0,27251476;0,58547610;3,18682337;1,00000000
1,67940103;0,16347811;0,27251476;0,58578372;3,18651581;1,00000000
1,67946770;0,16347811;0,27251476;0,58609128;3,18590045;1,00000000
1,67953437;0,16347811;0,27251476;0,58624506;3,18528533;1,00000000
1,67960104;0,16347811;0,27251476;0,58655268;3,18467021;1,00000000
1,67966771;0,16332431;0,27251476;0,58686024;3,18436265;1,00000000
1,67973439;0,16317053;0,27251476;0,58701402;3,18436265;1,00000000
1,67980106;0,16317053;0,27220720;0,58732158;3,18405509;1,00000000
1,67986773;0,16332431;0,27189961;0,58747536;3,18374753;1,00000000
1,67993440;0,16332431;0,27159202;0,58762920;3,18343997;1,00000000
1,68000107;0,16317053;0,27159202;0,58778298;3,18313241;1,00000000
1,68006775;0,16301674;0,27159202;0,58809054;3,18282485;1,00000000
1,68013442;0,16286296;0,27159202;0,58824432;3,18282485;1,00000000
1,68020109;0,16286296;0,27159202;0,58839810;3,18282485;1,00000000
1,68026776;0,16286296;0,27128446;0,58870566;3,18282485;1,00000000
1,68033443;0,16286296;0,27128446;0,58901328;3,18282485;1,00000000
1,68040111;0,16286296;0,27128446;0,58901328;3,18313241;1,00000000
1,68046778;0,16255537;0,27097687;0,58916706;3,18313241;1,00000000
1,68053445;0,16240157;0,27066928;0,58947468;3,18343997;1,00000000
1,68060112;0,16240157;0,27097687;0,58947468;3,18313241;1,00000000
1,68066779;0,16240157;0,27097687;0,58962846;3,18313241;1,00000000
1,68073447;0,16224779;0,27097687;0,58978224;3,18313241;1,00000000
1,68080114;0,16224779;0,27097687;0,58993602;3,18313241;1,00000000
1,68086781;0,16209400;0,27097687;0,59008980;3,18282485;1,00000000
1,68093448;0,16224779;0,27066928;0,59024358;3,18313241;1,00000000
1,68100115;0,16224779;0,27066928;0,59024358;3,18313241;1,00000000
1,68106783;0,16209400;0,27036172;0,59039736;3,18343997;1,00000000
1,68113450;0,16194022;0,27036172;0,59055120;3,18343997;1,00000000
1,68120117;0,16178641;0,27036172;0,59070498;3,18343997;1,00000000
1,68126784;0,16178641;0,27005413;0,59085876;3,18343997;1,00000000
1,68133451;0,16194022;0,27036172;0,59085876;3,18313241;1,00000000
1,68140119;0,16194022;0,27005413;0,59085876;3,18282485;1,00000000
1,68146786;0,16209400;0,27005413;0,59101254;3,18343997;1,00000000
1,68153453;0,16209400;0,27005413;0,59085876;3,18374753;1,00000000
1,68160120;0,16194022;0,26974654;0,59085876;3,18405509;1,00000000
1,68166787;0,16178641;0,26974654;0,59085876;3,18405509;1,00000000
1,68173455;0,16163263;0,27005413;0,59070498;3,18405509;1,00000000
1,68180122;0,16163263;0,27036172;0,59055120;3,18374753;1,00000000
1,68186789;0,16163263;0,27036172;0,59039736;3,18374753;1,00000000
1,68193456;0,16163263;0,27036172;0,59024358;3,18374753;1,00000000
1,68200123;0,16147883;0,27036172;0,59008980;3,18405509;1,00000000
1,68206791;0,16132505;0,27005413;0,58993602;3,18436265;1,00000000
1,68213458;0,16117126;0,27005413;0,58978224;3,18436265;1,00000000
1,68220125;0,16117126;0,27005413;0,58962846;3,18436265;1,00000000
1,68226792;0,16117126;0,27005413;0,58947468;3,18436265;1,00000000
1,68233459;0,16132505;0,27005413;0,58916706;3,18436265;1,00000000
1,68240127;0,16132505;0,27005413;0,58901328;3,18467021;1,00000000
1,68246794;0,16132505;0,27005413;0,58870566;3,18528533;1,00000000
1,68253461;0,16147883;0,27036172;0,58855188;3,18559289;1,00000000
1,68260128;0,16147883;0,27005413;0,58824432;3,18528533;1,00000000
1,68266795;0,16147883;0,27005413;0,58809054;3,18528533;1,00000000
1,68273463;0,16163263;0,27005413;0,58793676;3,18528533;1,00000000
1,68280130;0,16178641;0,27036172;0,58762920;3,18467021;1,00000000
1,68286797;0,16178641;0,27005413;0,58747536;3,18467021;1,00000000
1,68293464;0,16178641;0,27036172;0,58716780;3,18528533;1,00000000
1,68300131;0,16194022;0,27036172;0,58686024;3,18559289;1,00000000
1,68306799;0,16194022;0,27005413;0,58639890;3,18559289;1,00000000
1,68313466;0,16194022;0,27005413;0,58609128;3,18559289;1,00000000
1,68320133;0,16194022;0,27005413;0,58578372;3,18528533;1,00000000
1,68326800;0,16194022;0,26974654;0,58532232;3,18528533;1,00000000
1,68333467;0,16209400;0,26943898;0,58516854;3,18467021;1,00000000
1,68340135;0,16224779;0,26974654;0,58486098;3,18559289;1,00000000
1,68346802;0,16240157;0,27005413;0,58455342;3,18590045;1,00000000
1,68353469;0,16255537;0,27005413;0,58424580;3,18590045;1,00000000
1,68360136;0,16255537;0,27005413;0,58393824;3,18590045;1,00000000
1,68366803;0,16255537;0,27036172;0,58363068;3,18590045;1,00000000
1,68373471;0,16255537;0,27066928;0,58332312;3,18590045;1,00000000
1,68380138;0,16255537;0,27066928;0,58301550;3,18590045;1,00000000
1,68386805;0,16270915;0,27066928;0,58255410;3,18559289;1,00000000
1,68393472;0,16286296;0,27066928;0,58224654;3,18620801;1,00000000
1,68400139;0,16301674;0,27066928;0,58209276;3,18651581;1,00000000
1,68406807;0,16332431;0,27036172;0,58178520;3,18651581;1,00000000
1,68413474;0,16347811;0,27066928;0,58147764;3,18651581;1,00000000
1,68420141;0,16347811;0,27097687;0,58101624;3,18651581;1,00000000
1,68426808;0,16363189;0,27097687;0,58055484;3,18651581;1,00000000
1,68433475;0,16363189;0,27097687;0,58024728;3,18682337;1,00000000
1,68440143;0,16363189;0,27066928;0,57978594;3,18682337;1,00000000
1,68446810;0,16363189;0,27066928;0,57932454;3,18651581;1,00000000
1,68453477;0,16363189;0,27036172;0,57886314;3,18651581;1,00000000
1,68460144;0,16363189;0,27036172;0,57855558;3,18651581;1,00000000
1,68466811;0,16347811;0,27005413;0,57824802;3,18651581;1,00000000
1,68473479;0,16363189;0,27005413;0,57794046;3,18651581;1,00000000
1,68480146;0,16378568;0,27036172;0,57763284;3,18651581;1,00000000
1,68486813;0,16378568;0,27066928;0,57732528;3,18682337;1,00000000
1,68493480;0,16409326;0,27097687;0,57701772;3,18682337;1,00000000
1,68500147;0,16424704;0,27066928;0,57655638;3,18651581;1,00000000
1,68506815;0,16440085;0,27066928;0,57624876;3,18682337;1,00000000
1,68513482;0,16455463;0,27036172;0,57578737;3,18713093;1,00000000
1,68520149;0,16470842;0,27005413;0,57532603;3,18713093;1,00000000
1,68526816;0,16486220;0,26974654;0,57501847;3,18713093;1,00000000
1,68533483;0,16486220;0,27005413;0,57471091;3,18713093;1,00000000
1,68540151;0,16486220;0,27005413;0,57440329;3,18743849;1,00000000
1,68546818;0,16486220;0,27005413;0,57409573;3,18713093;1,00000000
1,68553485;0,16486220;0,27005413;0,57378817;3,18651581;1,00000000
1,68560152;0,16486220;0,27036172;0,57348061;3,18590045;1,00000000
1,68566819;0,16486220;0,27066928;0,57317299;3,18590045;1,00000000
1,68573487;0,16486220;0,27036172;0,57286543;3,18590045;1,00000000
1,68580154;0,16486220;0,27005413;0,57255781;3,18590045;1,00000000
1,68586821;0,16501600;0,26974654;0,57209647;3,18559289;1,00000000
1,68593488;0,16516978;0,26974654;0,57194269;3,18528533;1,00000000
1,68600155;0,16516978;0,26943898;0,57178891;3,18467021;1,00000000
1,68606823;0,16516978;0,26913139;0,57163513;3,18436265;1,00000000
1,68613490;0,16532359;0,26882383;0,57132751;3,18374753;1,00000000
1,68620157;0,16532359;0,26882383;0,57117373;3,18374753;1,00000000
1,68626824;0,16532359;0,26882383;0,57086611;3,18374753;1,00000000
1,68633491;0,16532359;0,26851624;0,57055855;3,18374753;1,00000000
1,68640159;0,16532359;0,26820865;0,57040477;3,18374753;1,00000000
1,68646826;0,16532359;0,26790109;0,57025099;3,18405509;1,00000000
1,68653493;0,16532359;0,26790109;0,57009721;3,18405509;1,00000000
1,68660160;0,16532359;0,26820865;0,57009721;3,18343997;1,00000000
1,68666827;0,16532359;0,26820865;0,57009721;3,18313241;1,00000000
1,68673495;0,16532359;0,26820865;0,56994343;3,18343997;1,00000000
1,68680162;0,16532359;0,26790109;0,56994343;3,18343997;1,00000000
1,68686829;0,16532359;0,26790109;0,56978959;3,18343997;1,00000000
1,68693496;0,16532359;0,26759350;0,56978959;3,18343997;1,00000000
1,68700163;0,16532359;0,26790109;0,56978959;3,18343997;1,00000000
1,68706831;0,16532359;0,26790109;0,56978959;3,18313241;1,00000000
1,68713498;0,16532359;0,26790109;0,56994343;3,18313241;1,00000000
1,68720165;0,16532359;0,26790109;0,56994343;3,18282485;1,00000000
1,68726832;0,16532359;0,26790109;0,57025099;3,18251729;1,00000000
1,68733499;0,16547737;0,26759350;0,57040477;3,18251729;1,00000000
1,68740167;0,16547737;0,26728594;0,57055855;3,18251729;1,00000000
1,68746834;0,16532359;0,26728594;0,57071233;3,18251729;1,00000000
1,68753501;0,16532359;0,26728594;0,57101995;3,18251729;1,00000000
1,68760168;0,16532359;0,26728594;0,57132751;3,18251729;1,00000000
1,68766835;0,16532359;0,26728594;0,57163513;3,18313241;1,00000000
1,68773503;0,16532359;0,26697835;0,57194269;3,18313241;1,00000000
1,68780170;0,16532359;0,26728594;0,57209647;3,18282485;1,00000000
1,68786837;0,16532359;0,26728594;0,57271159;3,18282485;1,00000000
1,68793504;0,16532359;0,26697835;0,57301921;3,18282485;1,00000000
1,68800171;0,16516978;0,26667076;0,57332677;3,18282485;1,00000000
1,68806839;0,16516978;0,26667076;0,57378817;3,18282485;1,00000000
1,68813506;0,16516978;0,26667076;0,57409573;3,18313241;1,00000000
1,68820173;0,16516978;0,26667076;0,57455707;3,18374753;1,00000000
1,68826840;0,16516978;0,26697835;0,57517225;3,18436265;1,00000000
1,68833507;0,16501600;0,26728594;0,57563359;3,18405509;1,00000000
1,68840175;0,16501600;0,26728594;0,57624876;3,18405509;1,00000000
1,68846842;0,16501600;0,26759350;0,57686394;3,18405509;1,00000000
1,68853509;0,16501600;0,26759350;0,57732528;3,18405509;1,00000000
1,68860176;0,16501600;0,26759350;0,57778668;3,18436265;1,00000000
1,68866843;0,16501600;0,26759350;0,57824802;3,18436265;1,00000000
1,68873511;0,16501600;0,26790109;0,57870936;3,18467021;1,00000000
1,68880178;0,16486220;0,26820865;0,57932454;3,18528533;1,00000000
1,68886845;0,16470842;0,26820865;0,57963216;3,18559289;1,00000000
1,68893512;0,16470842;0,26851624;0,58009350;3,18559289;1,00000000
1,68900179;0,16455463;0,26851624;0,58040106;3,18559289;1,00000000
1,68906847;0,16455463;0,26851624;0,58101624;3,18559289;1,00000000
1,68913514;0,16455463;0,26851624;0,58147764;3,18590045;1,00000000
1,68920181;0,16455463;0,26851624;0,58209276;3,18590045;1,00000000
1,68926848;0,16470842;0,26882383;0,58270794;3,18620801;1,00000000
1,68933515;0,16470842;0,26913139;0,58301550;3,18651581;1,00000000
1,68940183;0,16470842;0,26943898;0,58347690;3,18682337;1,00000000
1,68946850;0,16470842;0,26974654;0,58393824;3,18682337;1,00000000
1,68953517;0,16470842;0,27005413;0,58455342;3,18713093;1,00000000
1,68960184;0,16470842;0,27005413;0,58486098;3,18713093;1,00000000
1,68966851;0,16470842;0,26974654;0,58532232;3,18713093;1,00000000
1,68973519;0,16470842;0,27005413;0,58578372;3,18713093;1,00000000
1,68980186;0,16470842;0,27005413;0,58624506;3,18743849;1,00000000
1,68986853;0,16470842;0,27036172;0,58639890;3,18774605;1,00000000
1,68993520;0,16470842;0,27036172;0,58686024;3,18805361;1,00000000
1,69000187;0,16470842;0,27036172;0,58732158;3,18805361;1,00000000
1,69006855;0,16470842;0,27036172;0,58762920;3,18774605;1,00000000
1,69013522;0,16470842;0,27036172;0,58809054;3,18774605;1,00000000
1,69020189;0,16486220;0,27066928;0,58839810;3,18774605;1,00000000
1,69026856;0,16486220;0,27066928;0,58870566;3,18774605;1,00000000
1,69033523;0,16486220;0,27097687;0,58901328;3,18774605;1,00000000
1,69040191;0,16501600;0,27097687;0,58947468;3,18774605;1,00000000
1,69046858;0,16501600;0,27128446;0,58947468;3,18774605;1,00000000
1,69053525;0,16501600;0,27159202;0,58947468;3,18743849;1,00000000
1,69060192;0,16501600;0,27159202;0,58947468;3,18713093;1,00000000
1,69066859;0,16501600;0,27128446;0,58962846;3,18682337;1,00000000
1,69073527;0,16516978;0,27128446;0,58978224;3,18682337;1,00000000
1,69080194;0,16532359;0,27128446;0,58993602;3,18682337;1,00000000
1,69086861;0,16532359;0,27128446;0,59008980;3,18682337;1,00000000
1,69093528;0,16532359;0,27128446;0,59024358;3,18682337;1,00000000
1,69100195;0,16532359;0,27159202;0,59039736;3,18682337;1,00000000
1,69106863;0,16532359;0,27128446;0,59039736;3,18651581;1,00000000
1,69113530;0,16547737;0,27128446;0,59039736;3,18620801;1,00000000
1,69120197;0,16547737;0,27097687;0,59039736;3,18590045;1,00000000
1,69126864;0,16547737;0,27097687;0,59039736;3,18559289;1,00000000
1,69133531;0,16547737;0,27066928;0,59055120;3,18559289;1,00000000
1,69140199;0,16547737;0,27097687;0,59055120;3,18559289;1,00000000
1,69146866;0,16547737;0,27097687;0,59055120;3,18559289;1,00000000
1,69153533;0,16547737;0,27128446;0,59055120;3,18559289;1,00000000
1,69160200;0,16547737;0,27097687;0,59055120;3,18528533;1,00000000
1,69166867;0,16532359;0,27097687;0,59055120;3,18467021;1,00000000
1,69173535;0,16516978;0,27097687;0,59039736;3,18467021;1,00000000
1,69180202;0,16516978;0,27066928;0,59039736;3,18467021;1,00000000
1,69186869;0,16516978;0,27066928;0,59039736;3,18467021;1,00000000
1,69193536;0,16516978;0,27036172;0,59039736;3,18467021;1,00000000
1,69200203;0,16516978;0,27036172;0,59024358;3,18436265;1,00000000
1,69206871;0,16516978;0,27036172;0,59008980;3,18374753;1,00000000
1,69213538;0,16516978;0,27066928;0,58993602;3,18343997;1,00000000
1,69220205;0,16516978;0,27066928;0,58978224;3,18343997;1,00000000
1,69226872;0,16516978;0,27066928;0,58947468;3,18343997;1,00000000
1,69233539;0,16516978;0,27097687;0,58901328;3,18343997;1,00000000
1,69240207;0,16516978;0,27066928;0,58885950;3,18343997;1,00000000
1,69246874;0,16516978;0,27036172;0,58870566;3,18313241;1,00000000
1,69253541;0,16532359;0,27036172;0,58855188;3,18313241;1,00000000
1,69260208;0,16532359;0,27036172;0,58839810;3,18282485;1,00000000
1,69266875;0,16532359;0,27036172;0,58809054;3,18313241;1,00000000
1,69273543;0,16532359;0,27036172;0,58809054;3,18343997;1,00000000
1,69280210;0,16532359;0,27066928;0,58793676;3,18343997;1,00000000
1,69286877;0,16516978;0,27036172;0,58747536;3,18343997;1,00000000
1,69293544;0,16516978;0,27005413;0,58732158;3,18313241;1,00000000
1,69300211;0,16516978;0,27005413;0,58716780;3,18313241;1,00000000
1,69306879;0,16516978;0,26974654;0,58686024;3,18313241;1,00000000
1,69313546;0,16516978;0,27005413;0,58655268;3,18282485;1,00000000
1,69320213;0,16516978;0,27005413;0,58624506;3,18313241;1,00000000
1,69326880;0,16516978;0,27036172;0,58593750;3,18313241;1,00000000
1,69333547;0,16516978;0,27066928;0,58562988;3,18313241;1,00000000
1,69340215;0,16516978;0,27036172;0,58532232;3,18313241;1,00000000
1,69346882;0,16516978;0,27005413;0,58501476;3,18282485;1,00000000
1,69353549;0,16501600;0,26974654;0,58470720;3,18251729;1,00000000
1,69360216;0,16486220;0,26974654;0,58455342;3,18251729;1,00000000
1,69366883;0,16486220;0,26974654;0,58439958;3,18282485;1,00000000
1,69373551;0,16486220;0,26974654;0,58424580;3,18313241;1,00000000
1,69380218;0,16486220;0,27005413;0,58393824;3,18343997;1,00000000
1,69386885;0,16486220;0,27005413;0,58363068;3,18343997;1,00000000
1,69393552;0,16486220;0,27005413;0,58332312;3,18374753;1,00000000
1,69400219;0,16486220;0,26974654;0,58301550;3,18374753;1,00000000
1,69406887;0,16486220;0,26943898;0,58270794;3,18374753;1,00000000
1,69413554;0,16486220;0,26974654;0,58240032;3,18374753;1,00000000
1,69420221;0,16486220;0,27005413;0,58209276;3,18343997;1,00000000
1,69426888;0,16486220;0,27005413;0,58193898;3,18374753;1,00000000
1,69433555;0,16486220;0,27005413;0,58163142;3,18374753;1,00000000
1,69440223;0,16486220;0,26974654;0,58132380;3,18374753;1,00000000
1,69446890;0,16486220;0,26974654;0,58101624;3,18374753;1,00000000
1,69453557;0,16486220;0,26974654;0,58070862;3,18374753;1,00000000
1,69460224;0,16486220;0,26974654;0,58040106;3,18374753;1,00000000
1,69466891;0,16501600;0,26943898;0,58009350;3,18374753;1,00000000
1,69473559;0,16501600;0,26943898;0,57993972;3,18374753;1,00000000
1,69480226;0,16516978;0,26943898;0,57978594;3,18405509;1,00000000
1,69486893;0,16501600;0,26943898;0,57947832;3,18436265;1,00000000
1,69493560;0,16486220;0,26943898;0,57947832;3,18436265;1,00000000
1,69500227;0,16486220;0,26943898;0,57932454;3,18436265;1,00000000
1,69506895;0,16486220;0,26913139;0,57917076;3,18405509;1,00000000
1,69513562;0,16470842;0,26913139;0,57901698;3,18405509;1,00000000
1,69520229;0,16470842;0,26882383;0,57870936;3,18405509;1,00000000
1,69526896;0,16455463;0,26882383;0,57855558;3,18405509;1,00000000
1,69533563;0,16455463;0,26882383;0,57840180;3,18436265;1,00000000
1,69540231;0,16440085;0,26882383;0,57824802;3,18436265;1,00000000
1,69546898;0,16440085;0,26851624;0,57824802;3,18467021;1,00000000
1,69553565;0,16440085;0,26851624;0,57809424;3,18528533;1,00000000
1,69560232;0,16440085;0,26882383;0,57794046;3,18559289;1,00000000
1,69566899;0,16440085;0,26851624;0,57794046;3,18590045;1,00000000
1,69573567;0,16440085;0,26851624;0,57794046;3,18590045;1,00000000
1,69580234;0,16440085;0,26820865;0,57778668;3,18590045;1,00000000
1,69586901;0,16440085;0,26820865;0,57778668;3,18590045;1,00000000
1,69593568;0,16440085;0,26820865;0,57778668;3,18559289;1,00000000
1,69600235;0,16440085;0,26820865;0,57778668;3,18559289;1,00000000
1,69606903;0,16440085;0,26790109;0,57778668;3,18559289;1,00000000
1,69613570;0,16440085;0,26790109;0,57809424;3,18590045;1,00000000
1,69620237;0,16440085;0,26759350;0,57824802;3,18620801;1,00000000
1,69626904;0,16455463;0,26759350;0,57824802;3,18620801;1,00000000
1,69633571;0,16455463;0,26759350;0,57824802;3,18620801;1,00000000
1,69640239;0,16440085;0,26790109;0,57824802;3,18620801;1,00000000
1,69646906;0,16424704;0,26790109;0,57824802;3,18620801;1,00000000
1,69653573;0,16409326;0,26790109;0,57840180;3,18620801;1,00000000
1,69660240;0,16393946;0,26820865;0,57870936;3,18620801;1,00000000
1,69666907;0,16393946;0,26820865;0,57886314;3,18620801;1,00000000
1,69673575;0,16393946;0,26820865;0,57901698;3,18620801;1,00000000
1,69680242;0,16409326;0,26820865;0,57932454;3,18620801;1,00000000
1,69686909;0,16424704;0,26820865;0,57947832;3,18620801;1,00000000
1,69693576;0,16409326;0,26851624;0,57978594;3,18620801;1,00000000
1,69700243;0,16409326;0,26851624;0,58009350;3,18620801;1,00000000
1,69706911;0,16409326;0,26882383;0,58040106;3,18620801;1,00000000
1,69713578;0,16409326;0,26913139;0,58055484;3,18620801;1,00000000
1,69720245;0,16424704;0,26943898;0,58086246;3,18590045;1,00000000
1,69726912;0,16440085;0,26943898;0,58117002;3,18559289;1,00000000
1,69733579;0,16455463;0,26943898;0,58132380;3,18528533;1,00000000
1,69740247;0,16470842;0,26943898;0,58147764;3,18528533;1,00000000
1,69746914;0,16470842;0,26974654;0,58178520;3,18467021;1,00000000
1,69753581;0,16486220;0,26974654;0,58209276;3,18436265;1,00000000
1,69760248;0,16486220;0,26974654;0,58240032;3,18405509;1,00000000
1,69766915;0,16486220;0,26974654;0,58270794;3,18436265;1,00000000
1,69773583;0,16486220;0,26974654;0,58301550;3,18436265;1,00000000
1,69780250;0,16486220;0,26943898;0,58316928;3,18405509;1,00000000
1,69786917;0,16486220;0,26943898;0,58347690;3,18374753;1,00000000
1,69793584;0,16501600;0,26943898;0,58378446;3,18374753;1,00000000
1,69800251;0,16486220;0,26943898;0,58393824;3,18343997;1,00000000
1,69806919;0,16501600;0,26943898;0,58424580;3,18343997;1,00000000
1,69813586;0,16516978;0,26943898;0,58439958;3,18313241;1,00000000
1,69820253;0,16532359;0,26974654;0,58470720;3,18343997;1,00000000
1,69826920;0,16547737;0,26974654;0,58486098;3,18343997;1,00000000
1,69833587;0,16547737;0,27005413;0,58516854;3,18313241;1,00000000
1,69840255;0,16532359;0,26974654;0,58547610;3,18282485;1,00000000
1,69846922;0,16516978;0,26974654;0,58562988;3,18251729;1,00000000
1,69853589;0,16516978;0,26974654;0,58593750;3,18220973;1,00000000
1,69860256;0,16532359;0,26974654;0,58639890;3,18190217;1,00000000
1,69866923;0,16547737;0,27005413;0,58670646;3,18159461;1,00000000
1,69873591;0,16563116;0,27036172;0,58686024;3,18159461;1,00000000
1,69880258;0,16563116;0,27005413;0,58716780;3,18128681;1,00000000
1,69886925;0,16578494;0,27005413;0,58747536;3,18097925;1,00000000
1,69893592;0,16593874;0,26974654;0,58778298;3,18036413;1,00000000
1,69900259;0,16593874;0,26943898;0,58793676;3,17974901;1,00000000
1,69906927;0,16609251;0,26913139;0,58824432;3,17913389;1,00000000
1,69913594;0,16624631;0,26913139;0,58855188;3,17882633;1,00000000
1,69920261;0,16640009;0,26913139;0,58885950;3,17882633;1,00000000
1,69926928;0,16655388;0,26943898;0,58932084;3,17882633;1,00000000
1,69933595;0,16655388;0,26943898;0,58932084;3,17851877;1,00000000
1,69940263;0,16640009;0,26943898;0,58962846;3,17821121;1,00000000
1,69946930;0,16640009;0,26943898;0,58993602;3,17790365;1,00000000
1,69953597;0,16640009;0,26913139;0,59024358;3,17759609;1,00000000
1,69960264;0,16624631;0,26882383;0,59055120;3,17728853;1,00000000
1,69966931;0,16624631;0,26882383;0,59085876;3,17728853;1,00000000
1,69973599;0,16624631;0,26882383;0,59101254;3,17728853;1,00000000
1,69980266;0,16609251;0,26882383;0,59101254;3,17728853;1,00000000
1,69986933;0,16593874;0,26851624;0,59132016;3,17728853;1,00000000
1,69993600;0,16593874;0,26851624;0,59147394;3,17698097;1,00000000
1,70000267;0,16593874;0,26820865;0,59162772;3,17667341;1,00000000
1,70006935;0,16578494;0,26790109;0,59193528;3,17636538;1,00000000
1,70013602;0,16593874;0,26790109;0,59224284;3,17636538;1,00000000
1,70020269;0,16593874;0,26790109;0,59255046;3,17636538;1,00000000
1,70026936;0,16593874;0,26790109;0,59270424;3,17636538;1,00000000
1,70033603;0,16593874;0,26790109;0,59285802;3,17636538;1,00000000
1,70040271;0,16578494;0,26790109;0,59285802;3,17636538;1,00000000
1,70046938;0,16563116;0,26790109;0,59301186;3,17636538;1,00000000
1,70053605;0,16547737;0,26790109;0,59316564;3,17605782;1,00000000
1,70060272;0,16532359;0,26759350;0,59331942;3,17605782;1,00000000
1,70066939;0,16532359;0,26728594;0,59347320;3,17605782;1,00000000
1,70073607;0,16547737;0,26697835;0,59347320;3,17605782;1,00000000
1,70080274;0,16547737;0,26697835;0,59347320;3,17636538;1,00000000
1,70086941;0,16547737;0,26728594;0,59347320;3,17667341;1,00000000
1,70093608;0,16547737;0,26759350;0,59362698;3,17698097;1,00000000
1,70100275;0,16532359;0,26790109;0,59362698;3,17698097;1,00000000
1,70106943;0,16532359;0,26820865;0,59362698;3,17698097;1,00000000
1,70113610;0,16532359;0,26820865;0,59362698;3,17698097;1,00000000
1,70120277;0,16532359;0,26790109;0,59362698;3,17698097;1,00000000
1,70126944;0,16532359;0,26759350;0,59378076;3,17698097;1,00000000
1,70133611;0,16532359;0,26759350;0,59393454;3,17728853;1,00000000
1,70140279;0,16532359;0,26728594;0,59393454;3,17728853;1,00000000
1,70146946;0,16532359;0,26728594;0,59408832;3,17728853;1,00000000
1,70153613;0,16532359;0,26759350;0,59408832;3,17759609;1,00000000
1,70160280;0,16532359;0,26759350;0,59408832;3,17790365;1,00000000
1,70166947;0,16532359;0,26759350;0,59408832;3,17790365;1,00000000
1,70173615;0,16547737;0,26790109;0,59393454;3,17790365;1,00000000
1,70180282;0,16532359;0,26759350;0,59393454;3,17821121;1,00000000
1,70186949;0,16532359;0,26759350;0,59362698;3,17851877;1,00000000
1,70193616;0,16532359;0,26759350;0,59347320;3,17851877;1,00000000
1,70200283;0,16516978;0,26759350;0,59331942;3,17821121;1,00000000
1,70206951;0,16516978;0,26790109;0,59316564;3,17821121;1,00000000
1,70213618;0,16501600;0,26820865;0,59301186;3,17821121;1,00000000
1,70220285;0,16486220;0,26820865;0,59301186;3,17851877;1,00000000
1,70226952;0,16470842;0,26820865;0,59285802;3,17851877;1,00000000
1,70233619;0,16470842;0,26851624;0,59270424;3,17882633;1,00000000
1,70240287;0,16486220;0,26851624;0,59239668;3,17913389;1,00000000
1,70246954;0,16501600;0,26851624;0,59208906;3,17882633;1,00000000
1,70253621;0,16516978;0,26851624;0,59193528;3,17913389;1,00000000
1,70260288;0,16516978;0,26882383;0,59162772;3,17944145;1,00000000
1,70266955;0,16516978;0,26851624;0,59132016;3,18005657;1,00000000
1,70273623;0,16532359;0,26851624;0,59101254;3,18005657;1,00000000
1,70280290;0,16532359;0,26851624;0,59070498;3,18036413;1,00000000
1,70286957;0,16547737;0,26851624;0,59039736;3,18067169;1,00000000
1,70293624;0,16532359;0,26851624;0,59008980;3,18067169;1,00000000
1,70300291;0,16516978;0,26851624;0,58978224;3,18067169;1,00000000
1,70306959;0,16532359;0,26882383;0,58947468;3,18067169;1,00000000
1,70313626;0,16547737;0,26913139;0,58916706;3,18067169;1,00000000
1,70320293;0,16547737;0,26913139;0,58870566;3,18128681;1,00000000
1,70326960;0,16563116;0,26882383;0,58839810;3,18159461;1,00000000
1,70333627;0,16563116;0,26851624;0,58824432;3,18159461;1,00000000
1,70340295;0,16578494;0,26882383;0,58793676;3,18159461;1,00000000
1,70346962;0,16593874;0,26882383;0,58762920;3,18159461;1,00000000
1,70353629;0,16609251;0,26882383;0,58732158;3,18128681;1,00000000
1,70360296;0,16609251;0,26913139;0,58701402;3,18097925;1,00000000
1,70366963;0,16624631;0,26882383;0,58655268;3,18128681;1,00000000
1,70373631;0,16640009;0,26913139;0,58609128;3,18159461;1,00000000
1,70380298;0,16655388;0,26882383;0,58578372;3,18159461;1,00000000
1,70386965;0,16670766;0,26882383;0,58547610;3,18159461;1,00000000
1,70393632;0,16686147;0,26913139;0,58516854;3,18159461;1,00000000
1,70400299;0,16686147;0,26943898;0,58470720;3,18159461;1,00000000
1,70406967;0,16701525;0,26913139;0,58424580;3,18159461;1,00000000
1,70413634;0,16701525;0,26913139;0,58393824;3,18159461;1,00000000
1,70420301;0,16716905;0,26882383;0,58347690;3,18128681;1,00000000
1,70426968;0,16716905;0,26913139;0,58316928;3,18190217;1,00000000
1,70433635;0,16732283;0,26882383;0,58255410;3,18190217;1,00000000
1,70440303;0,16732283;0,26913139;0,58209276;3,18190217;1,00000000
1,70446970;0,16732283;0,26913139;0,58163142;3,18190217;1,00000000
1,70453637;0,16747662;0,26913139;0,58117002;3,18190217;1,00000000
1,70460304;0,16747662;0,26882383;0,58070862;3,18190217;1,00000000
1,70466971;0,16747662;0,26913139;0,58040106;3,18159461;1,00000000
1,70473639;0,16763040;0,26913139;0,57993972;3,18159461;1,00000000
1,70480306;0,16778421;0,26943898;0,57963216;3,18190217;1,00000000
1,70486973;0,16793799;0,26913139;0,57932454;3,18190217;1,00000000
1,70493640;0,16809179;0,26913139;0,57886314;3,18190217;1,00000000
1,70500307;0,16824557;0,26913139;0,57855558;3,18190217;1,00000000
1,70506975;0,16839936;0,26913139;0,57824802;3,18190217;1,00000000
1,70513642;0,16855314;0,26913139;0,57778668;3,18190217;1,00000000
1,70520309;0,16870694;0,26913139;0,57747906;3,18190217;1,00000000
1,70526976;0,16870694;0,26943898;0,57701772;3,18190217;1,00000000
1,70533643;0,16870694;0,26943898;0,57655638;3,18190217;1,00000000
1,70540311;0,16886072;0,26943898;0,57609499;3,18220973;1,00000000
1,70546978;0,16886072;0,26943898;0,57578737;3,18220973;1,00000000
1,70553645;0,16886072;0,26913139;0,57532603;3,18220973;1,00000000
1,70560312;0,16901451;0,26882383;0,57501847;3,18220973;1,00000000
1,70566979;0,16901451;0,26913139;0,57471091;3,18220973;1,00000000
1,70573647;0,16901451;0,26913139;0,57440329;3,18251729;1,00000000
1,70580314;0,16916829;0,26913139;0,57394195;3,18190217;1,00000000
1,70586981;0,16932210;0,26882383;0,57363439;3,18159461;1,00000000
1,70593648;0,16962968;0,26851624;0,57348061;3,18128681;1,00000000
1,70600315;0,16978346;0,26820865;0,57317299;3,18128681;1,00000000
1,70606983;0,16978346;0,26820865;0,57301921;3,18128681;1,00000000
1,70613650;0,16978346;0,26790109;0,57286543;3,18128681;1,00000000
1,70620317;0,16978346;0,26790109;0,57255781;3,18097925;1,00000000
1,70626984;0,16978346;0,26790109;0,57209647;3,18128681;1,00000000
1,70633651;0,16962968;0,26759350;0,57178891;3,18067169;1,00000000
1,70640319;0,16962968;0,26759350;0,57178891;3,18036413;1,00000000
1,70646986;0,16962968;0,26728594;0,57163513;3,18005657;1,00000000
1,70653653;0,16962968;0,26728594;0,57163513;3,18005657;1,00000000
1,70660320;0,16962968;0,26728594;0,57148129;3,18005657;1,00000000
1,70666987;0,16962968;0,26697835;0,57132751;3,18005657;1,00000000
1,70673655;0,16962968;0,26697835;0,57132751;3,18005657;1,00000000
1,70680322;0,16962968;0,26667076;0,57132751;3,18005657;1,00000000
1,70686989;0,16962968;0,26667076;0,57132751;3,17944145;1,00000000
1,70693656;0,16962968;0,26667076;0,57148129;3,17913389;1,00000000
1,70700323;0,16962968;0,26667076;0,57148129;3,17851877;1,00000000
1,70706991;0,16962968;0,26636320;0,57148129;3,17851877;1,00000000
1,70713658;0,16962968;0,26636320;0,57148129;3,17882633;1,00000000
1,70720325;0,16962968;0,26636320;0,57148129;3,17882633;1,00000000
1,70726992;0,16947588;0,26605561;0,57163513;3,17882633;1,00000000
1,70733659;0,16947588;0,26574802;0,57194269;3,17882633;1,00000000
1,70740327;0,16947588;0,26574802;0,57225025;3,17913389;1,00000000
1,70746994;0,16932210;0,26605561;0,57255781;3,17882633;1,00000000
1,70753661;0,16947588;0,26574802;0,57286543;3,17851877;1,00000000
1,70760328;0,16947588;0,26544046;0,57317299;3,17882633;1,00000000
1,70766995;0,16947588;0,26574802;0,57348061;3,17913389;1,00000000
1,70773663;0,16947588;0,26605561;0,57363439;3,17944145;1,00000000
1,70780330;0,16932210;0,26636320;0,57409573;3,17944145;1,00000000
1,70786997;0,16932210;0,26667076;0,57455707;3,17944145;1,00000000
1,70793664;0,16932210;0,26697835;0,57471091;3,17974901;1,00000000
1,70800331;0,16932210;0,26728594;0,57501847;3,18005657;1,00000000
1,70806999;0,16932210;0,26728594;0,57532603;3,17974901;1,00000000
1,70813666;0,16932210;0,26728594;0,57578737;3,18005657;1,00000000
1,70820333;0,16932210;0,26728594;0,57609499;3,18036413;1,00000000
1,70827000;0,16932210;0,26728594;0,57655638;3,18067169;1,00000000
1,70833667;0,16932210;0,26728594;0,57701772;3,18067169;1,00000000
1,70840335;0,16932210;0,26728594;0,57747906;3,18067169;1,00000000
1,70847002;0,16932210;0,26728594;0,57794046;3,18097925;1,00000000
1,70853669;0,16932210;0,26759350;0,57840180;3,18128681;1,00000000
1,70860336;0,16932210;0,26728594;0,57886314;3,18097925;1,00000000
1,70867003;0,16932210;0,26728594;0,57932454;3,18128681;1,00000000
1,70873671;0,16947588;0,26728594;0,57978594;3,18128681;1,00000000
1,70880338;0,16947588;0,26728594;0,58040106;3,18128681;1,00000000
1,70887005;0,16947588;0,26728594;0,58086246;3,18128681;1,00000000
1,70893672;0,16947588;0,26728594;0,58132380;3,18128681;1,00000000
1,70900339;0,16947588;0,26759350;0,58178520;3,18159461;1,00000000
1,70907007;0,16947588;0,26790109;0,58224654;3,18220973;1,00000000
1,70913674;0,16947588;0,26820865;0,58270794;3,18282485;1,00000000
1,70920341;0,16947588;0,26820865;0,58332312;3,18282485;1,00000000
1,70927008;0,16947588;0,26820865;0,58393824;3,18282485;1,00000000
1,70933675;0,16932210;0,26790109;0,58439958;3,18282485;1,00000000
1,70940343;0,16932210;0,26790109;0,58486098;3,18313241;1,00000000
1,70947010;0,16932210;0,26790109;0,58547610;3,18343997;1,00000000
1,70953677;0,16916829;0,26820865;0,58609128;3,18405509;1,00000000
1,70960344;0,16916829;0,26851624;0,58655268;3,18436265;1,00000000
1,70967011;0,16916829;0,26882383;0,58686024;3,18436265;1,00000000
1,70973679;0,16916829;0,26913139;0,58732158;3,18436265;1,00000000
1,70980346;0,16916829;0,26943898;0,58762920;3,18436265;1,00000000
1,70987013;0,16916829;0,26943898;0,58793676;3,18436265;1,00000000
1,70993680;0,16916829;0,26974654;0,58839810;3,18436265;1,00000000
1,71000347;0,16916829;0,27005413;0,58855188;3,18467021;1,00000000
1,71007015;0,16916829;0,27036172;0,58870566;3,18528533;1,00000000
1,71013682;0,16916829;0,27066928;0,58916706;3,18528533;1,00000000
1,71020349;0,16916829;0,27066928;0,58962846;3,18559289;1,00000000
1,71027016;0,16916829;0,27097687;0,58993602;3,18559289;1,00000000
1,71033683;0,16901451;0,27097687;0,59008980;3,18559289;1,00000000
1,71040351;0,16901451;0,27097687;0,59039736;3,18559289;1,00000000
1,71047018;0,16901451;0,27128446;0,59055120;3,18559289;1,00000000
1,71053685;0,16901451;0,27128446;0,59070498;3,18590045;1,00000000
1,71060352;0,16901451;0,27128446;0,59101254;3,18620801;1,00000000
1,71067019;0,16901451;0,27159202;0,59101254;3,18590045;1,00000000
1,71073687;0,16901451;0,27159202;0,59101254;3,18590045;1,00000000
1,71080354;0,16901451;0,27189961;0,59101254;3,18590045;1,00000000
1,71087021;0,16901451;0,27159202;0,59101254;3,18590045;1,00000000
1,71093688;0,16901451;0,27159202;0,59101254;3,18590045;1,00000000
1,71100355;0,16901451;0,27159202;0,59101254;3,18559289;1,00000000
1,71107023;0,16901451;0,27159202;0,59101254;3,18559289;1,00000000
1,71113690;0,16901451;0,27159202;0,59101254;3,18528533;1,00000000
1,71120357;0,16901451;0,27128446;0,59101254;3,18467021;1,00000000
1,71127024;0,16901451;0,27097687;0,59101254;3,18436265;1,00000000
1,71133691;0,16916829;0,27097687;0,59101254;3,18436265;1,00000000
1,71140359;0,16916829;0,27097687;0,59101254;3,18436265;1,00000000
1,71147026;0,16916829;0,27097687;0,59101254;3,18467021;1,00000000
1,71153693;0,16916829;0,27066928;0,59101254;3,18528533;1,00000000
1,71160360;0,16916829;0,27036172;0,59101254;3,18528533;1,00000000
1,71167027;0,16916829;0,27036172;0,59085876;3,18467021;1,00000000
1,71173695;0,16901451;0,27066928;0,59085876;3,18436265;1,00000000
1,71180362;0,16901451;0,27066928;0,59085876;3,18436265;1,00000000
1,71187029;0,16886072;0,27066928;0,59070498;3,18405509;1,00000000
1,71193696;0,16886072;0,27066928;0,59070498;3,18405509;1,00000000
1,71200363;0,16886072;0,27036172;0,59055120;3,18436265;1,00000000
1,71207031;0,16886072;0,27005413;0,59039736;3,18436265;1,00000000
1,71213698;0,16886072;0,27005413;0,59008980;3,18467021;1,00000000
1,71220365;0,16886072;0,26974654;0,58978224;3,18467021;1,00000000
1,71227032;0,16886072;0,26974654;0,58978224;3,18436265;1,00000000
1,71233699;0,16886072;0,26974654;0,58947468;3,18436265;1,00000000
1,71240367;0,16886072;0,26974654;0,58947468;3,18405509;1,00000000
1,71247034;0,16901451;0,26974654;0,58916706;3,18436265;1,00000000
1,71253701;0,16901451;0,26974654;0,58885950;3,18436265;1,00000000
1,71260368;0,16901451;0,26943898;0,58870566;3,18436265;1,00000000
1,71267035;0,16901451;0,26913139;0,58839810;3,18405509;1,00000000
1,71273703;0,16901451;0,26913139;0,58824432;3,18405509;1,00000000
1,71280370;0,16901451;0,26913139;0,58793676;3,18405509;1,00000000
1,71287037;0,16901451;0,26943898;0,58762920;3,18405509;1,00000000
1,71293704;0,16916829;0,26943898;0,58732158;3,18405509;1,00000000
1,71300371;0,16916829;0,26943898;0,58701402;3,18436265;1,00000000
1,71307039;0,16901451;0,26913139;0,58670646;3,18467021;1,00000000
1,71313706;0,16901451;0,26943898;0,58655268;3,18528533;1,00000000
1,71320373;0,16901451;0,26943898;0,58624506;3,18528533;1,00000000
1,71327040;0,16901451;0,26943898;0,58578372;3,18528533;1,00000000
1,71333707;0,16886072;0,26943898;0,58547610;3,18528533;1,00000000
1,71340375;0,16870694;0,26943898;0,58516854;3,18528533;1,00000000
1,71347042;0,16870694;0,26913139;0,58486098;3,18559289;1,00000000
1,71353709;0,16870694;0,26913139;0,58470720;3,18559289;1,00000000
1,71360376;0,16870694;0,26913139;0,58424580;3,18559289;1,00000000
1,71367043;0,16870694;0,26882383;0,58393824;3,18590045;1,00000000
1,71373711;0,16870694;0,26882383;0,58363068;3,18620801;1,00000000
1,71380378;0,16870694;0,26851624;0,58332312;3,18651581;1,00000000
1,71387045;0,16855314;0,26851624;0,58301550;3,18651581;1,00000000
1,71393712;0,16839936;0,26851624;0,58255410;3,18651581;1,00000000
1,71400379;0,16839936;0,26851624;0,58224654;3,18651581;1,00000000
1,71407047;0,16839936;0,26882383;0,58193898;3,18651581;1,00000000
1,71413714;0,16839936;0,26851624;0,58163142;3,18620801;1,00000000
1,71420381;0,16839936;0,26820865;0,58132380;3,18620801;1,00000000
1,71427048;0,16824557;0,26790109;0,58101624;3,18651581;1,00000000
1,71433715;0,16809179;0,26790109;0,58070862;3,18682337;1,00000000
1,71440383;0,16793799;0,26790109;0,58040106;3,18713093;1,00000000
1,71447050;0,16778421;0,26790109;0,58009350;3,18713093;1,00000000
1,71453717;0,16778421;0,26790109;0,57978594;3,18713093;1,00000000
1,71460384;0,16793799;0,26790109;0,57947832;3,18713093;1,00000000
1,71467051;0,16793799;0,26790109;0,57917076;3,18682337;1,00000000
1,71473719;0,16793799;0,26790109;0,57901698;3,18651581;1,00000000
1,71480386;0,16793799;0,26790109;0,57870936;3,18651581;1,00000000
1,71487053;0,16793799;0,26790109;0,57855558;3,18682337;1,00000000
1,71493720;0,16809179;0,26820865;0,57840180;3,18713093;1,00000000
1,71500387;0,16793799;0,26790109;0,57824802;3,18713093;1,00000000
1,71507055;0,16793799;0,26820865;0,57809424;3,18713093;1,00000000
1,71513722;0,16778421;0,26820865;0,57778668;3,18713093;1,00000000
1,71520389;0,16763040;0,26820865;0,57778668;3,18682337;1,00000000
1,71527056;0,16747662;0,26820865;0,57763284;3,18651581;1,00000000
1,71533723;0,16747662;0,26790109;0,57763284;3,18651581;1,00000000
1,71540391;0,16747662;0,26759350;0,57747906;3,18682337;1,00000000
1,71547058;0,16747662;0,26759350;0,57732528;3,18713093;1,00000000
1,71553725;0,16747662;0,26759350;0,57732528;3,18774605;1,00000000
1,71560392;0,16732283;0,26759350;0,57717150;3,18805361;1,00000000
1,71567059;0,16716905;0,26759350;0,57701772;3,18774605;1,00000000
1,71573727;0,16701525;0,26728594;0,57686394;3,18743849;1,00000000
1,71580394;0,16686147;0,26697835;0,57686394;3,18713093;1,00000000
1,71587061;0,16686147;0,26697835;0,57686394;3,18743849;1,00000000
1,71593728;0,16670766;0,26667076;0,57686394;3,18774605;1,00000000
1,71600395;0,16655388;0,26697835;0,57686394;3,18805361;1,00000000
1,71607063;0,16640009;0,26697835;0,57686394;3,18836117;1,00000000
1,71613730;0,16624631;0,26728594;0,57686394;3,18866873;1,00000000
1,71620397;0,16609251;0,26728594;0,57686394;3,18866873;1,00000000
1,71627064;0,16593874;0,26728594;0,57686394;3,18836117;1,00000000
1,71633731;0,16578494;0,26728594;0,57686394;3,18805361;1,00000000
1,71640399;0,16578494;0,26759350;0,57701772;3,18805361;1,00000000
1,71647066;0,16578494;0,26759350;0,57717150;3,18836117;1,00000000
1,71653733;0,16578494;0,26790109;0,57732528;3,18866873;1,00000000
1,71660400;0,16578494;0,26790109;0,57747906;3,18866873;1,00000000
1,71667067;0,16593874;0,26820865;0,57747906;3,18866873;1,00000000
1,71673735;0,16593874;0,26851624;0,57747906;3,18866873;1,00000000
1,71680402;0,16593874;0,26851624;0,57763284;3,18836117;1,00000000
1,71687069;0,16593874;0,26851624;0,57794046;3,18805361;1,00000000
1,71693736;0,16593874;0,26882383;0,57809424;3,18774605;1,00000000
1,71700403;0,16593874;0,26913139;0,57840180;3,18805361;1,00000000
1,71707071;0,16593874;0,26913139;0,57870936;3,18836117;1,00000000
1,71713738;0,16593874;0,26913139;0,57886314;3,18836117;1,00000000
1,71720405;0,16593874;0,26943898;0,57901698;3,18836117;1,00000000
1,71727072;0,16593874;0,26943898;0,57917076;3,18836117;1,00000000
1,71733739;0,16609251;0,26913139;0,57947832;3,18866873;1,00000000
1,71740407;0,16624631;0,26913139;0,57978594;3,18836117;1,00000000
1,71747074;0,16624631;0,26913139;0,58009350;3,18805361;1,00000000
1,71753741;0,16640009;0,26913139;0,58024728;3,18743849;1,00000000
1,71760408;0,16640009;0,26913139;0,58055484;3,18713093;1,00000000
1,71767075;0,16640009;0,26913139;0,58086246;3,18713093;1,00000000
1,71773743;0,16640009;0,26943898;0,58117002;3,18713093;1,00000000
1,71780410;0,16624631;0,26943898;0,58147764;3,18713093;1,00000000
1,71787077;0,16624631;0,26913139;0,58178520;3,18682337;1,00000000
1,71793744;0,16609251;0,26882383;0,58193898;3,18651581;1,00000000
1,71800411;0,16593874;0,26851624;0,58209276;3,18620801;1,00000000
1,71807079;0,16593874;0,26851624;0,58240032;3,18559289;1,00000000
1,71813746;0,16578494;0,26820865;0,58270794;3,18528533;1,00000000
1,71820413;0,16563116;0,26820865;0,58301550;3,18528533;1,00000000
1,71827080;0,16563116;0,26851624;0,58332312;3,18467021;1,00000000
1,71833747;0,16563116;0,26882383;0,58347690;3,18467021;1,00000000
1,71840415;0,16563116;0,26851624;0,58378446;3,18436265;1,00000000
1,71847082;0,16578494;0,26851624;0,58409202;3,18405509;1,00000000
1,71853749;0,16578494;0,26851624;0,58439958;3,18374753;1,00000000
1,71860416;0,16578494;0,26820865;0,58470720;3,18343997;1,00000000
1,71867083;0,16578494;0,26851624;0,58501476;3,18313241;1,00000000
1,71873751;0,16578494;0,26851624;0,58516854;3,18282485;1,00000000
1,71880418;0,16578494;0,26851624;0,58547610;3,18251729;1,00000000
1,71887085;0,16578494;0,26882383;0,58562988;3,18220973;1,00000000
1,71893752;0,16578494;0,26882383;0,58593750;3,18190217;1,00000000
1,71900419;0,16578494;0,26851624;0,58624506;3,18159461;1,00000000
1,71907087;0,16578494;0,26820865;0,58655268;3,18159461;1,00000000
1,71913754;0,16578494;0,26790109;0,58686024;3,18159461;1,00000000
1,71920421;0,16593874;0,26759350;0,58716780;3,18128681;1,00000000
1,71927088;0,16593874;0,26759350;0,58732158;3,18067169;1,00000000
1,71933755;0,16609251;0,26759350;0,58762920;3,18036413;1,00000000
1,71940423;0,16609251;0,26759350;0,58793676;3,17974901;1,00000000
1,71947090;0,16593874;0,26728594;0,58824432;3,17944145;1,00000000
1,71953757;0,16593874;0,26697835;0,58855188;3,17944145;1,00000000
1,71960424;0,16578494;0,26697835;0,58885950;3,17944145;1,00000000
1,71967091;0,16578494;0,26667076;0,58916706;3,17944145;1,00000000
1,71973759;0,16578494;0,26667076;0,58932084;3,17882633;1,00000000
1,71980426;0,16563116;0,26636320;0,58978224;3,17851877;1,00000000
1,71987093;0,16578494;0,26636320;0,59008980;3,17790365;1,00000000
1,71993760;0,16578494;0,26636320;0,59039736;3,17728853;1,00000000
1,72000427;0,16578494;0,26636320;0,59070498;3,17728853;1,00000000
1,72007095;0,16578494;0,26605561;0,59101254;3,17728853;1,00000000
1,72013762;0,16563116;0,26574802;0,59116638;3,17728853;1,00000000
1,72020429;0,16547737;0,26544046;0,59132016;3,17728853;1,00000000
1,72027096;0,16547737;0,26544046;0,59162772;3,17698097;1,00000000
1,72033763;0,16532359;0,26544046;0,59178150;3,17698097;1,00000000
1,72040431;0,16532359;0,26544046;0,59178150;3,17667341;1,00000000
1,72047098;0,16516978;0,26513287;0,59193528;3,17667341;1,00000000
1,72053765;0,16501600;0,26513287;0,59208906;3,17667341;1,00000000
1,72060432;0,16486220;0,26513287;0,59224284;3,17667341;1,00000000
1,72067099;0,16501600;0,26482528;0,59239668;3,17667341;1,00000000
1,72073767;0,16486220;0,26482528;0,59255046;3,17667341;1,00000000
1,72080434;0,16486220;0,26482528;0,59285802;3,17667341;1,00000000
1,72087101;0,16486220;0,26482528;0,59301186;3,17698097;1,00000000
1,72093768;0,16486220;0,26482528;0,59301186;3,17698097;1,00000000
1,72100435;0,16470842;0,26451772;0,59316564;3,17698097;1,00000000
1,72107103;0,16470842;0,26451772;0,59347320;3,17698097;1,00000000
1,72113770;0,16470842;0,26482528;0,59362698;3,17698097;1,00000000
1,72120437;0,16470842;0,26482528;0,59362698;3,17728853;1,00000000
1,72127104;0,16470842;0,26482528;0,59378076;3,17728853;1,00000000
1,72133771;0,16486220;0,26451772;0,59378076;3,17728853;1,00000000
1,72140439;0,16470842;0,26451772;0,59393454;3,17790365;1,00000000
1,72147106;0,16470842;0,26451772;0,59408832;3,17821121;1,00000000
1,72153773;0,16470842;0,26451772;0,59408832;3,17821121;1,00000000
1,72160440;0,16486220;0,26451772;0,59424216;3,17821121;1,00000000
1,72167107;0,16486220;0,26482528;0,59424216;3,17821121;1,00000000
1,72173775;0,16486220;0,26451772;0,59424216;3,17821121;1,00000000
1,72180442;0,16486220;0,26451772;0,59424216;3,17790365;1,00000000
1,72187109;0,16470842;0,26451772;0,59424216;3,17821121;1,00000000
1,72193776;0,16455463;0,26451772;0,59408832;3,17882633;1,00000000
1,72200443;0,16455463;0,26482528;0,59408832;3,17913389;1,00000000
1,72207111;0,16440085;0,26482528;0,59393454;3,17882633;1,00000000
1,72213778;0,16440085;0,26513287;0,59393454;3,17882633;1,00000000
1,72220445;0,16440085;0,26513287;0,59378076;3,17882633;1,00000000
1,72227112;0,16440085;0,26544046;0,59378076;3,17882633;1,00000000
1,72233779;0,16440085;0,26513287;0,59378076;3,17851877;1,00000000
1,72240447;0,16440085;0,26482528;0,59362698;3,17851877;1,00000000
1,72247114;0,16455463;0,26451772;0,59347320;3,17882633;1,00000000
1,72253781;0,16470842;0,26482528;0,59316564;3,17913389;1,00000000
1,72260448;0,16486220;0,26482528;0,59301186;3,17913389;1,00000000
1,72267115;0,16486220;0,26513287;0,59270424;3,17944145;1,00000000
1,72273783;0,16501600;0,26482528;0,59239668;3,17944145;1,00000000
1,72280450;0,16501600;0,26482528;0,59208906;3,17913389;1,00000000
1,72287117;0,16486220;0,26451772;0,59193528;3,17944145;1,00000000
1,72293784;0,16486220;0,26451772;0,59162772;3,17974901;1,00000000
1,72300451;0,16486220;0,26482528;0,59147394;3,17974901;1,00000000
1,72307119;0,16486220;0,26482528;0,59116638;3,17974901;1,00000000
1,72313786;0,16486220;0,26513287;0,59085876;3,17974901;1,00000000
1,72320453;0,16501600;0,26544046;0,59039736;3,17974901;1,00000000
1,72327120;0,16516978;0,26544046;0,59008980;3,17974901;1,00000000
1,72333787;0,16516978;0,26574802;0,58993602;3,17944145;1,00000000
1,72340455;0,16516978;0,26605561;0,58962846;3,17974901;1,00000000
1,72347122;0,16532359;0,26574802;0,58901328;3,17974901;1,00000000
1,72353789;0,16547737;0,26574802;0,58870566;3,17974901;1,00000000
1,72360456;0,16547737;0,26544046;0,58839810;3,17974901;1,00000000
1,72367123;0,16547737;0,26513287;0,58793676;3,17974901;1,00000000
1,72373791;0,16563116;0,26544046;0,58762920;3,17974901;1,00000000
1,72380458;0,16578494;0,26574802;0,58716780;3,18005657;1,00000000
1,72387125;0,16593874;0,26574802;0,58670646;3,18036413;1,00000000
1,72393792;0,16593874;0,26605561;0,58624506;3,18036413;1,00000000
1,72400459;0,16593874;0,26574802;0,58593750;3,18036413;1,00000000
1,72407127;0,16593874;0,26574802;0,58562988;3,18067169;1,00000000
1,72413794;0,16609251;0,26605561;0,58532232;3,18067169;1,00000000
1,72420461;0,16609251;0,26605561;0,58486098;3,18067169;1,00000000
1,72427128;0,16609251;0,26574802;0,58455342;3,18067169;1,00000000
1,72433795;0,16609251;0,26605561;0,58393824;3,18067169;1,00000000
1,72440463;0,16609251;0,26636320;0,58347690;3,18097925;1,00000000
1,72447130;0,16624631;0,26636320;0,58316928;3,18067169;1,00000000
1,72453797;0,16640009;0,26605561;0,58255410;3,18097925;1,00000000
1,72460464;0,16640009;0,26605561;0,58224654;3,18128681;1,00000000
1,72467131;0,16655388;0,26605561;0,58193898;3,18128681;1,00000000
1,72473799;0,16670766;0,26574802;0,58163142;3,18128681;1,00000000
1,72480466;0,16686147;0,26544046;0,58132380;3,18128681;1,00000000
1,72487133;0,16686147;0,26544046;0,58086246;3,18159461;1,00000000
1,72493800;0,16701525;0,26513287;0,58040106;3,18159461;1,00000000
1,72500467;0,16701525;0,26513287;0,58009350;3,18128681;1,00000000
1,72507135;0,16716905;0,26482528;0,57978594;3,18097925;1,00000000
1,72513802;0,16732283;0,26451772;0,57947832;3,18128681;1,00000000
1,72520469;0,16747662;0,26451772;0,57901698;3,18128681;1,00000000
1,72527136;0,16763040;0,26451772;0,57886314;3,18128681;1,00000000
1,72533803;0,16778421;0,26482528;0,57840180;3,18128681;1,00000000
1,72540471;0,16778421;0,26513287;0,57794046;3,18097925;1,00000000
1,72547138;0,16778421;0,26544046;0,57747906;3,18097925;1,00000000
1,72553805;0,16778421;0,26544046;0,57717150;3,18067169;1,00000000
1,72560472;0,16793799;0,26544046;0,57686394;3,18036413;1,00000000
1,72567139;0,16793799;0,26544046;0,57640254;3,18067169;1,00000000
1,72573807;0,16793799;0,26544046;0,57609499;3,18067169;1,00000000
1,72580474;0,16793799;0,26544046;0,57578737;3,18067169;1,00000000
1,72587141;0,16809179;0,26544046;0,57547981;3,18067169;1,00000000
1,72593808;0,16809179;0,26574802;0,57501847;3,18097925;1,00000000
1,72600475;0,16809179;0,26605561;0,57471091;3,18097925;1,00000000
1,72607143;0,16809179;0,26574802;0,57440329;3,18067169;1,00000000
1,72613810;0,16824557;0,26544046;0,57409573;3,18036413;1,00000000
1,72620477;0,16839936;0,26544046;0,57378817;3,18005657;1,00000000
1,72627144;0,16839936;0,26513287;0,57348061;3,18036413;1,00000000
1,72633811;0,16839936;0,26544046;0,57317299;3,18067169;1,00000000
1,72640479;0,16855314;0,26544046;0,57286543;3,18067169;1,00000000
1,72647146;0,16855314;0,26513287;0,57286543;3,18036413;1,00000000
1,72653813;0,16870694;0,26513287;0,57271159;3,18005657;1,00000000
1,72660480;0,16886072;0,26513287;0,57255781;3,17974901;1,00000000
1,72667147;0,16886072;0,26482528;0,57255781;3,17944145;1,00000000
1,72673815;0,16886072;0,26482528;0,57255781;3,17974901;1,00000000
1,72680482;0,16901451;0,26451772;0,57255781;3,18005657;1,00000000
1,72687149;0,16901451;0,26421013;0,57255781;3,17974901;1,00000000
1,72693816;0,16901451;0,26390257;0,57255781;3,17944145;1,00000000
1,72700483;0,16901451;0,26359499;0,57255781;3,17944145;1,00000000
1,72707151;0,16901451;0,26328740;0,57271159;3,17944145;1,00000000
1,72713818;0,16916829;0,26328740;0,57301921;3,17913389;1,00000000
1,72720485;0,16916829;0,26328740;0,57317299;3,17913389;1,00000000
1,72727152;0,16916829;0,26297984;0,57317299;3,17882633;1,00000000
1,72733819;0,16916829;0,26267225;0,57332677;3,17913389;1,00000000
1,72740487;0,16932210;0,26236469;0,57348061;3,17944145;1,00000000
1,72747154;0,16932210;0,26236469;0,57378817;3,17944145;1,00000000
1,72753821;0,16932210;0,26205710;0,57394195;3,17944145;1,00000000
1,72760488;0,16932210;0,26236469;0,57409573;3,17944145;1,00000000
1,72767155;0,16932210;0,26236469;0,57424951;3,17944145;1,00000000
1,72773823;0,16932210;0,26236469;0,57471091;3,17974901;1,00000000
1,72780490;0,16932210;0,26236469;0,57517225;3,18005657;1,00000000
1,72787157;0,16932210;0,26205710;0,57563359;3,18036413;1,00000000
1,72793824;0,16932210;0,26205710;0,57594121;3,18005657;1,00000000
1,72800491;0,16932210;0,26174951;0,57624876;3,17974901;1,00000000
1,72807159;0,16932210;0,26174951;0,57655638;3,17974901;1,00000000
1,72813826;0,16932210;0,26174951;0,57701772;3,17974901;1,00000000
1,72820493;0,16932210;0,26205710;0,57747906;3,18005657;1,00000000
1,72827160;0,16932210;0,26236469;0,57794046;3,18067169;1,00000000
1,72833827;0,16932210;0,26267225;0,57840180;3,18128681;1,00000000
1,72840495;0,16916829;0,26297984;0,57886314;3,18159461;1,00000000
1,72847162;0,16916829;0,26297984;0,57932454;3,18159461;1,00000000
1,72853829;0,16916829;0,26297984;0,57963216;3,18159461;1,00000000
1,72860496;0,16916829;0,26297984;0,58009350;3,18159461;1,00000000
1,72867163;0,16916829;0,26297984;0,58055484;3,18190217;1,00000000
1,72873831;0,16916829;0,26297984;0,58117002;3,18251729;1,00000000
1,72880498;0,16916829;0,26297984;0,58163142;3,18313241;1,00000000
1,72887165;0,16916829;0,26328740;0,58209276;3,18343997;1,00000000
1,72893832;0,16916829;0,26328740;0,58255410;3,18343997;1,00000000
1,72900499;0,16916829;0,26328740;0,58301550;3,18343997;1,00000000
1,72907167;0,16916829;0,26328740;0,58347690;3,18343997;1,00000000
1,72913834;0,16916829;0,26328740;0,58393824;3,18343997;1,00000000
1,72920501;0,16916829;0,26328740;0,58439958;3,18374753;1,00000000
1,72927168;0,16916829;0,26359499;0,58501476;3,18405509;1,00000000
1,72933835;0,16916829;0,26390257;0,58547610;3,18467021;1,00000000
1,72940503;0,16916829;0,26421013;0,58593750;3,18528533;1,00000000
1,72947170;0,16916829;0,26421013;0,58639890;3,18559289;1,00000000
1,72953837;0,16916829;0,26421013;0,58686024;3,18559289;1,00000000
1,72960504;0,16916829;0,26451772;0,58732158;3,18559289;1,00000000
1,72967171;0,16916829;0,26482528;0,58762920;3,18559289;1,00000000
1,72973839;0,16916829;0,26513287;0,58824432;3,18590045;1,00000000
1,72980506;0,16916829;0,26544046;0,58855188;3,18620801;1,00000000
1,72987173;0,16916829;0,26574802;0,58901328;3,18620801;1,00000000
1,72993840;0,16916829;0,26574802;0,58947468;3,18651581;1,00000000
1,73000507;0,16901451;0,26605561;0,59008980;3,18682337;1,00000000
1,73007175;0,16901451;0,26636320;0,59055120;3,18651581;1,00000000
1,73013842;0,16916829;0,26667076;0,59101254;3,18620801;1,00000000
1,73020509;0,16916829;0,26667076;0,59132016;3,18620801;1,00000000
1,73027176;0,16916829;0,26697835;0,59162772;3,18620801;1,00000000
1,73033843;0,16916829;0,26728594;0,59193528;3,18620801;1,00000000
1,73040511;0,16932210;0,26728594;0,59224284;3,18620801;1,00000000
1,73047178;0,16932210;0,26759350;0,59255046;3,18620801;1,00000000
1,73053845;0,16932210;0,26790109;0,59285802;3,18590045;1,00000000
1,73060512;0,16932210;0,26790109;0,59301186;3,18590045;1,00000000
1,73067179;0,16932210;0,26790109;0,59331942;3,18590045;1,00000000
1,73073847;0,16932210;0,26790109;0,59347320;3,18559289;1,00000000
1,73080514;0,16932210;0,26790109;0,59362698;3,18559289;1,00000000
1,73087181;0,16932210;0,26790109;0,59362698;3,18559289;1,00000000
1,73093848;0,16932210;0,26820865;0,59378076;3,18559289;1,00000000
1,73100515;0,16932210;0,26820865;0,59393454;3,18559289;1,00000000
1,73107183;0,16932210;0,26790109;0,59393454;3,18559289;1,00000000
1,73113850;0,16932210;0,26759350;0,59393454;3,18528533;1,00000000
1,73120517;0,16932210;0,26759350;0,59393454;3,18528533;1,00000000
1,73127184;0,16947588;0,26759350;0,59393454;3,18528533;1,00000000
1,73133851;0,16947588;0,26759350;0,59393454;3,18528533;1,00000000
1,73140519;0,16947588;0,26790109;0,59393454;3,18528533;1,00000000
1,73147186;0,16947588;0,26790109;0,59378076;3,18528533;1,00000000
1,73153853;0,16947588;0,26820865;0,59378076;3,18528533;1,00000000
1,73160520;0,16947588;0,26790109;0,59378076;3,18528533;1,00000000
1,73167187;0,16932210;0,26790109;0,59378076;3,18467021;1,00000000
1,73173855;0,16932210;0,26790109;0,59378076;3,18528533;1,00000000
1,73180522;0,16932210;0,26759350;0,59362698;3,18559289;1,00000000
1,73187189;0,16947588;0,26759350;0,59362698;3,18559289;1,00000000
1,73193856;0,16962968;0,26790109;0,59331942;3,18559289;1,00000000
1,73200523;0,16947588;0,26759350;0,59316564;3,18559289;1,00000000
1,73207191;0,16947588;0,26759350;0,59301186;3,18528533;1,00000000
1,73213858;0,16947588;0,26759350;0,59285802;3,18528533;1,00000000
1,73220525;0,16947588;0,26759350;0,59285802;3,18467021;1,00000000
1,73227192;0,16947588;0,26759350;0,59270424;3,18467021;1,00000000
1,73233859;0,16947588;0,26728594;0,59255046;3,18467021;1,00000000
1,73240527;0,16932210;0,26728594;0,59224284;3,18467021;1,00000000
1,73247194;0,16932210;0,26728594;0,59193528;3,18467021;1,00000000
1,73253861;0,16932210;0,26728594;0,59162772;3,18467021;1,00000000
1,73260528;0,16932210;0,26759350;0,59132016;3,18436265;1,00000000
1,73267195;0,16932210;0,26759350;0,59116638;3,18374753;1,00000000
1,73273863;0,16932210;0,26759350;0,59085876;3,18405509;1,00000000
1,73280530;0,16932210;0,26759350;0,59070498;3,18436265;1,00000000
1,73287197;0,16932210;0,26759350;0,59039736;3,18467021;1,00000000
1,73293864;0,16932210;0,26759350;0,59024358;3,18467021;1,00000000
1,73300531;0,16932210;0,26759350;0,58993602;3,18467021;1,00000000
1,73307199;0,16932210;0,26728594;0,58978224;3,18436265;1,00000000
1,73313866;0,16932210;0,26759350;0,58962846;3,18436265;1,00000000
1,73320533;0,16932210;0,26728594;0,58947468;3,18436265;1,00000000
1,73327200;0,16932210;0,26728594;0,58901328;3,18436265;1,00000000
1,73333867;0,16932210;0,26728594;0,58885950;3,18467021;1,00000000
1,73340535;0,16932210;0,26697835;0,58870566;3,18528533;1,00000000
1,73347202;0,16932210;0,26667076;0,58855188;3,18559289;1,00000000
1,73353869;0,16932210;0,26697835;0,58809054;3,18559289;1,00000000
1,73360536;0,16932210;0,26667076;0,58778298;3,18559289;1,00000000
1,73367203;0,16932210;0,26667076;0,58747536;3,18559289;1,00000000
1,73373871;0,16916829;0,26667076;0,58732158;3,18559289;1,00000000
1,73380538;0,16916829;0,26636320;0,58701402;3,18559289;1,00000000
1,73387205;0,16916829;0,26667076;0,58670646;3,18590045;1,00000000
1,73393872;0,16916829;0,26697835;0,58624506;3,18651581;1,00000000
1,73400539;0,16916829;0,26667076;0,58593750;3,18651581;1,00000000
1,73407207;0,16916829;0,26667076;0,58562988;3,18651581;1,00000000
1,73413874;0,16916829;0,26667076;0,58532232;3,18651581;1,00000000
1,73420541;0,16916829;0,26697835;0,58501476;3,18651581;1,00000000
1,73427208;0,16901451;0,26697835;0,58470720;3,18651581;1,00000000
1,73433875;0,16901451;0,26728594;0,58439958;3,18651581;1,00000000
1,73440543;0,16886072;0,26728594;0,58409202;3,18620801;1,00000000
1,73447210;0,16870694;0,26728594;0,58378446;3,18651581;1,00000000
1,73453877;0,16870694;0,26728594;0,58347690;3,18682337;1,00000000
1,73460544;0,16855314;0,26697835;0,58332312;3,18682337;1,00000000
1,73467211;0,16855314;0,26667076;0,58316928;3,18713093;1,00000000
1,73473879;0,16839936;0,26697835;0,58301550;3,18713093;1,00000000
1,73480546;0,16839936;0,26697835;0,58286172;3,18713093;1,00000000
1,73487213;0,16839936;0,26728594;0,58255410;3,18713093;1,00000000
1,73493880;0,16839936;0,26728594;0,58240032;3,18713093;1,00000000
1,73500547;0,16839936;0,26759350;0,58224654;3,18713093;1,00000000
1,73507215;0,16839936;0,26759350;0,58224654;3,18743849;1,00000000
1,73513882;0,16855314;0,26759350;0,58193898;3,18743849;1,00000000
1,73520549;0,16855314;0,26759350;0,58178520;3,18774605;1,00000000
1,73527216;0,16855314;0,26759350;0,58163142;3,18774605;1,00000000
1,73533883;0,16824557;0,26759350;0,58147764;3,18805361;1,00000000
1,73540551;0,16839936;0,26759350;0,58132380;3,18805361;1,00000000
1,73547218;0,16824557;0,26790109;0,58101624;3,18805361;1,00000000
1,73553885;0,16809179;0,26790109;0,58086246;3,18805361;1,00000000
1,73560552;0,16809179;0,26790109;0,58055484;3,18836117;1,00000000
1,73567219;0,16809179;0,26790109;0,58055484;3,18836117;1,00000000
1,73573887;0,16809179;0,26759350;0,58055484;3,18866873;1,00000000
1,73580554;0,16809179;0,26759350;0,58055484;3,18897629;1,00000000
1,73587221;0,16793799;0,26759350;0,58055484;3,18928385;1,00000000
1,73593888;0,16793799;0,26759350;0,58055484;3,18928385;1,00000000
1,73600555;0,16778421;0,26759350;0,58055484;3,18928385;1,00000000
1,73607223;0,16778421;0,26790109;0,58055484;3,18959141;1,00000000
1,73613890;0,16778421;0,26790109;0,58055484;3,18928385;1,00000000
1,73620557;0,16763040;0,26790109;0,58055484;3,18897629;1,00000000
1,73627224;0,16747662;0,26790109;0,58055484;3,18897629;1,00000000
1,73633891;0,16747662;0,26790109;0,58070862;3,18928385;1,00000000
1,73640559;0,16747662;0,26820865;0,58086246;3,18959141;1,00000000
1,73647226;0,16747662;0,26820865;0,58101624;3,18989897;1,00000000
1,73653893;0,16763040;0,26851624;0,58117002;3,18989897;1,00000000
1,73660560;0,16747662;0,26851624;0,58117002;3,18989897;1,00000000
1,73667227;0,16747662;0,26882383;0,58132380;3,18989897;1,00000000
1,73673895;0,16747662;0,26882383;0,58147764;3,18959141;1,00000000
1,73680562;0,16747662;0,26882383;0,58178520;3,18959141;1,00000000
1,73687229;0,16747662;0,26882383;0,58193898;3,18989897;1,00000000
1,73693896;0,16732283;0,26913139;0,58209276;3,19020653;1,00000000
1,73700563;0,16716905;0,26913139;0,58224654;3,19051409;1,00000000
1,73707231;0,16716905;0,26913139;0,58224654;3,19051409;1,00000000
1,73713898;0,16716905;0,26943898;0,58240032;3,19051409;1,00000000
1,73720565;0,16716905;0,26943898;0,58270794;3,19051409;1,00000000
1,73727232;0,16716905;0,26943898;0,58301550;3,19020653;1,00000000
1,73733899;0,16732283;0,26974654;0,58316928;3,18989897;1,00000000
1,73740567;0,16732283;0,27005413;0,58347690;3,18928385;1,00000000
1,73747234;0,16732283;0,27036172;0,58363068;3,18928385;1,00000000
1,73753901;0,16732283;0,27066928;0,58393824;3,18897629;1,00000000
1,73760568;0,16732283;0,27097687;0,58409202;3,18897629;1,00000000
1,73767235;0,16732283;0,27128446;0,58455342;3,18897629;1,00000000
1,73773903;0,16716905;0,27128446;0,58470720;3,18897629;1,00000000
1,73780570;0,16716905;0,27128446;0,58501476;3,18928385;1,00000000
1,73787237;0,16701525;0,27097687;0,58516854;3,18866873;1,00000000
1,73793904;0,16686147;0,27097687;0,58547610;3,18805361;1,00000000
1,73800571;0,16670766;0,27128446;0,58578372;3,18805361;1,00000000
1,73807239;0,16670766;0,27159202;0,58609128;3,18805361;1,00000000
1,73813906;0,16670766;0,27128446;0,58624506;3,18805361;1,00000000
1,73820573;0,16670766;0,27128446;0,58655268;3,18805361;1,00000000
1,73827240;0,16670766;0,27159202;0,58670646;3,18774605;1,00000000
1,73833907;0,16655388;0,27159202;0,58701402;3,18774605;1,00000000
1,73840575;0,16655388;0,27159202;0,58732158;3,18743849;1,00000000
1,73847242;0,16655388;0,27159202;0,58747536;3,18682337;1,00000000
1,73853909;0,16640009;0,27159202;0,58778298;3,18620801;1,00000000
1,73860576;0,16640009;0,27159202;0,58809054;3,18590045;1,00000000
1,73867243;0,16640009;0,27128446;0,58824432;3,18590045;1,00000000
1,73873911;0,16640009;0,27128446;0,58839810;3,18590045;1,00000000
1,73880578;0,16655388;0,27128446;0,58855188;3,18590045;1,00000000
1,73887245;0,16655388;0,27097687;0,58870566;3,18590045;1,00000000
1,73893912;0,16655388;0,27066928;0,58885950;3,18559289;1,00000000
1,73900579;0,16655388;0,27066928;0,58916706;3,18467021;1,00000000
1,73907247;0,16655388;0,27036172;0,58932084;3,18405509;1,00000000
1,73913914;0,16670766;0,27036172;0,58962846;3,18405509;1,00000000
1,73920581;0,16686147;0,27005413;0,58978224;3,18405509;1,00000000
1,73927248;0,16670766;0,26974654;0,59008980;3,18405509;1,00000000
1,73933915;0,16686147;0,26943898;0,59024358;3,18405509;1,00000000
1,73940583;0,16686147;0,26943898;0,59039736;3,18405509;1,00000000
1,73947250;0,16686147;0,26943898;0,59070498;3,18374753;1,00000000
1,73953917;0,16670766;0,26943898;0,59085876;3,18343997;1,00000000
1,73960584;0,16655388;0,26913139;0,59116638;3,18282485;1,00000000
1,73967251;0,16640009;0,26913139;0,59132016;3,18251729;1,00000000
1,73973919;0,16624631;0,26882383;0,59162772;3,18190217;1,00000000
1,73980586;0,16609251;0,26913139;0,59193528;3,18190217;1,00000000
1,73987253;0,16609251;0,26913139;0,59208906;3,18190217;1,00000000
1,73993920;0,16609251;0,26913139;0,59224284;3,18190217;1,00000000
1,74000587;0,16609251;0,26913139;0,59255046;3,18159461;1,00000000
1,74007255;0,16593874;0,26882383;0,59255046;3,18159461;1,00000000
1,74013922;0,16578494;0,26882383;0,59270424;3,18190217;1,00000000
1,74020589;0,16578494;0,26851624;0,59285802;3,18190217;1,00000000
1,74027256;0,16563116;0,26820865;0,59301186;3,18190217;1,00000000
1,74033923;0,16547737;0,26790109;0,59316564;3,18190217;1,00000000
1,74040591;0,16547737;0,26759350;0,59316564;3,18190217;1,00000000
1,74047258;0,16547737;0,26728594;0,59347320;3,18190217;1,00000000
1,74053925;0,16547737;0,26728594;0,59362698;3,18220973;1,00000000
1,74060592;0,16532359;0,26728594;0,59362698;3,18251729;1,00000000
1,74067259;0,16547737;0,26728594;0,59362698;3,18282485;1,00000000
1,74073927;0,16563116;0,26728594;0,59378076;3,18282485;1,00000000
1,74080594;0,16547737;0,26728594;0,59393454;3,18282485;1,00000000
1,74087261;0,16547737;0,26728594;0,59424216;3,18251729;1,00000000
1,74093928;0,16532359;0,26728594;0,59439594;3,18220973;1,00000000
1,74100595;0,16547737;0,26697835;0,59454972;3,18282485;1,00000000
1,74107263;0,16547737;0,26697835;0,59454972;3,18313241;1,00000000
1,74113930;0,16563116;0,26697835;0,59454972;3,18343997;1,00000000
1,74120597;0,16547737;0,26667076;0,59454972;3,18343997;1,00000000
1,74127264;0,16563116;0,26697835;0,59470350;3,18343997;1,00000000
1,74133931;0,16578494;0,26728594;0,59485728;3,18374753;1,00000000
1,74140599;0,16578494;0,26728594;0,59501106;3,18405509;1,00000000
1,74147266;0,16578494;0,26728594;0,59485728;3,18405509;1,00000000
1,74153933;0,16563116;0,26728594;0,59485728;3,18436265;1,00000000
1,74160600;0,16563116;0,26759350;0,59501106;3,18467021;1,00000000
1,74167267;0,16547737;0,26790109;0,59501106;3,18467021;1,00000000
1,74173935;0,16547737;0,26790109;0,59501106;3,18467021;1,00000000
1,74180602;0,16547737;0,26820865;0,59501106;3,18528533;1,00000000
1,74187269;0,16532359;0,26851624;0,59485728;3,18559289;1,00000000
1,74193936;0,16532359;0,26851624;0,59470350;3,18559289;1,00000000
1,74200603;0,16516978;0,26851624;0,59454972;3,18590045;1,00000000
1,74207271;0,16516978;0,26820865;0,59454972;3,18590045;1,00000000
1,74213938;0,16516978;0,26820865;0,59439594;3,18590045;1,00000000
1,74220605;0,16516978;0,26820865;0,59424216;3,18590045;1,00000000
1,74227272;0,16501600;0,26820865;0,59408832;3,18590045;1,00000000
1,74233939;0,16486220;0,26851624;0,59378076;3,18620801;1,00000000
1,74240607;0,16470842;0,26820865;0,59362698;3,18620801;1,00000000
1,74247274;0,16470842;0,26820865;0,59347320;3,18682337;1,00000000
1,74253941;0,16470842;0,26820865;0,59331942;3,18682337;1,00000000
1,74260608;0,16470842;0,26820865;0,59301186;3,18682337;1,00000000
1,74267275;0,16470842;0,26820865;0,59270424;3,18682337;1,00000000
1,74273943;0,16470842;0,26820865;0,59255046;3,18682337;1,00000000
1,74280610;0,16486220;0,26851624;0,59224284;3,18682337;1,00000000
1,74287277;0,16486220;0,26851624;0,59193528;3,18713093;1,00000000
1,74293944;0,16470842;0,26882383;0,59162772;3,18743849;1,00000000
1,74300611;0,16470842;0,26851624;0,59147394;3,18713093;1,00000000
1,74307279;0,16470842;0,26851624;0,59116638;3,18713093;1,00000000
1,74313946;0,16486220;0,26851624;0,59085876;3,18713093;1,00000000
1,74320613;0,16470842;0,26851624;0,59055120;3,18713093;1,00000000
1,74327280;0,16455463;0,26851624;0,59024358;3,18713093;1,00000000
1,74333947;0,16470842;0,26882383;0,58993602;3,18682337;1,00000000
1,74340615;0,16486220;0,26882383;0,58962846;3,18682337;1,00000000
1,74347282;0,16486220;0,26913139;0,58932084;3,18682337;1,00000000
1,74353949;0,16486220;0,26943898;0,58870566;3,18682337;1,00000000
1,74360616;0,16486220;0,26943898;0,58824432;3,18682337;1,00000000
1,74367283;0,16486220;0,26943898;0,58778298;3,18682337;1,00000000
1,74373951;0,16486220;0,26974654;0,58732158;3,18682337;1,00000000
1,74380618;0,16501600;0,26943898;0,58686024;3,18651581;1,00000000
1,74387285;0,16501600;0,26943898;0,58639890;3,18651581;1,00000000
1,74393952;0,16501600;0,26943898;0,58593750;3,18682337;1,00000000
1,74400619;0,16501600;0,26943898;0,58562988;3,18713093;1,00000000
1,74407287;0,16501600;0,26974654;0,58532232;3,18713093;1,00000000
1,74413954;0,16501600;0,27005413;0,58486098;3,18713093;1,00000000
1,74420621;0,16486220;0,26974654;0,58455342;3,18713093;1,00000000
1,74427288;0,16486220;0,26974654;0,58424580;3,18713093;1,00000000
1,74433955;0,16486220;0,26974654;0,58393824;3,18743849;1,00000000
1,74440623;0,16501600;0,26974654;0,58363068;3,18682337;1,00000000
1,74447290;0,16516978;0,27005413;0,58332312;3,18651581;1,00000000
1,74453957;0,16532359;0,26974654;0,58286172;3,18651581;1,00000000
1,74460624;0,16547737;0,26974654;0,58255410;3,18682337;1,00000000
1,74467291;0,16563116;0,26974654;0,58224654;3,18682337;1,00000000
1,74473959;0,16563116;0,27005413;0,58193898;3,18682337;1,00000000
1,74480626;0,16578494;0,27005413;0,58147764;3,18713093;1,00000000
1,74487293;0,16578494;0,27005413;0,58101624;3,18651581;1,00000000
1,74493960;0,16578494;0,27036172;0,58055484;3,18620801;1,00000000
1,74500627;0,16578494;0,27036172;0,58024728;3,18651581;1,00000000
1,74507295;0,16578494;0,27036172;0,58009350;3,18682337;1,00000000
1,74513962;0,16578494;0,27036172;0,57978594;3,18682337;1,00000000
1,74520629;0,16593874;0,27066928;0,57932454;3,18682337;1,00000000
1,74527296;0,16593874;0,27066928;0,57886314;3,18682337;1,00000000
1,74533963;0,16609251;0,27066928;0,57840180;3,18682337;1,00000000
1,74540631;0,16624631;0,27066928;0,57809424;3,18651581;1,00000000
1,74547298;0,16640009;0,27066928;0,57778668;3,18620801;1,00000000
1,74553965;0,16640009;0,27097687;0,57732528;3,18590045;1,00000000
1,74560632;0,16655388;0,27128446;0,57701772;3,18590045;1,00000000
1,74567299;0,16655388;0,27159202;0,57655638;3,18590045;1,00000000
1,74573967;0,16655388;0,27189961;0,57624876;3,18559289;1,00000000
1,74580634;0,16655388;0,27189961;0,57594121;3,18559289;1,00000000
1,74587301;0,16655388;0,27159202;0,57547981;3,18467021;1,00000000
1,74593968;0,16655388;0,27159202;0,57517225;3,18405509;1,00000000
1,74600635;0,16670766;0,27189961;0,57486469;3,18405509;1,00000000
1,74607303;0,16670766;0,27220720;0,57455707;3,18405509;1,00000000
1,74613970;0,16686147;0,27220720;0,57424951;3,18405509;1,00000000
1,74620637;0,16686147;0,27251476;0,57394195;3,18405509;1,00000000
1,74627304;0,16686147;0,27251476;0,57378817;3,18374753;1,00000000
1,74633971;0,16686147;0,27220720;0,57348061;3,18374753;1,00000000
1,74640639;0,16686147;0,27189961;0,57317299;3,18374753;1,00000000
1,74647306;0,16686147;0,27159202;0,57301921;3,18313241;1,00000000
1,74653973;0,16686147;0,27189961;0,57255781;3,18282485;1,00000000
1,74660640;0,16686147;0,27189961;0,57255781;3,18282485;1,00000000
1,74667307;0,16686147;0,27159202;0,57240403;3,18282485;1,00000000
1,74673975;0,16686147;0,27128446;0,57240403;3,18282485;1,00000000
1,74680642;0,16686147;0,27097687;0,57225025;3,18282485;1,00000000
1,74687309;0,16701525;0,27066928;0,57225025;3,18251729;1,00000000
1,74693976;0,16701525;0,27036172;0,57225025;3,18282485;1,00000000
1,74700643;0,16701525;0,27005413;0,57225025;3,18220973;1,00000000
1,74707311;0,16701525;0,26974654;0,57225025;3,18159461;1,00000000
1,74713978;0,16701525;0,26943898;0,57240403;3,18190217;1,00000000
1,74720645;0,16686147;0,26943898;0,57255781;3,18220973;1,00000000
1,74727312;0,16686147;0,26943898;0,57286543;3,18220973;1,00000000
1,74733979;0,16686147;0,26943898;0,57286543;3,18220973;1,00000000
1,74740647;0,16686147;0,26913139;0,57301921;3,18220973;1,00000000
1,74747314;0,16670766;0,26913139;0,57317299;3,18251729;1,00000000
1,74753981;0,16670766;0,26882383;0,57332677;3,18282485;1,00000000
1,74760648;0,16670766;0,26882383;0,57363439;3,18251729;1,00000000
1,74767315;0,16686147;0,26882383;0,57378817;3,18220973;1,00000000
1,74773983;0,16686147;0,26913139;0,57394195;3,18251729;1,00000000
1,74780650;0,16686147;0,26913139;0,57424951;3,18282485;1,00000000
1,74787317;0,16701525;0,26943898;0,57440329;3,18282485;1,00000000
1,74793984;0,16701525;0,26943898;0,57471091;3,18282485;1,00000000
1,74800651;0,16701525;0,26913139;0,57486469;3,18282485;1,00000000
1,74807319;0,16701525;0,26913139;0,57532603;3,18313241;1,00000000
1,74813986;0,16701525;0,26943898;0,57563359;3,18343997;1,00000000
1,74820653;0,16701525;0,26943898;0,57594121;3,18343997;1,00000000
1,74827320;0,16701525;0,26974654;0,57640254;3,18374753;1,00000000
1,74833987;0,16686147;0,27005413;0,57686394;3,18405509;1,00000000
1,74840655;0,16686147;0,27036172;0,57732528;3,18405509;1,00000000
1,74847322;0,16686147;0,27005413;0,57778668;3,18405509;1,00000000
1,74853989;0,16686147;0,27036172;0,57840180;3,18405509;1,00000000
1,74860656;0,16686147;0,27005413;0,57870936;3,18436265;1,00000000
1,74867323;0,16686147;0,27036172;0,57917076;3,18467021;1,00000000
1,74873991;0,16686147;0,27066928;0,57947832;3,18559289;1,00000000
1,74880658;0,16686147;0,27097687;0,57993972;3,18528533;1,00000000
1,74887325;0,16686147;0,27128446;0,58040106;3,18528533;1,00000000
1,74893992;0,16670766;0,27159202;0,58070862;3,18528533;1,00000000
1,74900659;0,16640009;0,27128446;0,58132380;3,18528533;1,00000000
1,74907327;0,16640009;0,27128446;0,58178520;3,18528533;1,00000000
1,74913994;0,16640009;0,27128446;0,58224654;3,18559289;1,00000000
1,74920661;0,16640009;0,27128446;0,58255410;3,18590045;1,00000000
1,74927328;0,16640009;0,27159202;0,58286172;3,18651581;1,00000000
1,74933995;0,16640009;0,27159202;0,58316928;3,18682337;1,00000000
1,74940663;0,16655388;0,27189961;0,58347690;3,18682337;1,00000000
1,74947330;0,16655388;0,27220720;0,58409202;3,18682337;1,00000000
1,74953997;0,16655388;0,27251476;0,58455342;3,18682337;1,00000000
1,74960664;0,16655388;0,27282235;0,58516854;3,18713093;1,00000000
1,74967331;0,16670766;0,27282235;0,58562988;3,18743849;1,00000000
1,74973999;0,16670766;0,27251476;0,58609128;3,18805361;1,00000000
1,74980666;0,16670766;0,27282235;0,58655268;3,18836117;1,00000000
1,74987333;0,16670766;0,27312991;0,58686024;3,18836117;1,00000000
1,74994000;0,16670766;0,27343750;0,58732158;3,18836117;1,00000000
1,75000667;0,16670766;0,27374509;0,58747536;3,18836117;1,00000000
1,75007335;0,16670766;0,27405265;0,58793676;3,18836117;1,00000000
1,75014002;0,16670766;0,27436024;0,58824432;3,18866873;1,00000000
1,75020669;0,16670766;0,27436024;0,58839810;3,18866873;1,00000000
1,75027336;0,16670766;0,27466780;0,58855188;3,18866873;1,00000000
1,75034003;0,16670766;0,27497539;0,58885950;3,18836117;1,00000000
1,75040671;0,16670766;0,27528298;0,58901328;3,18836117;1,00000000
1,75047338;0,16670766;0,27528298;0,58916706;3,18836117;1,00000000
1,75054005;0,16670766;0,27528298;0,58947468;3,18836117;1,00000000
1,75060672;0,16670766;0,27497539;0,58978224;3,18836117;1,00000000
1,75067339;0,16670766;0,27497539;0,58978224;3,18836117;1,00000000
1,75074007;0,16655388;0,27497539;0,58978224;3,18836117;1,00000000
1,75080674;0,16655388;0,27466780;0,58978224;3,18805361;1,00000000
1,75087341;0,16655388;0,27466780;0,58993602;3,18805361;1,00000000
1,75094008;0,16655388;0,27466780;0,58993602;3,18805361;1,00000000
1,75100675;0,16655388;0,27436024;0,59008980;3,18774605;1,00000000
1,75107343;0,16655388;0,27436024;0,59008980;3,18805361;1,00000000
1,75114010;0,16655388;0,27436024;0,59008980;3,18805361;1,00000000
1,75120677;0,16655388;0,27436024;0,58993602;3,18805361;1,00000000
1,75127344;0,16655388;0,27405265;0,58993602;3,18774605;1,00000000
1,75134011;0,16670766;0,27374509;0,58993602;3,18743849;1,00000000
1,75140679;0,16670766;0,27343750;0,58993602;3,18743849;1,00000000
1,75147346;0,16670766;0,27343750;0,58993602;3,18743849;1,00000000
1,75154013;0,16670766;0,27374509;0,58993602;3,18743849;1,00000000
1,75160680;0,16655388;0,27374509;0,58993602;3,18743849;1,00000000
1,75167347;0,16655388;0,27374509;0,58993602;3,18774605;1,00000000
1,75174015;0,16655388;0,27374509;0,58978224;3,18743849;1,00000000
1,75180682;0,16670766;0,27343750;0,58947468;3,18743849;1,00000000
1,75187349;0,16670766;0,27312991;0,58916706;3,18743849;1,00000000
1,75194016;0,16670766;0,27282235;0,58901328;3,18743849;1,00000000
1,75200683;0,16670766;0,27282235;0,58885950;3,18743849;1,00000000
1,75207351;0,16670766;0,27251476;0,58885950;3,18743849;1,00000000
1,75214018;0,16670766;0,27251476;0,58870566;3,18713093;1,00000000
1,75220685;0,16655388;0,27251476;0,58870566;3,18713093;1,00000000
1,75227352;0,16655388;0,27251476;0,58855188;3,18713093;1,00000000
1,75234019;0,16655388;0,27282235;0,58839810;3,18713093;1,00000000
1,75240687;0,16670766;0,27282235;0,58824432;3,18713093;1,00000000
1,75247354;0,16655388;0,27251476;0,58809054;3,18713093;1,00000000
1,75254021;0,16655388;0,27251476;0,58793676;3,18713093;1,00000000
1,75260688;0,16655388;0,27251476;0,58762920;3,18713093;1,00000000
1,75267355;0,16655388;0,27251476;0,58747536;3,18682337;1,00000000
1,75274023;0,16655388;0,27251476;0,58732158;3,18682337;1,00000000
1,75280690;0,16655388;0,27251476;0,58716780;3,18682337;1,00000000
1,75287357;0,16655388;0,27251476;0,58701402;3,18682337;1,00000000
1,75294024;0,16655388;0,27220720;0,58670646;3,18682337;1,00000000
1,75300691;0,16655388;0,27189961;0,58639890;3,18682337;1,00000000
1,75307359;0,16655388;0,27159202;0,58609128;3,18682337;1,00000000
1,75314026;0,16655388;0,27159202;0,58593750;3,18682337;1,00000000
1,75320693;0,16655388;0,27159202;0,58578372;3,18682337;1,00000000
1,75327360;0,16655388;0,27159202;0,58562988;3,18682337;1,00000000
1,75334027;0,16655388;0,27159202;0,58532232;3,18713093;1,00000000
1,75340695;0,16655388;0,27189961;0,58501476;3,18713093;1,00000000
1,75347362;0,16640009;0,27159202;0,58470720;3,18713093;1,00000000
1,75354029;0,16640009;0,27128446;0,58424580;3,18713093;1,00000000
1,75360696;0,16609251;0,27097687;0,58393824;3,18713093;1,00000000
1,75367363;0,16609251;0,27097687;0,58378446;3,18682337;1,00000000
1,75374031;0,16609251;0,27066928;0,58347690;3,18682337;1,00000000
1,75380698;0,16609251;0,27066928;0,58316928;3,18713093;1,00000000
1,75387365;0,16609251;0,27066928;0,58286172;3,18743849;1,00000000
1,75394032;0,16609251;0,27066928;0,58255410;3,18743849;1,00000000
1,75400699;0,16609251;0,27036172;0,58224654;3,18743849;1,00000000
1,75407367;0,16609251;0,27066928;0,58193898;3,18743849;1,00000000
1,75414034;0,16609251;0,27066928;0,58163142;3,18743849;1,00000000
1,75420701;0,16609251;0,27036172;0,58132380;3,18743849;1,00000000
1,75427368;0,16609251;0,27036172;0,58101624;3,18743849;1,00000000
1,75434035;0,16609251;0,27036172;0,58070862;3,18774605;1,00000000
1,75440703;0,16609251;0,27005413;0,58040106;3,18805361;1,00000000
1,75447370;0,16609251;0,27005413;0,58009350;3,18836117;1,00000000
1,75454037;0,16624631;0,26974654;0,57993972;3,18866873;1,00000000
1,75460704;0,16624631;0,26943898;0,57963216;3,18928385;1,00000000
1,75467371;0,16624631;0,26913139;0,57932454;3,18897629;1,00000000
1,75474039;0,16624631;0,26882383;0,57886314;3,18897629;1,00000000
1,75480706;0,16624631;0,26882383;0,57855558;3,18897629;1,00000000
1,75487373;0,16624631;0,26882383;0,57824802;3,18866873;1,00000000
1,75494040;0,16624631;0,26882383;0,57809424;3,18897629;1,00000000
1,75500707;0,16624631;0,26882383;0,57778668;3,18928385;1,00000000
1,75507375;0,16624631;0,26882383;0,57763284;3,18928385;1,00000000
1,75514042;0,16624631;0,26882383;0,57732528;3,18897629;1,00000000
1,75520709;0,16640009;0,26882383;0,57701772;3,18866873;1,00000000
1,75527376;0,16624631;0,26851624;0,57686394;3,18866873;1,00000000
1,75534043;0,16624631;0,26820865;0,57686394;3,18866873;1,00000000
1,75540711;0,16624631;0,26820865;0,57671016;3,18866873;1,00000000
1,75547378;0,16609251;0,26851624;0,57655638;3,18866873;1,00000000
1,75554045;0,16609251;0,26851624;0,57655638;3,18897629;1,00000000
1,75560712;0,16609251;0,26820865;0,57640254;3,18928385;1,00000000
1,75567379;0,16609251;0,26851624;0,57640254;3,18989897;1,00000000
1,75574047;0,16609251;0,26851624;0,57655638;3,18959141;1,00000000
1,75580714;0,16609251;0,26820865;0,57655638;3,18959141;1,00000000
1,75587381;0,16593874;0,26820865;0,57655638;3,18959141;1,00000000
1,75594048;0,16578494;0,26851624;0,57655638;3,18959141;1,00000000
1,75600715;0,16578494;0,26851624;0,57655638;3,18959141;1,00000000
1,75607383;0,16578494;0,26851624;0,57671016;3,18989897;1,00000000
1,75614050;0,16563116;0,26851624;0,57671016;3,19020653;1,00000000
1,75620717;0,16547737;0,26882383;0,57671016;3,19020653;1,00000000
1,75627384;0,16532359;0,26882383;0,57686394;3,18989897;1,00000000
1,75634051;0,16532359;0,26913139;0,57686394;3,18989897;1,00000000
1,75640719;0,16516978;0,26913139;0,57686394;3,18989897;1,00000000
1,75647386;0,16516978;0,26913139;0,57701772;3,18989897;1,00000000
1,75654053;0,16516978;0,26943898;0,57717150;3,18989897;1,00000000
1,75660720;0,16532359;0,26974654;0,57732528;3,18989897;1,00000000
1,75667387;0,16547737;0,26974654;0,57747906;3,19020653;1,00000000
1,75674055;0,16563116;0,27005413;0,57763284;3,19051409;1,00000000
1,75680722;0,16578494;0,27036172;0,57778668;3,19051409;1,00000000
1,75687389;0,16578494;0,27036172;0,57794046;3,19020653;1,00000000
1,75694056;0,16578494;0,27036172;0,57824802;3,19020653;1,00000000
1,75700723;0,16578494;0,27036172;0,57840180;3,19020653;1,00000000
1,75707391;0,16578494;0,27036172;0,57840180;3,19020653;1,00000000
1,75714058;0,16578494;0,27066928;0,57870936;3,19020653;1,00000000
1,75720725;0,16578494;0,27097687;0,57901698;3,18989897;1,00000000
1,75727392;0,16578494;0,27097687;0,57932454;3,19020653;1,00000000
1,75734059;0,16593874;0,27128446;0,57963216;3,18989897;1,00000000
1,75740727;0,16593874;0,27159202;0,57993972;3,18959141;1,00000000
1,75747394;0,16593874;0,27159202;0,58024728;3,18928385;1,00000000
1,75754061;0,16609251;0,27189961;0,58040106;3,18928385;1,00000000
1,75760728;0,16609251;0,27189961;0,58070862;3,18897629;1,00000000
1,75767395;0,16624631;0,27189961;0,58101624;3,18866873;1,00000000
1,75774063;0,16624631;0,27220720;0,58132380;3,18836117;1,00000000
1,75780730;0,16624631;0,27251476;0,58163142;3,18836117;1,00000000
1,75787397;0,16624631;0,27220720;0,58193898;3,18866873;1,00000000
1,75794064;0,16609251;0,27220720;0,58209276;3,18836117;1,00000000
1,75800731;0,16609251;0,27251476;0,58240032;3,18805361;1,00000000
1,75807399;0,16593874;0,27251476;0,58270794;3,18774605;1,00000000
1,75814066;0,16609251;0,27251476;0,58301550;3,18743849;1,00000000
1,75820733;0,16593874;0,27251476;0,58332312;3,18713093;1,00000000
1,75827400;0,16609251;0,27251476;0,58347690;3,18713093;1,00000000
1,75834067;0,16593874;0,27251476;0,58378446;3,18713093;1,00000000
1,75840735;0,16578494;0,27220720;0,58378446;3,18682337;1,00000000
1,75847402;0,16593874;0,27220720;0,58409202;3,18620801;1,00000000
1,75854069;0,16593874;0,27189961;0,58439958;3,18559289;1,00000000
1,75860736;0,16593874;0,27159202;0,58455342;3,18467021;1,00000000
1,75867403;0,16593874;0,27159202;0,58486098;3,18405509;1,00000000
1,75874071;0,16593874;0,27128446;0,58501476;3,18405509;1,00000000
1,75880738;0,16578494;0,27159202;0,58516854;3,18405509;1,00000000
1,75887405;0,16578494;0,27128446;0,58532232;3,18374753;1,00000000
1,75894072;0,16593874;0,27097687;0,58547610;3,18343997;1,00000000
1,75900739;0,16593874;0,27097687;0,58578372;3,18313241;1,00000000
1,75907407;0,16593874;0,27128446;0,58609128;3,18251729;1,00000000
1,75914074;0,16609251;0,27128446;0,58624506;3,18220973;1,00000000
1,75920741;0,16609251;0,27128446;0,58655268;3,18190217;1,00000000
1,75927408;0,16593874;0,27128446;0,58686024;3,18159461;1,00000000
1,75934075;0,16593874;0,27128446;0,58716780;3,18159461;1,00000000
1,75940743;0,16593874;0,27097687;0,58747536;3,18128681;1,00000000
1,75947410;0,16609251;0,27097687;0,58762920;3,18128681;1,00000000
1,75954077;0,16609251;0,27066928;0,58793676;3,18097925;1,00000000
1,75960744;0,16609251;0,27036172;0,58824432;3,18097925;1,00000000
1,75967411;0,16609251;0,27005413;0,58855188;3,18067169;1,00000000
1,75974079;0,16593874;0,26974654;0,58885950;3,18036413;1,00000000
1,75980746;0,16593874;0,26974654;0,58916706;3,18005657;1,00000000
1,75987413;0,16593874;0,26943898;0,58932084;3,18005657;1,00000000
1,75994080;0,16593874;0,26943898;0,58978224;3,17974901;1,00000000
1,76000747;0,16593874;0,26913139;0,58993602;3,17944145;1,00000000
1,76007415;0,16593874;0,26913139;0,59008980;3,17944145;1,00000000
1,76014082;0,16593874;0,26882383;0,59024358;3,17913389;1,00000000
1,76020749;0,16578494;0,26882383;0,59039736;3,17882633;1,00000000
1,76027416;0,16593874;0,26882383;0,59055120;3,17882633;1,00000000
1,76034083;0,16593874;0,26851624;0,59070498;3,17882633;1,00000000
1,76040751;0,16578494;0,26820865;0,59085876;3,17882633;1,00000000
1,76047418;0,16563116;0,26790109;0,59101254;3,17851877;1,00000000
1,76054085;0,16563116;0,26759350;0,59132016;3,17851877;1,00000000
1,76060752;0,16578494;0,26759350;0,59162772;3,17882633;1,00000000
1,76067419;0,16563116;0,26759350;0,59193528;3,17882633;1,00000000
1,76074087;0,16578494;0,26759350;0,59224284;3,17882633;1,00000000
1,76080754;0,16578494;0,26728594;0,59239668;3,17882633;1,00000000
1,76087421;0,16563116;0,26728594;0,59255046;3,17882633;1,00000000
1,76094088;0,16547737;0,26759350;0,59270424;3,17851877;1,00000000
1,76100755;0,16547737;0,26790109;0,59285802;3,17882633;1,00000000
1,76107423;0,16547737;0,26820865;0,59285802;3,17913389;1,00000000
1,76114090;0,16563116;0,26820865;0,59285802;3,17944145;1,00000000
1,76120757;0,16563116;0,26820865;0,59301186;3,17944145;1,00000000
1,76127424;0,16563116;0,26851624;0,59301186;3,17944145;1,00000000
1,76134091;0,16578494;0,26820865;0,59301186;3,17944145;1,00000000
1,76140759;0,16593874;0,26820865;0,59301186;3,17913389;1,00000000
1,76147426;0,16578494;0,26820865;0,59301186;3,17974901;1,00000000
1,76154093;0,16563116;0,26820865;0,59301186;3,18005657;1,00000000
1,76160760;0,16547737;0,26851624;0,59285802;3,18036413;1,00000000
1,76167427;0,16532359;0,26882383;0,59285802;3,18005657;1,00000000
1,76174095;0,16532359;0,26882383;0,59270424;3,18005657;1,00000000
1,76180762;0,16532359;0,26851624;0,59270424;3,18005657;1,00000000
1,76187429;0,16532359;0,26851624;0,59270424;3,18005657;1,00000000
1,76194096;0,16547737;0,26882383;0,59255046;3,18036413;1,00000000
1,76200763;0,16547737;0,26882383;0,59239668;3,18067169;1,00000000
1,76207431;0,16547737;0,26913139;0,59224284;3,18067169;1,00000000
1,76214098;0,16563116;0,26943898;0,59208906;3,18067169;1,00000000
1,76220765;0,16578494;0,26913139;0,59193528;3,18067169;1,00000000
1,76227432;0,16563116;0,26913139;0,59178150;3,18067169;1,00000000
1,76234099;0,16578494;0,26913139;0,59178150;3,18097925;1,00000000
1,76240767;0,16578494;0,26913139;0,59162772;3,18097925;1,00000000
1,76247434;0,16578494;0,26882383;0,59147394;3,18128681;1,00000000
1,76254101;0,16563116;0,26882383;0,59116638;3,18128681;1,00000000
1,76260768;0,16563116;0,26851624;0,59101254;3,18159461;1,00000000
1,76267435;0,16547737;0,26820865;0,59085876;3,18159461;1,00000000
1,76274103;0,16547737;0,26820865;0,59070498;3,18159461;1,00000000
1,76280770;0,16547737;0,26790109;0,59039736;3,18159461;1,00000000
1,76287437;0,16563116;0,26820865;0,59008980;3,18159461;1,00000000
1,76294104;0,16578494;0,26820865;0,58993602;3,18220973;1,00000000
1,76300771;0,16578494;0,26790109;0,58962846;3,18282485;1,00000000
1,76307439;0,16578494;0,26759350;0,58916706;3,18282485;1,00000000
1,76314106;0,16593874;0,26759350;0,58885950;3,18282485;1,00000000
1,76320773;0,16578494;0,26759350;0,58855188;3,18282485;1,00000000
1,76327440;0,16593874;0,26759350;0,58824432;3,18282485;1,00000000
1,76334107;0,16593874;0,26790109;0,58809054;3,18282485;1,00000000
1,76340775;0,16593874;0,26790109;0,58778298;3,18282485;1,00000000
1,76347442;0,16593874;0,26820865;0,58747536;3,18282485;1,00000000
1,76354109;0,16609251;0,26851624;0,58716780;3,18313241;1,00000000
1,76360776;0,16609251;0,26820865;0,58686024;3,18313241;1,00000000
1,76367443;0,16624631;0,26820865;0,58639890;3,18313241;1,00000000
1,76374111;0,16640009;0,26820865;0,58593750;3,18313241;1,00000000
1,76380778;0,16655388;0,26851624;0,58547610;3,18313241;1,00000000
1,76387445;0,16670766;0,26851624;0,58501476;3,18343997;1,00000000
1,76394112;0,16670766;0,26882383;0,58470720;3,18343997;1,00000000
1,76400779;0,16686147;0,26913139;0,58424580;3,18343997;1,00000000
1,76407447;0,16686147;0,26913139;0,58378446;3,18374753;1,00000000
1,76414114;0,16686147;0,26943898;0,58347690;3,18405509;1,00000000
1,76420781;0,16701525;0,26974654;0,58286172;3,18405509;1,00000000
1,76427448;0,16716905;0,26974654;0,58224654;3,18405509;1,00000000
1,76434115;0,16732283;0,26943898;0,58163142;3,18405509;1,00000000
1,76440783;0,16732283;0,26913139;0,58132380;3,18436265;1,00000000
1,76447450;0,16732283;0,26913139;0,58101624;3,18405509;1,00000000
1,76454117;0,16732283;0,26943898;0,58055484;3,18374753;1,00000000
1,76460784;0,16747662;0,26943898;0,58024728;3,18343997;1,00000000
1,76467451;0,16747662;0,26913139;0,57978594;3,18374753;1,00000000
1,76474119;0,16732283;0,26943898;0,57947832;3,18405509;1,00000000
1,76480786;0,16732283;0,26913139;0,57917076;3,18405509;1,00000000
1,76487453;0,16732283;0,26943898;0,57870936;3,18436265;1,00000000
1,76494120;0,16732283;0,26913139;0,57840180;3,18405509;1,00000000
1,76500787;0,16732283;0,26943898;0,57809424;3,18374753;1,00000000
1,76507455;0,16747662;0,26974654;0,57778668;3,18374753;1,00000000
1,76514122;0,16763040;0,27005413;0,57747906;3,18343997;1,00000000
1,76520789;0,16763040;0,26974654;0,57717150;3,18313241;1,00000000
1,76527456;0,16778421;0,26974654;0,57686394;3,18343997;1,00000000
1,76534123;0,16793799;0,26974654;0,57640254;3,18343997;1,00000000
1,76540791;0,16793799;0,26974654;0,57609499;3,18374753;1,00000000
1,76547458;0,16809179;0,26943898;0,57563359;3,18374753;1,00000000
1,76554125;0,16809179;0,26974654;0,57532603;3,18374753;1,00000000
1,76560792;0,16824557;0,26974654;0,57517225;3,18374753;1,00000000
1,76567459;0,16839936;0,26974654;0,57501847;3,18343997;1,00000000
1,76574127;0,16855314;0,26943898;0,57471091;3,18313241;1,00000000
1,76580794;0,16855314;0,26943898;0,57455707;3,18313241;1,00000000
1,76587461;0,16855314;0,26913139;0,57424951;3,18374753;1,00000000
1,76594128;0,16855314;0,26882383;0,57394195;3,18374753;1,00000000
1,76600795;0,16855314;0,26851624;0,57378817;3,18374753;1,00000000
1,76607463;0,16870694;0,26851624;0,57363439;3,18374753;1,00000000
1,76614130;0,16870694;0,26882383;0,57332677;3,18374753;1,00000000
1,76620797;0,16870694;0,26913139;0,57301921;3,18374753;1,00000000
1,76627464;0,16870694;0,26913139;0,57286543;3,18374753;1,00000000
1,76634131;0,16870694;0,26882383;0,57271159;3,18343997;1,00000000
1,76640799;0,16870694;0,26882383;0,57240403;3,18313241;1,00000000
1,76647466;0,16855314;0,26851624;0,57225025;3,18313241;1,00000000
1,76654133;0,16855314;0,26820865;0,57194269;3,18313241;1,00000000
1,76660800;0,16855314;0,26790109;0,57194269;3,18313241;1,00000000
1,76667467;0,16855314;0,26790109;0,57178891;3,18282485;1,00000000
1,76674135;0,16839936;0,26759350;0,57178891;3,18251729;1,00000000
1,76680802;0,16839936;0,26790109;0,57148129;3,18220973;1,00000000
1,76687469;0,16839936;0,26759350;0,57148129;3,18220973;1,00000000
1,76694136;0,16839936;0,26728594;0,57148129;3,18190217;1,00000000
1,76700803;0,16839936;0,26728594;0,57132751;3,18159461;1,00000000
1,76707471;0,16839936;0,26697835;0,57148129;3,18159461;1,00000000
1,76714138;0,16839936;0,26697835;0,57163513;3,18159461;1,00000000
1,76720805;0,16839936;0,26697835;0,57163513;3,18159461;1,00000000
1,76727472;0,16839936;0,26697835;0,57178891;3,18159461;1,00000000
1,76734139;0,16839936;0,26667076;0,57194269;3,18159461;1,00000000
1,76740807;0,16839936;0,26636320;0,57225025;3,18190217;1,00000000
1,76747474;0,16839936;0,26605561;0,57271159;3,18190217;1,00000000
1,76754141;0,16839936;0,26605561;0,57301921;3,18190217;1,00000000
1,76760808;0,16839936;0,26605561;0,57317299;3,18190217;1,00000000
1,76767475;0,16839936;0,26636320;0,57332677;3,18190217;1,00000000
1,76774143;0,16839936;0,26636320;0,57378817;3,18190217;1,00000000
1,76780810;0,16855314;0,26636320;0,57409573;3,18190217;1,00000000
1,76787477;0,16855314;0,26667076;0,57455707;3,18220973;1,00000000
1,76794144;0,16839936;0,26667076;0,57486469;3,18220973;1,00000000
1,76800811;0,16839936;0,26636320;0,57517225;3,18190217;1,00000000
1,76807479;0,16839936;0,26636320;0,57547981;3,18190217;1,00000000
1,76814146;0,16855314;0,26667076;0,57578737;3,18190217;1,00000000
1,76820813;0,16855314;0,26636320;0,57624876;3,18190217;1,00000000
1,76827480;0,16855314;0,26636320;0,57686394;3,18190217;1,00000000
1,76834147;0,16855314;0,26667076;0,57732528;3,18220973;1,00000000
1,76840815;0,16839936;0,26697835;0,57763284;3,18282485;1,00000000
1,76847482;0,16839936;0,26728594;0,57809424;3,18313241;1,00000000
1,76854149;0,16839936;0,26728594;0,57855558;3,18343997;1,00000000
1,76860816;0,16839936;0,26697835;0,57901698;3,18343997;1,00000000
1,76867483;0,16855314;0,26697835;0,57947832;3,18343997;1,00000000
1,76874151;0,16855314;0,26728594;0,57978594;3,18343997;1,00000000
1,76880818;0,16855314;0,26728594;0,58024728;3,18405509;1,00000000
1,76887485;0,16839936;0,26759350;0,58086246;3,18436265;1,00000000
1,76894152;0,16839936;0,26759350;0,58132380;3,18467021;1,00000000
1,76900819;0,16839936;0,26790109;0,58193898;3,18528533;1,00000000
1,76907487;0,16839936;0,26790109;0,58240032;3,18528533;1,00000000
1,76914154;0,16839936;0,26790109;0,58270794;3,18528533;1,00000000
1,76920821;0,16839936;0,26790109;0,58316928;3,18528533;1,00000000
1,76927488;0,16839936;0,26759350;0,58363068;3,18559289;1,00000000
1,76934155;0,16839936;0,26790109;0,58393824;3,18590045;1,00000000
1,76940823;0,16839936;0,26759350;0,58424580;3,18620801;1,00000000
1,76947490;0,16855314;0,26759350;0,58455342;3,18651581;1,00000000
1,76954157;0,16855314;0,26790109;0,58501476;3,18682337;1,00000000
1,76960824;0,16855314;0,26790109;0,58562988;3,18682337;1,00000000
1,76967491;0,16855314;0,26820865;0,58609128;3,18682337;1,00000000
1,76974159;0,16855314;0,26851624;0,58655268;3,18682337;1,00000000
1,76980826;0,16855314;0,26882383;0,58686024;3,18713093;1,00000000
1,76987493;0,16855314;0,26913139;0,58716780;3,18713093;1,00000000
1,76994160;0,16855314;0,26943898;0,58747536;3,18743849;1,00000000
1,77000827;0,16870694;0,26974654;0,58793676;3,18774605;1,00000000
1,77007495;0,16870694;0,27005413;0,58839810;3,18805361;1,00000000
1,77014162;0,16870694;0,27036172;0,58885950;3,18805361;1,00000000
1,77020829;0,16886072;0,27005413;0,58901328;3,18774605;1,00000000
1,77027496;0,16886072;0,27036172;0,58916706;3,18805361;1,00000000
1,77034163;0,16886072;0,27036172;0,58947468;3,18836117;1,00000000
1,77040831;0,16901451;0,27066928;0,58978224;3,18836117;1,00000000
1,77047498;0,16901451;0,27066928;0,58993602;3,18836117;1,00000000
1,77054165;0,16901451;0,27097687;0,59008980;3,18866873;1,00000000
1,77060832;0,16901451;0,27097687;0,59039736;3,18836117;1,00000000
1,77067499;0,16916829;0,27097687;0,59055120;3,18805361;1,00000000
1,77074167;0,16916829;0,27128446;0,59070498;3,18836117;1,00000000
1,77080834;0,16916829;0,27128446;0,59070498;3,18836117;1,00000000
1,77087501;0,16916829;0,27128446;0,59070498;3,18836117;1,00000000
1,77094168;0,16916829;0,27159202;0,59070498;3,18836117;1,00000000
1,77100835;0,16916829;0,27159202;0,59070498;3,18836117;1,00000000
1,77107503;0,16916829;0,27189961;0,59070498;3,18805361;1,00000000
1,77114170;0,16916829;0,27159202;0,59070498;3,18774605;1,00000000
1,77120837;0,16916829;0,27189961;0,59085876;3,18774605;1,00000000
1,77127504;0,16916829;0,27189961;0,59085876;3,18774605;1,00000000
1,77134171;0,16916829;0,27220720;0,59085876;3,18774605;1,00000000
1,77140839;0,16916829;0,27220720;0,59085876;3,18774605;1,00000000
1,77147506;0,16901451;0,27251476;0,59085876;3,18774605;1,00000000
1,77154173;0,16886072;0,27220720;0,59070498;3,18743849;1,00000000
1,77160840;0,16870694;0,27220720;0,59070498;3,18713093;1,00000000
1,77167507;0,16870694;0,27220720;0,59070498;3,18682337;1,00000000
1,77174175;0,16870694;0,27251476;0,59055120;3,18713093;1,00000000
1,77180842;0,16870694;0,27282235;0,59055120;3,18713093;1,00000000
1,77187509;0,16870694;0,27282235;0,59039736;3,18713093;1,00000000
1,77194176;0,16870694;0,27312991;0,59039736;3,18713093;1,00000000
1,77200843;0,16870694;0,27312991;0,59024358;3,18682337;1,00000000
1,77207511;0,16855314;0,27312991;0,59008980;3,18651581;1,00000000
1,77214178;0,16855314;0,27312991;0,58978224;3,18651581;1,00000000
1,77220845;0,16855314;0,27312991;0,58978224;3,18682337;1,00000000
1,77227512;0,16839936;0,27312991;0,58962846;3,18713093;1,00000000
1,77234179;0,16839936;0,27343750;0,58916706;3,18713093;1,00000000
1,77240847;0,16824557;0,27343750;0,58885950;3,18713093;1,00000000
1,77247514;0,16824557;0,27343750;0,58870566;3,18682337;1,00000000
1,77254181;0,16824557;0,27343750;0,58855188;3,18682337;1,00000000
1,77260848;0,16824557;0,27343750;0,58824432;3,18682337;1,00000000
1,77267515;0,16824557;0,27343750;0,58793676;3,18682337;1,00000000
1,77274183;0,16824557;0,27312991;0,58762920;3,18651581;1,00000000
1,77280850;0,16809179;0,27343750;0,58732158;3,18682337;1,00000000
1,77287517;0,16809179;0,27374509;0,58716780;3,18682337;1,00000000
1,77294184;0,16809179;0,27374509;0,58701402;3,18682337;1,00000000
1,77300851;0,16809179;0,27343750;0,58670646;3,18682337;1,00000000
1,77307519;0,16809179;0,27343750;0,58639890;3,18682337;1,00000000
1,77314186;0,16809179;0,27343750;0,58609128;3,18682337;1,00000000
1,77320853;0,16809179;0,27374509;0,58578372;3,18682337;1,00000000
1,77327520;0,16809179;0,27343750;0,58562988;3,18713093;1,00000000
1,77334187;0,16809179;0,27343750;0,58516854;3,18774605;1,00000000
1,77340855;0,16809179;0,27312991;0,58486098;3,18774605;1,00000000
1,77347522;0,16809179;0,27312991;0,58455342;3,18774605;1,00000000
1,77354189;0,16809179;0,27343750;0,58424580;3,18774605;1,00000000
1,77360856;0,16809179;0,27312991;0,58393824;3,18774605;1,00000000
1,77367523;0,16793799;0,27282235;0,58378446;3,18774605;1,00000000
1,77374191;0,16778421;0,27312991;0,58347690;3,18774605;1,00000000
1,77380858;0,16763040;0,27282235;0,58332312;3,18774605;1,00000000
1,77387525;0,16747662;0,27282235;0,58301550;3,18774605;1,00000000
1,77394192;0,16747662;0,27282235;0,58255410;3,18805361;1,00000000
1,77400859;0,16747662;0,27312991;0,58209276;3,18805361;1,00000000
1,77407527;0,16747662;0,27312991;0,58193898;3,18805361;1,00000000
1,77414194;0,16747662;0,27312991;0,58178520;3,18805361;1,00000000
1,77420861;0,16747662;0,27282235;0,58147764;3,18805361;1,00000000
1,77427528;0,16747662;0,27251476;0,58117002;3,18836117;1,00000000
1,77434195;0,16747662;0,27282235;0,58086246;3,18774605;1,00000000
1,77440863;0,16732283;0,27282235;0,58055484;3,18805361;1,00000000
1,77447530;0,16747662;0,27251476;0,58024728;3,18836117;1,00000000
1,77454197;0,16763040;0,27251476;0,57993972;3,18866873;1,00000000
1,77460864;0,16747662;0,27220720;0,57963216;3,18866873;1,00000000
1,77467531;0,16732283;0,27220720;0,57932454;3,18866873;1,00000000
1,77474199;0,16716905;0,27220720;0,57901698;3,18866873;1,00000000
1,77480866;0,16701525;0,27189961;0,57870936;3,18897629;1,00000000
1,77487533;0,16686147;0,27159202;0,57840180;3,18897629;1,00000000
1,77494200;0,16686147;0,27159202;0,57809424;3,18866873;1,00000000
1,77500867;0,16686147;0,27159202;0,57778668;3,18897629;1,00000000
1,77507535;0,16686147;0,27128446;0,57747906;3,18928385;1,00000000
1,77514202;0,16686147;0,27159202;0,57732528;3,18928385;1,00000000
1,77520869;0,16670766;0,27159202;0,57717150;3,18928385;1,00000000
1,77527536;0,16670766;0,27159202;0,57686394;3,18959141;1,00000000
1,77534203;0,16655388;0,27189961;0,57671016;3,18928385;1,00000000
1,77540871;0,16655388;0,27159202;0,57655638;3,18897629;1,00000000
1,77547538;0,16655388;0,27159202;0,57655638;3,18866873;1,00000000
1,77554205;0,16640009;0,27159202;0,57640254;3,18897629;1,00000000
1,77560872;0,16640009;0,27189961;0,57655638;3,18928385;1,00000000
1,77567539;0,16640009;0,27220720;0,57655638;3,18959141;1,00000000
1,77574207;0,16624631;0,27189961;0,57640254;3,18989897;1,00000000
1,77580874;0,16624631;0,27189961;0,57640254;3,18989897;1,00000000
1,77587541;0,16624631;0,27189961;0,57655638;3,19020653;1,00000000
1,77594208;0,16609251;0,27189961;0,57655638;3,18989897;1,00000000
1,77600875;0,16593874;0,27220720;0,57671016;3,18959141;1,00000000
1,77607543;0,16593874;0,27189961;0,57686394;3,18959141;1,00000000
1,77614210;0,16593874;0,27189961;0,57686394;3,18989897;1,00000000
1,77620877;0,16578494;0,27220720;0,57686394;3,19020653;1,00000000
1,77627544;0,16563116;0,27220720;0,57686394;3,19051409;1,00000000
1,77634211;0,16578494;0,27220720;0,57701772;3,19082165;1,00000000
1,77640879;0,16578494;0,27251476;0,57701772;3,19082165;1,00000000
1,77647546;0,16578494;0,27251476;0,57717150;3,19051409;1,00000000
1,77654213;0,16563116;0,27251476;0,57732528;3,19020653;1,00000000
1,77660880;0,16578494;0,27282235;0,57732528;3,18989897;1,00000000
1,77667547;0,16578494;0,27312991;0,57747906;3,18959141;1,00000000
1,77674215;0,16578494;0,27343750;0,57763284;3,18989897;1,00000000
1,77680882;0,16578494;0,27343750;0,57778668;3,19020653;1,00000000
1,77687549;0,16578494;0,27343750;0,57778668;3,19051409;1,00000000
1,77694216;0,16563116;0,27343750;0,57809424;3,19051409;1,00000000
1,77700883;0,16563116;0,27343750;0,57809424;3,19051409;1,00000000
1,77707551;0,16563116;0,27343750;0,57824802;3,19020653;1,00000000
1,77714218;0,16563116;0,27343750;0,57855558;3,18989897;1,00000000
1,77720885;0,16578494;0,27374509;0,57886314;3,18989897;1,00000000
1,77727552;0,16578494;0,27374509;0,57917076;3,18989897;1,00000000
1,77734219;0,16563116;0,27374509;0,57947832;3,18989897;1,00000000
1,77740887;0,16563116;0,27374509;0,57978594;3,18989897;1,00000000
1,77747554;0,16563116;0,27405265;0,58009350;3,18989897;1,00000000
1,77754221;0,16563116;0,27405265;0,58040106;3,18989897;1,00000000
1,77760888;0,16563116;0,27405265;0,58040106;3,18959141;1,00000000
1,77767555;0,16563116;0,27374509;0,58055484;3,18897629;1,00000000
1,77774223;0,16563116;0,27374509;0,58070862;3,18866873;1,00000000
1,77780890;0,16547737;0,27343750;0,58086246;3,18866873;1,00000000
1,77787557;0,16563116;0,27374509;0,58117002;3,18866873;1,00000000
1,77794224;0,16563116;0,27405265;0,58132380;3,18866873;1,00000000
1,77800891;0,16563116;0,27405265;0,58147764;3,18866873;1,00000000
1,77807559;0,16578494;0,27374509;0,58178520;3,18836117;1,00000000
1,77814226;0,16578494;0,27374509;0,58193898;3,18805361;1,00000000
1,77820893;0,16563116;0,27374509;0,58209276;3,18743849;1,00000000
1,77827560;0,16563116;0,27343750;0,58240032;3,18713093;1,00000000
1,77834227;0,16563116;0,27312991;0,58255410;3,18682337;1,00000000
1,77840895;0,16563116;0,27343750;0,58286172;3,18651581;1,00000000
1,77847562;0,16563116;0,27374509;0,58301550;3,18651581;1,00000000
1,77854229;0,16578494;0,27374509;0,58332312;3,18620801;1,00000000
1,77860896;0,16593874;0,27343750;0,58363068;3,18590045;1,00000000
1,77867563;0,16593874;0,27312991;0,58393824;3,18559289;1,00000000
1,77874231;0,16593874;0,27312991;0,58409202;3,18559289;1,00000000
1,77880898;0,16593874;0,27312991;0,58439958;3,18528533;1,00000000
1,77887565;0,16593874;0,27312991;0,58455342;3,18467021;1,00000000
1,77894232;0,16593874;0,27312991;0,58470720;3,18405509;1,00000000
1,77900899;0,16578494;0,27312991;0,58501476;3,18374753;1,00000000
1,77907567;0,16593874;0,27282235;0,58532232;3,18343997;1,00000000
1,77914234;0,16609251;0,27251476;0,58562988;3,18343997;1,00000000
1,77920901;0,16609251;0,27220720;0,58578372;3,18343997;1,00000000
1,77927568;0,16593874;0,27220720;0,58609128;3,18343997;1,00000000
1,77934235;0,16609251;0,27189961;0,58639890;3,18313241;1,00000000
1,77940903;0,16593874;0,27159202;0,58639890;3,18251729;1,00000000
1,77947570;0,16593874;0,27128446;0,58670646;3,18220973;1,00000000
1,77954237;0,16578494;0,27159202;0,58670646;3,18190217;1,00000000
1,77960904;0,16578494;0,27128446;0,58686024;3,18190217;1,00000000
1,77967571;0,16578494;0,27128446;0,58716780;3,18190217;1,00000000
1,77974239;0,16578494;0,27128446;0,58732158;3,18190217;1,00000000
1,77980906;0,16578494;0,27097687;0,58762920;3,18159461;1,00000000
1,77987573;0,16578494;0,27097687;0,58778298;3,18128681;1,00000000
1,77994240;0,16563116;0,27066928;0,58793676;3,18097925;1,00000000
1,78000907;0,16547737;0,27097687;0,58809054;3,18067169;1,00000000
1,78007575;0,16547737;0,27097687;0,58824432;3,18036413;1,00000000
1,78014242;0,16532359;0,27097687;0,58839810;3,18036413;1,00000000
1,78020909;0,16516978;0,27066928;0,58870566;3,18036413;1,00000000
1,78027576;0,16516978;0,27066928;0,58885950;3,18005657;1,00000000
1,78034243;0,16516978;0,27036172;0,58901328;3,18005657;1,00000000
1,78040911;0,16516978;0,27036172;0,58901328;3,18005657;1,00000000
1,78047578;0,16516978;0,27066928;0,58916706;3,17974901;1,00000000
1,78054245;0,16516978;0,27066928;0,58932084;3,17944145;1,00000000
1,78060912;0,16501600;0,27036172;0,58947468;3,17944145;1,00000000
1,78067579;0,16501600;0,27066928;0,58978224;3,17974901;1,00000000
1,78074247;0,16486220;0,27066928;0,58993602;3,17974901;1,00000000
1,78080914;0,16470842;0,27066928;0,59008980;3,17974901;1,00000000
1,78087581;0,16470842;0,27036172;0,59024358;3,17974901;1,00000000
1,78094248;0,16455463;0,27066928;0,59039736;3,17944145;1,00000000
1,78100915;0,16440085;0,27036172;0,59039736;3,17944145;1,00000000
1,78107583;0,16440085;0,27036172;0,59055120;3,17944145;1,00000000
1,78114250;0,16455463;0,27066928;0,59070498;3,17974901;1,00000000
1,78120917;0,16455463;0,27066928;0,59070498;3,17974901;1,00000000
1,78127584;0,16455463;0,27066928;0,59085876;3,17974901;1,00000000
1,78134251;0,16440085;0,27036172;0,59101254;3,17974901;1,00000000
1,78140919;0,16424704;0,27036172;0,59101254;3,18005657;1,00000000
1,78147586;0,16440085;0,27066928;0,59085876;3,17974901;1,00000000
1,78154253;0,16440085;0,27066928;0,59070498;3,18036413;1,00000000
1,78160920;0,16440085;0,27066928;0,59085876;3,18067169;1,00000000
1,78167587;0,16440085;0,27097687;0,59085876;3,18067169;1,00000000
1,78174255;0,16440085;0,27097687;0,59085876;3,18067169;1,00000000
1,78180922;0,16455463;0,27097687;0,59085876;3,18067169;1,00000000
1,78187589;0,16455463;0,27128446;0,59070498;3,18097925;1,00000000
1,78194256;0,16470842;0,27097687;0,59070498;3,18097925;1,00000000
1,78200923;0,16470842;0,27097687;0,59070498;3,18159461;1,00000000
1,78207591;0,16470842;0,27066928;0,59055120;3,18190217;1,00000000
1,78214258;0,16455463;0,27036172;0,59039736;3,18190217;1,00000000
1,78220925;0,16440085;0,27005413;0,59008980;3,18190217;1,00000000
1,78227592;0,16440085;0,27036172;0,58993602;3,18190217;1,00000000
1,78234259;0,16424704;0,27066928;0,58978224;3,18190217;1,00000000
1,78240927;0,16409326;0,27036172;0,58947468;3,18190217;1,00000000
1,78247594;0,16424704;0,27036172;0,58916706;3,18190217;1,00000000
1,78254261;0,16424704;0,27036172;0,58916706;3,18190217;1,00000000
1,78260928;0,16424704;0,27005413;0,58885950;3,18190217;1,00000000
1,78267595;0,16409326;0,26974654;0,58839810;3,18190217;1,00000000
1,78274263;0,16409326;0,27005413;0,58809054;3,18190217;1,00000000
1,78280930;0,16393946;0,27036172;0,58778298;3,18190217;1,00000000
1,78287597;0,16409326;0,27005413;0,58747536;3,18190217;1,00000000
1,78294264;0,16424704;0,27036172;0,58716780;3,18190217;1,00000000
1,78300931;0,16424704;0,27066928;0,58686024;3,18190217;1,00000000
1,78307599;0,16424704;0,27097687;0,58655268;3,18190217;1,00000000
1,78314266;0,16424704;0,27097687;0,58609128;3,18190217;1,00000000
1,78320933;0,16440085;0,27066928;0,58578372;3,18190217;1,00000000
1,78327600;0,16440085;0,27066928;0,58547610;3,18220973;1,00000000
1,78334267;0,16455463;0,27066928;0,58516854;3,18220973;1,00000000
1,78340935;0,16455463;0,27066928;0,58486098;3,18220973;1,00000000
1,78347602;0,16455463;0,27097687;0,58455342;3,18251729;1,00000000
1,78354269;0,16470842;0,27097687;0,58424580;3,18251729;1,00000000
1,78360936;0,16486220;0,27128446;0,58409202;3,18251729;1,00000000
1,78367603;0,16486220;0,27159202;0,58363068;3,18251729;1,00000000
1,78374271;0,16486220;0,27159202;0,58332312;3,18251729;1,00000000
1,78380938;0,16486220;0,27189961;0,58286172;3,18282485;1,00000000
1,78387605;0,16486220;0,27189961;0,58255410;3,18282485;1,00000000
1,78394272;0,16501600;0,27220720;0,58209276;3,18251729;1,00000000
1,78400939;0,16516978;0,27220720;0,58163142;3,18282485;1,00000000
1,78407607;0,16516978;0,27220720;0,58132380;3,18313241;1,00000000
1,78414274;0,16532359;0,27220720;0,58086246;3,18313241;1,00000000
1,78420941;0,16532359;0,27220720;0,58040106;3,18313241;1,00000000
1,78427608;0,16532359;0,27189961;0,57993972;3,18313241;1,00000000
1,78434275;0,16547737;0,27159202;0,57963216;3,18313241;1,00000000
1,78440943;0,16547737;0,27159202;0,57917076;3,18313241;1,00000000
1,78447610;0,16547737;0,27189961;0,57855558;3,18313241;1,00000000
1,78454277;0,16563116;0,27220720;0,57809424;3,18313241;1,00000000
1,78460944;0,16563116;0,27220720;0,57763284;3,18313241;1,00000000
1,78467611;0,16578494;0,27220720;0,57732528;3,18313241;1,00000000
1,78474279;0,16593874;0,27189961;0,57701772;3,18343997;1,00000000
1,78480946;0,16609251;0,27189961;0,57655638;3,18313241;1,00000000
1,78487613;0,16609251;0,27189961;0,57624876;3,18313241;1,00000000
1,78494280;0,16609251;0,27159202;0,57578737;3,18313241;1,00000000
1,78500947;0,16640009;0,27159202;0,57547981;3,18313241;1,00000000
1,78507615;0,16640009;0,27159202;0,57517225;3,18343997;1,00000000
1,78514282;0,16640009;0,27189961;0,57486469;3,18343997;1,00000000
1,78520949;0,16624631;0,27159202;0,57455707;3,18374753;1,00000000
1,78527616;0,16624631;0,27159202;0,57424951;3,18374753;1,00000000
1,78534283;0,16624631;0,27189961;0,57394195;3,18374753;1,00000000
1,78540951;0,16640009;0,27159202;0,57348061;3,18374753;1,00000000
1,78547618;0,16640009;0,27128446;0,57332677;3,18343997;1,00000000
1,78554285;0,16640009;0,27128446;0,57286543;3,18313241;1,00000000
1,78560952;0,16655388;0,27128446;0,57240403;3,18313241;1,00000000
1,78567619;0,16655388;0,27159202;0,57194269;3,18343997;1,00000000
1,78574287;0,16655388;0,27189961;0,57148129;3,18313241;1,00000000
1,78580954;0,16655388;0,27159202;0,57132751;3,18313241;1,00000000
1,78587621;0,16670766;0,27159202;0,57101995;3,18282485;1,00000000
1,78594288;0,16686147;0,27128446;0,57071233;3,18251729;1,00000000
1,78600955;0,16686147;0,27128446;0,57040477;3,18220973;1,00000000
1,78607623;0,16701525;0,27097687;0,57009721;3,18190217;1,00000000
1,78614290;0,16701525;0,27128446;0,56978959;3,18190217;1,00000000
1,78620957;0,16701525;0,27128446;0,56978959;3,18220973;1,00000000
1,78627624;0,16701525;0,27128446;0,56948203;3,18251729;1,00000000
1,78634291;0,16701525;0,27128446;0,56917441;3,18220973;1,00000000
1,78640959;0,16701525;0,27097687;0,56902063;3,18190217;1,00000000
1,78647626;0,16701525;0,27097687;0,56902063;3,18159461;1,00000000
1,78654293;0,16686147;0,27097687;0,56902063;3,18128681;1,00000000
1,78660960;0,16686147;0,27097687;0,56902063;3,18097925;1,00000000
1,78667627;0,16686147;0,27066928;0,56871307;3,18097925;1,00000000
1,78674295;0,16686147;0,27036172;0,56871307;3,18128681;1,00000000
1,78680962;0,16686147;0,27005413;0,56855929;3,18159461;1,00000000
1,78687629;0,16686147;0,26974654;0,56840551;3,18128681;1,00000000
1,78694296;0,16686147;0,26974654;0,56840551;3,18128681;1,00000000
1,78700963;0,16686147;0,26943898;0,56840551;3,18097925;1,00000000
1,78707631;0,16670766;0,26913139;0,56840551;3,18067169;1,00000000
1,78714298;0,16670766;0,26913139;0,56840551;3,18036413;1,00000000
1,78720965;0,16670766;0,26882383;0,56840551;3,18036413;1,00000000
1,78727632;0,16655388;0,26882383;0,56855929;3,18036413;1,00000000
1,78734299;0,16655388;0,26851624;0,56871307;3,18036413;1,00000000
1,78740967;0,16655388;0,26851624;0,56886685;3,18005657;1,00000000
1,78747634;0,16640009;0,26851624;0,56917441;3,18005657;1,00000000
1,78754301;0,16640009;0,26820865;0,56932825;3,18005657;1,00000000
1,78760968;0,16640009;0,26790109;0,56963581;3,17974901;1,00000000
1,78767635;0,16640009;0,26790109;0,56978959;3,18005657;1,00000000
1,78774303;0,16640009;0,26790109;0,56994343;3,18036413;1,00000000
1,78780970;0,16640009;0,26790109;0,57009721;3,18036413;1,00000000
1,78787637;0,16640009;0,26820865;0,57055855;3,18067169;1,00000000
1,78794304;0,16640009;0,26820865;0,57086611;3,18067169;1,00000000
1,78800971;0,16640009;0,26790109;0,57132751;3,18036413;1,00000000
1,78807639;0,16640009;0,26790109;0,57163513;3,18036413;1,00000000
1,78814306;0,16640009;0,26790109;0,57194269;3,18067169;1,00000000
1,78820973;0,16640009;0,26820865;0,57255781;3,18097925;1,00000000
1,78827640;0,16624631;0,26790109;0,57301921;3,18097925;1,00000000
1,78834307;0,16624631;0,26820865;0,57348061;3,18097925;1,00000000
1,78840975;0,16624631;0,26790109;0,57394195;3,18097925;1,00000000
1,78847642;0,16624631;0,26790109;0,57440329;3,18128681;1,00000000
1,78854309;0,16624631;0,26759350;0,57486469;3,18128681;1,00000000
1,78860976;0,16640009;0,26759350;0,57547981;3,18128681;1,00000000
1,78867643;0,16640009;0,26790109;0,57594121;3,18159461;1,00000000
1,78874311;0,16640009;0,26820865;0,57624876;3,18159461;1,00000000
1,78880978;0,16640009;0,26790109;0,57686394;3,18159461;1,00000000
1,78887645;0,16640009;0,26790109;0,57732528;3,18159461;1,00000000
1,78894312;0,16624631;0,26820865;0,57794046;3,18159461;1,00000000
1,78900979;0,16624631;0,26790109;0,57824802;3,18190217;1,00000000
1,78907647;0,16624631;0,26790109;0,57870936;3,18251729;1,00000000
1,78914314;0,16640009;0,26820865;0,57932454;3,18313241;1,00000000
1,78920981;0,16640009;0,26820865;0,57993972;3,18343997;1,00000000
1,78927648;0,16640009;0,26820865;0,58040106;3,18313241;1,00000000
1,78934315;0,16640009;0,26820865;0,58101624;3,18313241;1,00000000
1,78940983;0,16640009;0,26820865;0,58147764;3,18313241;1,00000000
1,78947650;0,16655388;0,26851624;0,58209276;3,18313241;1,00000000
1,78954317;0,16655388;0,26851624;0,58240032;3,18343997;1,00000000
1,78960984;0,16655388;0,26851624;0,58286172;3,18343997;1,00000000
1,78967651;0,16655388;0,26851624;0,58332312;3,18374753;1,00000000
1,78974319;0,16655388;0,26882383;0,58378446;3,18405509;1,00000000
1,78980986;0,16655388;0,26913139;0,58424580;3,18436265;1,00000000
1,78987653;0,16655388;0,26913139;0,58455342;3,18436265;1,00000000
1,78994320;0,16655388;0,26913139;0,58486098;3,18436265;1,00000000
1,79000987;0,16655388;0,26943898;0,58516854;3,18436265;1,00000000
1,79007655;0,16670766;0,26974654;0,58562988;3,18436265;1,00000000
1,79014322;0,16670766;0,26974654;0,58609128;3,18436265;1,00000000
1,79020989;0,16670766;0,27005413;0,58639890;3,18436265;1,00000000
1,79027656;0,16686147;0,26974654;0,58670646;3,18467021;1,00000000
1,79034323;0,16686147;0,27005413;0,58701402;3,18436265;1,00000000
1,79040991;0,16701525;0,27005413;0,58732158;3,18374753;1,00000000
1,79047658;0,16701525;0,27005413;0,58778298;3,18343997;1,00000000
1,79054325;0,16701525;0,27036172;0,58809054;3,18343997;1,00000000
1,79060992;0,16701525;0,27036172;0,58824432;3,18343997;1,00000000
1,79067659;0,16701525;0,27066928;0,58839810;3,18343997;1,00000000
1,79074327;0,16701525;0,27097687;0,58839810;3,18343997;1,00000000
1,79080994;0,16701525;0,27066928;0,58839810;3,18343997;1,00000000
1,79087661;0,16701525;0,27066928;0,58839810;3,18343997;1,00000000
1,79094328;0,16701525;0,27066928;0,58839810;3,18343997;1,00000000
1,79100995;0,16701525;0,27036172;0,58870566;3,18313241;1,00000000
1,79107663;0,16701525;0,27036172;0,58885950;3,18313241;1,00000000
1,79114330;0,16701525;0,27036172;0,58885950;3,18313241;1,00000000
1,79120997;0,16701525;0,27036172;0,58885950;3,18313241;1,00000000
1,79127664;0,16701525;0,27036172;0,58885950;3,18313241;1,00000000
1,79134331;0,16701525;0,27036172;0,58885950;3,18282485;1,00000000
1,79140999;0,16701525;0,27005413;0,58885950;3,18313241;1,00000000
1,79147666;0,16701525;0,26974654;0,58885950;3,18282485;1,00000000
1,79154333;0,16686147;0,26974654;0,58870566;3,18251729;1,00000000
1,79161000;0,16670766;0,26974654;0,58870566;3,18251729;1,00000000
1,79167667;0,16670766;0,26974654;0,58870566;3,18251729;1,00000000
1,79174335;0,16670766;0,27005413;0,58855188;3,18251729;1,00000000
1,79181002;0,16670766;0,27005413;0,58855188;3,18251729;1,00000000
1,79187669;0,16670766;0,27005413;0,58839810;3,18190217;1,00000000
1,79194336;0,16670766;0,27005413;0,58824432;3,18159461;1,00000000
1,79201003;0,16670766;0,27005413;0,58824432;3,18128681;1,00000000
1,79207671;0,16670766;0,26974654;0,58809054;3,18097925;1,00000000
1,79214338;0,16670766;0,26974654;0,58809054;3,18097925;1,00000000
1,79221005;0,16670766;0,26943898;0,58793676;3,18097925;1,00000000
1,79227672;0,16670766;0,26974654;0,58762920;3,18097925;1,00000000
1,79234339;0,16670766;0,26974654;0,58747536;3,18067169;1,00000000
1,79241007;0,16670766;0,26943898;0,58747536;3,18128681;1,00000000
1,79247674;0,16670766;0,26943898;0,58716780;3,18128681;1,00000000
1,79254341;0,16670766;0,26974654;0,58686024;3,18159461;1,00000000
1,79261008;0,16670766;0,26943898;0,58655268;3,18159461;1,00000000
1,79267675;0,16670766;0,26913139;0,58609128;3,18159461;1,00000000
1,79274343;0,16670766;0,26913139;0,58593750;3,18159461;1,00000000
1,79281010;0,16670766;0,26913139;0,58562988;3,18159461;1,00000000
1,79287677;0,16670766;0,26913139;0,58532232;3,18159461;1,00000000
1,79294344;0,16670766;0,26882383;0,58486098;3,18128681;1,00000000
1,79301011;0,16670766;0,26882383;0,58455342;3,18159461;1,00000000
1,79307679;0,16670766;0,26851624;0,58424580;3,18190217;1,00000000
1,79314346;0,16670766;0,26851624;0,58393824;3,18190217;1,00000000
1,79321013;0,16670766;0,26851624;0,58363068;3,18190217;1,00000000
1,79327680;0,16670766;0,26851624;0,58347690;3,18190217;1,00000000
1,79334347;0,16670766;0,26851624;0,58332312;3,18190217;1,00000000
1,79341015;0,16655388;0,26851624;0,58301550;3,18220973;1,00000000
1,79347682;0,16655388;0,26851624;0,58286172;3,18220973;1,00000000
1,79354349;0,16670766;0,26851624;0,58255410;3,18251729;1,00000000
1,79361016;0,16670766;0,26851624;0,58240032;3,18282485;1,00000000
1,79367683;0,16655388;0,26851624;0,58209276;3,18313241;1,00000000
1,79374351;0,16655388;0,26820865;0,58163142;3,18343997;1,00000000
1,79381018;0,16655388;0,26790109;0,58132380;3,18343997;1,00000000
1,79387685;0,16655388;0,26820865;0,58101624;3,18313241;1,00000000
1,79394352;0,16655388;0,26820865;0,58086246;3,18313241;1,00000000
1,79401019;0,16655388;0,26820865;0,58055484;3,18313241;1,00000000
1,79407687;0,16655388;0,26820865;0,58040106;3,18313241;1,00000000
1,79414354;0,16655388;0,26820865;0,58024728;3,18343997;1,00000000
1,79421021;0,16655388;0,26820865;0,57993972;3,18374753;1,00000000
1,79427688;0,16640009;0,26790109;0,57963216;3,18405509;1,00000000
1,79434355;0,16640009;0,26790109;0,57932454;3,18436265;1,00000000
1,79441023;0,16655388;0,26820865;0,57901698;3,18405509;1,00000000
1,79447690;0,16655388;0,26820865;0,57870936;3,18405509;1,00000000
1,79454357;0,16655388;0,26820865;0,57840180;3,18405509;1,00000000
1,79461024;0,16655388;0,26820865;0,57809424;3,18405509;1,00000000
1,79467691;0,16655388;0,26820865;0,57794046;3,18436265;1,00000000
1,79474359;0,16640009;0,26820865;0,57763284;3,18467021;1,00000000
1,79481026;0,16640009;0,26820865;0,57732528;3,18528533;1,00000000
1,79487693;0,16640009;0,26820865;0,57701772;3,18467021;1,00000000
1,79494360;0,16624631;0,26790109;0,57671016;3,18467021;1,00000000
1,79501027;0,16624631;0,26790109;0,57671016;3,18467021;1,00000000
1,79507695;0,16624631;0,26790109;0,57655638;3,18467021;1,00000000
1,79514362;0,16609251;0,26790109;0,57624876;3,18467021;1,00000000
1,79521029;0,16609251;0,26790109;0,57609499;3,18467021;1,00000000
1,79527696;0,16609251;0,26759350;0,57594121;3,18528533;1,00000000
1,79534363;0,16609251;0,26759350;0,57578737;3,18590045;1,00000000
1,79541031;0,16609251;0,26759350;0,57563359;3,18590045;1,00000000
1,79547698;0,16593874;0,26759350;0,57547981;3,18620801;1,00000000
1,79554365;0,16578494;0,26759350;0,57532603;3,18620801;1,00000000
1,79561032;0,16563116;0,26790109;0,57517225;3,18620801;1,00000000
1,79567699;0,16547737;0,26820865;0,57501847;3,18620801;1,00000000
1,79574367;0,16547737;0,26820865;0,57501847;3,18620801;1,00000000
1,79581034;0,16547737;0,26790109;0,57501847;3,18620801;1,00000000
1,79587701;0,16547737;0,26759350;0,57501847;3,18651581;1,00000000
1,79594368;0,16547737;0,26759350;0,57486469;3,18651581;1,00000000
1,79601035;0,16532359;0,26728594;0,57486469;3,18651581;1,00000000
1,79607703;0,16547737;0,26697835;0,57486469;3,18682337;1,00000000
1,79614370;0,16532359;0,26728594;0,57501847;3,18682337;1,00000000
1,79621037;0,16532359;0,26759350;0,57501847;3,18682337;1,00000000
1,79627704;0,16516978;0,26790109;0,57517225;3,18682337;1,00000000
1,79634371;0,16532359;0,26790109;0,57517225;3,18682337;1,00000000
1,79641039;0,16516978;0,26790109;0,57517225;3,18713093;1,00000000
1,79647706;0,16532359;0,26790109;0,57547981;3,18774605;1,00000000
1,79654373;0,16516978;0,26790109;0,57547981;3,18743849;1,00000000
1,79661040;0,16516978;0,26790109;0,57563359;3,18713093;1,00000000
1,79667707;0,16516978;0,26820865;0,57578737;3,18682337;1,00000000
1,79674375;0,16532359;0,26851624;0,57578737;3,18682337;1,00000000
1,79681042;0,16532359;0,26882383;0,57609499;3,18682337;1,00000000
1,79687709;0,16532359;0,26882383;0,57624876;3,18713093;1,00000000
1,79694376;0,16532359;0,26882383;0,57655638;3,18743849;1,00000000
1,79701043;0,16532359;0,26882383;0,57671016;3,18743849;1,00000000
1,79707711;0,16532359;0,26851624;0,57701772;3,18743849;1,00000000
1,79714378;0,16532359;0,26882383;0,57732528;3,18713093;1,00000000
1,79721045;0,16532359;0,26913139;0,57763284;3,18682337;1,00000000
1,79727712;0,16547737;0,26943898;0,57778668;3,18651581;1,00000000
1,79734379;0,16547737;0,26943898;0,57809424;3,18682337;1,00000000
1,79741047;0,16547737;0,26943898;0,57840180;3,18682337;1,00000000
1,79747714;0,16563116;0,26913139;0,57870936;3,18682337;1,00000000
1,79754381;0,16563116;0,26882383;0,57901698;3,18682337;1,00000000
1,79761048;0,16563116;0,26851624;0,57932454;3,18682337;1,00000000
1,79767715;0,16578494;0,26882383;0,57963216;3,18651581;1,00000000
1,79774383;0,16593874;0,26851624;0,57993972;3,18590045;1,00000000
1,79781050;0,16593874;0,26882383;0,58024728;3,18559289;1,00000000
1,79787717;0,16609251;0,26882383;0,58055484;3,18559289;1,00000000
1,79794384;0,16609251;0,26882383;0,58086246;3,18559289;1,00000000
1,79801051;0,16624631;0,26851624;0,58117002;3,18559289;1,00000000
1,79807719;0,16624631;0,26851624;0,58147764;3,18559289;1,00000000
1,79814386;0,16609251;0,26851624;0,58178520;3,18528533;1,00000000
1,79821053;0,16593874;0,26820865;0,58193898;3,18467021;1,00000000
1,79827720;0,16593874;0,26790109;0,58209276;3,18436265;1,00000000
1,79834387;0,16593874;0,26759350;0,58240032;3,18405509;1,00000000
1,79841055;0,16593874;0,26790109;0,58255410;3,18374753;1,00000000
1,79847722;0,16609251;0,26820865;0,58301550;3,18343997;1,00000000
1,79854389;0,16609251;0,26790109;0,58332312;3,18343997;1,00000000
1,79861056;0,16624631;0,26820865;0,58363068;3,18313241;1,00000000
1,79867723;0,16624631;0,26820865;0,58393824;3,18282485;1,00000000
1,79874391;0,16609251;0,26790109;0,58409202;3,18282485;1,00000000
1,79881058;0,16624631;0,26820865;0,58424580;3,18282485;1,00000000
1,79887725;0,16624631;0,26790109;0,58439958;3,18251729;1,00000000
1,79894392;0,16624631;0,26790109;0,58470720;3,18190217;1,00000000
1,79901059;0,16609251;0,26820865;0,58486098;3,18128681;1,00000000
1,79907727;0,16609251;0,26820865;0,58501476;3,18067169;1,00000000
1,79914394;0,16624631;0,26820865;0,58532232;3,18067169;1,00000000
1,79921061;0,16640009;0,26820865;0,58562988;3,18067169;1,00000000
1,79927728;0,16655388;0,26820865;0,58593750;3,18067169;1,00000000
1,79934395;0,16670766;0,26790109;0,58624506;3,18036413;1,00000000
1,79941063;0,16686147;0,26790109;0,58655268;3,18005657;1,00000000
1,79947730;0,16686147;0,26790109;0,58686024;3,17974901;1,00000000
1,79954397;0,16670766;0,26759350;0,58716780;3,17944145;1,00000000
1,79961064;0,16655388;0,26759350;0,58716780;3,17944145;1,00000000
1,79967731;0,16655388;0,26759350;0,58747536;3,17944145;1,00000000
1,79974399;0,16655388;0,26759350;0,58762920;3,17944145;1,00000000
1,79981066;0,16640009;0,26728594;0,58778298;3,17944145;1,00000000
1,79987733;0,16640009;0,26697835;0,58793676;3,17944145;1,00000000
1,79994400;0,16624631;0,26697835;0,58809054;3,17882633;1,00000000
1,80001067;0,16609251;0,26667076;0,58824432;3,17821121;1,00000000
1,80007735;0,16609251;0,26636320;0,58855188;3,17790365;1,00000000
1,80014402;0,16624631;0,26636320;0,58870566;3,17790365;1,00000000
1,80021069;0,16624631;0,26636320;0,58885950;3,17790365;1,00000000
1,80027736;0,16624631;0,26636320;0,58901328;3,17790365;1,00000000
1,80034403;0,16624631;0,26605561;0,58916706;3,17759609;1,00000000
1,80041071;0,16609251;0,26574802;0,58947468;3,17759609;1,00000000
1,80047738;0,16609251;0,26605561;0,58978224;3,17790365;1,00000000
1,80054405;0,16624631;0,26574802;0,59008980;3,17790365;1,00000000
1,80061072;0,16609251;0,26574802;0,59039736;3,17790365;1,00000000
1,80067739;0,16593874;0,26574802;0,59039736;3,17790365;1,00000000
1,80074407;0,16609251;0,26574802;0,59055120;3,17790365;1,00000000
1,80081074;0,16609251;0,26544046;0,59055120;3,17790365;1,00000000
1,80087741;0,16624631;0,26513287;0,59070498;3,17790365;1,00000000
1,80094408;0,16640009;0,26482528;0,59085876;3,17790365;1,00000000
1,80101075;0,16640009;0,26482528;0,59101254;3,17790365;1,00000000
1,80107743;0,16640009;0,26513287;0,59116638;3,17790365;1,00000000
1,80114410;0,16655388;0,26513287;0,59132016;3,17790365;1,00000000
1,80121077;0,16655388;0,26544046;0,59147394;3,17790365;1,00000000
1,80127744;0,16655388;0,26544046;0,59147394;3,17821121;1,00000000
1,80134411;0,16655388;0,26574802;0,59162772;3,17851877;1,00000000
1,80141079;0,16655388;0,26605561;0,59162772;3,17851877;1,00000000
1,80147746;0,16655388;0,26605561;0,59178150;3,17851877;1,00000000
1,80154413;0,16655388;0,26574802;0,59178150;3,17851877;1,00000000
1,80161080;0,16640009;0,26544046;0,59162772;3,17851877;1,00000000
1,80167747;0,16655388;0,26574802;0,59162772;3,17851877;1,00000000
1,80174415;0,16655388;0,26605561;0,59147394;3,17882633;1,00000000
1,80181082;0,16655388;0,26636320;0,59147394;3,17882633;1,00000000
1,80187749;0,16640009;0,26636320;0,59132016;3,17944145;1,00000000
1,80194416;0,16640009;0,26636320;0,59116638;3,17974901;1,00000000
1,80201083;0,16655388;0,26636320;0,59101254;3,17974901;1,00000000
1,80207751;0,16655388;0,26636320;0,59101254;3,17974901;1,00000000
1,80214418;0,16655388;0,26667076;0,59085876;3,17974901;1,00000000
1,80221085;0,16655388;0,26667076;0,59070498;3,17974901;1,00000000
1,80227752;0,16655388;0,26697835;0,59055120;3,17974901;1,00000000
1,80234419;0,16655388;0,26697835;0,59024358;3,18005657;1,00000000
1,80241087;0,16670766;0,26667076;0,58993602;3,18005657;1,00000000
1,80247754;0,16655388;0,26667076;0,58978224;3,18005657;1,00000000
1,80254421;0,16655388;0,26697835;0,58947468;3,18005657;1,00000000
1,80261088;0,16670766;0,26697835;0,58916706;3,18005657;1,00000000
1,80267755;0,16655388;0,26728594;0,58901328;3,17974901;1,00000000
1,80274423;0,16670766;0,26728594;0,58870566;3,17974901;1,00000000
1,80281090;0,16686147;0,26697835;0,58855188;3,18036413;1,00000000
1,80287757;0,16701525;0,26697835;0,58824432;3,18005657;1,00000000
1,80294424;0,16686147;0,26697835;0,58793676;3,18005657;1,00000000
1,80301091;0,16686147;0,26697835;0,58747536;3,18005657;1,00000000
1,80307759;0,16701525;0,26697835;0,58716780;3,18005657;1,00000000
1,80314426;0,16701525;0,26728594;0,58686024;3,18005657;1,00000000
1,80321093;0,16716905;0,26697835;0,58655268;3,18005657;1,00000000
1,80327760;0,16716905;0,26728594;0,58609128;3,18005657;1,00000000
1,80334427;0,16732283;0,26759350;0,58578372;3,17944145;1,00000000
1,80341095;0,16747662;0,26790109;0,58547610;3,17974901;1,00000000
1,80347762;0,16763040;0,26820865;0,58532232;3,17974901;1,00000000
1,80354429;0,16763040;0,26820865;0,58486098;3,17974901;1,00000000
1,80361096;0,16778421;0,26790109;0,58439958;3,17974901;1,00000000
1,80367763;0,16793799;0,26759350;0,58409202;3,17974901;1,00000000
1,80374431;0,16793799;0,26759350;0,58378446;3,17974901;1,00000000
1,80381098;0,16793799;0,26759350;0,58332312;3,17913389;1,00000000
1,80387765;0,16809179;0,26759350;0,58301550;3,17882633;1,00000000
1,80394432;0,16809179;0,26759350;0,58270794;3,17913389;1,00000000
1,80401099;0,16809179;0,26759350;0,58224654;3,17913389;1,00000000
1,80407767;0,16809179;0,26790109;0,58178520;3,17913389;1,00000000
1,80414434;0,16824557;0,26820865;0,58147764;3,17913389;1,00000000
1,80421101;0,16824557;0,26820865;0,58117002;3,17913389;1,00000000
1,80427768;0,16839936;0,26851624;0,58070862;3,17944145;1,00000000
1,80434435;0,16839936;0,26882383;0,58024728;3,17913389;1,00000000
1,80441103;0,16855314;0,26882383;0,57993972;3,17913389;1,00000000
1,80447770;0,16855314;0,26913139;0,57963216;3,17944145;1,00000000
1,80454437;0,16855314;0,26913139;0,57917076;3,17944145;1,00000000
1,80461104;0,16870694;0,26913139;0,57886314;3,17944145;1,00000000
1,80467771;0,16886072;0,26913139;0,57840180;3,17944145;1,00000000
1,80474439;0,16901451;0,26943898;0,57809424;3,17944145;1,00000000
1,80481106;0,16916829;0,26943898;0,57778668;3,17974901;1,00000000
1,80487773;0,16932210;0,26913139;0,57747906;3,17974901;1,00000000
1,80494440;0,16932210;0,26882383;0,57701772;3,17944145;1,00000000
1,80501107;0,16932210;0,26882383;0,57655638;3,17944145;1,00000000
1,80507775;0,16947588;0,26913139;0,57609499;3,17974901;1,00000000
1,80514442;0,16962968;0,26943898;0,57578737;3,17974901;1,00000000
1,80521109;0,16978346;0,26943898;0,57563359;3,17974901;1,00000000
1,80527776;0,16993725;0,26913139;0,57517225;3,18005657;1,00000000
1,80534443;0,17009103;0,26913139;0,57471091;3,18036413;1,00000000
1,80541111;0,17024484;0,26913139;0,57424951;3,18036413;1,00000000
1,80547778;0,17039862;0,26913139;0,57378817;3,18005657;1,00000000
1,80554445;0,17039862;0,26943898;0,57348061;3,17974901;1,00000000
1,80561112;0,17055242;0,26974654;0,57317299;3,17974901;1,00000000
1,80567779;0,17055242;0,27005413;0,57271159;3,18005657;1,00000000
1,80574447;0,17070620;0,27005413;0,57240403;3,18005657;1,00000000
1,80581114;0,17085999;0,27005413;0,57225025;3,18036413;1,00000000
1,80587781;0,17085999;0,27005413;0,57178891;3,18005657;1,00000000
1,80594448;0,17085999;0,26974654;0,57148129;3,17974901;1,00000000
1,80601115;0,17101377;0,26974654;0,57117373;3,17944145;1,00000000
1,80607783;0,17101377;0,27005413;0,57101995;3,17913389;1,00000000
1,80614450;0,17101377;0,27005413;0,57071233;3,17882633;1,00000000
1,80621117;0,17101377;0,26974654;0,57040477;3,17851877;1,00000000
1,80627784;0,17101377;0,26943898;0,57009721;3,17821121;1,00000000
1,80634451;0,17101377;0,26913139;0,56978959;3,17882633;1,00000000
1,80641119;0,17101377;0,26913139;0,56948203;3,17913389;1,00000000
1,80647786;0,17101377;0,26882383;0,56932825;3,17882633;1,00000000
1,80654453;0,17101377;0,26851624;0,56917441;3,17882633;1,00000000
1,80661120;0,17101377;0,26851624;0,56902063;3,17882633;1,00000000
1,80667787;0,17101377;0,26820865;0,56886685;3,17882633;1,00000000
1,80674455;0,17101377;0,26851624;0,56886685;3,17851877;1,00000000
1,80681122;0,17101377;0,26851624;0,56886685;3,17821121;1,00000000
1,80687789;0,17101377;0,26851624;0,56886685;3,17790365;1,00000000
1,80694456;0,17101377;0,26820865;0,56871307;3,17821121;1,00000000
1,80701123;0,17101377;0,26820865;0,56871307;3,17821121;1,00000000
1,80707791;0,17101377;0,26820865;0,56871307;3,17821121;1,00000000
1,80714458;0,17085999;0,26790109;0,56871307;3,17821121;1,00000000
1,80721125;0,17085999;0,26820865;0,56886685;3,17821121;1,00000000
1,80727792;0,17085999;0,26790109;0,56902063;3,17821121;1,00000000
1,80734459;0,17070620;0,26790109;0,56917441;3,17821121;1,00000000
1,80741127;0,17070620;0,26790109;0,56917441;3,17882633;1,00000000
1,80747794;0,17055242;0,26820865;0,56932825;3,17882633;1,00000000
1,80754461;0,17055242;0,26851624;0,56948203;3,17882633;1,00000000
1,80761128;0,17055242;0,26820865;0,56978959;3,17882633;1,00000000
1,80767795;0,17055242;0,26790109;0,56994343;3,17882633;1,00000000
1,80774463;0,17055242;0,26759350;0,57025099;3,17882633;1,00000000
1,80781130;0,17055242;0,26759350;0,57071233;3,17882633;1,00000000
1,80787797;0,17055242;0,26759350;0,57101995;3,17882633;1,00000000
1,80794464;0,17055242;0,26790109;0,57132751;3,17913389;1,00000000
1,80801131;0,17055242;0,26759350;0,57163513;3,17913389;1,00000000
1,80807799;0,17055242;0,26759350;0,57194269;3,17913389;1,00000000
1,80814466;0,17055242;0,26759350;0,57255781;3,17913389;1,00000000
1,80821133;0,17055242;0,26759350;0,57301921;3,17913389;1,00000000
1,80827800;0,17055242;0,26759350;0,57348061;3,17913389;1,00000000
1,80834467;0,17055242;0,26759350;0,57394195;3,17913389;1,00000000
1,80841135;0,17055242;0,26759350;0,57440329;3,17913389;1,00000000
1,80847802;0,17055242;0,26759350;0,57486469;3,17944145;1,00000000
1,80854469;0,17055242;0,26790109;0,57532603;3,18005657;1,00000000
1,80861136;0,17055242;0,26820865;0,57578737;3,18036413;1,00000000
1,80867803;0,17055242;0,26851624;0,57624876;3,18036413;1,00000000
1,80874471;0,17055242;0,26882383;0,57655638;3,18036413;1,00000000
1,80881138;0,17055242;0,26851624;0,57701772;3,18036413;1,00000000
1,80887805;0,17055242;0,26882383;0,57747906;3,18036413;1,00000000
1,80894472;0,17055242;0,26913139;0,57809424;3,18097925;1,00000000
1,80901139;0,17055242;0,26943898;0,57870936;3,18159461;1,00000000
1,80907807;0,17055242;0,26943898;0,57901698;3,18220973;1,00000000
1,80914474;0,17055242;0,26974654;0,57963216;3,18282485;1,00000000
1,80921141;0,17055242;0,27005413;0,57993972;3,18282485;1,00000000
1,80927808;0,17055242;0,27005413;0,58040106;3,18282485;1,00000000
1,80934475;0,17055242;0,26974654;0,58101624;3,18282485;1,00000000
1,80941143;0,17055242;0,27005413;0,58147764;3,18282485;1,00000000
1,80947810;0,17055242;0,27036172;0,58193898;3,18251729;1,00000000
1,80954477;0,17055242;0,27066928;0,58240032;3,18313241;1,00000000
1,80961144;0,17055242;0,27066928;0,58301550;3,18343997;1,00000000
1,80967811;0,17055242;0,27097687;0,58347690;3,18374753;1,00000000
1,80974479;0,17055242;0,27128446;0,58393824;3,18374753;1,00000000
1,80981146;0,17055242;0,27097687;0,58424580;3,18374753;1,00000000
1,80987813;0,17055242;0,27128446;0,58470720;3,18374753;1,00000000
1,80994480;0,17055242;0,27159202;0,58516854;3,18374753;1,00000000
1,81001147;0,17055242;0,27189961;0,58562988;3,18374753;1,00000000
1,81007815;0,17055242;0,27220720;0,58609128;3,18374753;1,00000000
1,81014482;0,17055242;0,27251476;0,58639890;3,18374753;1,00000000
1,81021149;0,17055242;0,27251476;0,58655268;3,18405509;1,00000000
1,81027816;0,17055242;0,27251476;0,58686024;3,18405509;1,00000000
1,81034483;0,17055242;0,27251476;0,58701402;3,18374753;1,00000000
1,81041151;0,17055242;0,27251476;0,58716780;3,18374753;1,00000000
1,81047818;0,17055242;0,27251476;0,58732158;3,18343997;1,00000000
1,81054485;0,17055242;0,27251476;0,58747536;3,18343997;1,00000000
1,81061152;0,17039862;0,27251476;0,58762920;3,18343997;1,00000000
1,81067819;0,17039862;0,27251476;0,58778298;3,18343997;1,00000000
1,81074487;0,17055242;0,27251476;0,58809054;3,18343997;1,00000000
1,81081154;0,17055242;0,27251476;0,58824432;3,18343997;1,00000000
1,81087821;0,17055242;0,27251476;0,58839810;3,18313241;1,00000000
1,81094488;0,17055242;0,27220720;0,58839810;3,18313241;1,00000000
1,81101155;0,17055242;0,27220720;0,58839810;3,18282485;1,00000000
1,81107823;0,17055242;0,27251476;0,58839810;3,18251729;1,00000000
1,81114490;0,17055242;0,27282235;0,58839810;3,18251729;1,00000000
1,81121157;0,17055242;0,27282235;0,58839810;3,18251729;1,00000000
1,81127824;0,17055242;0,27282235;0,58839810;3,18251729;1,00000000
1,81134491;0,17055242;0,27312991;0,58839810;3,18251729;1,00000000
1,81141159;0,17055242;0,27312991;0,58839810;3,18220973;1,00000000
1,81147826;0,17039862;0,27282235;0,58839810;3,18251729;1,00000000
1,81154493;0,17039862;0,27282235;0,58839810;3,18251729;1,00000000
1,81161160;0,17039862;0,27251476;0,58839810;3,18251729;1,00000000
1,81167827;0,17055242;0,27251476;0,58839810;3,18251729;1,00000000
1,81174495;0,17055242;0,27251476;0,58839810;3,18251729;1,00000000
1,81181162;0,17070620;0,27282235;0,58839810;3,18251729;1,00000000
1,81187829;0,17070620;0,27282235;0,58824432;3,18220973;1,00000000
1,81194496;0,17070620;0,27312991;0,58809054;3,18220973;1,00000000
1,81201163;0,17070620;0,27343750;0,58809054;3,18220973;1,00000000
1,81207831;0,17070620;0,27312991;0,58778298;3,18220973;1,00000000
1,81214498;0,17070620;0,27282235;0,58762920;3,18220973;1,00000000
1,81221165;0,17070620;0,27282235;0,58762920;3,18220973;1,00000000
1,81227832;0,17055242;0,27251476;0,58747536;3,18220973;1,00000000
1,81234499;0,17055242;0,27251476;0,58732158;3,18190217;1,00000000
1,81241167;0,17055242;0,27251476;0,58701402;3,18128681;1,00000000
1,81247834;0,17055242;0,27282235;0,58686024;3,18159461;1,00000000
1,81254501;0,17055242;0,27282235;0,58655268;3,18159461;1,00000000
1,81261168;0,17055242;0,27251476;0,58639890;3,18159461;1,00000000
1,81267835;0,17055242;0,27220720;0,58609128;3,18159461;1,00000000
1,81274503;0,17055242;0,27220720;0,58578372;3,18159461;1,00000000
1,81281170;0,17039862;0,27220720;0,58562988;3,18128681;1,00000000
1,81287837;0,17039862;0,27220720;0,58532232;3,18097925;1,00000000
1,81294504;0,17024484;0,27251476;0,58501476;3,18097925;1,00000000
1,81301171;0,17024484;0,27251476;0,58501476;3,18128681;1,00000000
1,81307839;0,17024484;0,27251476;0,58470720;3,18159461;1,00000000
1,81314506;0,17009103;0,27251476;0,58439958;3,18159461;1,00000000
1,81321173;0,17009103;0,27251476;0,58393824;3,18159461;1,00000000
1,81327840;0,16993725;0,27251476;0,58363068;3,18159461;1,00000000
1,81334507;0,16993725;0,27220720;0,58316928;3,18159461;1,00000000
1,81341175;0,16978346;0,27220720;0,58286172;3,18159461;1,00000000
1,81347842;0,16978346;0,27251476;0,58270794;3,18159461;1,00000000
1,81354509;0,16962968;0,27282235;0,58240032;3,18128681;1,00000000
1,81361176;0,16962968;0,27282235;0,58209276;3,18159461;1,00000000
1,81367843;0,16962968;0,27251476;0,58178520;3,18190217;1,00000000
1,81374511;0,16962968;0,27220720;0,58147764;3,18220973;1,00000000
1,81381178;0,16947588;0,27220720;0,58132380;3,18220973;1,00000000
1,81387845;0,16947588;0,27220720;0,58101624;3,18220973;1,00000000
1,81394512;0,16947588;0,27251476;0,58070862;3,18220973;1,00000000
1,81401179;0,16947588;0,27282235;0,58040106;3,18220973;1,00000000
1,81407847;0,16947588;0,27282235;0,58024728;3,18220973;1,00000000
1,81414514;0,16947588;0,27282235;0,57993972;3,18251729;1,00000000
1,81421181;0,16947588;0,27251476;0,57963216;3,18251729;1,00000000
1,81427848;0,16947588;0,27220720;0,57917076;3,18251729;1,00000000
1,81434515;0,16932210;0,27220720;0,57886314;3,18282485;1,00000000
1,81441183;0,16932210;0,27220720;0,57855558;3,18282485;1,00000000
1,81447850;0,16916829;0,27220720;0,57824802;3,18282485;1,00000000
1,81454517;0,16901451;0,27220720;0,57794046;3,18282485;1,00000000
1,81461184;0,16886072;0,27220720;0,57763284;3,18282485;1,00000000
1,81467851;0,16886072;0,27220720;0,57732528;3,18313241;1,00000000
1,81474519;0,16870694;0,27189961;0,57701772;3,18313241;1,00000000
1,81481186;0,16855314;0,27220720;0,57671016;3,18343997;1,00000000
1,81487853;0,16870694;0,27189961;0,57640254;3,18374753;1,00000000
1,81494520;0,16855314;0,27220720;0,57609499;3,18374753;1,00000000
1,81501187;0,16839936;0,27220720;0,57578737;3,18374753;1,00000000
1,81507855;0,16824557;0,27220720;0,57547981;3,18374753;1,00000000
1,81514522;0,16824557;0,27220720;0,57532603;3,18374753;1,00000000
1,81521189;0,16824557;0,27189961;0,57501847;3,18405509;1,00000000
1,81527856;0,16824557;0,27189961;0,57501847;3,18374753;1,00000000
1,81534523;0,16824557;0,27189961;0,57486469;3,18374753;1,00000000
1,81541191;0,16809179;0,27220720;0,57471091;3,18405509;1,00000000
1,81547858;0,16809179;0,27189961;0,57471091;3,18436265;1,00000000
1,81554525;0,16793799;0,27189961;0,57455707;3,18436265;1,00000000
1,81561192;0,16778421;0,27189961;0,57455707;3,18436265;1,00000000
1,81567859;0,16747662;0,27159202;0,57455707;3,18436265;1,00000000
1,81574527;0,16747662;0,27128446;0,57440329;3,18467021;1,00000000
1,81581194;0,16747662;0,27128446;0,57440329;3,18528533;1,00000000
1,81587861;0,16732283;0,27097687;0,57440329;3,18467021;1,00000000
1,81594528;0,16732283;0,27128446;0,57440329;3,18528533;1,00000000
1,81601195;0,16732283;0,27128446;0,57440329;3,18559289;1,00000000
1,81607863;0,16732283;0,27128446;0,57455707;3,18590045;1,00000000
1,81614530;0,16716905;0,27159202;0,57455707;3,18620801;1,00000000
1,81621197;0,16701525;0,27159202;0,57471091;3,18620801;1,00000000
1,81627864;0,16686147;0,27159202;0,57471091;3,18620801;1,00000000
1,81634531;0,16670766;0,27189961;0,57471091;3,18620801;1,00000000
1,81641199;0,16655388;0,27189961;0,57471091;3,18620801;1,00000000
1,81647866;0,16640009;0,27159202;0,57486469;3,18620801;1,00000000
1,81654533;0,16640009;0,27189961;0,57501847;3,18620801;1,00000000
1,81661200;0,16640009;0,27189961;0,57501847;3,18620801;1,00000000
1,81667867;0,16640009;0,27220720;0,57532603;3,18620801;1,00000000
1,81674535;0,16640009;0,27220720;0,57547981;3,18620801;1,00000000
1,81681202;0,16640009;0,27220720;0,57578737;3,18620801;1,00000000
1,81687869;0,16655388;0,27220720;0,57594121;3,18620801;1,00000000
1,81694536;0,16670766;0,27220720;0,57624876;3,18620801;1,00000000
1,81701203;0,16686147;0,27251476;0,57640254;3,18620801;1,00000000
1,81707871;0,16686147;0,27251476;0,57671016;3,18620801;1,00000000
1,81714538;0,16686147;0,27282235;0,57686394;3,18651581;1,00000000
1,81721205;0,16686147;0,27282235;0,57717150;3,18651581;1,00000000
1,81727872;0,16686147;0,27282235;0,57747906;3,18651581;1,00000000
1,81734539;0,16670766;0,27282235;0,57778668;3,18651581;1,00000000
1,81741207;0,16670766;0,27282235;0,57809424;3,18651581;1,00000000
1,81747874;0,16670766;0,27282235;0,57840180;3,18620801;1,00000000
1,81754541;0,16670766;0,27251476;0,57855558;3,18559289;1,00000000
1,81761208;0,16655388;0,27251476;0,57870936;3,18528533;1,00000000
1,81767875;0,16655388;0,27282235;0,57886314;3,18528533;1,00000000
1,81774543;0,16670766;0,27282235;0,57917076;3,18528533;1,00000000
1,81781210;0,16655388;0,27282235;0,57947832;3,18528533;1,00000000
1,81787877;0,16655388;0,27282235;0,57978594;3,18528533;1,00000000
1,81794544;0,16655388;0,27282235;0,58009350;3,18467021;1,00000000
1,81801211;0,16640009;0,27312991;0,58040106;3,18467021;1,00000000
1,81807879;0,16624631;0,27282235;0,58070862;3,18467021;1,00000000
1,81814546;0,16624631;0,27282235;0,58101624;3,18436265;1,00000000
1,81821213;0,16609251;0,27282235;0,58132380;3,18405509;1,00000000
1,81827880;0,16609251;0,27251476;0,58178520;3,18374753;1,00000000
1,81834547;0,16609251;0,27251476;0,58209276;3,18343997;1,00000000
1,81841215;0,16609251;0,27251476;0,58224654;3,18313241;1,00000000
1,81847882;0,16609251;0,27251476;0,58255410;3,18313241;1,00000000
1,81854549;0,16609251;0,27282235;0,58286172;3,18313241;1,00000000
1,81861216;0,16609251;0,27312991;0,58316928;3,18313241;1,00000000
1,81867883;0,16609251;0,27312991;0,58347690;3,18313241;1,00000000
1,81874551;0,16593874;0,27282235;0,58363068;3,18282485;1,00000000
1,81881218;0,16578494;0,27282235;0,58393824;3,18220973;1,00000000
1,81887885;0,16563116;0,27251476;0,58409202;3,18159461;1,00000000
1,81894552;0,16563116;0,27251476;0,58439958;3,18097925;1,00000000
1,81901219;0,16563116;0,27251476;0,58470720;3,18067169;1,00000000
1,81907887;0,16547737;0,27251476;0,58501476;3,18067169;1,00000000
1,81914554;0,16532359;0,27251476;0,58516854;3,18067169;1,00000000
1,81921221;0,16547737;0,27220720;0,58532232;3,18067169;1,00000000
1,81927888;0,16547737;0,27189961;0,58562988;3,18067169;1,00000000
1,81934555;0,16563116;0,27189961;0,58593750;3,18005657;1,00000000
1,81941223;0,16563116;0,27189961;0,58624506;3,17944145;1,00000000
1,81947890;0,16547737;0,27189961;0,58639890;3,17913389;1,00000000
1,81954557;0,16563116;0,27189961;0,58670646;3,17913389;1,00000000
1,81961224;0,16563116;0,27159202;0,58701402;3,17882633;1,00000000
1,81967891;0,16547737;0,27128446;0,58732158;3,17882633;1,00000000
1,81974559;0,16547737;0,27097687;0,58762920;3,17882633;1,00000000
1,81981226;0,16532359;0,27066928;0,58778298;3,17851877;1,00000000
1,81987893;0,16516978;0,27066928;0,58809054;3,17821121;1,00000000
1,81994560;0,16501600;0,27066928;0,58824432;3,17821121;1,00000000
1,82001227;0,16501600;0,27066928;0,58839810;3,17790365;1,00000000
1,82007895;0,16516978;0,27097687;0,58885950;3,17790365;1,00000000
1,82014562;0,16501600;0,27097687;0,58901328;3,17790365;1,00000000
1,82021229;0,16486220;0,27066928;0,58947468;3,17790365;1,00000000
1,82027896;0,16470842;0,27066928;0,58962846;3,17790365;1,00000000
1,82034563;0,16470842;0,27066928;0,58993602;3,17759609;1,00000000
1,82041231;0,16455463;0,27066928;0,59008980;3,17821121;1,00000000
1,82047898;0,16440085;0,27066928;0,59024358;3,17821121;1,00000000
1,82054565;0,16424704;0,27036172;0,59024358;3,17821121;1,00000000
1,82061232;0,16424704;0,27036172;0,59039736;3,17821121;1,00000000
1,82067899;0,16424704;0,27066928;0,59055120;3,17821121;1,00000000
1,82074567;0,16409326;0,27066928;0,59055120;3,17821121;1,00000000
1,82081234;0,16409326;0,27066928;0,59070498;3,17851877;1,00000000
1,82087901;0,16409326;0,27066928;0,59085876;3,17913389;1,00000000
1,82094568;0,16393946;0,27097687;0,59101254;3,17913389;1,00000000
1,82101235;0,16409326;0,27128446;0,59132016;3,17913389;1,00000000
1,82107903;0,16409326;0,27097687;0,59147394;3,17913389;1,00000000
1,82114570;0,16409326;0,27066928;0,59162772;3,17913389;1,00000000
1,82121237;0,16393946;0,27036172;0,59162772;3,17944145;1,00000000
1,82127904;0,16409326;0,27005413;0,59178150;3,17974901;1,00000000
1,82134571;0,16393946;0,27005413;0,59193528;3,17974901;1,00000000
1,82141239;0,16393946;0,26974654;0,59193528;3,18036413;1,00000000
1,82147906;0,16393946;0,27005413;0,59193528;3,18036413;1,00000000
1,82154573;0,16409326;0,27005413;0,59193528;3,18036413;1,00000000
1,82161240;0,16409326;0,26974654;0,59178150;3,18036413;1,00000000
1,82167907;0,16393946;0,26974654;0,59178150;3,18067169;1,00000000
1,82174575;0,16393946;0,27005413;0,59162772;3,18097925;1,00000000
1,82181242;0,16393946;0,27005413;0,59162772;3,18128681;1,00000000
1,82187909;0,16393946;0,27036172;0,59147394;3,18128681;1,00000000
1,82194576;0,16378568;0,27036172;0,59132016;3,18128681;1,00000000
1,82201243;0,16378568;0,27066928;0,59132016;3,18128681;1,00000000
1,82207911;0,16378568;0,27097687;0,59132016;3,18128681;1,00000000
1,82214578;0,16363189;0,27066928;0,59116638;3,18128681;1,00000000
1,82221245;0,16347811;0,27036172;0,59116638;3,18159461;1,00000000
1,82227912;0,16347811;0,27005413;0,59085876;3,18190217;1,00000000
1,82234579;0,16332431;0,27005413;0,59070498;3,18159461;1,00000000
1,82241247;0,16332431;0,27005413;0,59055120;3,18128681;1,00000000
1,82247914;0,16332431;0,27005413;0,59039736;3,18128681;1,00000000
1,82254581;0,16332431;0,27005413;0,59039736;3,18159461;1,00000000
1,82261248;0,16332431;0,27005413;0,59008980;3,18159461;1,00000000
1,82267915;0,16317053;0,26974654;0,58978224;3,18190217;1,00000000
1,82274583;0,16317053;0,26943898;0,58962846;3,18220973;1,00000000
1,82281250;0,16301674;0,26913139;0,58916706;3,18220973;1,00000000
1,82287917;0,16301674;0,26882383;0,58885950;3,18190217;1,00000000
1,82294584;0,16301674;0,26882383;0,58855188;3,18220973;1,00000000
1,82301251;0,16301674;0,26913139;0,58824432;3,18251729;1,00000000
1,82307919;0,16317053;0,26913139;0,58793676;3,18313241;1,00000000
1,82314586;0,16332431;0,26882383;0,58762920;3,18313241;1,00000000
1,82321253;0,16347811;0,26882383;0,58732158;3,18343997;1,00000000
1,82327920;0,16363189;0,26882383;0,58701402;3,18343997;1,00000000
1,82334587;0,16363189;0,26882383;0,58670646;3,18343997;1,00000000
1,82341255;0,16363189;0,26913139;0,58639890;3,18313241;1,00000000
1,82347922;0,16378568;0,26913139;0,58609128;3,18282485;1,00000000
1,82354589;0,16378568;0,26913139;0,58578372;3,18313241;1,00000000
1,82361256;0,16393946;0,26943898;0,58547610;3,18343997;1,00000000
1,82367923;0,16393946;0,26974654;0,58516854;3,18374753;1,00000000
1,82374591;0,16393946;0,26974654;0,58470720;3,18405509;1,00000000
1,82381258;0,16409326;0,26943898;0,58424580;3,18405509;1,00000000
1,82387925;0,16424704;0,26913139;0,58378446;3,18405509;1,00000000
1,82394592;0,16424704;0,26882383;0,58332312;3,18405509;1,00000000
1,82401259;0,16424704;0,26882383;0,58301550;3,18374753;1,00000000
1,82407927;0,16440085;0,26882383;0,58270794;3,18374753;1,00000000
1,82414594;0,16440085;0,26882383;0,58240032;3,18374753;1,00000000
1,82421261;0,16440085;0,26882383;0,58193898;3,18405509;1,00000000
1,82427928;0,16440085;0,26882383;0,58132380;3,18436265;1,00000000
1,82434595;0,16455463;0,26882383;0,58101624;3,18436265;1,00000000
1,82441263;0,16470842;0,26882383;0,58055484;3,18405509;1,00000000
1,82447930;0,16470842;0,26882383;0,58024728;3,18374753;1,00000000
1,82454597;0,16486220;0,26851624;0,57978594;3,18405509;1,00000000
1,82461264;0,16486220;0,26820865;0,57932454;3,18436265;1,00000000
1,82467931;0,16501600;0,26851624;0,57870936;3,18467021;1,00000000
1,82474599;0,16516978;0,26882383;0,57840180;3,18467021;1,00000000
1,82481266;0,16532359;0,26913139;0,57794046;3,18467021;1,00000000
1,82487933;0,16532359;0,26913139;0,57747906;3,18467021;1,00000000
1,82494600;0,16547737;0,26943898;0,57717150;3,18467021;1,00000000
1,82501267;0,16547737;0,26913139;0,57686394;3,18436265;1,00000000
1,82507935;0,16547737;0,26913139;0,57655638;3,18467021;1,00000000
1,82514602;0,16547737;0,26913139;0,57609499;3,18559289;1,00000000
1,82521269;0,16563116;0,26913139;0,57563359;3,18528533;1,00000000
1,82527936;0,16563116;0,26913139;0,57532603;3,18528533;1,00000000
1,82534603;0,16563116;0,26943898;0,57486469;3,18467021;1,00000000
1,82541271;0,16563116;0,26943898;0,57455707;3,18467021;1,00000000
1,82547938;0,16578494;0,26974654;0,57409573;3,18467021;1,00000000
1,82554605;0,16593874;0,26974654;0,57378817;3,18436265;1,00000000
1,82561272;0,16593874;0,26943898;0,57348061;3,18405509;1,00000000
1,82567939;0,16593874;0,26943898;0,57332677;3,18405509;1,00000000
1,82574607;0,16593874;0,26913139;0,57301921;3,18436265;1,00000000
1,82581274;0,16593874;0,26882383;0,57271159;3,18436265;1,00000000
1,82587941;0,16593874;0,26913139;0,57255781;3,18436265;1,00000000
1,82594608;0,16609251;0,26882383;0,57225025;3,18436265;1,00000000
1,82601275;0,16609251;0,26882383;0,57178891;3,18405509;1,00000000
1,82607943;0,16609251;0,26851624;0,57148129;3,18374753;1,00000000
1,82614610;0,16609251;0,26851624;0,57132751;3,18343997;1,00000000
1,82621277;0,16609251;0,26820865;0,57101995;3,18313241;1,00000000
1,82627944;0,16609251;0,26790109;0,57086611;3,18343997;1,00000000
1,82634611;0,16609251;0,26820865;0,57071233;3,18343997;1,00000000
1,82641279;0,16609251;0,26851624;0,57040477;3,18343997;1,00000000
1,82647946;0,16609251;0,26851624;0,57040477;3,18343997;1,00000000
1,82654613;0,16609251;0,26820865;0,57009721;3,18343997;1,00000000
1,82661280;0,16609251;0,26790109;0,57009721;3,18313241;1,00000000
1,82667947;0,16609251;0,26790109;0,56994343;3,18282485;1,00000000
1,82674615;0,16609251;0,26759350;0,56978959;3,18282485;1,00000000
1,82681282;0,16609251;0,26728594;0,56963581;3,18313241;1,00000000
1,82687949;0,16609251;0,26759350;0,56963581;3,18313241;1,00000000
1,82694616;0,16609251;0,26728594;0,56963581;3,18313241;1,00000000
1,82701283;0,16609251;0,26728594;0,56963581;3,18313241;1,00000000
1,82707951;0,16609251;0,26697835;0,56963581;3,18313241;1,00000000
1,82714618;0,16609251;0,26697835;0,56963581;3,18343997;1,00000000
1,82721285;0,16609251;0,26667076;0,56978959;3,18343997;1,00000000
1,82727952;0,16609251;0,26667076;0,56994343;3,18343997;1,00000000
1,82734619;0,16609251;0,26667076;0,57009721;3,18313241;1,00000000
1,82741287;0,16609251;0,26667076;0,57025099;3,18343997;1,00000000
1,82747954;0,16609251;0,26697835;0,57040477;3,18343997;1,00000000
1,82754621;0,16609251;0,26697835;0,57055855;3,18343997;1,00000000
1,82761288;0,16609251;0,26697835;0,57071233;3,18343997;1,00000000
1,82767955;0,16609251;0,26697835;0,57086611;3,18343997;1,00000000
1,82774623;0,16609251;0,26728594;0,57101995;3,18343997;1,00000000
1,82781290;0,16593874;0,26697835;0,57117373;3,18374753;1,00000000
1,82787957;0,16593874;0,26728594;0,57148129;3,18405509;1,00000000
1,82794624;0,16593874;0,26728594;0,57178891;3,18436265;1,00000000
1,82801291;0,16593874;0,26728594;0,57240403;3,18467021;1,00000000
1,82807959;0,16593874;0,26759350;0,57271159;3,18528533;1,00000000
1,82814626;0,16593874;0,26728594;0,57301921;3,18559289;1,00000000
1,82821293;0,16593874;0,26697835;0,57348061;3,18559289;1,00000000
1,82827960;0,16593874;0,26728594;0,57378817;3,18590045;1,00000000
1,82834627;0,16593874;0,26728594;0,57409573;3,18620801;1,00000000
1,82841295;0,16593874;0,26697835;0,57455707;3,18651581;1,00000000
1,82847962;0,16593874;0,26728594;0,57486469;3,18651581;1,00000000
1,82854629;0,16593874;0,26759350;0,57532603;3,18651581;1,00000000
1,82861296;0,16593874;0,26759350;0,57578737;3,18651581;1,00000000
1,82867963;0,16593874;0,26759350;0,57624876;3,18651581;1,00000000
1,82874631;0,16578494;0,26759350;0,57671016;3,18651581;1,00000000
1,82881298;0,16578494;0,26759350;0,57717150;3,18651581;1,00000000
1,82887965;0,16563116;0,26728594;0,57763284;3,18682337;1,00000000
1,82894632;0,16563116;0,26759350;0,57809424;3,18743849;1,00000000
1,82901299;0,16563116;0,26728594;0,57855558;3,18774605;1,00000000
1,82907967;0,16563116;0,26697835;0,57886314;3,18743849;1,00000000
1,82914634;0,16563116;0,26728594;0,57947832;3,18743849;1,00000000
1,82921301;0,16563116;0,26759350;0,58009350;3,18743849;1,00000000
1,82927968;0,16563116;0,26790109;0,58040106;3,18743849;1,00000000
1,82934635;0,16578494;0,26790109;0,58086246;3,18743849;1,00000000
1,82941303;0,16578494;0,26820865;0,58147764;3,18774605;1,00000000
1,82947970;0,16578494;0,26851624;0,58209276;3,18836117;1,00000000
1,82954637;0,16578494;0,26851624;0,58255410;3,18866873;1,00000000
1,82961304;0,16578494;0,26851624;0,58301550;3,18897629;1,00000000
1,82967971;0,16578494;0,26882383;0,58347690;3,18928385;1,00000000
1,82974639;0,16563116;0,26913139;0,58393824;3,18928385;1,00000000
1,82981306;0,16578494;0,26882383;0,58439958;3,18928385;1,00000000
1,82987973;0,16593874;0,26913139;0,58470720;3,18959141;1,00000000
1,82994640;0,16593874;0,26943898;0,58516854;3,18989897;1,00000000
1,83001307;0,16593874;0,26943898;0,58562988;3,18989897;1,00000000
1,83007975;0,16593874;0,26943898;0,58593750;3,18989897;1,00000000
1,83014642;0,16593874;0,26974654;0,58639890;3,19020653;1,00000000
1,83021309;0,16593874;0,27005413;0,58670646;3,19051409;1,00000000
1,83027976;0,16593874;0,27005413;0,58701402;3,19082165;1,00000000
1,83034643;0,16593874;0,26974654;0,58732158;3,19051409;1,00000000
1,83041311;0,16593874;0,27005413;0,58762920;3,19051409;1,00000000
1,83047978;0,16593874;0,27005413;0,58793676;3,19051409;1,00000000
1,83054645;0,16593874;0,26974654;0,58809054;3,19051409;1,00000000
1,83061312;0,16593874;0,26943898;0,58824432;3,19051409;1,00000000
1,83067979;0,16609251;0,26974654;0,58855188;3,19051409;1,00000000
1,83074647;0,16609251;0,27005413;0,58885950;3,19051409;1,00000000
1,83081314;0,16609251;0,27005413;0,58901328;3,19020653;1,00000000
1,83087981;0,16609251;0,27005413;0,58932084;3,18989897;1,00000000
1,83094648;0,16609251;0,27005413;0,58947468;3,18989897;1,00000000
1,83101315;0,16609251;0,26974654;0,58947468;3,18989897;1,00000000
1,83107983;0,16609251;0,26943898;0,58947468;3,18989897;1,00000000
1,83114650;0,16609251;0,26974654;0,58947468;3,18989897;1,00000000
1,83121317;0,16609251;0,26974654;0,58947468;3,18959141;1,00000000
1,83127984;0,16609251;0,26974654;0,58947468;3,18959141;1,00000000
1,83134651;0,16609251;0,26974654;0,58962846;3,18959141;1,00000000
1,83141319;0,16609251;0,26943898;0,58962846;3,18928385;1,00000000
1,83147986;0,16609251;0,26943898;0,58962846;3,18897629;1,00000000
1,83154653;0,16609251;0,26943898;0,58962846;3,18866873;1,00000000
1,83161320;0,16609251;0,26943898;0,58962846;3,18866873;1,00000000
1,83167987;0,16624631;0,26943898;0,58962846;3,18866873;1,00000000
1,83174655;0,16624631;0,26943898;0,58962846;3,18836117;1,00000000
1,83181322;0,16624631;0,26943898;0,58962846;3,18866873;1,00000000
1,83187989;0,16624631;0,26913139;0,58962846;3,18836117;1,00000000
1,83194656;0,16624631;0,26943898;0,58962846;3,18805361;1,00000000
1,83201323;0,16624631;0,26913139;0,58947468;3,18774605;1,00000000
1,83207991;0,16624631;0,26913139;0,58947468;3,18774605;1,00000000
1,83214658;0,16624631;0,26913139;0,58932084;3,18774605;1,00000000
1,83221325;0,16624631;0,26943898;0,58901328;3,18774605;1,00000000
1,83227992;0,16624631;0,26943898;0,58901328;3,18743849;1,00000000
1,83234659;0,16624631;0,26974654;0,58870566;3,18774605;1,00000000
1,83241327;0,16624631;0,26974654;0,58870566;3,18805361;1,00000000
1,83247994;0,16624631;0,26974654;0,58855188;3,18805361;1,00000000
1,83254661;0,16609251;0,26974654;0,58824432;3,18805361;1,00000000
1,83261328;0,16609251;0,26974654;0,58809054;3,18805361;1,00000000
1,83267995;0,16609251;0,27005413;0,58793676;3,18805361;1,00000000
1,83274663;0,16624631;0,27005413;0,58762920;3,18805361;1,00000000
1,83281330;0,16624631;0,27005413;0,58732158;3,18774605;1,00000000
1,83287997;0,16624631;0,27005413;0,58716780;3,18743849;1,00000000
1,83294664;0,16624631;0,27036172;0,58686024;3,18774605;1,00000000
1,83301331;0,16593874;0,27036172;0,58670646;3,18774605;1,00000000
1,83307999;0,16609251;0,27005413;0,58639890;3,18774605;1,00000000
1,83314666;0,16609251;0,26974654;0,58593750;3,18774605;1,00000000
1,83321333;0,16609251;0,26943898;0,58562988;3,18805361;1,00000000
1,83328000;0,16609251;0,26943898;0,58532232;3,18774605;1,00000000
1,83334667;0,16609251;0,26943898;0,58516854;3,18774605;1,00000000
1,83341335;0,16593874;0,26913139;0,58501476;3,18774605;1,00000000
1,83348002;0,16593874;0,26913139;0,58470720;3,18805361;1,00000000
1,83354669;0,16593874;0,26943898;0,58439958;3,18836117;1,00000000
1,83361336;0,16593874;0,26913139;0,58393824;3,18866873;1,00000000
1,83368003;0,16593874;0,26913139;0,58378446;3,18866873;1,00000000
1,83374671;0,16593874;0,26882383;0,58332312;3,18866873;1,00000000
1,83381338;0,16593874;0,26882383;0,58301550;3,18866873;1,00000000
1,83388005;0,16593874;0,26882383;0,58270794;3,18866873;1,00000000
1,83394672;0,16578494;0,26913139;0,58255410;3,18866873;1,00000000
1,83401339;0,16563116;0,26913139;0,58209276;3,18866873;1,00000000
1,83408007;0,16547737;0,26882383;0,58193898;3,18928385;1,00000000
1,83414674;0,16547737;0,26882383;0,58163142;3,18959141;1,00000000
1,83421341;0,16547737;0,26851624;0,58117002;3,18928385;1,00000000
1,83428008;0,16532359;0,26820865;0,58070862;3,18928385;1,00000000
1,83434675;0,16532359;0,26820865;0,58040106;3,18928385;1,00000000
1,83441343;0,16532359;0,26820865;0,58009350;3,18928385;1,00000000
1,83448010;0,16532359;0,26820865;0,57978594;3,18928385;1,00000000
1,83454677;0,16532359;0,26820865;0,57947832;3,18928385;1,00000000
1,83461344;0,16516978;0,26851624;0,57917076;3,18989897;1,00000000
1,83468011;0,16516978;0,26851624;0,57886314;3,18989897;1,00000000
1,83474679;0,16516978;0,26820865;0,57855558;3,18989897;1,00000000
1,83481346;0,16516978;0,26790109;0,57840180;3,18989897;1,00000000
1,83488013;0,16532359;0,26790109;0,57809424;3,18989897;1,00000000
1,83494680;0,16532359;0,26790109;0,57778668;3,18989897;1,00000000
1,83501347;0,16516978;0,26790109;0,57747906;3,18989897;1,00000000
1,83508015;0,16516978;0,26759350;0,57717150;3,19020653;1,00000000
1,83514682;0,16532359;0,26759350;0,57686394;3,19020653;1,00000000
1,83521349;0,16516978;0,26728594;0,57671016;3,19051409;1,00000000
1,83528016;0,16516978;0,26697835;0,57640254;3,19082165;1,00000000
1,83534683;0,16501600;0,26697835;0,57609499;3,19112968;1,00000000
1,83541351;0,16516978;0,26667076;0,57594121;3,19143724;1,00000000
1,83548018;0,16516978;0,26636320;0,57594121;3,19143724;1,00000000
1,83554685;0,16501600;0,26605561;0,57578737;3,19112968;1,00000000
1,83561352;0,16501600;0,26605561;0,57547981;3,19082165;1,00000000
1,83568019;0,16501600;0,26605561;0,57547981;3,19082165;1,00000000
1,83574687;0,16501600;0,26605561;0,57547981;3,19082165;1,00000000
1,83581354;0,16501600;0,26636320;0,57547981;3,19112968;1,00000000
1,83588021;0,16501600;0,26605561;0,57547981;3,19143724;1,00000000
1,83594688;0,16501600;0,26605561;0,57547981;3,19174480;1,00000000
1,83601355;0,16501600;0,26636320;0,57547981;3,19205236;1,00000000
1,83608023;0,16501600;0,26636320;0,57547981;3,19205236;1,00000000
1,83614690;0,16501600;0,26636320;0,57547981;3,19174480;1,00000000
1,83621357;0,16501600;0,26636320;0,57547981;3,19143724;1,00000000
1,83628024;0,16486220;0,26667076;0,57563359;3,19112968;1,00000000
1,83634691;0,16486220;0,26697835;0,57578737;3,19112968;1,00000000
1,83641359;0,16486220;0,26697835;0,57594121;3,19143724;1,00000000
1,83648026;0,16486220;0,26697835;0,57594121;3,19174480;1,00000000
1,83654693;0,16486220;0,26728594;0,57624876;3,19205236;1,00000000
1,83661360;0,16470842;0,26728594;0,57624876;3,19205236;1,00000000
1,83668027;0,16470842;0,26759350;0,57640254;3,19205236;1,00000000
1,83674695;0,16486220;0,26790109;0,57640254;3,19174480;1,00000000
1,83681362;0,16501600;0,26820865;0,57655638;3,19143724;1,00000000
1,83688029;0,16501600;0,26820865;0,57686394;3,19112968;1,00000000
1,83694696;0,16501600;0,26820865;0,57701772;3,19112968;1,00000000
1,83701363;0,16501600;0,26820865;0,57717150;3,19143724;1,00000000
1,83708031;0,16501600;0,26820865;0,57747906;3,19174480;1,00000000
1,83714698;0,16501600;0,26820865;0,57763284;3,19174480;1,00000000
1,83721365;0,16501600;0,26820865;0,57778668;3,19174480;1,00000000
1,83728032;0,16516978;0,26851624;0,57794046;3,19143724;1,00000000
1,83734699;0,16516978;0,26882383;0,57824802;3,19112968;1,00000000
1,83741367;0,16516978;0,26882383;0,57840180;3,19082165;1,00000000
1,83748034;0,16516978;0,26882383;0,57870936;3,19020653;1,00000000
1,83754701;0,16532359;0,26882383;0,57901698;3,19020653;1,00000000
1,83761368;0,16547737;0,26882383;0,57932454;3,19020653;1,00000000
1,83768035;0,16563116;0,26882383;0,57978594;3,19020653;1,00000000
1,83774703;0,16547737;0,26882383;0,58009350;3,19020653;1,00000000
1,83781370;0,16547737;0,26913139;0,58040106;3,19051409;1,00000000
1,83788037;0,16547737;0,26943898;0,58070862;3,18989897;1,00000000
1,83794704;0,16547737;0,26974654;0,58101624;3,18928385;1,00000000
1,83801371;0,16563116;0,26974654;0,58132380;3,18897629;1,00000000
1,83808039;0,16547737;0,26943898;0,58147764;3,18897629;1,00000000
1,83814706;0,16563116;0,26943898;0,58178520;3,18897629;1,00000000
1,83821373;0,16563116;0,26943898;0,58209276;3,18897629;1,00000000
1,83828040;0,16563116;0,26943898;0,58224654;3,18866873;1,00000000
1,83834707;0,16563116;0,26974654;0,58240032;3,18836117;1,00000000
1,83841375;0,16563116;0,26943898;0,58255410;3,18774605;1,00000000
1,83848042;0,16578494;0,26974654;0,58286172;3,18713093;1,00000000
1,83854709;0,16563116;0,26943898;0,58301550;3,18682337;1,00000000
1,83861376;0,16547737;0,26943898;0,58316928;3,18651581;1,00000000
1,83868043;0,16547737;0,26943898;0,58347690;3,18620801;1,00000000
1,83874711;0,16547737;0,26943898;0,58363068;3,18590045;1,00000000
1,83881378;0,16547737;0,26913139;0,58393824;3,18559289;1,00000000
1,83888045;0,16547737;0,26913139;0,58424580;3,18528533;1,00000000
1,83894712;0,16532359;0,26913139;0,58455342;3,18467021;1,00000000
1,83901379;0,16532359;0,26943898;0,58486098;3,18436265;1,00000000
1,83908047;0,16547737;0,26913139;0,58501476;3,18405509;1,00000000
1,83914714;0,16547737;0,26882383;0,58532232;3,18374753;1,00000000
1,83921381;0,16547737;0,26913139;0,58562988;3,18343997;1,00000000
1,83928048;0,16547737;0,26913139;0,58578372;3,18313241;1,00000000
1,83934715;0,16532359;0,26913139;0,58609128;3,18282485;1,00000000
1,83941383;0,16532359;0,26943898;0,58624506;3,18282485;1,00000000
1,83948050;0,16547737;0,26943898;0,58655268;3,18282485;1,00000000
1,83954717;0,16532359;0,26913139;0,58670646;3,18251729;1,00000000
1,83961384;0,16516978;0,26913139;0,58670646;3,18220973;1,00000000
1,83968051;0,16532359;0,26882383;0,58686024;3,18190217;1,00000000
1,83974719;0,16532359;0,26913139;0,58701402;3,18159461;1,00000000
1,83981386;0,16532359;0,26913139;0,58716780;3,18128681;1,00000000
1,83988053;0,16532359;0,26913139;0,58747536;3,18128681;1,00000000
1,83994720;0,16516978;0,26943898;0,58762920;3,18128681;1,00000000
1,84001387;0,16516978;0,26974654;0,58778298;3,18128681;1,00000000
1,84008055;0,16516978;0,26943898;0,58793676;3,18097925;1,00000000
1,84014722;0,16501600;0,26913139;0,58809054;3,18036413;1,00000000
1,84021389;0,16486220;0,26913139;0,58839810;3,18036413;1,00000000
1,84028056;0,16470842;0,26943898;0,58870566;3,18005657;1,00000000
1,84034723;0,16455463;0,26974654;0,58885950;3,18005657;1,00000000
1,84041391;0,16455463;0,26974654;0,58916706;3,18005657;1,00000000
1,84048058;0,16455463;0,26943898;0,58962846;3,18036413;1,00000000
1,84054725;0,16440085;0,26943898;0,58978224;3,18067169;1,00000000
1,84061392;0,16440085;0,26943898;0,58993602;3,18036413;1,00000000
1,84068059;0,16424704;0,26913139;0,58993602;3,18005657;1,00000000
1,84074727;0,16424704;0,26882383;0,59008980;3,17974901;1,00000000
1,84081394;0,16424704;0,26913139;0,59024358;3,17944145;1,00000000
1,84088061;0,16409326;0,26943898;0,59039736;3,17944145;1,00000000
1,84094728;0,16393946;0,26943898;0,59055120;3,17944145;1,00000000
1,84101395;0,16393946;0,26974654;0,59070498;3,17974901;1,00000000
1,84108063;0,16393946;0,27005413;0,59070498;3,17974901;1,00000000
1,84114730;0,16378568;0,27005413;0,59070498;3,18005657;1,00000000
1,84121397;0,16393946;0,27005413;0,59070498;3,18005657;1,00000000
1,84128064;0,16393946;0,27005413;0,59085876;3,17974901;1,00000000
1,84134731;0,16409326;0,27005413;0,59101254;3,17944145;1,00000000
1,84141399;0,16393946;0,27036172;0,59101254;3,17944145;1,00000000
1,84148066;0,16393946;0,27036172;0,59116638;3,17944145;1,00000000
1,84154733;0,16409326;0,27036172;0,59101254;3,17974901;1,00000000
1,84161400;0,16393946;0,27036172;0,59116638;3,18005657;1,00000000
1,84168067;0,16393946;0,27036172;0,59116638;3,18036413;1,00000000
1,84174735;0,16393946;0,27036172;0,59132016;3,18005657;1,00000000
1,84181402;0,16393946;0,27005413;0,59116638;3,18005657;1,00000000
1,84188069;0,16393946;0,27005413;0,59101254;3,18005657;1,00000000
1,84194736;0,16393946;0,26974654;0,59101254;3,18036413;1,00000000
1,84201403;0,16393946;0,26943898;0,59085876;3,18067169;1,00000000
1,84208071;0,16393946;0,26974654;0,59070498;3,18097925;1,00000000
1,84214738;0,16393946;0,27005413;0,59055120;3,18128681;1,00000000
1,84221405;0,16393946;0,27005413;0,59039736;3,18097925;1,00000000
1,84228072;0,16378568;0,27005413;0,59024358;3,18128681;1,00000000
1,84234739;0,16393946;0,27036172;0,59008980;3,18128681;1,00000000
1,84241407;0,16409326;0,27005413;0,58993602;3,18159461;1,00000000
1,84248074;0,16424704;0,27036172;0,58962846;3,18159461;1,00000000
1,84254741;0,16424704;0,27005413;0,58932084;3,18190217;1,00000000
1,84261408;0,16424704;0,27005413;0,58901328;3,18220973;1,00000000
1,84268075;0,16440085;0,27005413;0,58870566;3,18251729;1,00000000
1,84274743;0,16455463;0,27005413;0,58839810;3,18251729;1,00000000
1,84281410;0,16455463;0,27036172;0,58809054;3,18220973;1,00000000
1,84288077;0,16470842;0,27036172;0,58793676;3,18220973;1,00000000
1,84294744;0,16470842;0,27036172;0,58778298;3,18220973;1,00000000
1,84301411;0,16455463;0,27066928;0,58747536;3,18251729;1,00000000
1,84308079;0,16455463;0,27036172;0,58716780;3,18251729;1,00000000
1,84314746;0,16470842;0,27036172;0,58686024;3,18282485;1,00000000
1,84321413;0,16486220;0,27036172;0,58655268;3,18251729;1,00000000
1,84328080;0,16486220;0,27036172;0,58624506;3,18251729;1,00000000
1,84334747;0,16486220;0,27066928;0,58593750;3,18220973;1,00000000
1,84341415;0,16501600;0,27036172;0,58547610;3,18220973;1,00000000
1,84348082;0,16516978;0,27036172;0,58516854;3,18220973;1,00000000
1,84354749;0,16532359;0,27036172;0,58470720;3,18251729;1,00000000
1,84361416;0,16532359;0,27066928;0,58439958;3,18282485;1,00000000
1,84368083;0,16547737;0,27097687;0,58393824;3,18313241;1,00000000
1,84374751;0,16547737;0,27097687;0,58347690;3,18313241;1,00000000
1,84381418;0,16563116;0,27097687;0,58316928;3,18282485;1,00000000
1,84388085;0,16563116;0,27128446;0,58286172;3,18251729;1,00000000
1,84394752;0,16563116;0,27097687;0,58240032;3,18251729;1,00000000
1,84401419;0,16563116;0,27128446;0,58193898;3,18282485;1,00000000
1,84408087;0,16578494;0,27128446;0,58147764;3,18282485;1,00000000
1,84414754;0,16593874;0,27128446;0,58117002;3,18282485;1,00000000
1,84421421;0,16593874;0,27128446;0,58070862;3,18251729;1,00000000
1,84428088;0,16609251;0,27128446;0,58024728;3,18251729;1,00000000
1,84434755;0,16624631;0,27128446;0,57993972;3,18220973;1,00000000
1,84441423;0,16624631;0,27128446;0,57963216;3,18251729;1,00000000
1,84448090;0,16640009;0,27097687;0,57932454;3,18251729;1,00000000
1,84454757;0,16640009;0,27066928;0,57901698;3,18251729;1,00000000
1,84461424;0,16640009;0,27097687;0,57855558;3,18282485;1,00000000
1,84468091;0,16640009;0,27097687;0,57824802;3,18251729;1,00000000
1,84474759;0,16640009;0,27128446;0,57794046;3,18251729;1,00000000
1,84481426;0,16640009;0,27097687;0,57763284;3,18251729;1,00000000
1,84488093;0,16655388;0,27097687;0,57732528;3,18220973;1,00000000
1,84494760;0,16655388;0,27097687;0,57701772;3,18190217;1,00000000
1,84501427;0,16655388;0,27128446;0,57655638;3,18190217;1,00000000
1,84508095;0,16655388;0,27128446;0,57609499;3,18190217;1,00000000
1,84514762;0,16655388;0,27128446;0,57594121;3,18220973;1,00000000
1,84521429;0,16670766;0,27159202;0,57578737;3,18220973;1,00000000
1,84528096;0,16686147;0,27189961;0,57547981;3,18220973;1,00000000
1,84534763;0,16686147;0,27189961;0,57517225;3,18190217;1,00000000
1,84541431;0,16686147;0,27189961;0,57486469;3,18159461;1,00000000
1,84548098;0,16701525;0,27189961;0,57455707;3,18128681;1,00000000
1,84554765;0,16701525;0,27189961;0,57424951;3,18159461;1,00000000
1,84561432;0,16701525;0,27189961;0,57378817;3,18190217;1,00000000
1,84568099;0,16701525;0,27220720;0,57332677;3,18159461;1,00000000
1,84574767;0,16701525;0,27251476;0,57301921;3,18159461;1,00000000
1,84581434;0,16701525;0,27251476;0,57271159;3,18159461;1,00000000
1,84588101;0,16701525;0,27251476;0,57240403;3,18159461;1,00000000
1,84594768;0,16716905;0,27251476;0,57194269;3,18128681;1,00000000
1,84601435;0,16716905;0,27220720;0,57178891;3,18097925;1,00000000
1,84608103;0,16716905;0,27220720;0,57163513;3,18128681;1,00000000
1,84614770;0,16716905;0,27220720;0,57148129;3,18159461;1,00000000
1,84621437;0,16716905;0,27220720;0,57117373;3,18128681;1,00000000
1,84628104;0,16716905;0,27220720;0,57101995;3,18128681;1,00000000
1,84634771;0,16716905;0,27189961;0,57086611;3,18128681;1,00000000
1,84641439;0,16716905;0,27189961;0,57071233;3,18128681;1,00000000
1,84648106;0,16716905;0,27189961;0,57040477;3,18128681;1,00000000
1,84654773;0,16716905;0,27159202;0,57025099;3,18097925;1,00000000
1,84661440;0,16716905;0,27159202;0,57009721;3,18067169;1,00000000
1,84668107;0,16716905;0,27159202;0,56994343;3,18067169;1,00000000
1,84674775;0,16716905;0,27159202;0,56994343;3,18005657;1,00000000
1,84681442;0,16732283;0,27128446;0,56994343;3,17974901;1,00000000
1,84688109;0,16716905;0,27159202;0,56978959;3,17974901;1,00000000
1,84694776;0,16716905;0,27128446;0,56978959;3,17974901;1,00000000
1,84701443;0,16716905;0,27128446;0,56978959;3,17974901;1,00000000
1,84708111;0,16716905;0,27097687;0,56978959;3,17974901;1,00000000
1,84714778;0,16732283;0,27128446;0,56978959;3,18005657;1,00000000
1,84721445;0,16732283;0,27097687;0,56978959;3,17974901;1,00000000
1,84728112;0,16732283;0,27066928;0,57009721;3,17944145;1,00000000
1,84734779;0,16732283;0,27036172;0,57025099;3,17882633;1,00000000
1,84741447;0,16747662;0,27036172;0,57025099;3,17882633;1,00000000
1,84748114;0,16747662;0,27005413;0,57040477;3,17882633;1,00000000
1,84754781;0,16747662;0,27005413;0,57055855;3,17882633;1,00000000
1,84761448;0,16747662;0,27005413;0,57086611;3,17882633;1,00000000
1,84768115;0,16747662;0,27005413;0,57117373;3,17882633;1,00000000
1,84774783;0,16732283;0,26974654;0,57148129;3,17913389;1,00000000
1,84781450;0,16732283;0,26974654;0,57163513;3,17944145;1,00000000
1,84788117;0,16732283;0,27005413;0,57194269;3,17974901;1,00000000
1,84794784;0,16732283;0,26974654;0,57209647;3,18005657;1,00000000
1,84801451;0,16732283;0,26943898;0,57255781;3,18005657;1,00000000
1,84808119;0,16732283;0,26943898;0,57286543;3,18005657;1,00000000
1,84814786;0,16732283;0,26974654;0,57317299;3,18005657;1,00000000
1,84821453;0,16732283;0,26943898;0,57363439;3,18005657;1,00000000
1,84828120;0,16732283;0,26974654;0,57409573;3,18005657;1,00000000
1,84834787;0,16732283;0,26974654;0,57440329;3,18067169;1,00000000
1,84841455;0,16732283;0,27005413;0,57471091;3,18067169;1,00000000
1,84848122;0,16732283;0,27036172;0,57517225;3,18097925;1,00000000
1,84854789;0,16732283;0,27066928;0,57563359;3,18128681;1,00000000
1,84861456;0,16732283;0,27066928;0,57609499;3,18159461;1,00000000
1,84868123;0,16732283;0,27066928;0,57655638;3,18159461;1,00000000
1,84874791;0,16732283;0,27097687;0,57686394;3,18190217;1,00000000
1,84881458;0,16732283;0,27097687;0,57732528;3,18220973;1,00000000
1,84888125;0,16732283;0,27128446;0,57778668;3,18251729;1,00000000
1,84894792;0,16732283;0,27159202;0,57824802;3,18313241;1,00000000
1,84901459;0,16716905;0,27159202;0,57855558;3,18343997;1,00000000
1,84908127;0,16716905;0,27189961;0,57917076;3,18374753;1,00000000
1,84914794;0,16716905;0,27189961;0,57963216;3,18374753;1,00000000
1,84921461;0,16716905;0,27220720;0,58009350;3,18405509;1,00000000
1,84928128;0,16716905;0,27189961;0,58055484;3,18436265;1,00000000
1,84934795;0,16716905;0,27189961;0,58101624;3,18467021;1,00000000
1,84941463;0,16716905;0,27189961;0,58147764;3,18528533;1,00000000
1,84948130;0,16716905;0,27220720;0,58178520;3,18559289;1,00000000
1,84954797;0,16716905;0,27220720;0,58209276;3,18559289;1,00000000
1,84961464;0,16732283;0,27251476;0,58270794;3,18559289;1,00000000
1,84968131;0,16732283;0,27251476;0,58301550;3,18559289;1,00000000
1,84974799;0,16732283;0,27251476;0,58347690;3,18590045;1,00000000
1,84981466;0,16732283;0,27282235;0,58393824;3,18590045;1,00000000
1,84988133;0,16732283;0,27312991;0,58439958;3,18620801;1,00000000
1,84994800;0,16747662;0,27343750;0,58470720;3,18651581;1,00000000
1,85001468;0,16763040;0,27343750;0,58516854;3,18651581;1,00000000
1,85008135;0,16793799;0,27343750;0,58532232;3,18651581;1,00000000
1,85014802;0,16793799;0,27374509;0,58562988;3,18651581;1,00000000
1,85021469;0,16793799;0,27405265;0,58593750;3,18651581;1,00000000
1,85028136;0,16809179;0,27405265;0,58624506;3,18620801;1,00000000
1,85034804;0,16809179;0,27436024;0,58639890;3,18651581;1,00000000
1,85041471;0,16809179;0,27436024;0,58655268;3,18651581;1,00000000
1,85048138;0,16824557;0,27466780;0,58670646;3,18651581;1,00000000
1,85054805;0,16824557;0,27497539;0,58701402;3,18651581;1,00000000
1,85061472;0,16824557;0,27497539;0,58716780;3,18651581;1,00000000
1,85068140;0,16824557;0,27528298;0,58747536;3,18651581;1,00000000
1,85074807;0,16824557;0,27528298;0,58747536;3,18651581;1,00000000
1,85081474;0,16824557;0,27528298;0,58778298;3,18651581;1,00000000
1,85088141;0,16824557;0,27528298;0,58778298;3,18651581;1,00000000
1,85094808;0,16824557;0,27528298;0,58778298;3,18651581;1,00000000
1,85101476;0,16824557;0,27497539;0,58778298;3,18620801;1,00000000
1,85108143;0,16824557;0,27497539;0,58793676;3,18590045;1,00000000
1,85114810;0,16824557;0,27528298;0,58793676;3,18559289;1,00000000
1,85121477;0,16824557;0,27528298;0,58793676;3,18559289;1,00000000
1,85128144;0,16824557;0,27528298;0,58809054;3,18590045;1,00000000
1,85134812;0,16824557;0,27528298;0,58839810;3,18590045;1,00000000
1,85141479;0,16824557;0,27528298;0,58839810;3,18590045;1,00000000
1,85148146;0,16824557;0,27528298;0,58839810;3,18559289;1,00000000
1,85154813;0,16824557;0,27528298;0,58839810;3,18528533;1,00000000
1,85161480;0,16824557;0,27528298;0,58839810;3,18467021;1,00000000
1,85168148;0,16839936;0,27528298;0,58839810;3,18436265;1,00000000
1,85174815;0,16839936;0,27559054;0,58839810;3,18467021;1,00000000
1,85181482;0,16839936;0,27559054;0,58824432;3,18467021;1,00000000
1,85188149;0,16824557;0,27559054;0,58793676;3,18467021;1,00000000
1,85194816;0,16809179;0,27528298;0,58778298;3,18467021;1,00000000
1,85201484;0,16809179;0,27528298;0,58762920;3,18436265;1,00000000
1,85208151;0,16809179;0,27528298;0,58747536;3,18436265;1,00000000
1,85214818;0,16793799;0,27528298;0,58747536;3,18405509;1,00000000
1,85221485;0,16778421;0,27528298;0,58747536;3,18405509;1,00000000
1,85228152;0,16778421;0,27528298;0,58732158;3,18405509;1,00000000
1,85234820;0,16778421;0,27528298;0,58732158;3,18405509;1,00000000
1,85241487;0,16778421;0,27528298;0,58716780;3,18374753;1,00000000
1,85248154;0,16763040;0,27528298;0,58686024;3,18343997;1,00000000
1,85254821;0,16763040;0,27528298;0,58670646;3,18343997;1,00000000
1,85261488;0,16763040;0,27528298;0,58655268;3,18374753;1,00000000
1,85268156;0,16763040;0,27497539;0,58639890;3,18405509;1,00000000
1,85274823;0,16763040;0,27466780;0,58609128;3,18405509;1,00000000
1,85281490;0,16763040;0,27466780;0,58593750;3,18405509;1,00000000
1,85288157;0,16763040;0,27436024;0,58562988;3,18405509;1,00000000
1,85294824;0,16763040;0,27466780;0,58532232;3,18405509;1,00000000
1,85301492;0,16763040;0,27466780;0,58501476;3,18374753;1,00000000
1,85308159;0,16763040;0,27436024;0,58486098;3,18374753;1,00000000
1,85314826;0,16763040;0,27436024;0,58470720;3,18374753;1,00000000
1,85321493;0,16763040;0,27466780;0,58439958;3,18405509;1,00000000
1,85328160;0,16763040;0,27466780;0,58424580;3,18436265;1,00000000
1,85334828;0,16763040;0,27436024;0,58393824;3,18467021;1,00000000
1,85341495;0,16763040;0,27436024;0,58363068;3,18436265;1,00000000
1,85348162;0,16747662;0,27405265;0,58316928;3,18436265;1,00000000
1,85354829;0,16747662;0,27405265;0,58286172;3,18436265;1,00000000
1,85361496;0,16747662;0,27374509;0,58255410;3,18436265;1,00000000
1,85368164;0,16747662;0,27374509;0,58224654;3,18436265;1,00000000
1,85374831;0,16747662;0,27343750;0,58178520;3,18467021;1,00000000
1,85381498;0,16732283;0,27312991;0,58163142;3,18467021;1,00000000
1,85388165;0,16716905;0,27282235;0,58132380;3,18467021;1,00000000
1,85394832;0,16716905;0,27282235;0,58086246;3,18528533;1,00000000
1,85401500;0,16716905;0,27282235;0,58055484;3,18528533;1,00000000
1,85408167;0,16716905;0,27282235;0,58040106;3,18528533;1,00000000
1,85414834;0,16716905;0,27282235;0,58009350;3,18528533;1,00000000
1,85421501;0,16716905;0,27251476;0,57978594;3,18528533;1,00000000
1,85428168;0,16716905;0,27251476;0,57963216;3,18559289;1,00000000
1,85434836;0,16701525;0,27251476;0,57932454;3,18590045;1,00000000
1,85441503;0,16701525;0,27251476;0,57901698;3,18620801;1,00000000
1,85448170;0,16701525;0,27220720;0,57870936;3,18651581;1,00000000
1,85454837;0,16701525;0,27189961;0,57840180;3,18682337;1,00000000
1,85461504;0,16686147;0,27159202;0,57824802;3,18682337;1,00000000
1,85468172;0,16655388;0,27159202;0,57794046;3,18682337;1,00000000
1,85474839;0,16640009;0,27159202;0,57747906;3,18651581;1,00000000
1,85481506;0,16640009;0,27128446;0,57717150;3,18651581;1,00000000
1,85488173;0,16640009;0,27097687;0,57686394;3,18620801;1,00000000
1,85494840;0,16640009;0,27066928;0,57655638;3,18651581;1,00000000
1,85501508;0,16640009;0,27036172;0,57624876;3,18682337;1,00000000
1,85508175;0,16624631;0,27036172;0,57594121;3,18713093;1,00000000
1,85514842;0,16624631;0,27066928;0,57578737;3,18713093;1,00000000
1,85521509;0,16609251;0,27066928;0,57563359;3,18713093;1,00000000
1,85528176;0,16609251;0,27066928;0,57532603;3,18743849;1,00000000
1,85534844;0,16609251;0,27066928;0,57517225;3,18713093;1,00000000
1,85541511;0,16593874;0,27066928;0,57501847;3,18682337;1,00000000
1,85548178;0,16609251;0,27066928;0,57501847;3,18682337;1,00000000
1,85554845;0,16609251;0,27036172;0,57501847;3,18682337;1,00000000
1,85561512;0,16624631;0,27066928;0,57501847;3,18713093;1,00000000
1,85568180;0,16624631;0,27036172;0,57501847;3,18743849;1,00000000
1,85574847;0,16624631;0,27066928;0,57501847;3,18774605;1,00000000
1,85581514;0,16624631;0,27066928;0,57501847;3,18774605;1,00000000
1,85588181;0,16609251;0,27066928;0,57501847;3,18774605;1,00000000
1,85594848;0,16609251;0,27066928;0,57486469;3,18774605;1,00000000
1,85601516;0,16624631;0,27036172;0,57486469;3,18774605;1,00000000
1,85608183;0,16624631;0,27005413;0,57486469;3,18805361;1,00000000
1,85614850;0,16624631;0,27036172;0,57486469;3,18836117;1,00000000
1,85621517;0,16624631;0,27066928;0,57486469;3,18866873;1,00000000
1,85628184;0,16624631;0,27066928;0,57486469;3,18897629;1,00000000
1,85634852;0,16624631;0,27066928;0,57486469;3,18928385;1,00000000
1,85641519;0,16624631;0,27066928;0,57501847;3,18897629;1,00000000
1,85648186;0,16640009;0,27036172;0,57532603;3,18866873;1,00000000
1,85654853;0,16640009;0,27066928;0,57547981;3,18836117;1,00000000
1,85661520;0,16640009;0,27097687;0,57578737;3,18866873;1,00000000
1,85668188;0,16640009;0,27128446;0,57609499;3,18897629;1,00000000
1,85674855;0,16640009;0,27159202;0,57640254;3,18928385;1,00000000
1,85681522;0,16640009;0,27128446;0,57655638;3,18928385;1,00000000
1,85688189;0,16640009;0,27128446;0,57686394;3,18928385;1,00000000
1,85694856;0,16640009;0,27128446;0,57701772;3,18928385;1,00000000
1,85701524;0,16655388;0,27128446;0,57717150;3,18897629;1,00000000
1,85708191;0,16655388;0,27097687;0,57747906;3,18897629;1,00000000
1,85714858;0,16655388;0,27097687;0,57763284;3,18897629;1,00000000
1,85721525;0,16655388;0,27097687;0,57794046;3,18928385;1,00000000
1,85728192;0,16655388;0,27097687;0,57809424;3,18928385;1,00000000
1,85734860;0,16670766;0,27066928;0,57824802;3,18928385;1,00000000
1,85741527;0,16670766;0,27036172;0,57855558;3,18928385;1,00000000
1,85748194;0,16670766;0,27036172;0,57870936;3,18928385;1,00000000
1,85754861;0,16686147;0,27066928;0,57886314;3,18866873;1,00000000
1,85761528;0,16686147;0,27066928;0,57917076;3,18805361;1,00000000
1,85768196;0,16686147;0,27097687;0,57947832;3,18836117;1,00000000
1,85774863;0,16686147;0,27128446;0,57978594;3,18836117;1,00000000
1,85781530;0,16686147;0,27128446;0,58009350;3,18836117;1,00000000
1,85788197;0,16686147;0,27128446;0,58040106;3,18836117;1,00000000
1,85794864;0,16686147;0,27097687;0,58070862;3,18836117;1,00000000
1,85801532;0,16701525;0,27128446;0,58101624;3,18836117;1,00000000
1,85808199;0,16701525;0,27097687;0,58117002;3,18805361;1,00000000
1,85814866;0,16701525;0,27066928;0,58147764;3,18774605;1,00000000
1,85821533;0,16716905;0,27036172;0,58178520;3,18713093;1,00000000
1,85828200;0,16716905;0,27036172;0,58209276;3,18682337;1,00000000
1,85834868;0,16732283;0,27036172;0,58240032;3,18682337;1,00000000
1,85841535;0,16732283;0,27036172;0,58270794;3,18682337;1,00000000
1,85848202;0,16732283;0,27036172;0,58301550;3,18682337;1,00000000
1,85854869;0,16716905;0,27036172;0,58316928;3,18682337;1,00000000
1,85861536;0,16716905;0,27005413;0,58363068;3,18651581;1,00000000
1,85868204;0,16716905;0,27005413;0,58378446;3,18590045;1,00000000
1,85874871;0,16732283;0,27005413;0,58393824;3,18528533;1,00000000
1,85881538;0,16716905;0,27005413;0,58409202;3,18467021;1,00000000
1,85888205;0,16701525;0,27036172;0,58439958;3,18436265;1,00000000
1,85894872;0,16686147;0,27005413;0,58470720;3,18405509;1,00000000
1,85901540;0,16701525;0,27036172;0,58486098;3,18374753;1,00000000
1,85908207;0,16686147;0,27036172;0,58516854;3,18343997;1,00000000
1,85914874;0,16686147;0,27005413;0,58547610;3,18313241;1,00000000
1,85921541;0,16701525;0,26974654;0,58578372;3,18251729;1,00000000
1,85928208;0,16701525;0,26974654;0,58609128;3,18220973;1,00000000
1,85934876;0,16701525;0,26974654;0,58639890;3,18190217;1,00000000
1,85941543;0,16686147;0,26943898;0,58639890;3,18159461;1,00000000
1,85948210;0,16670766;0,26943898;0,58670646;3,18128681;1,00000000
1,85954877;0,16670766;0,26943898;0,58701402;3,18128681;1,00000000
1,85961544;0,16655388;0,26943898;0,58732158;3,18097925;1,00000000
1,85968212;0,16655388;0,26943898;0,58747536;3,18067169;1,00000000
1,85974879;0,16640009;0,26943898;0,58762920;3,18036413;1,00000000
1,85981546;0,16624631;0,26913139;0,58778298;3,18005657;1,00000000
1,85988213;0,16624631;0,26882383;0,58793676;3,17974901;1,00000000
1,85994880;0,16609251;0,26882383;0,58809054;3,17944145;1,00000000
1,86001548;0,16624631;0,26882383;0,58809054;3,17944145;1,00000000
1,86008215;0,16624631;0,26851624;0,58839810;3,17913389;1,00000000
1,86014882;0,16624631;0,26851624;0,58855188;3,17913389;1,00000000
1,86021549;0,16624631;0,26851624;0,58885950;3,17882633;1,00000000
1,86028216;0,16624631;0,26851624;0,58901328;3,17913389;1,00000000
1,86034884;0,16624631;0,26851624;0,58932084;3,17913389;1,00000000
1,86041551;0,16624631;0,26851624;0,58978224;3,17913389;1,00000000
1,86048218;0,16609251;0,26882383;0,59008980;3,17913389;1,00000000
1,86054885;0,16593874;0,26851624;0,59039736;3,17913389;1,00000000
1,86061552;0,16578494;0,26851624;0,59055120;3,17882633;1,00000000
1,86068220;0,16578494;0,26820865;0,59070498;3,17882633;1,00000000
1,86074887;0,16563116;0,26820865;0,59085876;3,17882633;1,00000000
1,86081554;0,16578494;0,26790109;0,59101254;3,17913389;1,00000000
1,86088221;0,16563116;0,26820865;0,59116638;3,17913389;1,00000000
1,86094888;0,16578494;0,26790109;0,59132016;3,17913389;1,00000000
1,86101556;0,16593874;0,26820865;0,59147394;3,17913389;1,00000000
1,86108223;0,16593874;0,26820865;0,59162772;3,17882633;1,00000000
1,86114890;0,16578494;0,26820865;0,59178150;3,17882633;1,00000000
1,86121557;0,16563116;0,26820865;0,59178150;3,17913389;1,00000000
1,86128224;0,16563116;0,26790109;0,59178150;3,17944145;1,00000000
1,86134892;0,16547737;0,26790109;0,59193528;3,17974901;1,00000000
1,86141559;0,16532359;0,26790109;0,59193528;3,17974901;1,00000000
1,86148226;0,16547737;0,26790109;0,59193528;3,18005657;1,00000000
1,86154893;0,16547737;0,26820865;0,59178150;3,18036413;1,00000000
1,86161560;0,16563116;0,26820865;0,59178150;3,18067169;1,00000000
1,86168228;0,16578494;0,26820865;0,59178150;3,18067169;1,00000000
1,86174895;0,16578494;0,26820865;0,59162772;3,18128681;1,00000000
1,86181562;0,16578494;0,26790109;0,59147394;3,18128681;1,00000000
1,86188229;0,16593874;0,26820865;0,59147394;3,18128681;1,00000000
1,86194896;0,16578494;0,26820865;0,59132016;3,18128681;1,00000000
1,86201564;0,16593874;0,26820865;0,59132016;3,18128681;1,00000000
1,86208231;0,16593874;0,26790109;0,59116638;3,18128681;1,00000000
1,86214898;0,16609251;0,26790109;0,59101254;3,18159461;1,00000000
1,86221565;0,16624631;0,26790109;0,59070498;3,18159461;1,00000000
1,86228232;0,16609251;0,26790109;0,59039736;3,18190217;1,00000000
1,86234900;0,16593874;0,26759350;0,59008980;3,18190217;1,00000000
1,86241567;0,16593874;0,26728594;0,58993602;3,18190217;1,00000000
1,86248234;0,16609251;0,26728594;0,58978224;3,18190217;1,00000000
1,86254901;0,16593874;0,26759350;0,58932084;3,18190217;1,00000000
1,86261568;0,16609251;0,26759350;0,58916706;3,18190217;1,00000000
1,86268236;0,16624631;0,26728594;0,58916706;3,18190217;1,00000000
1,86274903;0,16624631;0,26728594;0,58901328;3,18251729;1,00000000
1,86281570;0,16624631;0,26728594;0,58870566;3,18282485;1,00000000
1,86288237;0,16624631;0,26728594;0,58839810;3,18282485;1,00000000
1,86294904;0,16624631;0,26759350;0,58809054;3,18282485;1,00000000
1,86301572;0,16609251;0,26790109;0,58778298;3,18282485;1,00000000
1,86308239;0,16624631;0,26820865;0,58747536;3,18313241;1,00000000
1,86314906;0,16640009;0,26820865;0,58716780;3,18313241;1,00000000
1,86321573;0,16640009;0,26820865;0,58686024;3,18343997;1,00000000
1,86328240;0,16655388;0,26820865;0,58655268;3,18405509;1,00000000
1,86334908;0,16655388;0,26820865;0,58609128;3,18405509;1,00000000
1,86341575;0,16655388;0,26851624;0,58578372;3,18405509;1,00000000
1,86348242;0,16655388;0,26882383;0,58547610;3,18405509;1,00000000
1,86354909;0,16670766;0,26882383;0,58516854;3,18405509;1,00000000
1,86361576;0,16686147;0,26882383;0,58470720;3,18405509;1,00000000
1,86368244;0,16686147;0,26882383;0,58439958;3,18405509;1,00000000
1,86374911;0,16686147;0,26851624;0,58424580;3,18374753;1,00000000
1,86381578;0,16701525;0,26820865;0,58378446;3,18405509;1,00000000
1,86388245;0,16716905;0,26820865;0,58332312;3,18436265;1,00000000
1,86394912;0,16732283;0,26820865;0,58301550;3,18436265;1,00000000
1,86401580;0,16747662;0,26851624;0,58255410;3,18436265;1,00000000
1,86408247;0,16747662;0,26820865;0,58209276;3,18436265;1,00000000
1,86414914;0,16763040;0,26851624;0,58163142;3,18436265;1,00000000
1,86421581;0,16763040;0,26820865;0,58117002;3,18374753;1,00000000
1,86428248;0,16763040;0,26851624;0,58070862;3,18374753;1,00000000
1,86434916;0,16763040;0,26882383;0,58024728;3,18374753;1,00000000
1,86441583;0,16778421;0,26913139;0,57978594;3,18405509;1,00000000
1,86448250;0,16778421;0,26943898;0,57963216;3,18436265;1,00000000
1,86454917;0,16793799;0,26943898;0,57932454;3,18436265;1,00000000
1,86461584;0,16793799;0,26943898;0,57886314;3,18436265;1,00000000
1,86468252;0,16793799;0,26974654;0,57840180;3,18436265;1,00000000
1,86474919;0,16793799;0,26974654;0,57778668;3,18405509;1,00000000
1,86481586;0,16793799;0,26974654;0,57732528;3,18374753;1,00000000
1,86488253;0,16793799;0,26943898;0,57701772;3,18343997;1,00000000
1,86494920;0,16793799;0,26943898;0,57671016;3,18343997;1,00000000
1,86501588;0,16809179;0,26974654;0,57640254;3,18343997;1,00000000
1,86508255;0,16824557;0,27005413;0,57594121;3,18343997;1,00000000
1,86514922;0,16824557;0,27005413;0,57563359;3,18343997;1,00000000
1,86521589;0,16839936;0,26974654;0,57547981;3,18374753;1,00000000
1,86528256;0,16839936;0,26974654;0,57501847;3,18343997;1,00000000
1,86534924;0,16839936;0,26943898;0,57455707;3,18343997;1,00000000
1,86541591;0,16839936;0,26974654;0,57440329;3,18313241;1,00000000
1,86548258;0,16855314;0,26974654;0,57424951;3,18343997;1,00000000
1,86554925;0,16870694;0,26974654;0,57394195;3,18343997;1,00000000
1,86561592;0,16886072;0,26943898;0,57363439;3,18343997;1,00000000
1,86568260;0,16901451;0,26943898;0,57317299;3,18343997;1,00000000
1,86574927;0,16901451;0,26974654;0,57286543;3,18374753;1,00000000
1,86581594;0,16901451;0,26943898;0,57271159;3,18313241;1,00000000
1,86588261;0,16901451;0,26943898;0,57240403;3,18251729;1,00000000
1,86594928;0,16901451;0,26943898;0,57194269;3,18220973;1,00000000
1,86601596;0,16901451;0,26913139;0,57163513;3,18190217;1,00000000
1,86608263;0,16901451;0,26913139;0,57148129;3,18190217;1,00000000
1,86614930;0,16901451;0,26882383;0,57117373;3,18190217;1,00000000
1,86621597;0,16916829;0,26913139;0,57101995;3,18190217;1,00000000
1,86628264;0,16916829;0,26882383;0,57086611;3,18190217;1,00000000
1,86634932;0,16916829;0,26882383;0,57055855;3,18128681;1,00000000
1,86641599;0,16916829;0,26882383;0,57025099;3,18067169;1,00000000
1,86648266;0,16932210;0,26851624;0,57009721;3,18036413;1,00000000
1,86654933;0,16932210;0,26820865;0,57009721;3,18005657;1,00000000
1,86661600;0,16932210;0,26790109;0,57009721;3,18005657;1,00000000
1,86668268;0,16932210;0,26759350;0,56994343;3,18005657;1,00000000
1,86674935;0,16932210;0,26728594;0,56994343;3,18036413;1,00000000
1,86681602;0,16932210;0,26697835;0,56978959;3,18036413;1,00000000
1,86688269;0,16932210;0,26667076;0,56978959;3,18067169;1,00000000
1,86694936;0,16932210;0,26667076;0,56978959;3,18005657;1,00000000
1,86701604;0,16916829;0,26667076;0,56963581;3,17974901;1,00000000
1,86708271;0,16901451;0,26636320;0,56963581;3,17974901;1,00000000
1,86714938;0,16886072;0,26636320;0,56978959;3,17974901;1,00000000
1,86721605;0,16870694;0,26636320;0,56994343;3,17974901;1,00000000
1,86728272;0,16855314;0,26605561;0,56994343;3,17974901;1,00000000
1,86734940;0,16839936;0,26636320;0,57009721;3,18005657;1,00000000
1,86741607;0,16839936;0,26636320;0,57025099;3,18036413;1,00000000
1,86748274;0,16839936;0,26636320;0,57040477;3,18005657;1,00000000
1,86754941;0,16839936;0,26636320;0,57055855;3,17974901;1,00000000
1,86761608;0,16839936;0,26605561;0,57071233;3,17974901;1,00000000
1,86768276;0,16839936;0,26574802;0,57086611;3,17974901;1,00000000
1,86774943;0,16839936;0,26544046;0,57101995;3,17974901;1,00000000
1,86781610;0,16839936;0,26574802;0,57132751;3,17974901;1,00000000
1,86788277;0,16839936;0,26574802;0,57148129;3,18005657;1,00000000
1,86794944;0,16839936;0,26605561;0,57178891;3,18036413;1,00000000
1,86801612;0,16839936;0,26605561;0,57225025;3,18067169;1,00000000
1,86808279;0,16839936;0,26605561;0,57255781;3,18067169;1,00000000
1,86814946;0,16839936;0,26636320;0,57301921;3,18097925;1,00000000
1,86821613;0,16839936;0,26605561;0,57348061;3,18097925;1,00000000
1,86828280;0,16839936;0,26636320;0,57394195;3,18097925;1,00000000
1,86834948;0,16824557;0,26636320;0,57424951;3,18097925;1,00000000
1,86841615;0,16824557;0,26667076;0,57455707;3,18128681;1,00000000
1,86848282;0,16824557;0,26697835;0,57501847;3,18159461;1,00000000
1,86854949;0,16824557;0,26728594;0,57532603;3,18220973;1,00000000
1,86861616;0,16824557;0,26728594;0,57563359;3,18220973;1,00000000
1,86868284;0,16824557;0,26728594;0,57594121;3,18220973;1,00000000
1,86874951;0,16824557;0,26728594;0,57640254;3,18220973;1,00000000
1,86881618;0,16824557;0,26697835;0,57686394;3,18220973;1,00000000
1,86888285;0,16824557;0,26728594;0,57732528;3,18220973;1,00000000
1,86894952;0,16824557;0,26759350;0,57794046;3,18251729;1,00000000
1,86901620;0,16824557;0,26790109;0,57855558;3,18282485;1,00000000
1,86908287;0,16824557;0,26820865;0,57917076;3,18343997;1,00000000
1,86914954;0,16824557;0,26851624;0,57963216;3,18374753;1,00000000
1,86921621;0,16824557;0,26851624;0,58009350;3,18374753;1,00000000
1,86928288;0,16824557;0,26851624;0,58055484;3,18374753;1,00000000
1,86934956;0,16824557;0,26851624;0,58086246;3,18374753;1,00000000
1,86941623;0,16824557;0,26851624;0,58132380;3,18374753;1,00000000
1,86948290;0,16824557;0,26882383;0,58163142;3,18405509;1,00000000
1,86954957;0,16824557;0,26913139;0,58209276;3,18436265;1,00000000
1,86961624;0,16824557;0,26943898;0,58240032;3,18467021;1,00000000
1,86968292;0,16824557;0,26974654;0,58270794;3,18528533;1,00000000
1,86974959;0,16824557;0,27005413;0,58316928;3,18559289;1,00000000
1,86981626;0,16824557;0,27036172;0,58363068;3,18559289;1,00000000
1,86988293;0,16824557;0,27036172;0,58393824;3,18559289;1,00000000
1,86994960;0,16824557;0,27066928;0,58439958;3,18559289;1,00000000
1,87001628;0,16839936;0,27066928;0,58486098;3,18559289;1,00000000
1,87008295;0,16855314;0,27097687;0,58532232;3,18590045;1,00000000
1,87014962;0,16855314;0,27128446;0,58562988;3,18590045;1,00000000
1,87021629;0,16855314;0,27159202;0,58593750;3,18590045;1,00000000
1,87028296;0,16855314;0,27159202;0,58639890;3,18590045;1,00000000
1,87034964;0,16855314;0,27189961;0,58655268;3,18590045;1,00000000
1,87041631;0,16870694;0,27189961;0,58701402;3,18590045;1,00000000
1,87048298;0,16870694;0,27189961;0,58716780;3,18620801;1,00000000
1,87054965;0,16870694;0,27220720;0,58747536;3,18620801;1,00000000
1,87061632;0,16870694;0,27251476;0,58778298;3,18620801;1,00000000
1,87068300;0,16870694;0,27251476;0,58793676;3,18620801;1,00000000
1,87074967;0,16870694;0,27282235;0,58824432;3,18620801;1,00000000
1,87081634;0,16870694;0,27282235;0,58839810;3,18620801;1,00000000
1,87088301;0,16870694;0,27312991;0,58839810;3,18620801;1,00000000
1,87094968;0,16886072;0,27343750;0,58839810;3,18620801;1,00000000
1,87101636;0,16886072;0,27343750;0,58855188;3,18590045;1,00000000
1,87108303;0,16886072;0,27343750;0,58855188;3,18590045;1,00000000
1,87114970;0,16886072;0,27374509;0,58870566;3,18590045;1,00000000
1,87121637;0,16886072;0,27405265;0,58870566;3,18590045;1,00000000
1,87128304;0,16870694;0,27405265;0,58870566;3,18590045;1,00000000
1,87134972;0,16870694;0,27405265;0,58870566;3,18559289;1,00000000
1,87141639;0,16870694;0,27374509;0,58870566;3,18528533;1,00000000
1,87148306;0,16870694;0,27343750;0,58870566;3,18467021;1,00000000
1,87154973;0,16870694;0,27343750;0,58870566;3,18436265;1,00000000
1,87161640;0,16870694;0,27343750;0,58870566;3,18436265;1,00000000
1,87168308;0,16870694;0,27374509;0,58855188;3,18436265;1,00000000
1,87174975;0,16886072;0,27405265;0,58855188;3,18436265;1,00000000
1,87181642;0,16886072;0,27436024;0,58855188;3,18467021;1,00000000
1,87188309;0,16886072;0,27436024;0,58855188;3,18467021;1,00000000
1,87194976;0,16886072;0,27466780;0,58855188;3,18436265;1,00000000
1,87201644;0,16886072;0,27466780;0,58855188;3,18405509;1,00000000
1,87208311;0,16886072;0,27466780;0,58839810;3,18374753;1,00000000
1,87214978;0,16901451;0,27436024;0,58839810;3,18374753;1,00000000
1,87221645;0,16901451;0,27405265;0,58824432;3,18374753;1,00000000
1,87228312;0,16901451;0,27405265;0,58809054;3,18374753;1,00000000
1,87234980;0,16901451;0,27436024;0,58809054;3,18343997;1,00000000
1,87241647;0,16901451;0,27466780;0,58793676;3,18374753;1,00000000
1,87248314;0,16901451;0,27466780;0,58762920;3,18374753;1,00000000
1,87254981;0,16886072;0,27466780;0,58747536;3,18374753;1,00000000
1,87261648;0,16870694;0,27466780;0,58716780;3,18374753;1,00000000
1,87268316;0,16855314;0,27466780;0,58701402;3,18374753;1,00000000
1,87274983;0,16855314;0,27466780;0,58670646;3,18374753;1,00000000
1,87281650;0,16855314;0,27436024;0,58655268;3,18374753;1,00000000
1,87288317;0,16855314;0,27466780;0,58639890;3,18374753;1,00000000
1,87294984;0,16855314;0,27466780;0,58609128;3,18374753;1,00000000
1,87301652;0,16839936;0,27436024;0,58593750;3,18374753;1,00000000
1,87308319;0,16824557;0,27436024;0,58578372;3,18374753;1,00000000
1,87314986;0,16824557;0,27436024;0,58547610;3,18374753;1,00000000
1,87321653;0,16809179;0,27405265;0,58532232;3,18374753;1,00000000
1,87328320;0,16793799;0,27405265;0,58516854;3,18374753;1,00000000
1,87334988;0,16793799;0,27374509;0,58486098;3,18374753;1,00000000
1,87341655;0,16793799;0,27405265;0,58455342;3,18374753;1,00000000
1,87348322;0,16793799;0,27436024;0,58409202;3,18405509;1,00000000
1,87354989;0,16778421;0,27466780;0,58363068;3,18436265;1,00000000
1,87361656;0,16763040;0,27436024;0,58332312;3,18467021;1,00000000
1,87368324;0,16763040;0,27405265;0,58286172;3,18467021;1,00000000
1,87374991;0,16763040;0,27374509;0,58255410;3,18467021;1,00000000
1,87381658;0,16747662;0,27343750;0,58224654;3,18528533;1,00000000
1,87388325;0,16747662;0,27343750;0,58209276;3,18467021;1,00000000
1,87394992;0,16747662;0,27343750;0,58178520;3,18436265;1,00000000
1,87401660;0,16747662;0,27343750;0,58147764;3,18436265;1,00000000
1,87408327;0,16732283;0,27312991;0,58132380;3,18467021;1,00000000
1,87414994;0,16732283;0,27312991;0,58101624;3,18467021;1,00000000
1,87421661;0,16732283;0,27312991;0,58086246;3,18528533;1,00000000
1,87428328;0,16732283;0,27312991;0,58055484;3,18528533;1,00000000
1,87434996;0,16732283;0,27312991;0,58040106;3,18528533;1,00000000
1,87441663;0,16716905;0,27312991;0,58009350;3,18528533;1,00000000
1,87448330;0,16716905;0,27312991;0,57978594;3,18528533;1,00000000
1,87454997;0,16716905;0,27343750;0,57963216;3,18528533;1,00000000
1,87461664;0,16686147;0,27343750;0,57932454;3,18559289;1,00000000
1,87468332;0,16686147;0,27374509;0,57901698;3,18590045;1,00000000
1,87474999;0,16686147;0,27374509;0,57870936;3,18590045;1,00000000
1,87481666;0,16686147;0,27343750;0,57840180;3,18590045;1,00000000
1,87488333;0,16686147;0,27343750;0,57824802;3,18559289;1,00000000
1,87495000;0,16686147;0,27312991;0,57794046;3,18559289;1,00000000
1,87501668;0,16686147;0,27343750;0,57778668;3,18559289;1,00000000
1,87508335;0,16670766;0,27343750;0,57763284;3,18559289;1,00000000
1,87515002;0,16670766;0,27374509;0,57763284;3,18559289;1,00000000
1,87521669;0,16670766;0,27405265;0,57747906;3,18590045;1,00000000
1,87528336;0,16655388;0,27405265;0,57717150;3,18651581;1,00000000
1,87535004;0,16640009;0,27405265;0,57686394;3,18651581;1,00000000
1,87541671;0,16624631;0,27405265;0,57671016;3,18651581;1,00000000
1,87548338;0,16609251;0,27374509;0,57655638;3,18651581;1,00000000
1,87555005;0,16609251;0,27343750;0,57640254;3,18651581;1,00000000
1,87561672;0,16609251;0,27343750;0,57640254;3,18651581;1,00000000
1,87568340;0,16593874;0,27343750;0,57624876;3,18651581;1,00000000
1,87575007;0,16593874;0,27374509;0,57624876;3,18682337;1,00000000
1,87581674;0,16578494;0,27405265;0,57624876;3,18713093;1,00000000
1,87588341;0,16578494;0,27405265;0,57624876;3,18713093;1,00000000
1,87595008;0,16578494;0,27374509;0,57624876;3,18713093;1,00000000
1,87601676;0,16578494;0,27374509;0,57624876;3,18713093;1,00000000
1,87608343;0,16578494;0,27374509;0,57640254;3,18713093;1,00000000
1,87615010;0,16578494;0,27405265;0,57640254;3,18713093;1,00000000
1,87621677;0,16578494;0,27436024;0,57640254;3,18713093;1,00000000
1,87628344;0,16563116;0,27436024;0,57640254;3,18743849;1,00000000
1,87635012;0,16563116;0,27466780;0,57655638;3,18774605;1,00000000
1,87641679;0,16563116;0,27466780;0,57671016;3,18805361;1,00000000
1,87648346;0,16563116;0,27497539;0,57686394;3,18805361;1,00000000
1,87655013;0,16563116;0,27497539;0,57686394;3,18805361;1,00000000
1,87661680;0,16547737;0,27466780;0,57701772;3,18805361;1,00000000
1,87668348;0,16547737;0,27497539;0,57717150;3,18774605;1,00000000
1,87675015;0,16532359;0,27528298;0,57732528;3,18774605;1,00000000
1,87681682;0,16532359;0,27559054;0,57763284;3,18774605;1,00000000
1,87688349;0,16532359;0,27589813;0,57794046;3,18805361;1,00000000
1,87695016;0,16532359;0,27620572;0,57824802;3,18836117;1,00000000
1,87701684;0,16547737;0,27620572;0,57855558;3,18866873;1,00000000
1,87708351;0,16532359;0,27589813;0,57886314;3,18836117;1,00000000
1,87715018;0,16547737;0,27589813;0,57901698;3,18805361;1,00000000
1,87721685;0,16547737;0,27589813;0,57932454;3,18805361;1,00000000
1,87728352;0,16532359;0,27589813;0,57947832;3,18805361;1,00000000
1,87735020;0,16516978;0,27589813;0,57978594;3,18805361;1,00000000
1,87741687;0,16516978;0,27589813;0,57993972;3,18805361;1,00000000
1,87748354;0,16532359;0,27589813;0,58009350;3,18805361;1,00000000
1,87755021;0,16532359;0,27559054;0,58024728;3,18805361;1,00000000
1,87761688;0,16532359;0,27559054;0,58040106;3,18774605;1,00000000
1,87768356;0,16532359;0,27559054;0,58070862;3,18743849;1,00000000
1,87775023;0,16532359;0,27559054;0,58101624;3,18682337;1,00000000
1,87781690;0,16532359;0,27528298;0,58132380;3,18651581;1,00000000
1,87788357;0,16516978;0,27559054;0,58163142;3,18620801;1,00000000
1,87795024;0,16532359;0,27528298;0,58178520;3,18620801;1,00000000
1,87801692;0,16532359;0,27559054;0,58209276;3,18620801;1,00000000
1,87808359;0,16516978;0,27559054;0,58240032;3,18620801;1,00000000
1,87815026;0,16516978;0,27559054;0,58270794;3,18620801;1,00000000
1,87821693;0,16532359;0,27528298;0,58301550;3,18590045;1,00000000
1,87828360;0,16532359;0,27528298;0,58316928;3,18528533;1,00000000
1,87835028;0,16547737;0,27528298;0,58363068;3,18436265;1,00000000
1,87841695;0,16563116;0,27559054;0,58393824;3,18405509;1,00000000
1,87848362;0,16563116;0,27589813;0,58409202;3,18374753;1,00000000
1,87855029;0,16547737;0,27589813;0,58439958;3,18343997;1,00000000
1,87861696;0,16532359;0,27589813;0,58486098;3,18313241;1,00000000
1,87868364;0,16516978;0,27589813;0,58501476;3,18282485;1,00000000
1,87875031;0,16516978;0,27589813;0,58547610;3,18251729;1,00000000
1,87881698;0,16516978;0,27559054;0,58578372;3,18220973;1,00000000
1,87888365;0,16516978;0,27559054;0,58609128;3,18190217;1,00000000
1,87895032;0,16501600;0,27528298;0,58624506;3,18159461;1,00000000
1,87901700;0,16501600;0,27559054;0,58655268;3,18128681;1,00000000
1,87908367;0,16486220;0,27559054;0,58686024;3,18097925;1,00000000
1,87915034;0,16486220;0,27589813;0,58716780;3,18067169;1,00000000
1,87921701;0,16470842;0,27589813;0,58747536;3,18036413;1,00000000
1,87928368;0,16455463;0,27559054;0,58778298;3,18005657;1,00000000
1,87935036;0,16455463;0,27528298;0,58793676;3,17974901;1,00000000
1,87941703;0,16455463;0,27528298;0,58824432;3,17974901;1,00000000
1,87948370;0,16455463;0,27528298;0,58855188;3,17944145;1,00000000
1,87955037;0,16440085;0,27528298;0,58901328;3,17913389;1,00000000
1,87961704;0,16455463;0,27497539;0,58932084;3,17913389;1,00000000
1,87968372;0,16440085;0,27466780;0,58962846;3,17913389;1,00000000
1,87975039;0,16424704;0,27466780;0,58978224;3,17882633;1,00000000
1,87981706;0,16424704;0,27436024;0,58993602;3,17851877;1,00000000
1,87988373;0,16424704;0,27405265;0,59008980;3,17821121;1,00000000
1,87995040;0,16424704;0,27405265;0,59024358;3,17790365;1,00000000
1,88001708;0,16424704;0,27374509;0,59039736;3,17759609;1,00000000
1,88008375;0,16424704;0,27343750;0,59055120;3,17759609;1,00000000
1,88015042;0,16409326;0,27343750;0,59085876;3,17728853;1,00000000
1,88021709;0,16393946;0,27343750;0,59101254;3,17698097;1,00000000
1,88028376;0,16393946;0,27343750;0,59132016;3,17667341;1,00000000
1,88035044;0,16378568;0,27312991;0,59147394;3,17667341;1,00000000
1,88041711;0,16378568;0,27282235;0,59162772;3,17667341;1,00000000
1,88048378;0,16378568;0,27282235;0,59178150;3,17636538;1,00000000
1,88055045;0,16378568;0,27251476;0,59193528;3,17636538;1,00000000
1,88061712;0,16363189;0,27220720;0,59208906;3,17636538;1,00000000
1,88068380;0,16363189;0,27251476;0,59239668;3,17636538;1,00000000
1,88075047;0,16363189;0,27220720;0,59255046;3,17636538;1,00000000
1,88081714;0,16363189;0,27220720;0,59255046;3,17636538;1,00000000
1,88088381;0,16347811;0,27220720;0,59270424;3,17667341;1,00000000
1,88095048;0,16347811;0,27220720;0,59285802;3,17667341;1,00000000
1,88101716;0,16347811;0,27189961;0,59301186;3,17667341;1,00000000
1,88108383;0,16347811;0,27189961;0,59316564;3,17667341;1,00000000
1,88115050;0,16347811;0,27220720;0,59331942;3,17667341;1,00000000
1,88121717;0,16332431;0,27220720;0,59347320;3,17698097;1,00000000
1,88128384;0,16317053;0,27251476;0,59362698;3,17759609;1,00000000
1,88135052;0,16332431;0,27251476;0,59378076;3,17790365;1,00000000
1,88141719;0,16347811;0,27220720;0,59378076;3,17821121;1,00000000
1,88148386;0,16332431;0,27220720;0,59393454;3,17821121;1,00000000
1,88155053;0,16332431;0,27220720;0,59393454;3,17821121;1,00000000
1,88161720;0,16317053;0,27251476;0,59378076;3,17821121;1,00000000
1,88168388;0,16332431;0,27282235;0,59393454;3,17851877;1,00000000
1,88175055;0,16347811;0,27282235;0,59378076;3,17882633;1,00000000
1,88181722;0,16363189;0,27312991;0,59378076;3,17944145;1,00000000
1,88188389;0,16378568;0,27312991;0,59378076;3,17974901;1,00000000
1,88195056;0,16378568;0,27312991;0,59378076;3,17974901;1,00000000
1,88201724;0,16393946;0,27282235;0,59362698;3,17974901;1,00000000
1,88208391;0,16378568;0,27251476;0,59362698;3,17974901;1,00000000
1,88215058;0,16378568;0,27251476;0,59362698;3,17974901;1,00000000
1,88221725;0,16378568;0,27251476;0,59347320;3,17974901;1,00000000
1,88228392;0,16378568;0,27282235;0,59316564;3,17974901;1,00000000
1,88235060;0,16378568;0,27282235;0,59301186;3,18036413;1,00000000
1,88241727;0,16393946;0,27312991;0,59285802;3,18067169;1,00000000
1,88248394;0,16409326;0,27312991;0,59270424;3,18067169;1,00000000
1,88255061;0,16409326;0,27282235;0,59255046;3,18067169;1,00000000
1,88261728;0,16393946;0,27251476;0,59224284;3,18067169;1,00000000
1,88268396;0,16393946;0,27282235;0,59193528;3,18067169;1,00000000
1,88275063;0,16378568;0,27282235;0,59178150;3,18067169;1,00000000
1,88281730;0,16393946;0,27282235;0,59147394;3,18036413;1,00000000
1,88288397;0,16409326;0,27282235;0,59116638;3,18097925;1,00000000
1,88295064;0,16409326;0,27282235;0,59085876;3,18128681;1,00000000
1,88301732;0,16424704;0,27282235;0,59055120;3,18128681;1,00000000
1,88308399;0,16440085;0,27312991;0,59024358;3,18128681;1,00000000
1,88315066;0,16440085;0,27282235;0,58993602;3,18128681;1,00000000
1,88321733;0,16455463;0,27282235;0,58962846;3,18128681;1,00000000
1,88328400;0,16440085;0,27282235;0,58916706;3,18128681;1,00000000
1,88335068;0,16455463;0,27312991;0,58870566;3,18128681;1,00000000
1,88341735;0,16455463;0,27343750;0,58839810;3,18190217;1,00000000
1,88348402;0,16455463;0,27374509;0,58809054;3,18220973;1,00000000
1,88355069;0,16455463;0,27405265;0,58778298;3,18220973;1,00000000
1,88361736;0,16470842;0,27436024;0,58732158;3,18220973;1,00000000
1,88368404;0,16486220;0,27436024;0,58686024;3,18220973;1,00000000
1,88375071;0,16501600;0,27436024;0,58639890;3,18220973;1,00000000
1,88381738;0,16501600;0,27466780;0,58593750;3,18190217;1,00000000
1,88388405;0,16501600;0,27497539;0,58547610;3,18190217;1,00000000
1,88395072;0,16516978;0,27497539;0,58501476;3,18159461;1,00000000
1,88401740;0,16532359;0,27466780;0,58470720;3,18190217;1,00000000
1,88408407;0,16532359;0,27466780;0,58439958;3,18190217;1,00000000
1,88415074;0,16547737;0,27466780;0,58409202;3,18190217;1,00000000
1,88421741;0,16563116;0,27436024;0,58363068;3,18190217;1,00000000
1,88428408;0,16563116;0,27436024;0,58332312;3,18220973;1,00000000
1,88435076;0,16578494;0,27436024;0,58316928;3,18220973;1,00000000
1,88441743;0,16593874;0,27436024;0,58270794;3,18159461;1,00000000
1,88448410;0,16593874;0,27405265;0,58224654;3,18128681;1,00000000
1,88455077;0,16593874;0,27436024;0,58178520;3,18159461;1,00000000
1,88461744;0,16593874;0,27405265;0,58147764;3,18190217;1,00000000
1,88468412;0,16609251;0,27436024;0,58117002;3,18190217;1,00000000
1,88475079;0,16609251;0,27436024;0,58086246;3,18190217;1,00000000
1,88481746;0,16609251;0,27436024;0,58055484;3,18190217;1,00000000
1,88488413;0,16609251;0,27405265;0,58024728;3,18190217;1,00000000
1,88495080;0,16624631;0,27405265;0,57993972;3,18128681;1,00000000
1,88501748;0,16624631;0,27405265;0,57963216;3,18097925;1,00000000
1,88508415;0,16640009;0,27436024;0,57932454;3,18067169;1,00000000
1,88515082;0,16640009;0,27436024;0,57901698;3,18097925;1,00000000
1,88521749;0,16640009;0,27436024;0,57855558;3,18097925;1,00000000
1,88528416;0,16640009;0,27466780;0,57809424;3,18097925;1,00000000
1,88535084;0,16640009;0,27466780;0,57763284;3,18097925;1,00000000
1,88541751;0,16655388;0,27466780;0,57732528;3,18067169;1,00000000
1,88548418;0,16670766;0,27436024;0,57686394;3,18005657;1,00000000
1,88555085;0,16686147;0,27436024;0,57655638;3,17974901;1,00000000
1,88561752;0,16701525;0,27436024;0,57640254;3,17944145;1,00000000
1,88568420;0,16716905;0,27466780;0,57624876;3,17974901;1,00000000
1,88575087;0,16716905;0,27466780;0,57609499;3,18005657;1,00000000
1,88581754;0,16716905;0,27436024;0,57563359;3,18036413;1,00000000
1,88588421;0,16732283;0,27436024;0,57532603;3,18067169;1,00000000
1,88595088;0,16732283;0,27405265;0,57517225;3,18036413;1,00000000
1,88601756;0,16732283;0,27374509;0,57486469;3,18005657;1,00000000
1,88608423;0,16732283;0,27343750;0,57455707;3,17974901;1,00000000
1,88615090;0,16732283;0,27343750;0,57424951;3,17944145;1,00000000
1,88621757;0,16732283;0,27343750;0,57409573;3,17913389;1,00000000
1,88628424;0,16747662;0,27343750;0,57378817;3,17913389;1,00000000
1,88635092;0,16747662;0,27374509;0,57348061;3,17944145;1,00000000
1,88641759;0,16747662;0,27374509;0,57332677;3,17944145;1,00000000
1,88648426;0,16747662;0,27374509;0,57301921;3,17944145;1,00000000
1,88655093;0,16763040;0,27374509;0,57301921;3,17944145;1,00000000
1,88661760;0,16763040;0,27343750;0,57286543;3,17913389;1,00000000
1,88668428;0,16763040;0,27343750;0,57271159;3,17882633;1,00000000
1,88675095;0,16763040;0,27343750;0,57271159;3,17851877;1,00000000
1,88681762;0,16763040;0,27312991;0,57271159;3,17851877;1,00000000
1,88688429;0,16763040;0,27282235;0,57271159;3,17821121;1,00000000
1,88695096;0,16763040;0,27312991;0,57271159;3,17821121;1,00000000
1,88701764;0,16763040;0,27282235;0,57271159;3,17821121;1,00000000
1,88708431;0,16747662;0,27282235;0,57271159;3,17821121;1,00000000
1,88715098;0,16732283;0,27251476;0,57271159;3,17851877;1,00000000
1,88721765;0,16732283;0,27220720;0,57271159;3,17851877;1,00000000
1,88728432;0,16732283;0,27189961;0,57271159;3,17882633;1,00000000
1,88735100;0,16732283;0,27159202;0,57271159;3,17851877;1,00000000
1,88741767;0,16732283;0,27159202;0,57286543;3,17821121;1,00000000
1,88748434;0,16716905;0,27189961;0,57286543;3,17790365;1,00000000
1,88755101;0,16716905;0,27159202;0,57301921;3,17790365;1,00000000
1,88761768;0,16716905;0,27128446;0,57317299;3,17790365;1,00000000
1,88768436;0,16716905;0,27097687;0,57332677;3,17790365;1,00000000
1,88775103;0,16716905;0,27128446;0,57363439;3,17790365;1,00000000
1,88781770;0,16716905;0,27097687;0,57378817;3,17790365;1,00000000
1,88788437;0,16716905;0,27128446;0,57409573;3,17821121;1,00000000
1,88795104;0,16701525;0,27128446;0,57440329;3,17851877;1,00000000
1,88801772;0,16686147;0,27128446;0,57486469;3,17851877;1,00000000
1,88808439;0,16686147;0,27128446;0,57517225;3,17882633;1,00000000
1,88815106;0,16686147;0,27159202;0,57563359;3,17882633;1,00000000
1,88821773;0,16686147;0,27159202;0,57594121;3,17882633;1,00000000
1,88828440;0,16686147;0,27128446;0,57624876;3,17882633;1,00000000
1,88835108;0,16686147;0,27128446;0,57671016;3,17882633;1,00000000
1,88841775;0,16686147;0,27159202;0,57701772;3,17913389;1,00000000
1,88848442;0,16686147;0,27189961;0,57747906;3,17944145;1,00000000
1,88855109;0,16686147;0,27189961;0,57778668;3,17974901;1,00000000
1,88861776;0,16686147;0,27220720;0,57824802;3,18005657;1,00000000
1,88868444;0,16686147;0,27251476;0,57870936;3,18005657;1,00000000
1,88875111;0,16686147;0,27220720;0,57917076;3,18036413;1,00000000
1,88881778;0,16670766;0,27189961;0,57963216;3,18067169;1,00000000
1,88888445;0,16670766;0,27159202;0,58009350;3,18097925;1,00000000
1,88895112;0,16670766;0,27189961;0,58040106;3,18128681;1,00000000
1,88901780;0,16670766;0,27159202;0,58070862;3,18159461;1,00000000
1,88908447;0,16670766;0,27159202;0,58101624;3,18190217;1,00000000
1,88915114;0,16670766;0,27159202;0,58163142;3,18220973;1,00000000
1,88921781;0,16655388;0,27189961;0,58193898;3,18220973;1,00000000
1,88928448;0,16655388;0,27189961;0,58240032;3,18251729;1,00000000
1,88935116;0,16655388;0,27220720;0,58270794;3,18282485;1,00000000
1,88941783;0,16655388;0,27220720;0,58301550;3,18313241;1,00000000
1,88948450;0,16655388;0,27189961;0,58347690;3,18343997;1,00000000
1,88955117;0,16655388;0,27189961;0,58393824;3,18374753;1,00000000
1,88961784;0,16670766;0,27220720;0,58424580;3,18405509;1,00000000
1,88968452;0,16670766;0,27251476;0,58470720;3,18436265;1,00000000
1,88975119;0,16670766;0,27251476;0,58501476;3,18436265;1,00000000
1,88981786;0,16686147;0,27282235;0,58547610;3,18436265;1,00000000
1,88988453;0,16686147;0,27312991;0,58578372;3,18436265;1,00000000
1,88995120;0,16686147;0,27312991;0,58609128;3,18467021;1,00000000
1,89001788;0,16686147;0,27343750;0,58639890;3,18528533;1,00000000
1,89008455;0,16686147;0,27374509;0,58655268;3,18559289;1,00000000
1,89015122;0,16701525;0,27405265;0,58670646;3,18559289;1,00000000
1,89021789;0,16701525;0,27436024;0,58716780;3,18559289;1,00000000
1,89028456;0,16701525;0,27466780;0,58747536;3,18559289;1,00000000
1,89035124;0,16716905;0,27436024;0,58762920;3,18559289;1,00000000
1,89041791;0,16716905;0,27436024;0,58793676;3,18559289;1,00000000
1,89048458;0,16716905;0,27436024;0,58824432;3,18528533;1,00000000
1,89055125;0,16716905;0,27436024;0,58855188;3,18559289;1,00000000
1,89061792;0,16716905;0,27436024;0,58885950;3,18559289;1,00000000
1,89068460;0,16716905;0,27436024;0,58901328;3,18559289;1,00000000
1,89075127;0,16716905;0,27436024;0,58932084;3,18559289;1,00000000
1,89081794;0,16716905;0,27436024;0,58947468;3,18559289;1,00000000
1,89088461;0,16716905;0,27466780;0,58962846;3,18528533;1,00000000
1,89095128;0,16716905;0,27466780;0,58962846;3,18559289;1,00000000
1,89101796;0,16716905;0,27497539;0,58962846;3,18559289;1,00000000
1,89108463;0,16716905;0,27497539;0,58962846;3,18528533;1,00000000
1,89115130;0,16716905;0,27528298;0,58962846;3,18528533;1,00000000
1,89121797;0,16716905;0,27559054;0,58962846;3,18528533;1,00000000
1,89128464;0,16716905;0,27559054;0,58962846;3,18528533;1,00000000
1,89135132;0,16716905;0,27589813;0,58962846;3,18528533;1,00000000
1,89141799;0,16701525;0,27589813;0,58947468;3,18528533;1,00000000
1,89148466;0,16701525;0,27589813;0,58932084;3,18528533;1,00000000
1,89155133;0,16701525;0,27589813;0,58932084;3,18467021;1,00000000
1,89161800;0,16701525;0,27559054;0,58901328;3,18467021;1,00000000
1,89168468;0,16716905;0,27559054;0,58901328;3,18467021;1,00000000
1,89175135;0,16716905;0,27528298;0,58885950;3,18467021;1,00000000
1,89181802;0,16716905;0,27528298;0,58885950;3,18467021;1,00000000
1,89188469;0,16716905;0,27528298;0,58870566;3,18467021;1,00000000
1,89195136;0,16716905;0,27528298;0,58839810;3,18467021;1,00000000
1,89201804;0,16716905;0,27528298;0,58824432;3,18467021;1,00000000
1,89208471;0,16701525;0,27497539;0,58793676;3,18436265;1,00000000
1,89215138;0,16701525;0,27466780;0,58778298;3,18436265;1,00000000
1,89221805;0,16701525;0,27436024;0,58747536;3,18436265;1,00000000
1,89228472;0,16701525;0,27436024;0,58747536;3,18436265;1,00000000
1,89235140;0,16701525;0,27436024;0,58747536;3,18405509;1,00000000
1,89241807;0,16701525;0,27405265;0,58747536;3,18405509;1,00000000
1,89248474;0,16701525;0,27436024;0,58716780;3,18374753;1,00000000
1,89255141;0,16686147;0,27436024;0,58686024;3,18374753;1,00000000
1,89261808;0,16686147;0,27466780;0,58670646;3,18374753;1,00000000
1,89268476;0,16686147;0,27497539;0,58639890;3,18374753;1,00000000
1,89275143;0,16686147;0,27528298;0,58609128;3,18374753;1,00000000
1,89281810;0,16686147;0,27528298;0,58578372;3,18374753;1,00000000
1,89288477;0,16686147;0,27497539;0,58547610;3,18343997;1,00000000
1,89295144;0,16686147;0,27497539;0,58532232;3,18343997;1,00000000
1,89301812;0,16686147;0,27497539;0,58501476;3,18374753;1,00000000
1,89308479;0,16686147;0,27497539;0,58470720;3,18405509;1,00000000
1,89315146;0,16670766;0,27466780;0,58439958;3,18405509;1,00000000
1,89321813;0,16670766;0,27436024;0,58424580;3,18405509;1,00000000
1,89328480;0,16670766;0,27405265;0,58393824;3,18405509;1,00000000
1,89335148;0,16670766;0,27405265;0,58363068;3,18436265;1,00000000
1,89341815;0,16670766;0,27374509;0,58316928;3,18405509;1,00000000
1,89348482;0,16670766;0,27343750;0,58270794;3,18405509;1,00000000
1,89355149;0,16670766;0,27312991;0,58255410;3,18436265;1,00000000
1,89361816;0,16670766;0,27312991;0,58224654;3,18467021;1,00000000
1,89368484;0,16670766;0,27343750;0,58193898;3,18467021;1,00000000
1,89375151;0,16670766;0,27312991;0,58147764;3,18528533;1,00000000
1,89381818;0,16670766;0,27282235;0,58132380;3,18528533;1,00000000
1,89388485;0,16670766;0,27282235;0,58101624;3,18528533;1,00000000
1,89395152;0,16686147;0,27251476;0,58055484;3,18467021;1,00000000
1,89401820;0,16686147;0,27220720;0,58024728;3,18467021;1,00000000
1,89408487;0,16670766;0,27220720;0,57978594;3,18467021;1,00000000
1,89415154;0,16686147;0,27220720;0,57947832;3,18528533;1,00000000
1,89421821;0,16670766;0,27220720;0,57917076;3,18559289;1,00000000
1,89428488;0,16670766;0,27220720;0,57886314;3,18559289;1,00000000
1,89435156;0,16670766;0,27251476;0,57855558;3,18559289;1,00000000
1,89441823;0,16670766;0,27282235;0,57824802;3,18590045;1,00000000
1,89448490;0,16670766;0,27312991;0,57778668;3,18559289;1,00000000
1,89455157;0,16655388;0,27282235;0,57747906;3,18559289;1,00000000
1,89461824;0,16655388;0,27312991;0,57717150;3,18559289;1,00000000
1,89468492;0,16655388;0,27312991;0,57686394;3,18590045;1,00000000
1,89475159;0,16655388;0,27282235;0,57655638;3,18620801;1,00000000
1,89481826;0,16655388;0,27282235;0,57624876;3,18651581;1,00000000
1,89488493;0,16655388;0,27282235;0,57594121;3,18651581;1,00000000
1,89495160;0,16655388;0,27282235;0,57563359;3,18620801;1,00000000
1,89501828;0,16640009;0,27282235;0,57563359;3,18620801;1,00000000
1,89508495;0,16624631;0,27251476;0,57547981;3,18620801;1,00000000
1,89515162;0,16624631;0,27220720;0,57532603;3,18620801;1,00000000
1,89521829;0,16624631;0,27189961;0,57501847;3,18620801;1,00000000
1,89528496;0,16609251;0,27189961;0,57471091;3,18651581;1,00000000
1,89535164;0,16609251;0,27189961;0,57471091;3,18682337;1,00000000
1,89541831;0,16609251;0,27189961;0,57455707;3,18713093;1,00000000
1,89548498;0,16593874;0,27159202;0,57424951;3,18682337;1,00000000
1,89555165;0,16578494;0,27159202;0,57424951;3,18713093;1,00000000
1,89561832;0,16578494;0,27128446;0,57394195;3,18713093;1,00000000
1,89568500;0,16578494;0,27097687;0,57378817;3,18713093;1,00000000
1,89575167;0,16578494;0,27097687;0,57378817;3,18713093;1,00000000
1,89581834;0,16563116;0,27097687;0,57363439;3,18713093;1,00000000
1,89588501;0,16563116;0,27097687;0,57363439;3,18743849;1,00000000
1,89595168;0,16563116;0,27097687;0,57363439;3,18805361;1,00000000
1,89601836;0,16578494;0,27128446;0,57363439;3,18805361;1,00000000
1,89608503;0,16578494;0,27097687;0,57363439;3,18805361;1,00000000
1,89615170;0,16578494;0,27097687;0,57348061;3,18805361;1,00000000
1,89621837;0,16593874;0,27097687;0,57363439;3,18805361;1,00000000
1,89628504;0,16593874;0,27097687;0,57378817;3,18805361;1,00000000
1,89635172;0,16593874;0,27128446;0,57378817;3,18805361;1,00000000
1,89641839;0,16593874;0,27159202;0,57394195;3,18805361;1,00000000
1,89648506;0,16593874;0,27189961;0,57394195;3,18805361;1,00000000
1,89655173;0,16593874;0,27189961;0,57394195;3,18866873;1,00000000
1,89661840;0,16593874;0,27189961;0,57409573;3,18866873;1,00000000
1,89668508;0,16578494;0,27220720;0,57409573;3,18836117;1,00000000
1,89675175;0,16593874;0,27251476;0,57409573;3,18805361;1,00000000
1,89681842;0,16609251;0,27251476;0,57424951;3,18805361;1,00000000
1,89688509;0,16609251;0,27251476;0,57440329;3,18805361;1,00000000
1,89695176;0,16609251;0,27251476;0,57471091;3,18805361;1,00000000
1,89701844;0,16609251;0,27251476;0,57486469;3,18836117;1,00000000
1,89708511;0,16609251;0,27282235;0,57517225;3,18866873;1,00000000
1,89715178;0,16609251;0,27312991;0,57532603;3,18836117;1,00000000
1,89721845;0,16624631;0,27312991;0,57547981;3,18805361;1,00000000
1,89728512;0,16624631;0,27343750;0,57578737;3,18774605;1,00000000
1,89735180;0,16624631;0,27343750;0,57594121;3,18774605;1,00000000
1,89741847;0,16640009;0,27374509;0,57624876;3,18743849;1,00000000
1,89748514;0,16640009;0,27374509;0,57655638;3,18743849;1,00000000
1,89755181;0,16655388;0,27343750;0,57686394;3,18774605;1,00000000
1,89761848;0,16655388;0,27374509;0,57717150;3,18774605;1,00000000
1,89768516;0,16655388;0,27374509;0,57747906;3,18774605;1,00000000
1,89775183;0,16640009;0,27374509;0,57763284;3,18743849;1,00000000
1,89781850;0,16640009;0,27374509;0,57794046;3,18713093;1,00000000
1,89788517;0,16640009;0,27405265;0,57824802;3,18682337;1,00000000
1,89795184;0,16640009;0,27405265;0,57840180;3,18620801;1,00000000
1,89801852;0,16640009;0,27405265;0,57870936;3,18620801;1,00000000
1,89808519;0,16640009;0,27405265;0,57901698;3,18620801;1,00000000
1,89815186;0,16624631;0,27374509;0,57932454;3,18620801;1,00000000
1,89821853;0,16624631;0,27343750;0,57947832;3,18620801;1,00000000
1,89828520;0,16640009;0,27312991;0,57978594;3,18559289;1,00000000
1,89835188;0,16655388;0,27312991;0,58009350;3,18467021;1,00000000
1,89841855;0,16640009;0,27312991;0,58040106;3,18405509;1,00000000
1,89848522;0,16640009;0,27343750;0,58070862;3,18374753;1,00000000
1,89855189;0,16640009;0,27312991;0,58101624;3,18374753;1,00000000
1,89861856;0,16624631;0,27282235;0,58132380;3,18374753;1,00000000
1,89868524;0,16624631;0,27251476;0,58163142;3,18374753;1,00000000
1,89875191;0,16609251;0,27220720;0,58178520;3,18343997;1,00000000
1,89881858;0,16593874;0,27189961;0,58209276;3,18282485;1,00000000
1,89888525;0,16578494;0,27189961;0,58240032;3,18220973;1,00000000
1,89895192;0,16563116;0,27189961;0,58255410;3,18159461;1,00000000
1,89901860;0,16578494;0,27189961;0,58270794;3,18128681;1,00000000
1,89908527;0,16578494;0,27189961;0,58301550;3,18097925;1,00000000
1,89915194;0,16578494;0,27189961;0,58332312;3,18067169;1,00000000
1,89921861;0,16563116;0,27189961;0,58347690;3,18067169;1,00000000
1,89928528;0,16578494;0,27189961;0,58378446;3,18067169;1,00000000
1,89935196;0,16563116;0,27189961;0,58393824;3,18036413;1,00000000
1,89941863;0,16563116;0,27220720;0,58424580;3,17974901;1,00000000
1,89948530;0,16563116;0,27189961;0,58439958;3,17913389;1,00000000
1,89955197;0,16547737;0,27159202;0,58455342;3,17882633;1,00000000
1,89961864;0,16532359;0,27159202;0,58470720;3,17851877;1,00000000
1,89968532;0,16532359;0,27159202;0,58501476;3,17851877;1,00000000
1,89975199;0,16532359;0,27128446;0,58532232;3,17851877;1,00000000
1,89981866;0,16532359;0,27128446;0,58562988;3,17851877;1,00000000
1,89988533;0,16516978;0,27097687;0,58578372;3,17851877;1,00000000
1,89995200;0,16501600;0,27097687;0,58609128;3,17790365;1,00000000
1,90001868;0,16501600;0,27097687;0,58624506;3,17759609;1,00000000
1,90008535;0,16501600;0,27097687;0,58655268;3,17728853;1,00000000
1,90015202;0,16486220;0,27066928;0,58670646;3,17728853;1,00000000
1,90021869;0,16486220;0,27066928;0,58686024;3,17728853;1,00000000
1,90028536;0,16470842;0,27066928;0,58716780;3,17728853;1,00000000
1,90035204;0,16486220;0,27066928;0,58732158;3,17728853;1,00000000
1,90041871;0,16486220;0,27036172;0,58747536;3,17698097;1,00000000
1,90048538;0,16486220;0,27036172;0,58762920;3,17698097;1,00000000
1,90055205;0,16486220;0,27005413;0,58778298;3,17698097;1,00000000
1,90061872;0,16470842;0,27005413;0,58793676;3,17698097;1,00000000
1,90068540;0,16455463;0,27005413;0,58809054;3,17698097;1,00000000
1,90075207;0,16440085;0,27036172;0,58824432;3,17698097;1,00000000
1,90081874;0,16424704;0,27036172;0,58839810;3,17728853;1,00000000
1,90088541;0,16424704;0,27036172;0,58855188;3,17759609;1,00000000
1,90095208;0,16440085;0,27036172;0,58870566;3,17759609;1,00000000
1,90101876;0,16424704;0,27066928;0,58885950;3,17759609;1,00000000
1,90108543;0,16409326;0,27097687;0,58901328;3,17759609;1,00000000
1,90115210;0,16409326;0,27097687;0,58916706;3,17759609;1,00000000
1,90121877;0,16393946;0,27097687;0,58916706;3,17759609;1,00000000
1,90128544;0,16378568;0,27128446;0,58932084;3,17759609;1,00000000
1,90135212;0,16378568;0,27097687;0,58932084;3,17759609;1,00000000
1,90141879;0,16378568;0,27128446;0,58932084;3,17790365;1,00000000
1,90148546;0,16363189;0,27097687;0,58947468;3,17821121;1,00000000
1,90155213;0,16363189;0,27128446;0,58978224;3,17821121;1,00000000
1,90161880;0,16363189;0,27097687;0,58993602;3,17821121;1,00000000
1,90168548;0,16363189;0,27128446;0,58978224;3,17821121;1,00000000
1,90175215;0,16347811;0,27128446;0,58978224;3,17821121;1,00000000
1,90181882;0,16347811;0,27159202;0,58947468;3,17851877;1,00000000
1,90188549;0,16347811;0,27189961;0,58947468;3,17882633;1,00000000
1,90195216;0,16363189;0,27189961;0,58947468;3,17913389;1,00000000
1,90201884;0,16347811;0,27189961;0,58932084;3,17944145;1,00000000
1,90208551;0,16347811;0,27189961;0,58916706;3,17944145;1,00000000
1,90215218;0,16332431;0,27189961;0,58901328;3,17944145;1,00000000
1,90221885;0,16332431;0,27220720;0,58885950;3,17944145;1,00000000
1,90228552;0,16332431;0,27220720;0,58885950;3,17944145;1,00000000
1,90235220;0,16332431;0,27220720;0,58870566;3,17944145;1,00000000
1,90241887;0,16347811;0,27189961;0,58855188;3,17974901;1,00000000
1,90248554;0,16347811;0,27189961;0,58855188;3,18005657;1,00000000
1,90255221;0,16332431;0,27220720;0,58839810;3,18036413;1,00000000
1,90261888;0,16317053;0,27220720;0,58809054;3,18036413;1,00000000
1,90268556;0,16317053;0,27189961;0,58778298;3,18036413;1,00000000
1,90275223;0,16301674;0,27159202;0,58747536;3,18067169;1,00000000
1,90281890;0,16317053;0,27159202;0,58716780;3,18067169;1,00000000
1,90288557;0,16332431;0,27189961;0,58701402;3,18067169;1,00000000
1,90295224;0,16332431;0,27189961;0,58670646;3,18036413;1,00000000
1,90301892;0,16332431;0,27220720;0,58639890;3,18067169;1,00000000
1,90308559;0,16332431;0,27251476;0,58609128;3,18067169;1,00000000
1,90315226;0,16347811;0,27282235;0,58578372;3,18067169;1,00000000
1,90321893;0,16347811;0,27251476;0,58547610;3,18067169;1,00000000
1,90328560;0,16347811;0,27251476;0,58516854;3,18067169;1,00000000
1,90335228;0,16347811;0,27282235;0,58486098;3,18097925;1,00000000
1,90341895;0,16363189;0,27282235;0,58455342;3,18067169;1,00000000
1,90348562;0,16378568;0,27312991;0,58424580;3,18067169;1,00000000
1,90355229;0,16393946;0,27312991;0,58393824;3,18067169;1,00000000
1,90361896;0,16393946;0,27282235;0,58347690;3,18067169;1,00000000
1,90368564;0,16409326;0,27312991;0,58316928;3,18067169;1,00000000
1,90375231;0,16409326;0,27312991;0,58301550;3,18067169;1,00000000
1,90381898;0,16424704;0,27312991;0,58255410;3,18067169;1,00000000
1,90388565;0,16440085;0,27343750;0,58209276;3,18067169;1,00000000
1,90395232;0,16455463;0,27343750;0,58178520;3,18128681;1,00000000
1,90401900;0,16470842;0,27312991;0,58132380;3,18128681;1,00000000
1,90408567;0,16470842;0,27312991;0,58086246;3,18128681;1,00000000
1,90415234;0,16486220;0,27282235;0,58040106;3,18128681;1,00000000
1,90421901;0,16501600;0,27282235;0,58009350;3,18097925;1,00000000
1,90428568;0,16516978;0,27282235;0,57963216;3,18097925;1,00000000
1,90435236;0,16516978;0,27282235;0,57932454;3,18067169;1,00000000
1,90441903;0,16516978;0,27312991;0,57886314;3,18097925;1,00000000
1,90448570;0,16516978;0,27312991;0,57855558;3,18128681;1,00000000
1,90455237;0,16516978;0,27312991;0,57809424;3,18159461;1,00000000
1,90461904;0,16516978;0,27312991;0,57778668;3,18159461;1,00000000
1,90468572;0,16516978;0,27312991;0,57747906;3,18159461;1,00000000
1,90475239;0,16532359;0,27312991;0,57717150;3,18159461;1,00000000
1,90481906;0,16532359;0,27282235;0,57671016;3,18190217;1,00000000
1,90488573;0,16532359;0,27312991;0,57640254;3,18190217;1,00000000
1,90495240;0,16547737;0,27312991;0,57609499;3,18159461;1,00000000
1,90501908;0,16563116;0,27312991;0,57578737;3,18159461;1,00000000
1,90508575;0,16563116;0,27312991;0,57532603;3,18190217;1,00000000
1,90515242;0,16563116;0,27312991;0,57501847;3,18190217;1,00000000
1,90521909;0,16563116;0,27282235;0,57455707;3,18190217;1,00000000
1,90528576;0,16578494;0,27282235;0,57409573;3,18190217;1,00000000
1,90535244;0,16593874;0,27282235;0,57394195;3,18190217;1,00000000
1,90541911;0,16593874;0,27312991;0,57348061;3,18159461;1,00000000
1,90548578;0,16593874;0,27282235;0,57317299;3,18128681;1,00000000
1,90555245;0,16593874;0,27251476;0,57286543;3,18128681;1,00000000
1,90561912;0,16593874;0,27282235;0,57271159;3,18128681;1,00000000
1,90568580;0,16593874;0,27282235;0,57225025;3,18128681;1,00000000
1,90575247;0,16593874;0,27282235;0,57178891;3,18128681;1,00000000
1,90581914;0,16593874;0,27282235;0,57132751;3,18097925;1,00000000
1,90588581;0,16609251;0,27282235;0,57101995;3,18097925;1,00000000
1,90595248;0,16609251;0,27282235;0,57071233;3,18097925;1,00000000
1,90601916;0,16609251;0,27251476;0,57055855;3,18036413;1,00000000
1,90608583;0,16624631;0,27251476;0,57040477;3,18036413;1,00000000
1,90615250;0,16624631;0,27282235;0,57040477;3,18036413;1,00000000
1,90621917;0,16624631;0,27282235;0,57009721;3,18036413;1,00000000
1,90628584;0,16624631;0,27251476;0,56994343;3,18036413;1,00000000
1,90635252;0,16640009;0,27251476;0,56978959;3,18036413;1,00000000
1,90641919;0,16640009;0,27220720;0,56963581;3,18036413;1,00000000
1,90648586;0,16640009;0,27189961;0,56948203;3,17974901;1,00000000
1,90655253;0,16640009;0,27220720;0,56932825;3,17944145;1,00000000
1,90661920;0,16640009;0,27220720;0,56917441;3,17944145;1,00000000
1,90668588;0,16624631;0,27220720;0,56902063;3,17944145;1,00000000
1,90675255;0,16624631;0,27220720;0,56886685;3,17944145;1,00000000
1,90681922;0,16624631;0,27189961;0,56886685;3,17944145;1,00000000
1,90688589;0,16609251;0,27159202;0,56886685;3,17974901;1,00000000
1,90695256;0,16609251;0,27159202;0,56886685;3,18005657;1,00000000
1,90701924;0,16609251;0,27159202;0,56871307;3,17944145;1,00000000
1,90708591;0,16609251;0,27159202;0,56886685;3,17882633;1,00000000
1,90715258;0,16609251;0,27159202;0,56902063;3,17851877;1,00000000
1,90721925;0,16593874;0,27128446;0,56917441;3,17851877;1,00000000
1,90728592;0,16593874;0,27097687;0,56917441;3,17851877;1,00000000
1,90735260;0,16593874;0,27066928;0,56932825;3,17851877;1,00000000
1,90741927;0,16593874;0,27066928;0,56948203;3,17882633;1,00000000
1,90748594;0,16593874;0,27097687;0,56963581;3,17913389;1,00000000
1,90755261;0,16593874;0,27066928;0,56994343;3,17913389;1,00000000
1,90761928;0,16593874;0,27066928;0,57009721;3,17851877;1,00000000
1,90768596;0,16609251;0,27066928;0,57040477;3,17851877;1,00000000
1,90775263;0,16609251;0,27097687;0,57071233;3,17851877;1,00000000
1,90781930;0,16624631;0,27097687;0,57101995;3,17851877;1,00000000
1,90788597;0,16624631;0,27128446;0,57132751;3,17851877;1,00000000
1,90795264;0,16624631;0,27097687;0,57148129;3,17851877;1,00000000
1,90801932;0,16624631;0,27128446;0,57178891;3,17851877;1,00000000
1,90808599;0,16624631;0,27097687;0,57225025;3,17913389;1,00000000
1,90815266;0,16624631;0,27128446;0,57271159;3,17913389;1,00000000
1,90821933;0,16624631;0,27128446;0,57301921;3,17882633;1,00000000
1,90828600;0,16624631;0,27128446;0,57348061;3,17882633;1,00000000
1,90835268;0,16609251;0,27159202;0,57394195;3,17882633;1,00000000
1,90841935;0,16609251;0,27128446;0,57424951;3,17882633;1,00000000
1,90848602;0,16624631;0,27128446;0,57471091;3,17882633;1,00000000
1,90855269;0,16624631;0,27128446;0,57532603;3,17913389;1,00000000
1,90861936;0,16624631;0,27128446;0,57563359;3,17974901;1,00000000
1,90868604;0,16609251;0,27128446;0,57609499;3,18005657;1,00000000
1,90875271;0,16609251;0,27097687;0,57640254;3,17974901;1,00000000
1,90881938;0,16609251;0,27128446;0,57701772;3,17974901;1,00000000
1,90888605;0,16593874;0,27128446;0,57747906;3,17974901;1,00000000
1,90895272;0,16593874;0,27128446;0,57794046;3,17974901;1,00000000
1,90901940;0,16593874;0,27159202;0,57855558;3,18005657;1,00000000
1,90908607;0,16593874;0,27189961;0,57917076;3,18036413;1,00000000
1,90915274;0,16609251;0,27220720;0,57978594;3,18097925;1,00000000
1,90921941;0,16609251;0,27251476;0,58009350;3,18128681;1,00000000
1,90928608;0,16609251;0,27282235;0,58055484;3,18159461;1,00000000
1,90935276;0,16609251;0,27282235;0,58101624;3,18159461;1,00000000
1,90941943;0,16593874;0,27312991;0,58147764;3,18159461;1,00000000
1,90948610;0,16593874;0,27312991;0,58178520;3,18190217;1,00000000
1,90955277;0,16593874;0,27312991;0,58224654;3,18251729;1,00000000
1,90961944;0,16609251;0,27343750;0,58270794;3,18282485;1,00000000
1,90968612;0,16609251;0,27343750;0,58316928;3,18313241;1,00000000
1,90975279;0,16609251;0,27343750;0,58363068;3,18343997;1,00000000
1,90981946;0,16624631;0,27343750;0,58409202;3,18374753;1,00000000
1,90988613;0,16624631;0,27343750;0,58455342;3,18374753;1,00000000
1,90995280;0,16624631;0,27374509;0,58501476;3,18405509;1,00000000
1,91001948;0,16624631;0,27374509;0,58532232;3,18436265;1,00000000
1,91008615;0,16624631;0,27405265;0,58578372;3,18436265;1,00000000
1,91015282;0,16624631;0,27436024;0,58609128;3,18436265;1,00000000
1,91021949;0,16624631;0,27436024;0,58639890;3,18436265;1,00000000
1,91028616;0,16624631;0,27436024;0,58655268;3,18436265;1,00000000
1,91035284;0,16624631;0,27466780;0,58686024;3,18467021;1,00000000
1,91041951;0,16624631;0,27497539;0,58716780;3,18436265;1,00000000
1,91048618;0,16624631;0,27528298;0,58747536;3,18467021;1,00000000
1,91055285;0,16624631;0,27559054;0,58778298;3,18467021;1,00000000
1,91061952;0,16624631;0,27589813;0,58793676;3,18467021;1,00000000
1,91068620;0,16624631;0,27620572;0,58809054;3,18467021;1,00000000
1,91075287;0,16624631;0,27589813;0,58824432;3,18467021;1,00000000
1,91081954;0,16624631;0,27620572;0,58839810;3,18467021;1,00000000
1,91088621;0,16624631;0,27620572;0,58839810;3,18436265;1,00000000
1,91095288;0,16624631;0,27620572;0,58839810;3,18405509;1,00000000
1,91101956;0,16609251;0,27651328;0,58855188;3,18436265;1,00000000
1,91108623;0,16609251;0,27682087;0,58855188;3,18436265;1,00000000
1,91115290;0,16609251;0,27682087;0,58870566;3,18436265;1,00000000
1,91121957;0,16593874;0,27682087;0,58870566;3,18436265;1,00000000
1,91128624;0,16593874;0,27682087;0,58870566;3,18436265;1,00000000
1,91135292;0,16593874;0,27682087;0,58870566;3,18405509;1,00000000
1,91141959;0,16593874;0,27651328;0,58870566;3,18374753;1,00000000
1,91148626;0,16593874;0,27620572;0,58870566;3,18313241;1,00000000
1,91155293;0,16593874;0,27589813;0,58885950;3,18343997;1,00000000
1,91161960;0,16593874;0,27620572;0,58870566;3,18343997;1,00000000
1,91168628;0,16593874;0,27589813;0,58870566;3,18343997;1,00000000
1,91175295;0,16593874;0,27589813;0,58855188;3,18343997;1,00000000
1,91181962;0,16593874;0,27589813;0,58855188;3,18343997;1,00000000
1,91188629;0,16578494;0,27589813;0,58855188;3,18313241;1,00000000
1,91195296;0,16578494;0,27589813;0,58855188;3,18282485;1,00000000
1,91201964;0,16578494;0,27559054;0,58839810;3,18313241;1,00000000
1,91208631;0,16578494;0,27559054;0,58824432;3,18313241;1,00000000
1,91215298;0,16578494;0,27559054;0,58809054;3,18313241;1,00000000
1,91221965;0,16578494;0,27559054;0,58778298;3,18313241;1,00000000
1,91228632;0,16578494;0,27559054;0,58762920;3,18313241;1,00000000
1,91235300;0,16578494;0,27559054;0,58747536;3,18282485;1,00000000
1,91241967;0,16578494;0,27559054;0,58732158;3,18282485;1,00000000
1,91248634;0,16563116;0,27559054;0,58701402;3,18282485;1,00000000
1,91255301;0,16563116;0,27559054;0,58686024;3,18313241;1,00000000
1,91261968;0,16578494;0,27528298;0,58655268;3,18313241;1,00000000
1,91268636;0,16578494;0,27559054;0,58639890;3,18343997;1,00000000
1,91275303;0,16578494;0,27559054;0,58609128;3,18343997;1,00000000
1,91281970;0,16578494;0,27559054;0,58578372;3,18313241;1,00000000
1,91288637;0,16578494;0,27528298;0,58562988;3,18282485;1,00000000
1,91295304;0,16578494;0,27559054;0,58532232;3,18251729;1,00000000
1,91301972;0,16578494;0,27559054;0,58501476;3,18220973;1,00000000
1,91308639;0,16563116;0,27559054;0,58486098;3,18251729;1,00000000
1,91315306;0,16563116;0,27559054;0,58470720;3,18282485;1,00000000
1,91321973;0,16563116;0,27559054;0,58439958;3,18313241;1,00000000
1,91328640;0,16547737;0,27528298;0,58393824;3,18343997;1,00000000
1,91335308;0,16547737;0,27528298;0,58347690;3,18343997;1,00000000
1,91341975;0,16547737;0,27497539;0,58316928;3,18343997;1,00000000
1,91348642;0,16547737;0,27466780;0,58286172;3,18343997;1,00000000
1,91355309;0,16547737;0,27466780;0,58270794;3,18343997;1,00000000
1,91361976;0,16547737;0,27466780;0,58240032;3,18313241;1,00000000
1,91368644;0,16547737;0,27466780;0,58193898;3,18343997;1,00000000
1,91375311;0,16547737;0,27466780;0,58163142;3,18374753;1,00000000
1,91381978;0,16532359;0,27436024;0,58147764;3,18405509;1,00000000
1,91388645;0,16501600;0,27436024;0,58117002;3,18405509;1,00000000
1,91395312;0,16501600;0,27436024;0,58101624;3,18405509;1,00000000
1,91401980;0,16501600;0,27436024;0,58070862;3,18405509;1,00000000
1,91408647;0,16501600;0,27436024;0,58055484;3,18436265;1,00000000
1,91415314;0,16516978;0,27405265;0,58009350;3,18467021;1,00000000
1,91421981;0,16516978;0,27405265;0,57993972;3,18528533;1,00000000
1,91428648;0,16501600;0,27405265;0,57963216;3,18559289;1,00000000
1,91435316;0,16501600;0,27405265;0,57932454;3,18590045;1,00000000
1,91441983;0,16501600;0,27436024;0,57901698;3,18590045;1,00000000
1,91448650;0,16486220;0,27405265;0,57870936;3,18590045;1,00000000
1,91455317;0,16486220;0,27405265;0,57840180;3,18590045;1,00000000
1,91461984;0,16470842;0,27405265;0,57809424;3,18590045;1,00000000
1,91468652;0,16470842;0,27374509;0,57778668;3,18559289;1,00000000
1,91475319;0,16470842;0,27374509;0,57747906;3,18559289;1,00000000
1,91481986;0,16470842;0,27374509;0,57717150;3,18590045;1,00000000
1,91488653;0,16470842;0,27405265;0,57686394;3,18620801;1,00000000
1,91495320;0,16486220;0,27374509;0,57655638;3,18651581;1,00000000
1,91501988;0,16486220;0,27374509;0,57640254;3,18682337;1,00000000
1,91508655;0,16470842;0,27374509;0,57609499;3,18713093;1,00000000
1,91515322;0,16455463;0,27374509;0,57578737;3,18743849;1,00000000
1,91521989;0,16455463;0,27374509;0,57547981;3,18713093;1,00000000
1,91528656;0,16455463;0,27374509;0,57532603;3,18682337;1,00000000
1,91535324;0,16440085;0,27374509;0,57501847;3,18682337;1,00000000
1,91541991;0,16424704;0,27374509;0,57486469;3,18713093;1,00000000
1,91548658;0,16424704;0,27343750;0,57471091;3,18743849;1,00000000
1,91555325;0,16409326;0,27343750;0,57455707;3,18743849;1,00000000
1,91561992;0,16409326;0,27343750;0,57440329;3,18743849;1,00000000
1,91568660;0,16409326;0,27343750;0,57424951;3,18743849;1,00000000
1,91575327;0,16424704;0,27343750;0,57424951;3,18774605;1,00000000
1,91581994;0,16424704;0,27343750;0,57424951;3,18743849;1,00000000
1,91588661;0,16424704;0,27343750;0,57424951;3,18743849;1,00000000
1,91595328;0,16424704;0,27343750;0,57424951;3,18774605;1,00000000
1,91601996;0,16424704;0,27374509;0,57424951;3,18805361;1,00000000
1,91608663;0,16409326;0,27374509;0,57424951;3,18836117;1,00000000
1,91615330;0,16393946;0,27405265;0,57424951;3,18866873;1,00000000
1,91621997;0,16409326;0,27436024;0,57409573;3,18897629;1,00000000
1,91628664;0,16409326;0,27405265;0,57409573;3,18897629;1,00000000
1,91635332;0,16393946;0,27405265;0,57409573;3,18866873;1,00000000
1,91641999;0,16393946;0,27405265;0,57440329;3,18836117;1,00000000
1,91648666;0,16409326;0,27405265;0,57455707;3,18866873;1,00000000
1,91655333;0,16409326;0,27436024;0,57471091;3,18897629;1,00000000
1,91662000;0,16409326;0,27436024;0,57486469;3,18928385;1,00000000
1,91668668;0,16424704;0,27466780;0,57501847;3,18959141;1,00000000
1,91675335;0,16424704;0,27497539;0,57501847;3,18959141;1,00000000
1,91682002;0,16409326;0,27497539;0,57517225;3,18959141;1,00000000
1,91688669;0,16409326;0,27497539;0,57517225;3,18897629;1,00000000
1,91695336;0,16409326;0,27497539;0,57547981;3,18866873;1,00000000
1,91702004;0,16409326;0,27528298;0,57563359;3,18866873;1,00000000
1,91708671;0,16409326;0,27559054;0,57594121;3,18897629;1,00000000
1,91715338;0,16393946;0,27528298;0,57594121;3,18928385;1,00000000
1,91722005;0,16393946;0,27559054;0,57624876;3,18928385;1,00000000
1,91728672;0,16393946;0,27559054;0,57655638;3,18928385;1,00000000
1,91735340;0,16393946;0,27589813;0,57655638;3,18928385;1,00000000
1,91742007;0,16393946;0,27559054;0,57686394;3,18928385;1,00000000
1,91748674;0,16378568;0,27589813;0,57717150;3,18897629;1,00000000
1,91755341;0,16378568;0,27589813;0,57747906;3,18836117;1,00000000
1,91762008;0,16378568;0,27589813;0,57778668;3,18805361;1,00000000
1,91768676;0,16378568;0,27559054;0,57794046;3,18805361;1,00000000
1,91775343;0,16378568;0,27528298;0,57824802;3,18805361;1,00000000
1,91782010;0,16378568;0,27497539;0,57855558;3,18805361;1,00000000
1,91788677;0,16393946;0,27497539;0,57886314;3,18774605;1,00000000
1,91795344;0,16393946;0,27466780;0,57901698;3,18743849;1,00000000
1,91802012;0,16378568;0,27466780;0,57932454;3,18743849;1,00000000
1,91808679;0,16378568;0,27466780;0,57963216;3,18713093;1,00000000
1,91815346;0,16378568;0,27466780;0,57978594;3,18682337;1,00000000
1,91822013;0,16393946;0,27466780;0,58009350;3,18651581;1,00000000
1,91828680;0,16393946;0,27466780;0,58040106;3,18651581;1,00000000
1,91835348;0,16393946;0,27436024;0,58055484;3,18651581;1,00000000
1,91842015;0,16409326;0,27466780;0,58086246;3,18620801;1,00000000
1,91848682;0,16409326;0,27436024;0,58101624;3,18590045;1,00000000
1,91855349;0,16424704;0,27466780;0,58132380;3,18590045;1,00000000
1,91862016;0,16424704;0,27466780;0,58147764;3,18559289;1,00000000
1,91868684;0,16440085;0,27497539;0,58163142;3,18528533;1,00000000
1,91875351;0,16455463;0,27466780;0,58209276;3,18467021;1,00000000
1,91882018;0,16455463;0,27466780;0,58224654;3,18436265;1,00000000
1,91888685;0,16470842;0,27436024;0,58255410;3,18405509;1,00000000
1,91895352;0,16470842;0,27405265;0,58270794;3,18374753;1,00000000
1,91902020;0,16470842;0,27405265;0,58286172;3,18343997;1,00000000
1,91908687;0,16470842;0,27405265;0,58316928;3,18343997;1,00000000
1,91915354;0,16486220;0,27405265;0,58347690;3,18313241;1,00000000
1,91922021;0,16486220;0,27374509;0,58378446;3,18282485;1,00000000
1,91928688;0,16486220;0,27374509;0,58409202;3,18251729;1,00000000
1,91935356;0,16501600;0,27343750;0,58424580;3,18251729;1,00000000
1,91942023;0,16501600;0,27312991;0,58439958;3,18220973;1,00000000
1,91948690;0,16501600;0,27312991;0,58455342;3,18190217;1,00000000
1,91955357;0,16516978;0,27312991;0,58470720;3,18190217;1,00000000
1,91962024;0,16516978;0,27282235;0,58486098;3,18190217;1,00000000
1,91968692;0,16516978;0,27251476;0,58501476;3,18159461;1,00000000
1,91975359;0,16501600;0,27251476;0,58532232;3,18128681;1,00000000
1,91982026;0,16501600;0,27251476;0,58547610;3,18067169;1,00000000
1,91988693;0,16486220;0,27282235;0,58578372;3,18067169;1,00000000
1,91995360;0,16470842;0,27251476;0,58593750;3,18036413;1,00000000
1,92002028;0,16455463;0,27251476;0,58624506;3,18036413;1,00000000
1,92008695;0,16455463;0,27220720;0,58655268;3,18067169;1,00000000
1,92015362;0,16455463;0,27189961;0,58686024;3,18067169;1,00000000
1,92022029;0,16440085;0,27159202;0,58701402;3,18067169;1,00000000
1,92028696;0,16440085;0,27159202;0,58716780;3,18067169;1,00000000
1,92035364;0,16440085;0,27128446;0,58732158;3,18067169;1,00000000
1,92042031;0,16440085;0,27128446;0,58747536;3,18036413;1,00000000
1,92048698;0,16424704;0,27097687;0,58762920;3,18036413;1,00000000
1,92055365;0,16409326;0,27066928;0,58778298;3,18067169;1,00000000
1,92062032;0,16393946;0,27066928;0,58793676;3,18097925;1,00000000
1,92068700;0,16393946;0,27066928;0,58809054;3,18097925;1,00000000
1,92075367;0,16378568;0,27036172;0,58824432;3,18097925;1,00000000
1,92082034;0,16378568;0,27036172;0,58824432;3,18097925;1,00000000
1,92088701;0,16363189;0,27036172;0,58839810;3,18097925;1,00000000
1,92095368;0,16363189;0,27036172;0,58855188;3,18067169;1,00000000
1,92102036;0,16363189;0,27066928;0,58855188;3,18067169;1,00000000
1,92108703;0,16347811;0,27097687;0,58870566;3,18097925;1,00000000
1,92115370;0,16347811;0,27128446;0,58885950;3,18128681;1,00000000
1,92122037;0,16332431;0,27159202;0,58901328;3,18128681;1,00000000
1,92128704;0,16332431;0,27159202;0,58901328;3,18128681;1,00000000
1,92135372;0,16332431;0,27159202;0,58916706;3,18159461;1,00000000
1,92142039;0,16332431;0,27189961;0,58901328;3,18190217;1,00000000
1,92148706;0,16347811;0,27189961;0,58916706;3,18220973;1,00000000
1,92155373;0,16363189;0,27159202;0,58901328;3,18251729;1,00000000
1,92162040;0,16363189;0,27159202;0,58916706;3,18282485;1,00000000
1,92168708;0,16363189;0,27189961;0,58916706;3,18282485;1,00000000
1,92175375;0,16363189;0,27220720;0,58901328;3,18282485;1,00000000
1,92182042;0,16363189;0,27251476;0,58885950;3,18282485;1,00000000
1,92188709;0,16363189;0,27282235;0,58870566;3,18251729;1,00000000
1,92195376;0,16378568;0,27282235;0,58855188;3,18251729;1,00000000
1,92202044;0,16363189;0,27282235;0,58839810;3,18282485;1,00000000
1,92208711;0,16378568;0,27282235;0,58824432;3,18313241;1,00000000
1,92215378;0,16393946;0,27251476;0,58809054;3,18343997;1,00000000
1,92222045;0,16409326;0,27251476;0,58793676;3,18343997;1,00000000
1,92228712;0,16424704;0,27251476;0,58793676;3,18343997;1,00000000
1,92235380;0,16409326;0,27220720;0,58778298;3,18343997;1,00000000
1,92242047;0,16393946;0,27220720;0,58747536;3,18343997;1,00000000
1,92248714;0,16393946;0,27189961;0,58732158;3,18405509;1,00000000
1,92255381;0,16393946;0,27220720;0,58716780;3,18436265;1,00000000
1,92262048;0,16393946;0,27251476;0,58686024;3,18467021;1,00000000
1,92268716;0,16409326;0,27220720;0,58655268;3,18467021;1,00000000
1,92275383;0,16409326;0,27189961;0,58639890;3,18467021;1,00000000
1,92282050;0,16424704;0,27159202;0,58609128;3,18467021;1,00000000
1,92288717;0,16440085;0,27159202;0,58593750;3,18467021;1,00000000
1,92295384;0,16440085;0,27189961;0,58562988;3,18467021;1,00000000
1,92302052;0,16455463;0,27220720;0,58532232;3,18467021;1,00000000
1,92308719;0,16470842;0,27251476;0,58501476;3,18559289;1,00000000
1,92315386;0,16455463;0,27282235;0,58470720;3,18559289;1,00000000
1,92322053;0,16470842;0,27251476;0,58424580;3,18559289;1,00000000
1,92328720;0,16470842;0,27251476;0,58393824;3,18559289;1,00000000
1,92335388;0,16486220;0,27251476;0,58363068;3,18559289;1,00000000
1,92342055;0,16470842;0,27282235;0,58316928;3,18528533;1,00000000
1,92348722;0,16470842;0,27312991;0,58286172;3,18467021;1,00000000
1,92355389;0,16486220;0,27343750;0,58255410;3,18559289;1,00000000
1,92362056;0,16501600;0,27343750;0,58224654;3,18559289;1,00000000
1,92368724;0,16501600;0,27312991;0,58193898;3,18559289;1,00000000
1,92375391;0,16501600;0,27312991;0,58163142;3,18559289;1,00000000
1,92382058;0,16501600;0,27312991;0,58132380;3,18559289;1,00000000
1,92388725;0,16501600;0,27312991;0,58086246;3,18590045;1,00000000
1,92395392;0,16501600;0,27312991;0,58040106;3,18590045;1,00000000
1,92402060;0,16501600;0,27312991;0,57993972;3,18528533;1,00000000
1,92408727;0,16501600;0,27312991;0,57963216;3,18559289;1,00000000
1,92415394;0,16516978;0,27312991;0,57932454;3,18590045;1,00000000
1,92422061;0,16516978;0,27282235;0,57901698;3,18590045;1,00000000
1,92428728;0,16532359;0,27312991;0,57855558;3,18590045;1,00000000
1,92435396;0,16532359;0,27343750;0,57809424;3,18590045;1,00000000
1,92442063;0,16547737;0,27374509;0,57747906;3,18620801;1,00000000
1,92448730;0,16547737;0,27374509;0,57717150;3,18620801;1,00000000
1,92455397;0,16563116;0,27343750;0,57686394;3,18559289;1,00000000
1,92462064;0,16563116;0,27374509;0,57624876;3,18528533;1,00000000
1,92468732;0,16563116;0,27374509;0,57594121;3,18559289;1,00000000
1,92475399;0,16563116;0,27374509;0,57547981;3,18559289;1,00000000
1,92482066;0,16563116;0,27374509;0,57501847;3,18559289;1,00000000
1,92488733;0,16563116;0,27405265;0,57471091;3,18559289;1,00000000
1,92495400;0,16578494;0,27405265;0,57424951;3,18590045;1,00000000
1,92502068;0,16593874;0,27436024;0,57394195;3,18620801;1,00000000
1,92508735;0,16593874;0,27405265;0,57378817;3,18620801;1,00000000
1,92515402;0,16609251;0,27405265;0,57348061;3,18590045;1,00000000
1,92522069;0,16609251;0,27405265;0,57301921;3,18620801;1,00000000
1,92528736;0,16609251;0,27374509;0,57271159;3,18651581;1,00000000
1,92535404;0,16609251;0,27374509;0,57225025;3,18651581;1,00000000
1,92542071;0,16624631;0,27343750;0,57163513;3,18682337;1,00000000
1,92548738;0,16624631;0,27374509;0,57132751;3,18682337;1,00000000
1,92555405;0,16640009;0,27405265;0,57086611;3,18682337;1,00000000
1,92562072;0,16640009;0,27436024;0,57040477;3,18620801;1,00000000
1,92568740;0,16640009;0,27466780;0,57009721;3,18590045;1,00000000
1,92575407;0,16670766;0,27497539;0,56963581;3,18559289;1,00000000
1,92582074;0,16670766;0,27528298;0,56932825;3,18590045;1,00000000
1,92588741;0,16686147;0,27497539;0,56886685;3,18590045;1,00000000
1,92595408;0,16716905;0,27466780;0,56855929;3,18590045;1,00000000
1,92602076;0,16732283;0,27466780;0,56825173;3,18590045;1,00000000
1,92608743;0,16732283;0,27436024;0,56794411;3,18590045;1,00000000
1,92615410;0,16747662;0,27405265;0,56748277;3,18528533;1,00000000
1,92622077;0,16747662;0,27374509;0,56717521;3,18436265;1,00000000
1,92628744;0,16747662;0,27343750;0,56702143;3,18405509;1,00000000
1,92635412;0,16747662;0,27343750;0,56686765;3,18374753;1,00000000
1,92642079;0,16747662;0,27343750;0,56656003;3,18374753;1,00000000
1,92648746;0,16763040;0,27312991;0,56625247;3,18374753;1,00000000
1,92655413;0,16763040;0,27312991;0,56609863;3,18374753;1,00000000
1,92662080;0,16763040;0,27282235;0,56609863;3,18343997;1,00000000
1,92668748;0,16763040;0,27251476;0,56609863;3,18343997;1,00000000
1,92675415;0,16763040;0,27251476;0,56594485;3,18313241;1,00000000
1,92682082;0,16763040;0,27220720;0,56579107;3,18282485;1,00000000
1,92688749;0,16747662;0,27189961;0,56563729;3,18251729;1,00000000
1,92695416;0,16747662;0,27189961;0,56563729;3,18251729;1,00000000
1,92702084;0,16747662;0,27189961;0,56563729;3,18251729;1,00000000
1,92708751;0,16763040;0,27159202;0,56563729;3,18251729;1,00000000
1,92715418;0,16763040;0,27128446;0,56563729;3,18282485;1,00000000
1,92722085;0,16778421;0,27097687;0,56579107;3,18313241;1,00000000
1,92728752;0,16778421;0,27128446;0,56594485;3,18282485;1,00000000
1,92735420;0,16778421;0,27128446;0,56609863;3,18282485;1,00000000
1,92742087;0,16778421;0,27097687;0,56625247;3,18251729;1,00000000
1,92748754;0,16778421;0,27097687;0,56656003;3,18251729;1,00000000
1,92755421;0,16778421;0,27097687;0,56671381;3,18251729;1,00000000
1,92762088;0,16778421;0,27097687;0,56686765;3,18251729;1,00000000
1,92768756;0,16778421;0,27097687;0,56717521;3,18282485;1,00000000
1,92775423;0,16778421;0,27097687;0,56763655;3,18313241;1,00000000
1,92782090;0,16778421;0,27097687;0,56779033;3,18282485;1,00000000
1,92788757;0,16778421;0,27066928;0,56809795;3,18251729;1,00000000
1,92795424;0,16778421;0,27066928;0,56855929;3,18282485;1,00000000
1,92802092;0,16778421;0,27036172;0,56886685;3,18313241;1,00000000
1,92808759;0,16778421;0,27036172;0,56932825;3,18313241;1,00000000
1,92815426;0,16793799;0,27036172;0,56978959;3,18313241;1,00000000
1,92822093;0,16793799;0,27066928;0,57025099;3,18343997;1,00000000
1,92828760;0,16793799;0,27097687;0,57071233;3,18374753;1,00000000
1,92835428;0,16793799;0,27097687;0,57101995;3,18405509;1,00000000
1,92842095;0,16793799;0,27128446;0,57148129;3,18436265;1,00000000
1,92848762;0,16793799;0,27128446;0,57209647;3,18467021;1,00000000
1,92855429;0,16793799;0,27159202;0,57255781;3,18528533;1,00000000
1,92862096;0,16793799;0,27189961;0,57301921;3,18528533;1,00000000
1,92868764;0,16793799;0,27189961;0,57348061;3,18559289;1,00000000
1,92875431;0,16793799;0,27189961;0,57394195;3,18590045;1,00000000
1,92882098;0,16793799;0,27189961;0,57440329;3,18620801;1,00000000
1,92888765;0,16793799;0,27220720;0,57486469;3,18651581;1,00000000
1,92895432;0,16809179;0,27220720;0,57517225;3,18651581;1,00000000
1,92902100;0,16809179;0,27220720;0,57547981;3,18682337;1,00000000
1,92908767;0,16809179;0,27251476;0,57609499;3,18682337;1,00000000
1,92915434;0,16809179;0,27282235;0,57655638;3,18682337;1,00000000
1,92922101;0,16809179;0,27282235;0,57701772;3,18682337;1,00000000
1,92928768;0,16809179;0,27312991;0,57747906;3,18713093;1,00000000
1,92935436;0,16809179;0,27312991;0,57809424;3,18743849;1,00000000
1,92942103;0,16809179;0,27312991;0,57855558;3,18805361;1,00000000
1,92948770;0,16809179;0,27343750;0,57901698;3,18836117;1,00000000
1,92955437;0,16824557;0,27374509;0,57963216;3,18805361;1,00000000
1,92962104;0,16839936;0,27405265;0,58009350;3,18805361;1,00000000
1,92968772;0,16839936;0,27436024;0,58055484;3,18805361;1,00000000
1,92975439;0,16839936;0,27436024;0,58101624;3,18774605;1,00000000
1,92982106;0,16839936;0,27466780;0,58147764;3,18774605;1,00000000
1,92988773;0,16839936;0,27497539;0,58193898;3,18805361;1,00000000
1,92995440;0,16839936;0,27528298;0,58224654;3,18836117;1,00000000
1,93002108;0,16839936;0,27528298;0,58270794;3,18836117;1,00000000
1,93008775;0,16839936;0,27528298;0,58316928;3,18836117;1,00000000
1,93015442;0,16839936;0,27528298;0,58347690;3,18866873;1,00000000
1,93022109;0,16839936;0,27559054;0,58378446;3,18897629;1,00000000
1,93028776;0,16839936;0,27559054;0,58409202;3,18897629;1,00000000
1,93035444;0,16839936;0,27589813;0,58455342;3,18897629;1,00000000
1,93042111;0,16839936;0,27620572;0,58486098;3,18897629;1,00000000
1,93048778;0,16839936;0,27651328;0,58516854;3,18897629;1,00000000
1,93055445;0,16839936;0,27651328;0,58547610;3,18897629;1,00000000
1,93062112;0,16839936;0,27620572;0,58562988;3,18897629;1,00000000
1,93068780;0,16839936;0,27651328;0,58593750;3,18897629;1,00000000
1,93075447;0,16839936;0,27682087;0,58624506;3,18866873;1,00000000
1,93082114;0,16839936;0,27651328;0,58639890;3,18836117;1,00000000
1,93088781;0,16839936;0,27682087;0,58655268;3,18805361;1,00000000
1,93095448;0,16870694;0,27682087;0,58655268;3,18774605;1,00000000
1,93102116;0,16870694;0,27682087;0,58655268;3,18774605;1,00000000
1,93108783;0,16870694;0,27682087;0,58655268;3,18774605;1,00000000
1,93115450;0,16870694;0,27682087;0,58655268;3,18743849;1,00000000
1,93122117;0,16855314;0,27682087;0,58670646;3,18713093;1,00000000
1,93128784;0,16855314;0,27651328;0,58670646;3,18682337;1,00000000
1,93135452;0,16839936;0,27620572;0,58670646;3,18651581;1,00000000
1,93142119;0,16839936;0,27620572;0,58670646;3,18620801;1,00000000
1,93148786;0,16839936;0,27589813;0,58670646;3,18620801;1,00000000
1,93155453;0,16839936;0,27620572;0,58670646;3,18620801;1,00000000
1,93162120;0,16839936;0,27620572;0,58670646;3,18620801;1,00000000
1,93168788;0,16839936;0,27620572;0,58655268;3,18620801;1,00000000
1,93175455;0,16839936;0,27651328;0,58655268;3,18620801;1,00000000
1,93182122;0,16839936;0,27651328;0,58639890;3,18590045;1,00000000
1,93188789;0,16839936;0,27620572;0,58624506;3,18590045;1,00000000
1,93195456;0,16839936;0,27589813;0,58624506;3,18590045;1,00000000
1,93202124;0,16824557;0,27589813;0,58624506;3,18590045;1,00000000
1,93208791;0,16824557;0,27620572;0,58609128;3,18590045;1,00000000
1,93215458;0,16824557;0,27620572;0,58609128;3,18559289;1,00000000
1,93222125;0,16824557;0,27651328;0,58609128;3,18467021;1,00000000
1,93228792;0,16824557;0,27682087;0,58593750;3,18528533;1,00000000
1,93235460;0,16824557;0,27682087;0,58593750;3,18559289;1,00000000
1,93242127;0,16824557;0,27743602;0,58578372;3,18590045;1,00000000
1,93248794;0,16824557;0,27743602;0,58562988;3,18590045;1,00000000
1,93255461;0,16824557;0,27743602;0,58532232;3,18590045;1,00000000
1,93262128;0,16824557;0,27682087;0,58501476;3,18590045;1,00000000
1,93268796;0,16824557;0,27743602;0,58470720;3,18559289;1,00000000
1,93275463;0,16824557;0,27774361;0,58439958;3,18559289;1,00000000
1,93282130;0,16809179;0,27774361;0,58409202;3,18528533;1,00000000
1,93288797;0,16809179;0,27774361;0,58378446;3,18559289;1,00000000
1,93295464;0,16809179;0,27805117;0,58347690;3,18590045;1,00000000
1,93302132;0,16809179;0,27774361;0,58332312;3,18590045;1,00000000
1,93308799;0,16809179;0,27743602;0,58301550;3,18590045;1,00000000
1,93315466;0,16809179;0,27774361;0,58270794;3,18559289;1,00000000
1,93322133;0,16809179;0,27743602;0,58255410;3,18559289;1,00000000
1,93328800;0,16793799;0,27682087;0,58240032;3,18559289;1,00000000
1,93335468;0,16793799;0,27682087;0,58224654;3,18559289;1,00000000
1,93342135;0,16793799;0,27682087;0,58209276;3,18590045;1,00000000
1,93348802;0,16793799;0,27651328;0,58178520;3,18620801;1,00000000
1,93355469;0,16778421;0,27620572;0,58132380;3,18651581;1,00000000
1,93362136;0,16763040;0,27589813;0,58117002;3,18620801;1,00000000
1,93368804;0,16763040;0,27589813;0,58086246;3,18620801;1,00000000
1,93375471;0,16747662;0,27559054;0,58055484;3,18620801;1,00000000
1,93382138;0,16747662;0,27528298;0,58040106;3,18620801;1,00000000
1,93388805;0,16747662;0,27528298;0,58009350;3,18620801;1,00000000
1,93395472;0,16747662;0,27528298;0,57978594;3,18713093;1,00000000
1,93402140;0,16747662;0,27559054;0,57932454;3,18743849;1,00000000
1,93408807;0,16747662;0,27528298;0,57901698;3,18743849;1,00000000
1,93415474;0,16747662;0,27497539;0,57870936;3,18743849;1,00000000
1,93422141;0,16747662;0,27497539;0,57855558;3,18743849;1,00000000
1,93428808;0,16732283;0,27466780;0,57809424;3,18743849;1,00000000
1,93435476;0,16732283;0,27497539;0,57778668;3,18743849;1,00000000
1,93442143;0,16732283;0,27466780;0,57763284;3,18743849;1,00000000
1,93448810;0,16716905;0,27466780;0,57732528;3,18743849;1,00000000
1,93455477;0,16716905;0,27466780;0,57701772;3,18805361;1,00000000
1,93462144;0,16716905;0,27436024;0,57671016;3,18836117;1,00000000
1,93468812;0,16716905;0,27436024;0,57640254;3,18866873;1,00000000
1,93475479;0,16716905;0,27436024;0,57624876;3,18866873;1,00000000
1,93482146;0,16716905;0,27436024;0,57594121;3,18866873;1,00000000
1,93488813;0,16716905;0,27436024;0,57563359;3,18866873;1,00000000
1,93495480;0,16701525;0,27466780;0,57532603;3,18866873;1,00000000
1,93502148;0,16701525;0,27466780;0,57517225;3,18866873;1,00000000
1,93508815;0,16701525;0,27436024;0,57486469;3,18805361;1,00000000
1,93515482;0,16701525;0,27436024;0,57471091;3,18805361;1,00000000
1,93522149;0,16716905;0,27405265;0,57440329;3,18836117;1,00000000
1,93528816;0,16701525;0,27374509;0,57409573;3,18866873;1,00000000
1,93535484;0,16701525;0,27374509;0,57394195;3,18866873;1,00000000
1,93542151;0,16701525;0,27374509;0,57394195;3,18866873;1,00000000
1,93548818;0,16686147;0,27343750;0,57378817;3,18866873;1,00000000
1,93555485;0,16686147;0,27374509;0,57378817;3,18897629;1,00000000
1,93562152;0,16670766;0,27343750;0,57363439;3,18866873;1,00000000
1,93568820;0,16670766;0,27312991;0,57363439;3,18866873;1,00000000
1,93575487;0,16670766;0,27282235;0,57363439;3,18866873;1,00000000
1,93582154;0,16655388;0,27282235;0,57348061;3,18866873;1,00000000
1,93588821;0,16655388;0,27251476;0,57363439;3,18897629;1,00000000
1,93595488;0,16640009;0,27251476;0,57363439;3,18897629;1,00000000
1,93602156;0,16640009;0,27251476;0,57363439;3,18897629;1,00000000
1,93608823;0,16624631;0,27251476;0,57363439;3,18897629;1,00000000
1,93615490;0,16624631;0,27251476;0,57363439;3,18897629;1,00000000
1,93622157;0,16609251;0,27220720;0,57363439;3,18897629;1,00000000
1,93628824;0,16624631;0,27220720;0,57363439;3,18897629;1,00000000
1,93635492;0,16624631;0,27189961;0,57363439;3,18928385;1,00000000
1,93642159;0,16624631;0,27189961;0,57378817;3,18928385;1,00000000
1,93648826;0,16640009;0,27189961;0,57409573;3,18959141;1,00000000
1,93655493;0,16640009;0,27220720;0,57440329;3,18959141;1,00000000
1,93662160;0,16624631;0,27220720;0,57455707;3,18959141;1,00000000
1,93668828;0,16624631;0,27251476;0,57471091;3,18959141;1,00000000
1,93675495;0,16624631;0,27282235;0,57501847;3,18959141;1,00000000
1,93682162;0,16624631;0,27282235;0,57501847;3,18959141;1,00000000
1,93688829;0,16624631;0,27312991;0,57532603;3,18959141;1,00000000
1,93695496;0,16640009;0,27282235;0,57547981;3,18959141;1,00000000
1,93702164;0,16640009;0,27282235;0,57578737;3,18959141;1,00000000
1,93708831;0,16655388;0,27312991;0,57594121;3,18959141;1,00000000
1,93715498;0,16670766;0,27312991;0,57609499;3,18928385;1,00000000
1,93722165;0,16686147;0,27343750;0,57624876;3,18928385;1,00000000
1,93728832;0,16686147;0,27374509;0,57655638;3,18928385;1,00000000
1,93735500;0,16701525;0,27374509;0,57686394;3,18897629;1,00000000
1,93742167;0,16701525;0,27374509;0,57717150;3,18897629;1,00000000
1,93748834;0,16701525;0,27374509;0,57747906;3,18897629;1,00000000
1,93755501;0,16716905;0,27405265;0,57778668;3,18897629;1,00000000
1,93762168;0,16716905;0,27436024;0,57809424;3,18866873;1,00000000
1,93768836;0,16732283;0,27466780;0,57840180;3,18836117;1,00000000
1,93775503;0,16716905;0,27497539;0,57855558;3,18836117;1,00000000
1,93782170;0,16732283;0,27497539;0,57886314;3,18836117;1,00000000
1,93788837;0,16732283;0,27466780;0,57901698;3,18836117;1,00000000
1,93795504;0,16732283;0,27436024;0,57917076;3,18805361;1,00000000
1,93802172;0,16716905;0,27405265;0,57947832;3,18774605;1,00000000
1,93808839;0,16701525;0,27405265;0,57978594;3,18743849;1,00000000
1,93815506;0,16701525;0,27374509;0,58009350;3,18682337;1,00000000
1,93822173;0,16716905;0,27343750;0,58040106;3,18651581;1,00000000
1,93828840;0,16732283;0,27312991;0,58070862;3,18651581;1,00000000
1,93835508;0,16732283;0,27343750;0,58101624;3,18651581;1,00000000
1,93842175;0,16732283;0,27343750;0,58132380;3,18620801;1,00000000
1,93848842;0,16747662;0,27343750;0,58163142;3,18528533;1,00000000
1,93855509;0,16732283;0,27343750;0,58178520;3,18436265;1,00000000
1,93862176;0,16716905;0,27343750;0,58209276;3,18374753;1,00000000
1,93868844;0,16732283;0,27312991;0,58224654;3,18313241;1,00000000
1,93875511;0,16732283;0,27312991;0,58240032;3,18282485;1,00000000
1,93882178;0,16747662;0,27282235;0,58270794;3,18282485;1,00000000
1,93888845;0,16732283;0,27251476;0,58301550;3,18282485;1,00000000
1,93895512;0,16747662;0,27251476;0,58332312;3,18282485;1,00000000
1,93902180;0,16747662;0,27220720;0,58363068;3,18282485;1,00000000
1,93908847;0,16747662;0,27189961;0,58393824;3,18251729;1,00000000
1,93915514;0,16732283;0,27159202;0,58424580;3,18190217;1,00000000
1,93922181;0,16732283;0,27159202;0,58455342;3,18128681;1,00000000
1,93928848;0,16732283;0,27159202;0,58486098;3,18097925;1,00000000
1,93935516;0,16732283;0,27159202;0,58501476;3,18097925;1,00000000
1,93942183;0,16732283;0,27189961;0,58532232;3,18097925;1,00000000
1,93948850;0,16732283;0,27189961;0,58562988;3,18097925;1,00000000
1,93955517;0,16732283;0,27189961;0,58593750;3,18067169;1,00000000
1,93962184;0,16732283;0,27159202;0,58624506;3,18036413;1,00000000
1,93968852;0,16732283;0,27128446;0,58639890;3,17974901;1,00000000
1,93975519;0,16716905;0,27159202;0,58655268;3,17944145;1,00000000
1,93982186;0,16716905;0,27159202;0,58670646;3,17944145;1,00000000
1,93988853;0,16716905;0,27159202;0,58701402;3,17944145;1,00000000
1,93995520;0,16701525;0,27189961;0,58716780;3,17944145;1,00000000
1,94002188;0,16701525;0,27159202;0,58732158;3,17913389;1,00000000
1,94008855;0,16686147;0,27128446;0,58747536;3,17882633;1,00000000
1,94015522;0,16670766;0,27097687;0,58762920;3,17821121;1,00000000
1,94022189;0,16670766;0,27066928;0,58778298;3,17821121;1,00000000
1,94028856;0,16655388;0,27066928;0,58793676;3,17821121;1,00000000
1,94035524;0,16655388;0,27097687;0,58809054;3,17821121;1,00000000
1,94042191;0,16655388;0,27097687;0,58824432;3,17821121;1,00000000
1,94048858;0,16655388;0,27066928;0,58839810;3,17821121;1,00000000
1,94055525;0,16670766;0,27036172;0,58855188;3,17851877;1,00000000
1,94062192;0,16655388;0,27036172;0,58870566;3,17821121;1,00000000
1,94068860;0,16640009;0,27036172;0,58885950;3,17821121;1,00000000
1,94075527;0,16640009;0,27036172;0,58901328;3,17821121;1,00000000
1,94082194;0,16640009;0,27005413;0,58916706;3,17821121;1,00000000
1,94088861;0,16655388;0,26974654;0,58932084;3,17851877;1,00000000
1,94095528;0,16655388;0,26974654;0,58962846;3,17851877;1,00000000
1,94102196;0,16655388;0,27005413;0,58978224;3,17851877;1,00000000
1,94108863;0,16670766;0,27005413;0,58993602;3,17882633;1,00000000
1,94115530;0,16686147;0,27005413;0,59008980;3,17882633;1,00000000
1,94122197;0,16670766;0,26974654;0,58993602;3,17882633;1,00000000
1,94128864;0,16670766;0,27005413;0,58978224;3,17913389;1,00000000
1,94135532;0,16655388;0,27005413;0,58993602;3,17944145;1,00000000
1,94142199;0,16655388;0,27005413;0,59008980;3,17974901;1,00000000
1,94148866;0,16655388;0,27005413;0,59024358;3,17974901;1,00000000
1,94155533;0,16670766;0,27036172;0,59024358;3,17944145;1,00000000
1,94162200;0,16655388;0,27036172;0,59024358;3,17974901;1,00000000
1,94168868;0,16655388;0,27036172;0,59024358;3,18005657;1,00000000
1,94175535;0,16670766;0,27036172;0,59024358;3,18036413;1,00000000
1,94182202;0,16655388;0,27005413;0,59008980;3,18067169;1,00000000
1,94188869;0,16655388;0,26974654;0,59008980;3,18067169;1,00000000
1,94195536;0,16640009;0,26974654;0,58993602;3,18097925;1,00000000
1,94202204;0,16624631;0,26943898;0,58978224;3,18067169;1,00000000
1,94208871;0,16609251;0,26943898;0,58978224;3,18036413;1,00000000
1,94215538;0,16609251;0,26943898;0,58932084;3,18036413;1,00000000
1,94222205;0,16593874;0,26974654;0,58916706;3,18036413;1,00000000
1,94228872;0,16609251;0,26974654;0,58901328;3,18036413;1,00000000
1,94235540;0,16624631;0,26974654;0,58885950;3,18067169;1,00000000
1,94242207;0,16624631;0,26943898;0,58885950;3,18097925;1,00000000
1,94248874;0,16640009;0,26943898;0,58870566;3,18067169;1,00000000
1,94255541;0,16640009;0,26913139;0,58855188;3,18067169;1,00000000
1,94262208;0,16624631;0,26882383;0,58839810;3,18067169;1,00000000
1,94268876;0,16624631;0,26882383;0,58824432;3,18097925;1,00000000
1,94275543;0,16624631;0,26882383;0,58809054;3,18128681;1,00000000
1,94282210;0,16624631;0,26851624;0,58793676;3,18159461;1,00000000
1,94288877;0,16640009;0,26820865;0,58778298;3,18190217;1,00000000
1,94295544;0,16624631;0,26851624;0,58762920;3,18190217;1,00000000
1,94302212;0,16624631;0,26882383;0,58747536;3,18190217;1,00000000
1,94308879;0,16609251;0,26882383;0,58732158;3,18190217;1,00000000
1,94315546;0,16624631;0,26882383;0,58701402;3,18220973;1,00000000
1,94322213;0,16609251;0,26913139;0,58686024;3,18282485;1,00000000
1,94328880;0,16624631;0,26943898;0,58655268;3,18343997;1,00000000
1,94335548;0,16624631;0,26974654;0,58624506;3,18374753;1,00000000
1,94342215;0,16624631;0,26943898;0,58609128;3,18374753;1,00000000
1,94348882;0,16640009;0,26913139;0,58578372;3,18374753;1,00000000
1,94355549;0,16655388;0,26913139;0,58547610;3,18374753;1,00000000
1,94362216;0,16670766;0,26943898;0,58516854;3,18374753;1,00000000
1,94368884;0,16670766;0,26943898;0,58470720;3,18374753;1,00000000
1,94375551;0,16686147;0,26943898;0,58424580;3,18343997;1,00000000
1,94382218;0,16701525;0,26943898;0,58378446;3,18374753;1,00000000
1,94388885;0,16716905;0,26974654;0,58363068;3,18374753;1,00000000
1,94395552;0,16716905;0,27005413;0,58332312;3,18374753;1,00000000
1,94402220;0,16732283;0,26974654;0,58286172;3,18374753;1,00000000
1,94408887;0,16732283;0,26974654;0,58240032;3,18374753;1,00000000
1,94415554;0,16716905;0,26974654;0,58193898;3,18374753;1,00000000
1,94422221;0,16732283;0,26974654;0,58147764;3,18374753;1,00000000
1,94428888;0,16732283;0,27005413;0,58117002;3,18343997;1,00000000
1,94435556;0,16732283;0,27005413;0,58070862;3,18374753;1,00000000
1,94442223;0,16732283;0,27036172;0,58040106;3,18374753;1,00000000
1,94448890;0,16747662;0,27036172;0,58009350;3,18374753;1,00000000
1,94455557;0,16763040;0,27005413;0,57963216;3,18374753;1,00000000
1,94462224;0,16778421;0,27005413;0,57932454;3,18374753;1,00000000
1,94468892;0,16793799;0,26974654;0,57901698;3,18374753;1,00000000
1,94475559;0,16809179;0,26974654;0,57855558;3,18374753;1,00000000
1,94482226;0,16809179;0,26943898;0,57809424;3,18343997;1,00000000
1,94488893;0,16824557;0,26943898;0,57778668;3,18374753;1,00000000
1,94495560;0,16824557;0,26943898;0,57747906;3,18405509;1,00000000
1,94502228;0,16824557;0,26974654;0,57701772;3,18405509;1,00000000
1,94508895;0,16824557;0,27005413;0,57671016;3,18436265;1,00000000
1,94515562;0,16824557;0,26974654;0,57624876;3,18436265;1,00000000
1,94522229;0,16809179;0,26943898;0,57578737;3,18467021;1,00000000
1,94528896;0,16809179;0,26943898;0,57532603;3,18405509;1,00000000
1,94535564;0,16809179;0,26943898;0,57486469;3,18374753;1,00000000
1,94542231;0,16824557;0,26974654;0,57455707;3,18343997;1,00000000
1,94548898;0,16824557;0,26974654;0,57409573;3,18343997;1,00000000
1,94555565;0,16824557;0,27005413;0,57363439;3,18343997;1,00000000
1,94562232;0,16839936;0,27005413;0,57332677;3,18374753;1,00000000
1,94568900;0,16839936;0,26974654;0,57301921;3,18405509;1,00000000
1,94575567;0,16839936;0,26943898;0,57271159;3,18343997;1,00000000
1,94582234;0,16839936;0,26943898;0,57240403;3,18313241;1,00000000
1,94588901;0,16839936;0,26943898;0,57225025;3,18282485;1,00000000
1,94595568;0,16839936;0,26943898;0,57178891;3,18251729;1,00000000
1,94602236;0,16839936;0,26943898;0,57163513;3,18282485;1,00000000
1,94608903;0,16839936;0,26974654;0,57148129;3,18313241;1,00000000
1,94615570;0,16839936;0,26974654;0,57117373;3,18343997;1,00000000
1,94622237;0,16839936;0,26974654;0,57086611;3,18343997;1,00000000
1,94628904;0,16839936;0,26974654;0,57055855;3,18343997;1,00000000
1,94635572;0,16855314;0,26943898;0,57040477;3,18313241;1,00000000
1,94642239;0,16855314;0,26943898;0,57009721;3,18282485;1,00000000
1,94648906;0,16855314;0,26974654;0,56994343;3,18251729;1,00000000
1,94655573;0,16855314;0,26943898;0,56963581;3,18220973;1,00000000
1,94662240;0,16839936;0,26913139;0,56948203;3,18251729;1,00000000
1,94668908;0,16824557;0,26882383;0,56948203;3,18282485;1,00000000
1,94675575;0,16824557;0,26851624;0,56932825;3,18251729;1,00000000
1,94682242;0,16824557;0,26820865;0,56932825;3,18220973;1,00000000
1,94688909;0,16824557;0,26790109;0,56932825;3,18220973;1,00000000
1,94695576;0,16824557;0,26790109;0,56932825;3,18220973;1,00000000
1,94702244;0,16824557;0,26759350;0,56932825;3,18220973;1,00000000
1,94708911;0,16824557;0,26759350;0,56932825;3,18220973;1,00000000
1,94715578;0,16824557;0,26790109;0,56932825;3,18220973;1,00000000
1,94722245;0,16824557;0,26759350;0,56917441;3,18220973;1,00000000
1,94728912;0,16824557;0,26728594;0,56917441;3,18220973;1,00000000
1,94735580;0,16824557;0,26697835;0,56932825;3,18190217;1,00000000
1,94742247;0,16824557;0,26667076;0,56932825;3,18190217;1,00000000
1,94748914;0,16824557;0,26636320;0,56963581;3,18190217;1,00000000
1,94755581;0,16824557;0,26605561;0,56978959;3,18190217;1,00000000
1,94762248;0,16824557;0,26605561;0,56994343;3,18190217;1,00000000
1,94768916;0,16824557;0,26636320;0,57009721;3,18190217;1,00000000
1,94775583;0,16824557;0,26636320;0,57025099;3,18220973;1,00000000
1,94782250;0,16824557;0,26605561;0,57040477;3,18282485;1,00000000
1,94788917;0,16809179;0,26605561;0,57071233;3,18282485;1,00000000
1,94795584;0,16809179;0,26605561;0,57086611;3,18313241;1,00000000
1,94802252;0,16793799;0,26636320;0,57117373;3,18343997;1,00000000
1,94808919;0,16793799;0,26636320;0,57148129;3,18343997;1,00000000
1,94815586;0,16809179;0,26667076;0,57178891;3,18343997;1,00000000
1,94822253;0,16809179;0,26667076;0,57240403;3,18343997;1,00000000
1,94828920;0,16809179;0,26697835;0,57286543;3,18374753;1,00000000
1,94835588;0,16809179;0,26697835;0,57317299;3,18436265;1,00000000
1,94842255;0,16824557;0,26697835;0,57348061;3,18528533;1,00000000
1,94848922;0,16824557;0,26667076;0,57378817;3,18559289;1,00000000
1,94855589;0,16824557;0,26667076;0,57424951;3,18559289;1,00000000
1,94862256;0,16824557;0,26636320;0,57471091;3,18559289;1,00000000
1,94868924;0,16824557;0,26636320;0,57517225;3,18559289;1,00000000
1,94875591;0,16809179;0,26667076;0,57578737;3,18559289;1,00000000
1,94882258;0,16809179;0,26667076;0,57624876;3,18620801;1,00000000
1,94888925;0,16809179;0,26667076;0,57686394;3,18682337;1,00000000
1,94895592;0,16809179;0,26667076;0,57747906;3,18713093;1,00000000
1,94902260;0,16809179;0,26667076;0,57794046;3,18713093;1,00000000
1,94908927;0,16809179;0,26697835;0,57840180;3,18713093;1,00000000
1,94915594;0,16809179;0,26667076;0,57886314;3,18713093;1,00000000
1,94922261;0,16809179;0,26697835;0,57917076;3,18713093;1,00000000
1,94928928;0,16809179;0,26667076;0,57947832;3,18743849;1,00000000
1,94935596;0,16809179;0,26667076;0,58009350;3,18774605;1,00000000
1,94942263;0,16809179;0,26667076;0,58040106;3,18805361;1,00000000
1,94948930;0,16809179;0,26667076;0,58101624;3,18836117;1,00000000
1,94955597;0,16809179;0,26667076;0,58132380;3,18866873;1,00000000
1,94962264;0,16809179;0,26697835;0,58178520;3,18866873;1,00000000
1,94968932;0,16809179;0,26728594;0,58224654;3,18866873;1,00000000
1,94975599;0,16809179;0,26728594;0,58286172;3,18897629;1,00000000
1,94982266;0,16809179;0,26728594;0,58332312;3,18897629;1,00000000
1,94988933;0,16809179;0,26759350;0,58378446;3,18928385;1,00000000
1,94995600;0,16809179;0,26790109;0,58424580;3,18959141;1,00000000
1,95002268;0,16809179;0,26759350;0,58470720;3,18989897;1,00000000
1,95008935;0,16809179;0,26790109;0,58501476;3,18989897;1,00000000
1,95015602;0,16809179;0,26820865;0,58532232;3,18989897;1,00000000
1,95022269;0,16809179;0,26790109;0,58562988;3,19020653;1,00000000
1,95028936;0,16809179;0,26820865;0,58578372;3,19020653;1,00000000
1,95035604;0,16809179;0,26851624;0,58609128;3,19020653;1,00000000
1,95042271;0,16824557;0,26882383;0,58639890;3,19020653;1,00000000
1,95048938;0,16824557;0,26913139;0,58655268;3,19020653;1,00000000
1,95055605;0,16824557;0,26943898;0,58670646;3,19051409;1,00000000
1,95062272;0,16824557;0,26943898;0,58701402;3,19020653;1,00000000
1,95068940;0,16824557;0,26943898;0,58716780;3,19051409;1,00000000
1,95075607;0,16824557;0,26943898;0,58732158;3,19020653;1,00000000
1,95082274;0,16824557;0,26943898;0,58747536;3,19020653;1,00000000
1,95088941;0,16824557;0,26943898;0,58762920;3,19020653;1,00000000
1,95095608;0,16824557;0,26974654;0,58762920;3,19020653;1,00000000
1,95102276;0,16824557;0,26974654;0,58778298;3,18989897;1,00000000
1,95108943;0,16824557;0,26943898;0,58793676;3,18989897;1,00000000
1,95115610;0,16824557;0,26943898;0,58793676;3,18989897;1,00000000
1,95122277;0,16824557;0,26974654;0,58793676;3,18959141;1,00000000
1,95128944;0,16824557;0,26974654;0,58778298;3,18928385;1,00000000
1,95135612;0,16839936;0,26974654;0,58793676;3,18928385;1,00000000
1,95142279;0,16839936;0,26974654;0,58793676;3,18928385;1,00000000
1,95148946;0,16839936;0,26974654;0,58793676;3,18928385;1,00000000
1,95155613;0,16839936;0,27005413;0,58793676;3,18928385;1,00000000
1,95162280;0,16839936;0,26974654;0,58793676;3,18897629;1,00000000
1,95168948;0,16839936;0,26974654;0,58793676;3,18866873;1,00000000
1,95175615;0,16839936;0,26974654;0,58778298;3,18836117;1,00000000
1,95182282;0,16839936;0,26974654;0,58762920;3,18805361;1,00000000
1,95188949;0,16839936;0,26974654;0,58747536;3,18805361;1,00000000
1,95195616;0,16839936;0,26974654;0,58747536;3,18805361;1,00000000
1,95202284;0,16839936;0,26943898;0,58747536;3,18805361;1,00000000
1,95208951;0,16839936;0,26974654;0,58747536;3,18805361;1,00000000
1,95215618;0,16839936;0,27005413;0,58732158;3,18836117;1,00000000
1,95222285;0,16839936;0,27005413;0,58701402;3,18866873;1,00000000
1,95228952;0,16824557;0,27005413;0,58701402;3,18866873;1,00000000
1,95235620;0,16824557;0,27005413;0,58701402;3,18866873;1,00000000
1,95242287;0,16824557;0,27005413;0,58670646;3,18866873;1,00000000
1,95248954;0,16824557;0,27005413;0,58639890;3,18866873;1,00000000
1,95255621;0,16824557;0,27036172;0,58609128;3,18866873;1,00000000
1,95262288;0,16824557;0,27005413;0,58578372;3,18805361;1,00000000
1,95268956;0,16824557;0,27036172;0,58547610;3,18836117;1,00000000
1,95275623;0,16824557;0,27036172;0,58532232;3,18866873;1,00000000
1,95282290;0,16809179;0,27036172;0,58516854;3,18897629;1,00000000
1,95288957;0,16793799;0,27036172;0,58501476;3,18928385;1,00000000
1,95295624;0,16793799;0,27066928;0,58455342;3,18928385;1,00000000
1,95302292;0,16793799;0,27066928;0,58439958;3,18928385;1,00000000
1,95308959;0,16793799;0,27097687;0,58424580;3,18897629;1,00000000
1,95315626;0,16793799;0,27128446;0,58393824;3,18866873;1,00000000
1,95322293;0,16809179;0,27128446;0,58378446;3,18866873;1,00000000
1,95328960;0,16809179;0,27128446;0,58363068;3,18897629;1,00000000
1,95335628;0,16793799;0,27128446;0,58347690;3,18928385;1,00000000
1,95342295;0,16793799;0,27128446;0,58316928;3,18928385;1,00000000
1,95348962;0,16778421;0,27128446;0,58286172;3,18928385;1,00000000
1,95355629;0,16763040;0,27128446;0,58255410;3,18897629;1,00000000
1,95362296;0,16747662;0,27097687;0,58224654;3,18897629;1,00000000
1,95368964;0,16747662;0,27097687;0,58193898;3,18897629;1,00000000
1,95375631;0,16747662;0,27066928;0,58178520;3,18897629;1,00000000
1,95382298;0,16747662;0,27066928;0,58147764;3,18928385;1,00000000
1,95388965;0,16747662;0,27066928;0,58117002;3,18959141;1,00000000
1,95395632;0,16747662;0,27036172;0,58086246;3,18989897;1,00000000
1,95402300;0,16747662;0,27036172;0,58040106;3,18959141;1,00000000
1,95408967;0,16747662;0,27036172;0,58009350;3,18959141;1,00000000
1,95415634;0,16732283;0,27036172;0,57978594;3,18959141;1,00000000
1,95422301;0,16716905;0,27066928;0,57963216;3,18959141;1,00000000
1,95428968;0,16701525;0,27036172;0,57932454;3,18959141;1,00000000
1,95435636;0,16701525;0,27005413;0,57901698;3,18959141;1,00000000
1,95442303;0,16686147;0,27005413;0,57870936;3,18989897;1,00000000
1,95448970;0,16686147;0,27005413;0,57840180;3,19020653;1,00000000
1,95455637;0,16686147;0,27005413;0,57809424;3,19051409;1,00000000
1,95462304;0,16670766;0,26974654;0,57778668;3,19051409;1,00000000
1,95468972;0,16670766;0,26974654;0,57747906;3,19051409;1,00000000
1,95475639;0,16655388;0,26943898;0,57717150;3,19051409;1,00000000
1,95482306;0,16655388;0,26943898;0,57701772;3,19051409;1,00000000
1,95488973;0,16640009;0,26974654;0,57671016;3,19051409;1,00000000
1,95495640;0,16640009;0,26974654;0,57655638;3,19051409;1,00000000
1,95502308;0,16640009;0,26974654;0,57640254;3,19082165;1,00000000
1,95508975;0,16640009;0,26974654;0,57624876;3,19112968;1,00000000
1,95515642;0,16640009;0,26943898;0,57609499;3,19143724;1,00000000
1,95522309;0,16640009;0,26943898;0,57594121;3,19143724;1,00000000
1,95528976;0,16624631;0,26974654;0,57563359;3,19112968;1,00000000
1,95535644;0,16609251;0,26974654;0,57547981;3,19112968;1,00000000
1,95542311;0,16593874;0,26974654;0,57532603;3,19112968;1,00000000
1,95548978;0,16578494;0,27005413;0,57517225;3,19112968;1,00000000
1,95555645;0,16563116;0,26974654;0,57517225;3,19174480;1,00000000
1,95562312;0,16563116;0,26943898;0,57517225;3,19205236;1,00000000
1,95568980;0,16563116;0,26943898;0,57517225;3,19235992;1,00000000
1,95575647;0,16547737;0,26943898;0,57517225;3,19266748;1,00000000
1,95582314;0,16563116;0,26913139;0,57532603;3,19297504;1,00000000
1,95588981;0,16547737;0,26943898;0,57532603;3,19297504;1,00000000
1,95595648;0,16563116;0,26974654;0,57532603;3,19297504;1,00000000
1,95602316;0,16547737;0,26974654;0,57532603;3,19297504;1,00000000
1,95608983;0,16532359;0,27005413;0,57532603;3,19297504;1,00000000
1,95615650;0,16547737;0,27005413;0,57532603;3,19297504;1,00000000
1,95622317;0,16547737;0,27005413;0,57532603;3,19359016;1,00000000
1,95628984;0,16532359;0,27036172;0,57532603;3,19359016;1,00000000
1,95635652;0,16516978;0,27036172;0,57532603;3,19359016;1,00000000
1,95642319;0,16501600;0,27036172;0,57532603;3,19359016;1,00000000
1,95648986;0,16516978;0,27036172;0,57532603;3,19359016;1,00000000
1,95655653;0,16516978;0,27066928;0,57547981;3,19359016;1,00000000
1,95662320;0,16516978;0,27066928;0,57547981;3,19359016;1,00000000
1,95668988;0,16516978;0,27066928;0,57563359;3,19359016;1,00000000
1,95675655;0,16532359;0,27097687;0,57578737;3,19389772;1,00000000
1,95682322;0,16547737;0,27097687;0,57609499;3,19389772;1,00000000
1,95688989;0,16563116;0,27128446;0,57640254;3,19359016;1,00000000
1,95695656;0,16547737;0,27159202;0,57640254;3,19328260;1,00000000
1,95702324;0,16547737;0,27159202;0,57655638;3,19328260;1,00000000
1,95708991;0,16547737;0,27189961;0,57686394;3,19328260;1,00000000
1,95715658;0,16547737;0,27189961;0,57717150;3,19328260;1,00000000
1,95722325;0,16547737;0,27189961;0,57732528;3,19359016;1,00000000
1,95728992;0,16547737;0,27189961;0,57747906;3,19359016;1,00000000
1,95735660;0,16547737;0,27220720;0,57778668;3,19359016;1,00000000
1,95742327;0,16563116;0,27220720;0,57809424;3,19328260;1,00000000
1,95748994;0,16547737;0,27220720;0,57840180;3,19297504;1,00000000
1,95755661;0,16547737;0,27251476;0,57870936;3,19266748;1,00000000
1,95762328;0,16532359;0,27251476;0,57901698;3,19205236;1,00000000
1,95768996;0,16532359;0,27251476;0,57932454;3,19205236;1,00000000
1,95775663;0,16532359;0,27220720;0,57963216;3,19205236;1,00000000
1,95782330;0,16532359;0,27251476;0,57978594;3,19205236;1,00000000
1,95788997;0,16532359;0,27282235;0,57993972;3,19205236;1,00000000
1,95795664;0,16516978;0,27282235;0,58024728;3,19143724;1,00000000
1,95802332;0,16516978;0,27312991;0,58055484;3,19082165;1,00000000
1,95808999;0,16532359;0,27282235;0,58070862;3,19020653;1,00000000
1,95815666;0,16532359;0,27251476;0,58086246;3,19020653;1,00000000
1,95822333;0,16516978;0,27220720;0,58117002;3,19020653;1,00000000
1,95829000;0,16516978;0,27251476;0,58163142;3,19020653;1,00000000
1,95835668;0,16516978;0,27220720;0,58209276;3,18989897;1,00000000
1,95842335;0,16532359;0,27189961;0,58224654;3,18959141;1,00000000
1,95849002;0,16532359;0,27189961;0,58240032;3,18928385;1,00000000
1,95855669;0,16516978;0,27159202;0,58255410;3,18866873;1,00000000
1,95862336;0,16501600;0,27159202;0,58286172;3,18836117;1,00000000
1,95869004;0,16501600;0,27189961;0,58301550;3,18805361;1,00000000
1,95875671;0,16501600;0,27189961;0,58332312;3,18774605;1,00000000
1,95882338;0,16501600;0,27159202;0,58347690;3,18713093;1,00000000
1,95889005;0,16501600;0,27159202;0,58378446;3,18682337;1,00000000
1,95895672;0,16501600;0,27159202;0,58393824;3,18682337;1,00000000
1,95902340;0,16516978;0,27128446;0,58424580;3,18651581;1,00000000
1,95909007;0,16516978;0,27128446;0,58455342;3,18620801;1,00000000
1,95915674;0,16532359;0,27128446;0,58470720;3,18590045;1,00000000
1,95922341;0,16532359;0,27159202;0,58501476;3,18559289;1,00000000
1,95929008;0,16532359;0,27128446;0,58532232;3,18528533;1,00000000
1,95935676;0,16516978;0,27097687;0,58562988;3,18467021;1,00000000
1,95942343;0,16501600;0,27097687;0,58593750;3,18436265;1,00000000
1,95949010;0,16516978;0,27097687;0,58609128;3,18405509;1,00000000
1,95955677;0,16516978;0,27097687;0,58639890;3,18405509;1,00000000
1,95962344;0,16516978;0,27097687;0,58670646;3,18405509;1,00000000
1,95969012;0,16516978;0,27097687;0,58686024;3,18405509;1,00000000
1,95975679;0,16516978;0,27066928;0,58701402;3,18374753;1,00000000
1,95982346;0,16516978;0,27036172;0,58716780;3,18313241;1,00000000
1,95989013;0,16501600;0,27066928;0,58747536;3,18282485;1,00000000
1,95995680;0,16486220;0,27066928;0,58778298;3,18251729;1,00000000
1,96002348;0,16486220;0,27036172;0,58809054;3,18251729;1,00000000
1,96009015;0,16470842;0,27005413;0,58824432;3,18251729;1,00000000
1,96015682;0,16470842;0,27005413;0,58839810;3,18251729;1,00000000
1,96022349;0,16455463;0,27005413;0,58855188;3,18190217;1,00000000
1,96029016;0,16470842;0,27005413;0,58885950;3,18159461;1,00000000
1,96035684;0,16455463;0,27005413;0,58901328;3,18128681;1,00000000
1,96042351;0,16470842;0,26974654;0,58916706;3,18097925;1,00000000
1,96049018;0,16470842;0,26974654;0,58916706;3,18097925;1,00000000
1,96055685;0,16455463;0,26974654;0,58932084;3,18097925;1,00000000
1,96062352;0,16440085;0,26974654;0,58947468;3,18097925;1,00000000
1,96069020;0,16440085;0,26974654;0,58962846;3,18128681;1,00000000
1,96075687;0,16440085;0,27005413;0,58978224;3,18128681;1,00000000
1,96082354;0,16440085;0,27005413;0,58993602;3,18128681;1,00000000
1,96089021;0,16424704;0,27005413;0,59039736;3,18097925;1,00000000
1,96095688;0,16409326;0,27005413;0,59039736;3,18097925;1,00000000
1,96102356;0,16409326;0,26974654;0,59055120;3,18097925;1,00000000
1,96109023;0,16409326;0,26974654;0,59070498;3,18128681;1,00000000
1,96115690;0,16424704;0,26943898;0,59085876;3,18159461;1,00000000
1,96122357;0,16424704;0,26943898;0,59101254;3,18190217;1,00000000
1,96129024;0,16424704;0,26974654;0,59116638;3,18159461;1,00000000
1,96135692;0,16409326;0,26974654;0,59116638;3,18159461;1,00000000
1,96142359;0,16409326;0,26974654;0,59101254;3,18159461;1,00000000
1,96149026;0,16424704;0,26943898;0,59101254;3,18159461;1,00000000
1,96155693;0,16424704;0,26974654;0,59101254;3,18190217;1,00000000
1,96162360;0,16409326;0,26974654;0,59101254;3,18220973;1,00000000
1,96169028;0,16393946;0,26943898;0,59101254;3,18251729;1,00000000
1,96175695;0,16378568;0,26943898;0,59085876;3,18282485;1,00000000
1,96182362;0,16363189;0,26943898;0,59085876;3,18251729;1,00000000
1,96189029;0,16363189;0,26974654;0,59085876;3,18251729;1,00000000
1,96195696;0,16347811;0,27005413;0,59070498;3,18251729;1,00000000
1,96202364;0,16347811;0,27036172;0,59055120;3,18251729;1,00000000
1,96209031;0,16347811;0,27036172;0,59039736;3,18251729;1,00000000
1,96215698;0,16347811;0,27005413;0,59024358;3,18220973;1,00000000
1,96222365;0,16347811;0,27036172;0,59024358;3,18251729;1,00000000
1,96229032;0,16347811;0,27036172;0,58993602;3,18251729;1,00000000
1,96235700;0,16347811;0,27036172;0,58978224;3,18282485;1,00000000
1,96242367;0,16363189;0,27036172;0,58962846;3,18282485;1,00000000
1,96249034;0,16363189;0,27036172;0,58947468;3,18282485;1,00000000
1,96255701;0,16363189;0,27036172;0,58932084;3,18282485;1,00000000
1,96262368;0,16363189;0,27036172;0,58916706;3,18313241;1,00000000
1,96269036;0,16347811;0,27036172;0,58885950;3,18313241;1,00000000
1,96275703;0,16363189;0,27036172;0,58855188;3,18313241;1,00000000
1,96282370;0,16378568;0,27066928;0,58839810;3,18343997;1,00000000
1,96289037;0,16378568;0,27097687;0,58809054;3,18343997;1,00000000
1,96295704;0,16393946;0,27128446;0,58778298;3,18343997;1,00000000
1,96302372;0,16393946;0,27128446;0,58747536;3,18374753;1,00000000
1,96309039;0,16409326;0,27159202;0,58716780;3,18374753;1,00000000
1,96315706;0,16424704;0,27128446;0,58686024;3,18374753;1,00000000
1,96322373;0,16440085;0,27097687;0,58655268;3,18374753;1,00000000
1,96329040;0,16455463;0,27066928;0,58624506;3,18374753;1,00000000
1,96335708;0,16455463;0,27066928;0,58593750;3,18374753;1,00000000
1,96342375;0,16440085;0,27066928;0,58562988;3,18374753;1,00000000
1,96349042;0,16440085;0,27066928;0,58532232;3,18374753;1,00000000
1,96355709;0,16440085;0,27066928;0,58501476;3,18374753;1,00000000
1,96362376;0,16440085;0,27066928;0,58470720;3,18374753;1,00000000
1,96369044;0,16455463;0,27097687;0,58424580;3,18405509;1,00000000
1,96375711;0,16470842;0,27097687;0,58378446;3,18343997;1,00000000
1,96382378;0,16470842;0,27097687;0,58347690;3,18374753;1,00000000
1,96389045;0,16470842;0,27097687;0,58301550;3,18405509;1,00000000
1,96395712;0,16486220;0,27097687;0,58255410;3,18405509;1,00000000
1,96402380;0,16501600;0,27066928;0,58209276;3,18405509;1,00000000
1,96409047;0,16516978;0,27066928;0,58163142;3,18405509;1,00000000
1,96415714;0,16532359;0,27066928;0,58117002;3,18436265;1,00000000
1,96422381;0,16532359;0,27036172;0,58070862;3,18436265;1,00000000
1,96429048;0,16532359;0,27066928;0,58040106;3,18405509;1,00000000
1,96435716;0,16532359;0,27097687;0,57993972;3,18374753;1,00000000
1,96442383;0,16532359;0,27128446;0,57963216;3,18405509;1,00000000
1,96449050;0,16532359;0,27159202;0,57932454;3,18405509;1,00000000
1,96455717;0,16547737;0,27159202;0,57870936;3,18405509;1,00000000
1,96462384;0,16563116;0,27189961;0,57840180;3,18405509;1,00000000
1,96469052;0,16578494;0,27220720;0,57809424;3,18436265;1,00000000
1,96475719;0,16578494;0,27220720;0,57778668;3,18405509;1,00000000
1,96482386;0,16593874;0,27220720;0,57747906;3,18374753;1,00000000
1,96489053;0,16593874;0,27220720;0,57717150;3,18343997;1,00000000
1,96495720;0,16624631;0,27220720;0,57686394;3,18374753;1,00000000
1,96502388;0,16624631;0,27189961;0,57655638;3,18374753;1,00000000
1,96509055;0,16640009;0,27189961;0,57640254;3,18374753;1,00000000
1,96515722;0,16655388;0,27189961;0,57609499;3,18374753;1,00000000
1,96522389;0,16655388;0,27159202;0,57578737;3,18405509;1,00000000
1,96529056;0,16655388;0,27189961;0,57532603;3,18374753;1,00000000
1,96535724;0,16655388;0,27189961;0,57486469;3,18343997;1,00000000
1,96542391;0,16670766;0,27189961;0,57455707;3,18313241;1,00000000
1,96549058;0,16686147;0,27220720;0,57424951;3,18282485;1,00000000
1,96555725;0,16701525;0,27220720;0,57409573;3,18282485;1,00000000
1,96562392;0,16701525;0,27220720;0,57378817;3,18282485;1,00000000
1,96569060;0,16701525;0,27220720;0,57332677;3,18313241;1,00000000
1,96575727;0,16701525;0,27251476;0,57301921;3,18343997;1,00000000
1,96582394;0,16716905;0,27220720;0,57271159;3,18313241;1,00000000
1,96589061;0,16716905;0,27220720;0,57225025;3,18251729;1,00000000
1,96595728;0,16732283;0,27220720;0,57194269;3,18220973;1,00000000
1,96602396;0,16732283;0,27220720;0,57163513;3,18190217;1,00000000
1,96609063;0,16732283;0,27220720;0,57132751;3,18190217;1,00000000
1,96615730;0,16732283;0,27220720;0,57101995;3,18190217;1,00000000
1,96622397;0,16732283;0,27220720;0,57071233;3,18220973;1,00000000
1,96629064;0,16732283;0,27220720;0,57055855;3,18251729;1,00000000
1,96635732;0,16747662;0,27220720;0,57040477;3,18220973;1,00000000
1,96642399;0,16763040;0,27189961;0,57009721;3,18190217;1,00000000
1,96649066;0,16763040;0,27189961;0,56994343;3,18159461;1,00000000
1,96655733;0,16763040;0,27159202;0,56963581;3,18128681;1,00000000
1,96662400;0,16763040;0,27128446;0,56963581;3,18097925;1,00000000
1,96669068;0,16763040;0,27097687;0,56948203;3,18097925;1,00000000
1,96675735;0,16763040;0,27066928;0,56948203;3,18097925;1,00000000
1,96682402;0,16763040;0,27066928;0,56932825;3,18097925;1,00000000
1,96689069;0,16763040;0,27036172;0,56932825;3,18128681;1,00000000
1,96695736;0,16763040;0,27005413;0,56917441;3,18067169;1,00000000
1,96702404;0,16763040;0,27005413;0,56917441;3,18036413;1,00000000
1,96709071;0,16763040;0,27005413;0,56917441;3,18005657;1,00000000
1,96715738;0,16763040;0,26974654;0,56917441;3,18005657;1,00000000
1,96722405;0,16763040;0,26974654;0,56932825;3,18005657;1,00000000
1,96729072;0,16763040;0,26974654;0,56948203;3,18005657;1,00000000
1,96735740;0,16763040;0,26943898;0,56963581;3,18036413;1,00000000
1,96742407;0,16763040;0,26913139;0,56963581;3,18067169;1,00000000
1,96749074;0,16747662;0,26913139;0,56963581;3,18097925;1,00000000
1,96755741;0,16747662;0,26882383;0,56963581;3,18067169;1,00000000
1,96762408;0,16747662;0,26851624;0,56978959;3,18005657;1,00000000
1,96769076;0,16747662;0,26851624;0,57009721;3,18005657;1,00000000
1,96775743;0,16747662;0,26882383;0,57025099;3,18005657;1,00000000
1,96782410;0,16747662;0,26882383;0,57040477;3,18036413;1,00000000
1,96789077;0,16747662;0,26882383;0,57055855;3,18036413;1,00000000
1,96795744;0,16747662;0,26882383;0,57071233;3,18067169;1,00000000
1,96802412;0,16747662;0,26851624;0,57117373;3,18097925;1,00000000
1,96809079;0,16747662;0,26851624;0,57148129;3,18067169;1,00000000
1,96815746;0,16747662;0,26882383;0,57194269;3,18067169;1,00000000
1,96822413;0,16747662;0,26882383;0,57240403;3,18097925;1,00000000
1,96829080;0,16747662;0,26851624;0,57301921;3,18128681;1,00000000
1,96835748;0,16747662;0,26851624;0,57348061;3,18159461;1,00000000
1,96842415;0,16747662;0,26851624;0,57394195;3,18159461;1,00000000
1,96849082;0,16747662;0,26851624;0,57424951;3,18159461;1,00000000
1,96855749;0,16747662;0,26851624;0,57471091;3,18159461;1,00000000
1,96862416;0,16747662;0,26851624;0,57517225;3,18190217;1,00000000
1,96869084;0,16732283;0,26851624;0,57563359;3,18190217;1,00000000
1,96875751;0,16732283;0,26851624;0,57594121;3,18220973;1,00000000
1,96882418;0,16732283;0,26882383;0,57640254;3,18251729;1,00000000
1,96889085;0,16732283;0,26882383;0,57701772;3,18282485;1,00000000
1,96895752;0,16732283;0,26913139;0,57763284;3,18282485;1,00000000
1,96902420;0,16732283;0,26943898;0,57809424;3,18313241;1,00000000
1,96909087;0,16732283;0,26974654;0,57855558;3,18343997;1,00000000
1,96915754;0,16732283;0,26974654;0,57901698;3,18374753;1,00000000
1,96922421;0,16732283;0,26943898;0,57947832;3,18405509;1,00000000
1,96929088;0,16732283;0,26943898;0,58009350;3,18374753;1,00000000
1,96935756;0,16732283;0,26974654;0,58040106;3,18374753;1,00000000
1,96942423;0,16732283;0,26974654;0,58070862;3,18374753;1,00000000
1,96949090;0,16732283;0,27005413;0,58132380;3,18374753;1,00000000
1,96955757;0,16732283;0,27005413;0,58178520;3,18405509;1,00000000
1,96962424;0,16732283;0,27005413;0,58240032;3,18405509;1,00000000
1,96969092;0,16732283;0,27036172;0,58286172;3,18436265;1,00000000
1,96975759;0,16732283;0,27036172;0,58347690;3,18467021;1,00000000
1,96982426;0,16732283;0,27066928;0,58378446;3,18528533;1,00000000
1,96989093;0,16732283;0,27097687;0,58409202;3,18528533;1,00000000
1,96995760;0,16747662;0,27128446;0,58439958;3,18528533;1,00000000
1,97002428;0,16747662;0,27128446;0,58486098;3,18528533;1,00000000
1,97009095;0,16747662;0,27159202;0,58516854;3,18528533;1,00000000
1,97015762;0,16747662;0,27159202;0,58547610;3,18559289;1,00000000
1,97022429;0,16747662;0,27159202;0,58578372;3,18620801;1,00000000
1,97029096;0,16732283;0,27189961;0,58609128;3,18620801;1,00000000
1,97035764;0,16732283;0,27220720;0,58639890;3,18620801;1,00000000
1,97042431;0,16732283;0,27220720;0,58655268;3,18590045;1,00000000
1,97049098;0,16747662;0,27220720;0,58686024;3,18559289;1,00000000
1,97055765;0,16747662;0,27251476;0,58701402;3,18559289;1,00000000
1,97062432;0,16747662;0,27251476;0,58716780;3,18590045;1,00000000
1,97069100;0,16763040;0,27251476;0,58732158;3,18590045;1,00000000
1,97075767;0,16763040;0,27282235;0,58747536;3,18590045;1,00000000
1,97082434;0,16763040;0,27312991;0,58747536;3,18590045;1,00000000
1,97089101;0,16763040;0,27282235;0,58747536;3,18559289;1,00000000
1,97095768;0,16763040;0,27282235;0,58762920;3,18528533;1,00000000
1,97102436;0,16763040;0,27282235;0,58762920;3,18467021;1,00000000
1,97109103;0,16747662;0,27282235;0,58778298;3,18528533;1,00000000
1,97115770;0,16747662;0,27282235;0,58778298;3,18528533;1,00000000
1,97122437;0,16747662;0,27251476;0,58778298;3,18528533;1,00000000
1,97129104;0,16747662;0,27251476;0,58762920;3,18528533;1,00000000
1,97135772;0,16747662;0,27251476;0,58762920;3,18528533;1,00000000
1,97142439;0,16747662;0,27251476;0,58762920;3,18467021;1,00000000
1,97149106;0,16747662;0,27251476;0,58762920;3,18467021;1,00000000
1,97155773;0,16747662;0,27251476;0,58747536;3,18436265;1,00000000
1,97162440;0,16763040;0,27220720;0,58747536;3,18405509;1,00000000
1,97169108;0,16763040;0,27251476;0,58747536;3,18405509;1,00000000
1,97175775;0,16763040;0,27251476;0,58732158;3,18405509;1,00000000
1,97182442;0,16763040;0,27251476;0,58732158;3,18405509;1,00000000
1,97189109;0,16763040;0,27220720;0,58732158;3,18374753;1,00000000
1,97195776;0,16763040;0,27220720;0,58732158;3,18374753;1,00000000
1,97202444;0,16763040;0,27220720;0,58732158;3,18374753;1,00000000
1,97209111;0,16763040;0,27220720;0,58732158;3,18374753;1,00000000
1,97215778;0,16763040;0,27220720;0,58716780;3,18374753;1,00000000
1,97222445;0,16763040;0,27220720;0,58701402;3,18343997;1,00000000
1,97229112;0,16763040;0,27220720;0,58686024;3,18374753;1,00000000
1,97235780;0,16763040;0,27189961;0,58670646;3,18374753;1,00000000
1,97242447;0,16763040;0,27220720;0,58655268;3,18343997;1,00000000
1,97249114;0,16763040;0,27220720;0,58624506;3,18343997;1,00000000
1,97255781;0,16747662;0,27189961;0,58593750;3,18343997;1,00000000
1,97262448;0,16747662;0,27189961;0,58562988;3,18343997;1,00000000
1,97269116;0,16747662;0,27189961;0,58547610;3,18343997;1,00000000
1,97275783;0,16747662;0,27220720;0,58516854;3,18343997;1,00000000
1,97282450;0,16747662;0,27251476;0,58486098;3,18343997;1,00000000
1,97289117;0,16732283;0,27282235;0,58439958;3,18343997;1,00000000
1,97295784;0,16732283;0,27282235;0,58409202;3,18343997;1,00000000
1,97302452;0,16716905;0,27282235;0,58378446;3,18343997;1,00000000
1,97309119;0,16716905;0,27251476;0,58347690;3,18343997;1,00000000
1,97315786;0,16732283;0,27220720;0,58332312;3,18343997;1,00000000
1,97322453;0,16716905;0,27220720;0,58301550;3,18343997;1,00000000
1,97329120;0,16716905;0,27220720;0,58270794;3,18282485;1,00000000
1,97335788;0,16716905;0,27189961;0,58255410;3,18313241;1,00000000
1,97342455;0,16716905;0,27189961;0,58224654;3,18343997;1,00000000
1,97349122;0,16732283;0,27220720;0,58209276;3,18343997;1,00000000
1,97355789;0,16716905;0,27189961;0,58178520;3,18343997;1,00000000
1,97362456;0,16716905;0,27159202;0,58147764;3,18343997;1,00000000
1,97369124;0,16716905;0,27159202;0,58132380;3,18343997;1,00000000
1,97375791;0,16716905;0,27159202;0,58086246;3,18313241;1,00000000
1,97382458;0,16701525;0,27159202;0,58070862;3,18313241;1,00000000
1,97389125;0,16686147;0,27128446;0,58040106;3,18343997;1,00000000
1,97395792;0,16670766;0,27097687;0,58009350;3,18374753;1,00000000
1,97402460;0,16670766;0,27066928;0,57993972;3,18405509;1,00000000
1,97409127;0,16670766;0,27036172;0,57978594;3,18405509;1,00000000
1,97415794;0,16670766;0,27005413;0,57932454;3,18436265;1,00000000
1,97422461;0,16670766;0,27005413;0,57886314;3,18467021;1,00000000
1,97429128;0,16670766;0,27005413;0,57870936;3,18467021;1,00000000
1,97435796;0,16670766;0,27036172;0,57855558;3,18467021;1,00000000
1,97442463;0,16670766;0,27036172;0,57824802;3,18467021;1,00000000
1,97449130;0,16655388;0,27036172;0,57794046;3,18528533;1,00000000
1,97455797;0,16655388;0,27036172;0,57763284;3,18559289;1,00000000
1,97462464;0,16655388;0,27036172;0,57732528;3,18590045;1,00000000
1,97469132;0,16655388;0,27036172;0,57701772;3,18590045;1,00000000
1,97475799;0,16655388;0,27005413;0,57671016;3,18559289;1,00000000
1,97482466;0,16655388;0,27036172;0,57640254;3,18559289;1,00000000
1,97489133;0,16655388;0,27005413;0,57624876;3,18559289;1,00000000
1,97495800;0,16655388;0,26974654;0,57609499;3,18559289;1,00000000
1,97502468;0,16655388;0,26974654;0,57578737;3,18590045;1,00000000
1,97509135;0,16655388;0,26943898;0,57547981;3,18620801;1,00000000
1,97515802;0,16640009;0,26974654;0,57547981;3,18682337;1,00000000
1,97522469;0,16624631;0,26974654;0,57532603;3,18651581;1,00000000
1,97529136;0,16609251;0,26974654;0,57501847;3,18651581;1,00000000
1,97535804;0,16609251;0,26974654;0,57486469;3,18651581;1,00000000
1,97542471;0,16609251;0,26974654;0,57471091;3,18651581;1,00000000
1,97549138;0,16593874;0,26974654;0,57471091;3,18651581;1,00000000
1,97555805;0,16593874;0,26943898;0,57471091;3,18651581;1,00000000
1,97562472;0,16593874;0,26943898;0,57471091;3,18682337;1,00000000
1,97569140;0,16593874;0,26913139;0,57455707;3,18743849;1,00000000
1,97575807;0,16593874;0,26913139;0,57455707;3,18743849;1,00000000
1,97582474;0,16593874;0,26882383;0,57455707;3,18743849;1,00000000
1,97589141;0,16578494;0,26882383;0,57455707;3,18743849;1,00000000
1,97595808;0,16578494;0,26913139;0,57455707;3,18743849;1,00000000
1,97602476;0,16578494;0,26943898;0,57455707;3,18743849;1,00000000
1,97609143;0,16563116;0,26974654;0,57455707;3,18743849;1,00000000
1,97615810;0,16563116;0,27005413;0,57455707;3,18774605;1,00000000
1,97622477;0,16547737;0,26974654;0,57455707;3,18805361;1,00000000
1,97629144;0,16547737;0,26974654;0,57455707;3,18836117;1,00000000
1,97635812;0,16547737;0,26974654;0,57455707;3,18836117;1,00000000
1,97642479;0,16563116;0,26974654;0,57455707;3,18836117;1,00000000
1,97649146;0,16578494;0,26974654;0,57455707;3,18836117;1,00000000
1,97655813;0,16563116;0,27005413;0,57455707;3,18836117;1,00000000
1,97662480;0,16563116;0,27036172;0,57471091;3,18836117;1,00000000
1,97669148;0,16563116;0,27036172;0,57486469;3,18836117;1,00000000
1,97675815;0,16578494;0,27066928;0,57501847;3,18836117;1,00000000
1,97682482;0,16578494;0,27066928;0,57532603;3,18836117;1,00000000
1,97689149;0,16578494;0,27097687;0,57563359;3,18836117;1,00000000
1,97695816;0,16593874;0,27097687;0,57563359;3,18805361;1,00000000
1,97702484;0,16609251;0,27097687;0,57578737;3,18774605;1,00000000
1,97709151;0,16624631;0,27128446;0,57594121;3,18774605;1,00000000
1,97715818;0,16624631;0,27128446;0,57609499;3,18774605;1,00000000
1,97722485;0,16624631;0,27128446;0,57640254;3,18774605;1,00000000
1,97729152;0,16624631;0,27159202;0,57671016;3,18836117;1,00000000
1,97735820;0,16609251;0,27159202;0,57671016;3,18805361;1,00000000
1,97742487;0,16609251;0,27128446;0,57686394;3,18774605;1,00000000
1,97749154;0,16593874;0,27128446;0,57717150;3,18774605;1,00000000
1,97755821;0,16593874;0,27128446;0,57732528;3,18743849;1,00000000
1,97762488;0,16609251;0,27128446;0,57763284;3,18743849;1,00000000
1,97769156;0,16609251;0,27128446;0,57794046;3,18743849;1,00000000
1,97775823;0,16593874;0,27097687;0,57824802;3,18713093;1,00000000
1,97782490;0,16609251;0,27097687;0,57855558;3,18713093;1,00000000
1,97789157;0,16609251;0,27097687;0,57870936;3,18743849;1,00000000
1,97795824;0,16624631;0,27066928;0,57870936;3,18713093;1,00000000
1,97802492;0,16624631;0,27036172;0,57901698;3,18682337;1,00000000
1,97809159;0,16640009;0,27036172;0,57932454;3,18682337;1,00000000
1,97815826;0,16624631;0,27036172;0,57963216;3,18651581;1,00000000
1,97822493;0,16624631;0,27036172;0,57978594;3,18620801;1,00000000
1,97829160;0,16624631;0,27066928;0,57993972;3,18590045;1,00000000
1,97835828;0,16609251;0,27066928;0,58009350;3,18590045;1,00000000
1,97842495;0,16609251;0,27036172;0,58040106;3,18559289;1,00000000
1,97849162;0,16609251;0,27036172;0,58070862;3,18528533;1,00000000
1,97855829;0,16593874;0,27036172;0,58086246;3,18467021;1,00000000
1,97862496;0,16593874;0,27005413;0,58101624;3,18436265;1,00000000
1,97869164;0,16593874;0,27005413;0,58117002;3,18405509;1,00000000
1,97875831;0,16609251;0,27036172;0,58132380;3,18374753;1,00000000
1,97882498;0,16624631;0,27036172;0,58163142;3,18343997;1,00000000
1,97889165;0,16624631;0,27036172;0,58178520;3,18343997;1,00000000
1,97895832;0,16640009;0,27036172;0,58193898;3,18313241;1,00000000
1,97902500;0,16640009;0,27005413;0,58224654;3,18282485;1,00000000
1,97909167;0,16640009;0,26974654;0,58255410;3,18251729;1,00000000
1,97915834;0,16640009;0,26943898;0,58286172;3,18220973;1,00000000
1,97922501;0,16640009;0,26943898;0,58316928;3,18190217;1,00000000
1,97929168;0,16640009;0,26913139;0,58332312;3,18159461;1,00000000
1,97935836;0,16640009;0,26913139;0,58347690;3,18128681;1,00000000
1,97942503;0,16640009;0,26882383;0,58378446;3,18128681;1,00000000
1,97949170;0,16624631;0,26882383;0,58409202;3,18128681;1,00000000
1,97955837;0,16609251;0,26851624;0,58424580;3,18097925;1,00000000
1,97962504;0,16624631;0,26820865;0,58439958;3,18067169;1,00000000
1,97969172;0,16640009;0,26790109;0,58470720;3,18005657;1,00000000
1,97975839;0,16640009;0,26759350;0,58501476;3,17974901;1,00000000
1,97982506;0,16640009;0,26759350;0,58532232;3,17944145;1,00000000
1,97989173;0,16624631;0,26728594;0,58562988;3,17944145;1,00000000
1,97995840;0,16624631;0,26697835;0,58578372;3,17944145;1,00000000
1,98002508;0,16609251;0,26667076;0,58609128;3,17944145;1,00000000
1,98009175;0,16609251;0,26636320;0,58624506;3,17913389;1,00000000
1,98015842;0,16609251;0,26605561;0,58639890;3,17882633;1,00000000
1,98022509;0,16593874;0,26605561;0,58655268;3,17821121;1,00000000
1,98029176;0,16578494;0,26605561;0,58670646;3,17790365;1,00000000
1,98035844;0,16578494;0,26605561;0,58686024;3,17790365;1,00000000
1,98042511;0,16578494;0,26605561;0,58701402;3,17790365;1,00000000
1,98049178;0,16578494;0,26605561;0,58732158;3,17790365;1,00000000
1,98055845;0,16578494;0,26636320;0,58747536;3,17821121;1,00000000
1,98062512;0,16578494;0,26605561;0,58762920;3,17851877;1,00000000
1,98069180;0,16578494;0,26605561;0,58778298;3,17882633;1,00000000
1,98075847;0,16563116;0,26574802;0,58793676;3,17851877;1,00000000
1,98082514;0,16547737;0,26574802;0,58809054;3,17882633;1,00000000
1,98089181;0,16547737;0,26574802;0,58839810;3,17882633;1,00000000
1,98095848;0,16547737;0,26574802;0,58855188;3,17882633;1,00000000
1,98102516;0,16532359;0,26605561;0,58870566;3,17882633;1,00000000
1,98109183;0,16516978;0,26636320;0,58885950;3,17913389;1,00000000
1,98115850;0,16501600;0,26636320;0,58901328;3,17944145;1,00000000
1,98122517;0,16486220;0,26636320;0,58916706;3,17944145;1,00000000
1,98129184;0,16501600;0,26667076;0,58932084;3,17944145;1,00000000
1,98135852;0,16501600;0,26636320;0,58932084;3,17974901;1,00000000
1,98142519;0,16516978;0,26636320;0,58932084;3,17974901;1,00000000
1,98149186;0,16516978;0,26605561;0,58932084;3,17974901;1,00000000
1,98155853;0,16516978;0,26605561;0,58916706;3,18005657;1,00000000
1,98162520;0,16516978;0,26636320;0,58932084;3,18036413;1,00000000
1,98169188;0,16516978;0,26636320;0,58916706;3,18067169;1,00000000
1,98175855;0,16516978;0,26605561;0,58916706;3,18036413;1,00000000
1,98182522;0,16516978;0,26574802;0,58916706;3,18067169;1,00000000
1,98189189;0,16516978;0,26574802;0,58916706;3,18067169;1,00000000
1,98195856;0,16516978;0,26574802;0,58901328;3,18067169;1,00000000
1,98202524;0,16501600;0,26605561;0,58885950;3,18097925;1,00000000
1,98209191;0,16516978;0,26605561;0,58870566;3,18128681;1,00000000
1,98215858;0,16516978;0,26605561;0,58839810;3,18159461;1,00000000
1,98222525;0,16501600;0,26605561;0,58824432;3,18159461;1,00000000
1,98229192;0,16501600;0,26605561;0,58809054;3,18128681;1,00000000
1,98235860;0,16516978;0,26605561;0,58793676;3,18159461;1,00000000
1,98242527;0,16516978;0,26574802;0,58793676;3,18159461;1,00000000
1,98249194;0,16516978;0,26574802;0,58778298;3,18159461;1,00000000
1,98255861;0,16501600;0,26544046;0,58762920;3,18190217;1,00000000
1,98262528;0,16501600;0,26574802;0,58732158;3,18220973;1,00000000
1,98269196;0,16516978;0,26605561;0,58701402;3,18251729;1,00000000
1,98275863;0,16516978;0,26636320;0,58686024;3,18220973;1,00000000
1,98282530;0,16532359;0,26605561;0,58655268;3,18190217;1,00000000
1,98289197;0,16547737;0,26605561;0,58624506;3,18220973;1,00000000
1,98295864;0,16547737;0,26605561;0,58593750;3,18251729;1,00000000
1,98302532;0,16547737;0,26605561;0,58562988;3,18251729;1,00000000
1,98309199;0,16563116;0,26636320;0,58532232;3,18282485;1,00000000
1,98315866;0,16578494;0,26667076;0,58501476;3,18313241;1,00000000
1,98322533;0,16593874;0,26667076;0,58470720;3,18313241;1,00000000
1,98329200;0,16593874;0,26697835;0,58455342;3,18282485;1,00000000
1,98335868;0,16609251;0,26667076;0,58424580;3,18251729;1,00000000
1,98342535;0,16609251;0,26697835;0,58393824;3,18282485;1,00000000
1,98349202;0,16609251;0,26697835;0,58363068;3,18282485;1,00000000
1,98355869;0,16624631;0,26697835;0,58332312;3,18313241;1,00000000
1,98362536;0,16624631;0,26728594;0,58301550;3,18343997;1,00000000
1,98369204;0,16624631;0,26759350;0,58255410;3,18343997;1,00000000
1,98375871;0,16640009;0,26790109;0,58224654;3,18343997;1,00000000
1,98382538;0,16640009;0,26820865;0,58178520;3,18343997;1,00000000
1,98389205;0,16640009;0,26820865;0,58132380;3,18343997;1,00000000
1,98395872;0,16655388;0,26820865;0,58086246;3,18313241;1,00000000
1,98402540;0,16655388;0,26820865;0,58055484;3,18343997;1,00000000
1,98409207;0,16670766;0,26820865;0,58024728;3,18343997;1,00000000
1,98415874;0,16686147;0,26851624;0,57978594;3,18313241;1,00000000
1,98422541;0,16686147;0,26882383;0,57932454;3,18313241;1,00000000
1,98429208;0,16686147;0,26851624;0,57901698;3,18313241;1,00000000
1,98435876;0,16686147;0,26882383;0,57855558;3,18313241;1,00000000
1,98442543;0,16701525;0,26882383;0,57824802;3,18282485;1,00000000
1,98449210;0,16701525;0,26882383;0,57778668;3,18251729;1,00000000
1,98455877;0,16701525;0,26851624;0,57732528;3,18220973;1,00000000
1,98462544;0,16701525;0,26882383;0,57717150;3,18282485;1,00000000
1,98469212;0,16701525;0,26913139;0,57686394;3,18282485;1,00000000
1,98475879;0,16716905;0,26943898;0,57640254;3,18282485;1,00000000
1,98482546;0,16732283;0,26943898;0,57609499;3,18282485;1,00000000
1,98489213;0,16747662;0,26974654;0,57578737;3,18282485;1,00000000
1,98495880;0,16763040;0,27005413;0,57547981;3,18282485;1,00000000
1,98502548;0,16778421;0,27005413;0,57517225;3,18251729;1,00000000
1,98509215;0,16778421;0,27005413;0,57471091;3,18220973;1,00000000
1,98515882;0,16778421;0,27036172;0,57455707;3,18251729;1,00000000
1,98522549;0,16778421;0,27005413;0,57409573;3,18282485;1,00000000
1,98529216;0,16778421;0,27036172;0,57378817;3,18282485;1,00000000
1,98535884;0,16778421;0,27066928;0,57348061;3,18282485;1,00000000
1,98542551;0,16793799;0,27097687;0,57317299;3,18282485;1,00000000
1,98549218;0,16793799;0,27128446;0,57271159;3,18282485;1,00000000
1,98555885;0,16793799;0,27128446;0,57255781;3,18313241;1,00000000
1,98562552;0,16793799;0,27159202;0,57209647;3,18343997;1,00000000
1,98569220;0,16793799;0,27128446;0,57178891;3,18282485;1,00000000
1,98575887;0,16809179;0,27128446;0,57132751;3,18282485;1,00000000
1,98582554;0,16809179;0,27159202;0,57117373;3,18251729;1,00000000
1,98589221;0,16824557;0,27128446;0,57101995;3,18251729;1,00000000
1,98595888;0,16839936;0,27159202;0,57071233;3,18251729;1,00000000
1,98602556;0,16839936;0,27159202;0,57040477;3,18251729;1,00000000
1,98609223;0,16855314;0,27128446;0,57009721;3,18220973;1,00000000
1,98615890;0,16855314;0,27097687;0,56978959;3,18220973;1,00000000
1,98622557;0,16855314;0,27066928;0,56948203;3,18220973;1,00000000
1,98629224;0,16855314;0,27066928;0,56932825;3,18159461;1,00000000
1,98635892;0,16870694;0,27036172;0,56917441;3,18190217;1,00000000
1,98642559;0,16870694;0,27036172;0,56902063;3,18190217;1,00000000
1,98649226;0,16870694;0,27036172;0,56886685;3,18190217;1,00000000
1,98655893;0,16870694;0,27036172;0,56871307;3,18190217;1,00000000
1,98662560;0,16870694;0,27036172;0,56855929;3,18159461;1,00000000
1,98669228;0,16870694;0,27005413;0,56825173;3,18159461;1,00000000
1,98675895;0,16870694;0,27005413;0,56825173;3,18190217;1,00000000
1,98682562;0,16870694;0,26974654;0,56794411;3,18159461;1,00000000
1,98689229;0,16870694;0,26974654;0,56779033;3,18097925;1,00000000
1,98695896;0,16886072;0,26943898;0,56779033;3,18097925;1,00000000
1,98702564;0,16886072;0,26943898;0,56779033;3,18097925;1,00000000
1,98709231;0,16886072;0,26943898;0,56779033;3,18097925;1,00000000
1,98715898;0,16886072;0,26943898;0,56779033;3,18097925;1,00000000
1,98722565;0,16886072;0,26913139;0,56779033;3,18097925;1,00000000
1,98729232;0,16886072;0,26882383;0,56794411;3,18097925;1,00000000
1,98735900;0,16870694;0,26851624;0,56794411;3,18097925;1,00000000
1,98742567;0,16870694;0,26820865;0,56794411;3,18067169;1,00000000
1,98749234;0,16870694;0,26851624;0,56809795;3,18067169;1,00000000
1,98755901;0,16855314;0,26882383;0,56825173;3,18097925;1,00000000
1,98762568;0,16855314;0,26882383;0,56840551;3,18097925;1,00000000
1,98769236;0,16855314;0,26913139;0,56855929;3,18097925;1,00000000
1,98775903;0,16839936;0,26943898;0,56871307;3,18097925;1,00000000
1,98782570;0,16839936;0,26913139;0,56902063;3,18097925;1,00000000
1,98789237;0,16839936;0,26882383;0,56932825;3,18128681;1,00000000
1,98795904;0,16839936;0,26882383;0,56963581;3,18128681;1,00000000
1,98802572;0,16855314;0,26913139;0,56994343;3,18128681;1,00000000
1,98809239;0,16855314;0,26943898;0,57025099;3,18159461;1,00000000
1,98815906;0,16855314;0,26943898;0,57071233;3,18159461;1,00000000
1,98822573;0,16855314;0,26943898;0,57117373;3,18159461;1,00000000
1,98829240;0,16855314;0,26974654;0,57148129;3,18159461;1,00000000
1,98835908;0,16855314;0,26974654;0,57194269;3,18190217;1,00000000
1,98842575;0,16855314;0,27005413;0,57225025;3,18220973;1,00000000
1,98849242;0,16855314;0,27036172;0,57271159;3,18282485;1,00000000
1,98855909;0,16855314;0,27066928;0,57317299;3,18251729;1,00000000
1,98862576;0,16855314;0,27097687;0,57378817;3,18251729;1,00000000
1,98869244;0,16839936;0,27128446;0,57409573;3,18251729;1,00000000
1,98875911;0,16839936;0,27128446;0,57455707;3,18251729;1,00000000
1,98882578;0,16839936;0,27097687;0,57517225;3,18251729;1,00000000
1,98889245;0,16839936;0,27097687;0,57563359;3,18282485;1,00000000
1,98895912;0,16839936;0,27128446;0,57609499;3,18343997;1,00000000
1,98902580;0,16839936;0,27128446;0,57640254;3,18374753;1,00000000
1,98909247;0,16839936;0,27159202;0,57686394;3,18405509;1,00000000
1,98915914;0,16839936;0,27189961;0,57732528;3,18405509;1,00000000
1,98922581;0,16839936;0,27189961;0,57778668;3,18405509;1,00000000
1,98929248;0,16839936;0,27220720;0,57809424;3,18405509;1,00000000
1,98935916;0,16839936;0,27220720;0,57855558;3,18405509;1,00000000
1,98942583;0,16839936;0,27251476;0,57901698;3,18467021;1,00000000
1,98949250;0,16839936;0,27251476;0,57932454;3,18528533;1,00000000
1,98955917;0,16839936;0,27251476;0,57993972;3,18559289;1,00000000
1,98962584;0,16855314;0,27282235;0,58040106;3,18590045;1,00000000
1,98969252;0,16855314;0,27312991;0,58101624;3,18620801;1,00000000
1,98975919;0,16855314;0,27343750;0,58132380;3,18620801;1,00000000
1,98982586;0,16855314;0,27343750;0,58178520;3,18620801;1,00000000
1,98989253;0,16855314;0,27343750;0,58224654;3,18620801;1,00000000
1,98995920;0,16855314;0,27343750;0,58270794;3,18620801;1,00000000
1,99002588;0,16855314;0,27343750;0,58316928;3,18620801;1,00000000
1,99009255;0,16855314;0,27343750;0,58363068;3,18620801;1,00000000
1,99015922;0,16855314;0,27374509;0,58409202;3,18651581;1,00000000
1,99022589;0,16839936;0,27405265;0,58424580;3,18651581;1,00000000
1,99029256;0,16839936;0,27405265;0,58455342;3,18651581;1,00000000
1,99035924;0,16839936;0,27436024;0,58486098;3,18682337;1,00000000
1,99042591;0,16855314;0,27436024;0,58501476;3,18682337;1,00000000
1,99049258;0,16855314;0,27466780;0,58532232;3,18682337;1,00000000
1,99055925;0,16839936;0,27436024;0,58532232;3,18682337;1,00000000
1,99062592;0,16855314;0,27436024;0,58547610;3,18682337;1,00000000
1,99069260;0,16855314;0,27466780;0,58562988;3,18682337;1,00000000
1,99075927;0,16839936;0,27466780;0,58578372;3,18682337;1,00000000
1,99082594;0,16839936;0,27466780;0,58609128;3,18682337;1,00000000
1,99089261;0,16839936;0,27436024;0,58624506;3,18682337;1,00000000
1,99095928;0,16839936;0,27466780;0,58624506;3,18682337;1,00000000
1,99102596;0,16839936;0,27497539;0,58624506;3,18682337;1,00000000
1,99109263;0,16839936;0,27497539;0,58624506;3,18682337;1,00000000
1,99115930;0,16839936;0,27497539;0,58624506;3,18682337;1,00000000
1,99122597;0,16839936;0,27497539;0,58639890;3,18651581;1,00000000
1,99129264;0,16839936;0,27528298;0,58655268;3,18590045;1,00000000
1,99135932;0,16839936;0,27528298;0,58655268;3,18590045;1,00000000
1,99142599;0,16839936;0,27528298;0,58639890;3,18590045;1,00000000
1,99149266;0,16839936;0,27497539;0,58639890;3,18590045;1,00000000
1,99155933;0,16839936;0,27497539;0,58639890;3,18590045;1,00000000
1,99162600;0,16839936;0,27497539;0,58639890;3,18590045;1,00000000
1,99169268;0,16839936;0,27466780;0,58639890;3,18590045;1,00000000
1,99175935;0,16839936;0,27466780;0,58624506;3,18590045;1,00000000
1,99182602;0,16839936;0,27466780;0,58609128;3,18590045;1,00000000
1,99189269;0,16839936;0,27466780;0,58609128;3,18559289;1,00000000
1,99195936;0,16839936;0,27497539;0,58593750;3,18559289;1,00000000
1,99202604;0,16839936;0,27497539;0,58593750;3,18559289;1,00000000
1,99209271;0,16839936;0,27497539;0,58593750;3,18559289;1,00000000
1,99215938;0,16839936;0,27497539;0,58578372;3,18559289;1,00000000
1,99222605;0,16839936;0,27497539;0,58547610;3,18528533;1,00000000
1,99229272;0,16839936;0,27497539;0,58547610;3,18559289;1,00000000
1,99235940;0,16870694;0,27497539;0,58547610;3,18559289;1,00000000
1,99242607;0,16870694;0,27497539;0,58516854;3,18559289;1,00000000
1,99249274;0,16870694;0,27497539;0,58486098;3,18559289;1,00000000
1,99255941;0,16870694;0,27497539;0,58470720;3,18559289;1,00000000
1,99262608;0,16870694;0,27528298;0,58439958;3,18559289;1,00000000
1,99269276;0,16870694;0,27528298;0,58409202;3,18528533;1,00000000
1,99275943;0,16870694;0,27559054;0,58393824;3,18467021;1,00000000
1,99282610;0,16870694;0,27559054;0,58378446;3,18528533;1,00000000
1,99289277;0,16855314;0,27589813;0,58347690;3,18559289;1,00000000
1,99295944;0,16855314;0,27589813;0,58316928;3,18590045;1,00000000
1,99302612;0,16855314;0,27559054;0,58286172;3,18590045;1,00000000
1,99309279;0,16855314;0,27528298;0,58255410;3,18620801;1,00000000
1,99315946;0,16855314;0,27497539;0,58224654;3,18620801;1,00000000
1,99322613;0,16855314;0,27466780;0,58193898;3,18620801;1,00000000
1,99329280;0,16855314;0,27466780;0,58163142;3,18620801;1,00000000
1,99335948;0,16855314;0,27466780;0,58132380;3,18620801;1,00000000
1,99342615;0,16855314;0,27497539;0,58101624;3,18651581;1,00000000
1,99349282;0,16839936;0,27528298;0,58070862;3,18682337;1,00000000
1,99355949;0,16824557;0,27559054;0,58040106;3,18682337;1,00000000
1,99362616;0,16824557;0,27528298;0,58009350;3,18651581;1,00000000
1,99369284;0,16809179;0,27528298;0,57978594;3,18651581;1,00000000
1,99375951;0,16809179;0,27528298;0,57947832;3,18651581;1,00000000
1,99382618;0,16793799;0,27497539;0,57932454;3,18651581;1,00000000
1,99389285;0,16793799;0,27528298;0,57901698;3,18682337;1,00000000
1,99395952;0,16793799;0,27497539;0,57870936;3,18743849;1,00000000
1,99402620;0,16778421;0,27466780;0,57855558;3,18774605;1,00000000
1,99409287;0,16763040;0,27497539;0,57809424;3,18805361;1,00000000
1,99415954;0,16747662;0,27466780;0,57778668;3,18805361;1,00000000
1,99422621;0,16747662;0,27466780;0,57747906;3,18805361;1,00000000
1,99429288;0,16747662;0,27466780;0,57701772;3,18805361;1,00000000
1,99435956;0,16747662;0,27436024;0,57671016;3,18774605;1,00000000
1,99442623;0,16747662;0,27405265;0,57655638;3,18836117;1,00000000
1,99449290;0,16747662;0,27436024;0,57640254;3,18866873;1,00000000
1,99455957;0,16747662;0,27436024;0,57609499;3,18866873;1,00000000
1,99462624;0,16732283;0,27436024;0,57594121;3,18897629;1,00000000
1,99469292;0,16716905;0,27436024;0,57563359;3,18897629;1,00000000
1,99475959;0,16716905;0,27466780;0,57532603;3,18897629;1,00000000
1,99482626;0,16716905;0,27466780;0,57501847;3,18928385;1,00000000
1,99489293;0,16701525;0,27436024;0,57471091;3,18928385;1,00000000
1,99495960;0,16686147;0,27436024;0,57455707;3,18866873;1,00000000
1,99502628;0,16670766;0,27436024;0,57440329;3,18897629;1,00000000
1,99509295;0,16670766;0,27436024;0,57409573;3,18928385;1,00000000
1,99515962;0,16655388;0,27436024;0,57378817;3,18928385;1,00000000
1,99522629;0,16655388;0,27436024;0,57348061;3,18928385;1,00000000
1,99529296;0,16640009;0,27436024;0,57332677;3,18959141;1,00000000
1,99535964;0,16640009;0,27405265;0,57332677;3,18959141;1,00000000
1,99542631;0,16655388;0,27374509;0,57317299;3,18928385;1,00000000
1,99549298;0,16655388;0,27374509;0,57286543;3,18959141;1,00000000
1,99555965;0,16655388;0,27343750;0,57271159;3,18989897;1,00000000
1,99562632;0,16655388;0,27343750;0,57271159;3,19020653;1,00000000
1,99569300;0,16655388;0,27374509;0,57255781;3,19020653;1,00000000
1,99575967;0,16655388;0,27374509;0,57255781;3,19051409;1,00000000
1,99582634;0,16640009;0,27374509;0,57255781;3,19020653;1,00000000
1,99589301;0,16624631;0,27405265;0,57255781;3,18989897;1,00000000
1,99595968;0,16624631;0,27374509;0,57255781;3,18989897;1,00000000
1,99602636;0,16609251;0,27343750;0,57255781;3,19020653;1,00000000
1,99609303;0,16609251;0,27374509;0,57255781;3,19051409;1,00000000
1,99615970;0,16624631;0,27374509;0,57255781;3,19082165;1,00000000
1,99622637;0,16624631;0,27405265;0,57255781;3,19112968;1,00000000
1,99629304;0,16624631;0,27436024;0,57255781;3,19143724;1,00000000
1,99635972;0,16624631;0,27436024;0,57255781;3,19174480;1,00000000
1,99642639;0,16624631;0,27466780;0,57271159;3,19143724;1,00000000
1,99649306;0,16624631;0,27497539;0,57286543;3,19143724;1,00000000
1,99655973;0,16624631;0,27466780;0,57286543;3,19143724;1,00000000
1,99662640;0,16624631;0,27466780;0,57317299;3,19174480;1,00000000
1,99669308;0,16609251;0,27466780;0,57332677;3,19205236;1,00000000
1,99675975;0,16593874;0,27466780;0,57332677;3,19235992;1,00000000
1,99682642;0,16609251;0,27466780;0,57332677;3,19235992;1,00000000
1,99689309;0,16609251;0,27466780;0,57348061;3,19205236;1,00000000
1,99695976;0,16609251;0,27497539;0,57348061;3,19174480;1,00000000
1,99702644;0,16609251;0,27528298;0,57378817;3,19143724;1,00000000
1,99709311;0,16609251;0,27559054;0,57394195;3,19143724;1,00000000
1,99715978;0,16609251;0,27559054;0,57424951;3,19143724;1,00000000
1,99722645;0,16609251;0,27559054;0,57455707;3,19174480;1,00000000
1,99729312;0,16624631;0,27559054;0,57486469;3,19205236;1,00000000
1,99735980;0,16624631;0,27589813;0,57501847;3,19205236;1,00000000
1,99742647;0,16609251;0,27589813;0,57532603;3,19174480;1,00000000
1,99749314;0,16609251;0,27620572;0,57563359;3,19143724;1,00000000
1,99755981;0,16609251;0,27651328;0,57578737;3,19112968;1,00000000
1,99762648;0,16609251;0,27620572;0,57609499;3,19082165;1,00000000
1,99769316;0,16609251;0,27620572;0,57640254;3,19051409;1,00000000
1,99775983;0,16624631;0,27620572;0,57655638;3,19020653;1,00000000
1,99782650;0,16624631;0,27651328;0,57671016;3,19020653;1,00000000
1,99789317;0,16640009;0,27651328;0,57701772;3,19020653;1,00000000
1,99795984;0,16655388;0,27651328;0,57717150;3,19051409;1,00000000
1,99802652;0,16655388;0,27651328;0,57732528;3,19020653;1,00000000
1,99809319;0,16670766;0,27651328;0,57763284;3,18989897;1,00000000
1,99815986;0,16670766;0,27620572;0,57794046;3,18959141;1,00000000
1,99822653;0,16686147;0,27620572;0,57824802;3,18928385;1,00000000
1,99829320;0,16686147;0,27589813;0,57840180;3,18897629;1,00000000
1,99835988;0,16670766;0,27559054;0,57855558;3,18897629;1,00000000
1,99842655;0,16686147;0,27559054;0,57901698;3,18866873;1,00000000
1,99849322;0,16670766;0,27559054;0,57932454;3,18866873;1,00000000
1,99855989;0,16670766;0,27559054;0,57963216;3,18836117;1,00000000
1,99862656;0,16686147;0,27559054;0,57993972;3,18774605;1,00000000
1,99869324;0,16670766;0,27559054;0,58009350;3,18713093;1,00000000
1,99875991;0,16655388;0,27528298;0,58055484;3,18651581;1,00000000
1,99882658;0,16640009;0,27528298;0,58070862;3,18620801;1,00000000
1,99889325;0,16655388;0,27528298;0,58101624;3,18620801;1,00000000
1,99895992;0,16640009;0,27497539;0,58117002;3,18620801;1,00000000
1,99902660;0,16655388;0,27497539;0,58147764;3,18620801;1,00000000
1,99909327;0,16655388;0,27497539;0,58178520;3,18590045;1,00000000
1,99915994;0,16655388;0,27528298;0,58209276;3,18528533;1,00000000
1,99922661;0,16655388;0,27497539;0,58224654;3,18436265;1,00000000
1,99929328;0,16655388;0,27497539;0,58255410;3,18405509;1,00000000
1,99935996;0,16655388;0,27497539;0,58286172;3,18405509;1,00000000
1,99942663;0,16640009;0,27466780;0,58316928;3,18374753;1,00000000
1,99949330;0,16640009;0,27466780;0,58316928;3,18374753;1,00000000
1,99955997;0,16624631;0,27466780;0,58332312;3,18374753;1,00000000
1,99962664;0,16624631;0,27466780;0,58347690;3,18343997;1,00000000
1,99969332;0,16609251;0,27436024;0,58378446;3,18282485;1,00000000
1,99975999;0,16609251;0,27436024;0,58393824;3,18220973;1,00000000
1,99982666;0,16609251;0,27405265;0,58409202;3,18190217;1,00000000
1,99989333;0,16593874;0,27405265;0,58424580;3,18190217;1,00000000
1,99996000;0,16578494;0,27405265;0,58439958;3,18190217;1,00000000
2,00002668;0,16578494;0,27374509;0,58470720;3,18190217;1,00000000
2,00009335;0,16578494;0,27374509;0,58501476;3,18190217;1,00000000
2,00016002;0,16563116;0,27343750;0,58532232;3,18190217;1,00000000
2,00022669;0,16547737;0,27343750;0,58547610;3,18128681;1,00000000
2,00029336;0,16547737;0,27343750;0,58562988;3,18128681;1,00000000
2,00036004;0,16547737;0,27312991;0,58578372;3,18128681;1,00000000
2,00042671;0,16532359;0,27312991;0,58593750;3,18128681;1,00000000
2,00049338;0,16516978;0,27282235;0,58609128;3,18128681;1,00000000
2,00056005;0,16501600;0,27312991;0,58624506;3,18159461;1,00000000
2,00062672;0,16486220;0,27312991;0,58639890;3,18128681;1,00000000
2,00069340;0,16501600;0,27282235;0,58655268;3,18128681;1,00000000
2,00076007;0,16501600;0,27282235;0,58686024;3,18128681;1,00000000
2,00082674;0,16486220;0,27251476;0,58701402;3,18128681;1,00000000
2,00089341;0,16486220;0,27251476;0,58716780;3,18128681;1,00000000
2,00096008;0,16486220;0,27251476;0,58732158;3,18128681;1,00000000
2,00102676;0,16470842;0,27282235;0,58747536;3,18159461;1,00000000
2,00109343;0,16470842;0,27312991;0,58778298;3,18190217;1,00000000
2,00116010;0,16455463;0,27312991;0,58778298;3,18220973;1,00000000
2,00122677;0,16440085;0,27282235;0,58793676;3,18251729;1,00000000
2,00129344;0,16440085;0,27282235;0,58809054;3,18251729;1,00000000
2,00136012;0,16455463;0,27312991;0,58809054;3,18251729;1,00000000
2,00142679;0,16470842;0,27282235;0,58824432;3,18251729;1,00000000
2,00149346;0,16455463;0,27312991;0,58824432;3,18251729;1,00000000
2,00156013;0,16455463;0,27312991;0,58824432;3,18282485;1,00000000
2,00162680;0,16455463;0,27312991;0,58839810;3,18313241;1,00000000
2,00169348;0,16470842;0,27312991;0,58839810;3,18282485;1,00000000
2,00176015;0,16486220;0,27282235;0,58824432;3,18313241;1,00000000
2,00182682;0,16486220;0,27282235;0,58809054;3,18313241;1,00000000
2,00189349;0,16470842;0,27282235;0,58793676;3,18343997;1,00000000
2,00196016;0,16470842;0,27282235;0,58778298;3,18374753;1,00000000
2,00202684;0,16455463;0,27282235;0,58762920;3,18405509;1,00000000
2,00209351;0,16455463;0,27282235;0,58762920;3,18436265;1,00000000
2,00216018;0,16455463;0,27282235;0,58747536;3,18436265;1,00000000
2,00222685;0,16470842;0,27251476;0,58716780;3,18436265;1,00000000
2,00229352;0,16470842;0,27251476;0,58716780;3,18405509;1,00000000
2,00236020;0,16486220;0,27251476;0,58686024;3,18405509;1,00000000
2,00242687;0,16501600;0,27220720;0,58655268;3,18436265;1,00000000
2,00249354;0,16501600;0,27220720;0,58639890;3,18467021;1,00000000
2,00256021;0,16501600;0,27220720;0,58624506;3,18528533;1,00000000
2,00262688;0,16516978;0,27189961;0,58593750;3,18467021;1,00000000
2,00269356;0,16532359;0,27159202;0,58562988;3,18436265;1,00000000
2,00276023;0,16547737;0,27159202;0,58532232;3,18528533;1,00000000
2,00282690;0,16547737;0,27159202;0,58516854;3,18528533;1,00000000
2,00289357;0,16563116;0,27159202;0,58486098;3,18590045;1,00000000
2,00296024;0,16563116;0,27159202;0,58455342;3,18620801;1,00000000
2,00302692;0,16547737;0,27128446;0,58424580;3,18620801;1,00000000
2,00309359;0,16563116;0,27097687;0,58393824;3,18620801;1,00000000
2,00316026;0,16563116;0,27128446;0,58363068;3,18620801;1,00000000
2,00322693;0,16563116;0,27128446;0,58332312;3,18590045;1,00000000
2,00329360;0,16578494;0,27128446;0,58301550;3,18559289;1,00000000
2,00336028;0,16593874;0,27128446;0,58270794;3,18620801;1,00000000
2,00342695;0,16593874;0,27128446;0,58224654;3,18651581;1,00000000
2,00349362;0,16609251;0,27128446;0,58193898;3,18682337;1,00000000
2,00356029;0,16609251;0,27159202;0,58163142;3,18682337;1,00000000
2,00362696;0,16609251;0,27159202;0,58117002;3,18682337;1,00000000
2,00369364;0,16624631;0,27159202;0,58086246;3,18682337;1,00000000
2,00376031;0,16640009;0,27189961;0,58055484;3,18682337;1,00000000
2,00382698;0,16655388;0,27189961;0,58024728;3,18651581;1,00000000
2,00389365;0,16670766;0,27220720;0,57993972;3,18682337;1,00000000
2,00396032;0,16686147;0,27220720;0,57963216;3,18743849;1,00000000
2,00402700;0,16686147;0,27220720;0,57917076;3,18774605;1,00000000
2,00409367;0,16686147;0,27220720;0,57870936;3,18774605;1,00000000
2,00416034;0,16701525;0,27220720;0,57824802;3,18774605;1,00000000
2,00422701;0,16716905;0,27189961;0,57778668;3,18774605;1,00000000
2,00429368;0,16732283;0,27189961;0,57747906;3,18774605;1,00000000
2,00436036;0,16732283;0,27189961;0,57701772;3,18743849;1,00000000
2,00442703;0,16747662;0,27189961;0,57655638;3,18743849;1,00000000
2,00449370;0,16763040;0,27189961;0,57624876;3,18774605;1,00000000
2,00456037;0,16763040;0,27189961;0,57594121;3,18836117;1,00000000
2,00462704;0,16778421;0,27159202;0,57563359;3,18836117;1,00000000
2,00469372;0,16793799;0,27159202;0,57532603;3,18836117;1,00000000
2,00476039;0,16809179;0,27159202;0,57501847;3,18836117;1,00000000
2,00482706;0,16824557;0,27128446;0,57471091;3,18836117;1,00000000
2,00489373;0,16839936;0,27159202;0,57424951;3,18836117;1,00000000
2,00496040;0,16839936;0,27159202;0,57394195;3,18836117;1,00000000
2,00502708;0,16855314;0,27159202;0,57363439;3,18897629;1,00000000
2,00509375;0,16839936;0,27159202;0,57332677;3,18897629;1,00000000
2,00516042;0,16839936;0,27128446;0,57286543;3,18897629;1,00000000
2,00522709;0,16839936;0,27128446;0,57240403;3,18897629;1,00000000
2,00529376;0,16855314;0,27159202;0,57178891;3,18897629;1,00000000
2,00536044;0,16855314;0,27159202;0,57163513;3,18897629;1,00000000
2,00542711;0,16870694;0,27159202;0,57132751;3,18866873;1,00000000
2,00549378;0,16886072;0,27128446;0,57117373;3,18866873;1,00000000
2,00556045;0,16886072;0,27097687;0,57086611;3,18805361;1,00000000
2,00562712;0,16886072;0,27066928;0,57055855;3,18805361;1,00000000
2,00569380;0,16886072;0,27036172;0,57025099;3,18805361;1,00000000
2,00576047;0,16901451;0,27036172;0,56994343;3,18805361;1,00000000
2,00582714;0,16901451;0,27005413;0,56963581;3,18805361;1,00000000
2,00589381;0,16901451;0,27036172;0,56932825;3,18805361;1,00000000
2,00596048;0,16901451;0,27066928;0,56902063;3,18805361;1,00000000
2,00602716;0,16901451;0,27036172;0,56871307;3,18774605;1,00000000
2,00609383;0,16901451;0,27005413;0,56855929;3,18774605;1,00000000
2,00616050;0,16901451;0,26974654;0,56825173;3,18713093;1,00000000
2,00622717;0,16901451;0,26943898;0,56809795;3,18682337;1,00000000
2,00629384;0,16901451;0,26943898;0,56779033;3,18682337;1,00000000
2,00636052;0,16901451;0,26913139;0,56779033;3,18682337;1,00000000
2,00642719;0,16901451;0,26943898;0,56748277;3,18682337;1,00000000
2,00649386;0,16901451;0,26943898;0,56732899;3,18651581;1,00000000
2,00656053;0,16901451;0,26913139;0,56717521;3,18682337;1,00000000
2,00662720;0,16901451;0,26882383;0,56702143;3,18682337;1,00000000
2,00669388;0,16901451;0,26851624;0,56702143;3,18620801;1,00000000
2,00676055;0,16901451;0,26820865;0,56671381;3,18590045;1,00000000
2,00682722;0,16901451;0,26790109;0,56671381;3,18590045;1,00000000
2,00689389;0,16901451;0,26790109;0,56671381;3,18590045;1,00000000
2,00696056;0,16916829;0,26790109;0,56671381;3,18590045;1,00000000
2,00702724;0,16916829;0,26759350;0,56671381;3,18590045;1,00000000
2,00709391;0,16916829;0,26728594;0,56671381;3,18590045;1,00000000
2,00716058;0,16916829;0,26697835;0,56671381;3,18620801;1,00000000
2,00722725;0,16916829;0,26667076;0,56671381;3,18590045;1,00000000
2,00729392;0,16932210;0,26636320;0,56686765;3,18559289;1,00000000
2,00736060;0,16932210;0,26636320;0,56717521;3,18559289;1,00000000
2,00742727;0,16932210;0,26636320;0,56732899;3,18559289;1,00000000
2,00749394;0,16916829;0,26667076;0,56748277;3,18559289;1,00000000
2,00756061;0,16916829;0,26636320;0,56779033;3,18559289;1,00000000
2,00762728;0,16932210;0,26667076;0,56809795;3,18559289;1,00000000
2,00769396;0,16916829;0,26667076;0,56855929;3,18559289;1,00000000
2,00776063;0,16916829;0,26636320;0,56886685;3,18590045;1,00000000
2,00782730;0,16932210;0,26636320;0,56902063;3,18559289;1,00000000
2,00789397;0,16932210;0,26667076;0,56932825;3,18590045;1,00000000
2,00796064;0,16947588;0,26667076;0,56948203;3,18590045;1,00000000
2,00802732;0,16947588;0,26636320;0,56978959;3,18590045;1,00000000
2,00809399;0,16947588;0,26605561;0,57025099;3,18590045;1,00000000
2,00816066;0,16947588;0,26605561;0,57055855;3,18590045;1,00000000
2,00822733;0,16947588;0,26605561;0,57101995;3,18620801;1,00000000
2,00829400;0,16947588;0,26605561;0,57148129;3,18651581;1,00000000
2,00836068;0,16947588;0,26574802;0,57178891;3,18651581;1,00000000
2,00842735;0,16962968;0,26574802;0,57225025;3,18651581;1,00000000
2,00849402;0,16962968;0,26544046;0,57286543;3,18651581;1,00000000
2,00856069;0,16962968;0,26574802;0,57332677;3,18651581;1,00000000
2,00862736;0,16978346;0,26574802;0,57378817;3,18651581;1,00000000
2,00869404;0,16978346;0,26574802;0,57409573;3,18651581;1,00000000
2,00876071;0,16978346;0,26574802;0,57455707;3,18682337;1,00000000
2,00882738;0,16978346;0,26605561;0,57517225;3,18743849;1,00000000
2,00889405;0,16978346;0,26636320;0,57578737;3,18805361;1,00000000
