Frequency,Channel A,Channel B,Channel C,Channel D
(kHz),(dBu),(dBu),(dBu),(dBu)

0.00000000,-40.74030000,-63.18520000,-40.31418000,-33.73580000
0.00061035,-48.14437000,-69.24587000,-47.49718000,-42.61706000
0.00122070,-64.01341000,-77.92749000,-60.07092000,-58.70957000
0.00183105,-85.39303000,-97.62773000,-68.35375000,-62.03236000
0.00244141,-93.42035000,-86.10122000,-66.50951000,-63.77530000
0.00305176,-89.89227000,-81.98562000,-66.59322000,-64.26691000
0.00366211,-77.91879000,-92.80507000,-69.69370000,-64.91138000
0.00427246,-77.92400000,-82.67258000,-68.74828000,-63.31033000
0.00488281,-90.35789000,-78.88305000,-66.12647000,-57.30866000
0.00549316,-74.00651000,-76.12489000,-77.01404000,-53.93052000
0.00610352,-71.70262000,-75.81876000,-68.52648000,-52.11937000
0.00671387,-74.05260000,-77.92355000,-67.06634000,-53.86869000
0.00732422,-73.80436000,-79.12099000,-69.22594000,-55.84621000
0.00793457,-77.34317000,-80.58228000,-70.51543000,-57.11049000
0.00854492,-86.13733000,-82.92313000,-70.99260000,-57.00144000
0.00915527,-88.05244000,-103.63250000,-67.87072000,-61.03794000
0.00976563,-77.85679000,-89.27682000,-66.02933000,-59.42342000
0.01037598,-74.09772000,-86.76121000,-70.71933000,-61.37588000
0.01098633,-78.45403000,-82.74292000,-77.94694000,-58.71845000
0.01159668,-83.47462000,-84.06719000,-69.22424000,-60.42970000
0.01220703,-96.77460000,-85.91660000,-71.81543000,-62.96312000
0.01281738,-80.19394000,-83.51341000,-83.92968000,-59.56190000
0.01342773,-77.08022000,-82.79683000,-72.91044000,-58.58060000
0.01403809,-78.64845000,-82.87962000,-75.02007000,-61.06185000
0.01464844,-81.03921000,-87.93404000,-68.77392000,-65.38187000
0.01525879,-78.18813000,-89.00451000,-67.45436000,-59.69619000
0.01586914,-77.81362000,-77.63253000,-72.78133000,-54.26433000
0.01647949,-71.57973000,-73.95242000,-82.39700000,-50.65223000
0.01708984,-73.18058000,-76.76556000,-95.93095000,-53.03398000
0.01770020,-75.44624000,-76.50548000,-86.21014000,-52.48161000
0.01831055,-78.08061000,-78.18339000,-100.11490000,-53.79692000
0.01892090,-83.23611000,-88.96522000,-82.42454000,-70.26204000
0.01953125,-82.44641000,-76.95742000,-91.11756000,-57.54316000
0.02014160,-76.36636000,-74.79913000,-74.08118000,-53.10310000
0.02075195,-73.04382000,-78.47266000,-72.87849000,-55.72911000
0.02136230,-77.42516000,-97.28825000,-77.63366000,-73.15403000
0.02197266,-89.45052000,-87.34296000,-77.03101000,-62.06625000
0.02258301,-80.00041000,-87.79442000,-71.17471000,-59.77859000
0.02319336,-77.68586000,-79.65472000,-73.09713000,-53.48503000
0.02380371,-78.55711000,-85.27164000,-74.43913000,-56.70504000
0.02441406,-83.54447000,-85.79810000,-68.00940000,-70.89621000
0.02502441,-78.13164000,-75.63908000,-67.57741000,-54.49253000
0.02563477,-81.83673000,-77.82365000,-67.96230000,-57.38510000
0.02624512,-81.75642000,-77.25636000,-66.76219000,-55.87943000
0.02685547,-83.37989000,-84.71091000,-69.64387000,-60.68409000
0.02746582,-99.42811000,-80.87904000,-80.35022000,-58.99700000
0.02807617,-79.75105000,-85.65051000,-84.92397000,-60.30848000
0.02868652,-45.16997000,-41.44643000,-74.05767000,-17.49037000
0.02929688,-26.83551000,-23.05099000,-74.30616000,0.91410180
0.02990723,-20.89459000,-17.11067000,-65.29996000,6.85583700
0.03051758,-24.00511000,-20.22594000,-64.91000000,3.74097400
0.03112793,-37.71183000,-33.95895000,-73.58926000,-9.98995900
0.03173828,-76.65982000,-77.41256000,-79.62477000,-52.44573000
0.03234863,-77.56759000,-87.77609000,-75.10843000,-61.66734000
0.03295898,-86.18344000,-83.28976000,-67.56104000,-58.32815000
0.03356934,-82.92000000,-87.54178000,-70.97898000,-68.01271000
0.03417969,-74.78533000,-81.43843000,-73.19189000,-57.23235000
0.03479004,-72.78125000,-83.47292000,-73.15902000,-58.83660000
0.03540039,-73.31437000,-82.55359000,-79.18908000,-56.94301000
0.03601074,-83.21140000,-86.41262000,-82.37910000,-63.13847000
0.03662109,-80.80038000,-84.22649000,-70.41659000,-68.33373000
0.03723145,-76.82626000,-79.91009000,-71.96868000,-59.61348000
0.03784180,-72.51923000,-78.71718000,-74.87763000,-57.17628000
0.03845215,-71.53629000,-79.75381000,-67.50283000,-57.30362000
0.03906250,-74.02686000,-81.95461000,-69.00713000,-57.91599000
0.03967285,-76.71193000,-84.04149000,-70.92397000,-57.62766000
0.04028320,-78.61386000,-86.25937000,-73.37594000,-57.47031000
0.04089355,-75.39842000,-83.05550000,-77.56347000,-58.56777000
0.04150391,-73.80302000,-83.23945000,-73.73302000,-61.59245000
0.04211426,-76.54765000,-87.36680000,-74.43440000,-64.56609000
0.04272461,-77.80480000,-88.34915000,-71.55326000,-65.00867000
0.04333496,-73.48269000,-83.90826000,-66.05109000,-59.70633000
0.04394531,-74.98946000,-85.01332000,-64.83235000,-60.19966000
0.04455566,-97.61521000,-85.59766000,-67.72292000,-62.52091000
0.04516602,-75.26506000,-83.71716000,-71.41122000,-62.81963000
0.04577637,-73.95087000,-88.31538000,-69.96558000,-64.19295000
0.04638672,-73.85825000,-91.90285000,-71.52779000,-71.41106000
0.04699707,-77.13332000,-87.24308000,-69.32117000,-66.26591000
0.04760742,-79.98806000,-83.19571000,-68.23792000,-58.82536000
0.04821777,-73.95635000,-81.34025000,-71.69363000,-56.71444000
0.04882813,-76.08472000,-68.20932000,-77.71291000,-46.45718000
0.04943848,-54.10359000,-52.21103000,-72.27739000,-30.18604000
0.05004883,-49.50562000,-48.28174000,-65.85551000,-26.17361000
0.05065918,-53.94607000,-53.48621000,-71.46071000,-31.25436000
0.05126953,-67.23701000,-71.05214000,-70.97026000,-48.26292000
0.05187988,-75.32593000,-88.71452000,-67.30132000,-67.74899000
0.05249023,-75.47169000,-90.88260000,-69.12043000,-63.42844000
0.05310059,-73.47404000,-91.15450000,-72.18370000,-61.87800000
0.05371094,-74.11465000,-95.63876000,-72.62894000,-67.65909000
0.05432129,-74.72945000,-88.76189000,-74.98373000,-61.33394000
0.05493164,-75.01630000,-96.81410000,-81.69443000,-63.37791000
0.05554199,-81.12994000,-92.93590000,-73.05016000,-78.23322000
0.05615234,-81.57096000,-85.73209000,-77.32383000,-64.81577000
0.05676270,-79.59570000,-84.12888000,-70.59219000,-63.53390000
0.05737305,-81.75862000,-88.77155000,-70.16811000,-71.47620000
0.05798340,-79.70166000,-100.62000000,-76.16081000,-68.06298000
0.05859375,-78.72529000,-89.64120000,-77.74298000,-59.33772000
0.05920410,-75.75014000,-85.71267000,-84.36731000,-56.79876000
0.05981445,-75.21913000,-73.70554000,-74.76252000,-48.59552000
0.06042480,-79.72273000,-73.71951000,-73.96349000,-49.23124000
0.06103516,-86.28236000,-83.23646000,-88.57865000,-57.25077000
0.06164551,-80.80701000,-95.27645000,-73.38818000,-66.18490000
0.06225586,-76.07992000,-83.41541000,-68.14345000,-62.44619000
0.06286621,-74.05414000,-79.89367000,-75.36747000,-59.00616000
0.06347656,-79.70219000,-84.20079000,-69.83405000,-60.91295000
0.06408691,-76.97280000,-93.23254000,-67.24034000,-66.39552000
0.06469727,-72.68134000,-100.22030000,-69.50421000,-74.22820000
0.06530762,-76.70187000,-100.87020000,-70.34375000,-81.48314000
0.06591797,-82.95922000,-91.11913000,-77.46695000,-66.09687000
0.06652832,-87.93719000,-89.04449000,-72.70496000,-59.16009000
0.06713867,-79.07184000,-89.67561000,-68.42485000,-60.48959000
0.06774902,-83.34161000,-87.45850000,-71.16921000,-62.86026000
0.06835938,-87.94885000,-89.64164000,-78.10821000,-65.85936000
0.06896973,-98.93918000,-87.36899000,-76.71880000,-63.43418000
0.06958008,-82.29993000,-82.01825000,-70.53854000,-56.61880000
0.07019043,-77.92622000,-83.16690000,-67.75443000,-56.83697000
0.07080078,-82.42756000,-87.59248000,-67.38941000,-60.66597000
0.07141113,-93.73898000,-88.78856000,-72.44396000,-60.14158000
0.07202148,-85.40804000,-98.82493000,-71.37444000,-64.81785000
0.07263184,-82.09995000,-92.29241000,-68.92474000,-72.80564000
0.07324219,-75.52975000,-98.35732000,-76.19689000,-66.99625000
0.07385254,-73.06654000,-89.66064000,-85.46222000,-73.03843000
0.07446289,-75.66947000,-90.88960000,-77.46062000,-73.36160000
0.07507324,-81.60005000,-89.11807000,-69.05480000,-64.69165000
0.07568359,-86.18946000,-85.02698000,-66.16660000,-63.91426000
0.07629395,-97.69286000,-87.49590000,-68.17886000,-62.16877000
0.07690430,-85.56499000,-91.55750000,-72.55580000,-62.47908000
0.07751465,-78.49817000,-88.58197000,-69.10802000,-69.87371000
0.07812500,-78.30453000,-90.82867000,-69.12648000,-73.52508000
0.07873535,-92.20000000,-106.68660000,-84.83708000,-67.45662000
0.07934570,-89.06818000,-88.89359000,-79.52631000,-67.48920000
0.07995605,-89.63651000,-85.61540000,-73.18855000,-67.09010000
0.08056641,-89.78217000,-83.68016000,-90.29319000,-60.77210000
0.08117676,-88.89778000,-83.06477000,-82.04551000,-56.22375000
0.08178711,-76.86894000,-85.84049000,-88.27859000,-58.11598000
0.08239746,-74.69137000,-84.48009000,-77.41046000,-62.72963000
0.08300781,-77.55003000,-83.69538000,-72.03185000,-64.04745000
0.08361816,-78.84187000,-86.61655000,-73.56721000,-68.41204000
0.08422852,-78.37913000,-94.94556000,-77.74271000,-76.31225000
0.08483887,-83.35345000,-91.09803000,-75.00585000,-69.03149000
0.08544922,-80.16966000,-92.45784000,-72.25150000,-76.19621000
0.08605957,-77.47823000,-97.12221000,-68.26834000,-78.75887000
0.08666992,-89.96692000,-93.63518000,-68.94101000,-69.84317000
0.08728027,-84.03914000,-88.89404000,-70.28996000,-67.07810000
0.08789063,-83.76705000,-87.13985000,-73.40951000,-62.26721000
0.08850098,-81.19347000,-81.43524000,-75.99563000,-56.33777000
0.08911133,-72.82724000,-60.38458000,-73.75755000,-35.95320000
0.08972168,-70.92638000,-51.56403000,-78.23939000,-26.98174000
0.09033203,-78.93449000,-52.02979000,-76.20994000,-27.31577000
0.09094238,-82.77162000,-61.95036000,-75.86452000,-37.12331000
0.09155273,-78.74379000,-82.89824000,-84.20582000,-60.91685000
0.09216309,-86.90724000,-88.18147000,-81.27361000,-70.67529000
0.09277344,-80.89912000,-89.62866000,-79.26395000,-63.30621000
0.09338379,-74.92796000,-91.93924000,-70.38090000,-61.68040000
0.09399414,-74.05185000,-94.00565000,-70.64561000,-62.73882000
0.09460449,-82.87328000,-87.65057000,-78.24175000,-71.22333000
0.09521484,-79.03121000,-86.77818000,-75.44528000,-75.77395000
0.09582520,-74.80702000,-87.51179000,-72.03710000,-71.32888000
0.09643555,-74.15707000,-87.71799000,-68.11117000,-65.65027000
0.09704590,-77.64729000,-85.08826000,-69.34935000,-65.24728000
0.09765625,-86.71304000,-87.81921000,-71.40308000,-65.74430000
0.09826660,-77.08820000,-89.54418000,-71.76521000,-67.85743000
0.09887695,-72.95732000,-87.61107000,-76.20833000,-71.34800000
0.09948730,-69.89442000,-91.39752000,-79.94233000,-66.26305000
0.10009766,-66.98198000,-80.76488000,-83.96523000,-63.21278000
0.10070801,-70.59541000,-84.24884000,-81.47243000,-62.86814000
0.10131836,-78.42430000,-98.91039000,-71.28651000,-65.50174000
0.10192871,-82.94273000,-87.54102000,-72.51325000,-88.46429000
0.10253906,-75.74885000,-84.60140000,-82.29405000,-70.53166000
0.10314941,-74.73346000,-82.51031000,-87.63123000,-71.08438000
0.10375977,-74.18488000,-84.24873000,-75.10307000,-66.73470000
0.10437012,-72.75314000,-93.17001000,-73.38181000,-70.21806000
0.10498047,-81.27913000,-90.09390000,-72.11231000,-67.87895000
0.10559082,-73.32152000,-90.03717000,-69.38696000,-63.57214000
0.10620117,-70.45384000,-90.46609000,-68.99194000,-69.23471000
0.10681152,-73.96110000,-85.26722000,-71.30677000,-66.51481000
0.10742188,-71.37025000,-88.54021000,-74.63435000,-66.55008000
0.10803223,-71.04941000,-94.65941000,-73.14931000,-68.07606000
0.10864258,-76.50867000,-90.08696000,-79.38940000,-63.48847000
0.10925293,-77.13794000,-92.60139000,-77.54285000,-68.86079000
0.10986328,-75.00510000,-78.52920000,-71.87339000,-53.95566000
0.11047363,-75.51591000,-78.62886000,-71.52631000,-55.04638000
0.11108398,-75.31978000,-89.56066000,-74.75927000,-64.24216000
0.11169434,-74.96093000,-105.81090000,-72.32703000,-68.52296000
0.11230469,-66.64191000,-98.31935000,-76.68113000,-87.30202000
0.11291504,-63.73714000,-95.48507000,-72.24796000,-76.18178000
0.11352539,-66.80717000,-92.61303000,-67.97395000,-78.99272000
0.11413574,-72.43085000,-90.29591000,-68.62887000,-76.22878000
0.11474609,-73.20070000,-88.75839000,-65.28953000,-70.66422000
0.11535645,-76.33827000,-87.57173000,-65.09910000,-68.42035000
0.11596680,-76.59282000,-86.87451000,-68.36388000,-70.49298000
0.11657715,-71.18743000,-87.88010000,-83.05724000,-73.10271000
0.11718750,-76.25838000,-93.42128000,-73.92120000,-80.47415000
0.11779785,-76.62050000,-89.18610000,-71.25766000,-69.61205000
0.11840820,-76.86649000,-87.55497000,-71.43121000,-64.75581000
0.11901855,-81.71564000,-85.39509000,-80.79691000,-59.93914000
0.11962891,-73.50925000,-71.27763000,-82.57193000,-47.09696000
0.12023926,-74.52094000,-69.76147000,-76.95839000,-45.49047000
0.12084961,-74.96011000,-78.73917000,-71.07064000,-52.79649000
0.12145996,-77.14378000,-93.61760000,-64.04628000,-67.16849000
0.12207031,-76.95280000,-95.18867000,-65.38526000,-67.71112000
0.12268066,-76.19975000,-103.23220000,-67.51024000,-66.91843000
0.12329102,-81.65379000,-94.48112000,-72.29355000,-73.07951000
0.12390137,-78.65536000,-95.15750000,-79.81322000,-76.40576000
0.12451172,-76.15101000,-98.61274000,-92.90695000,-70.67729000
0.12512207,-80.34425000,-100.01540000,-78.59950000,-66.79134000
0.12573242,-78.89001000,-94.65416000,-77.21674000,-65.94305000
0.12634277,-81.87691000,-93.39307000,-72.65029000,-72.55402000
0.12695313,-81.43119000,-90.02335000,-74.27386000,-69.00592000
0.12756348,-77.93781000,-93.67134000,-73.56007000,-69.44482000
0.12817383,-82.07001000,-100.25900000,-72.42201000,-72.85545000
0.12878418,-81.28964000,-95.39369000,-71.15543000,-91.52396000
0.12939453,-79.90655000,-85.10437000,-73.60802000,-61.23080000
0.13000488,-83.35564000,-81.43174000,-71.20888000,-56.89509000
0.13061523,-82.23015000,-83.92402000,-74.46899000,-60.44098000
0.13122559,-73.55582000,-88.65112000,-83.28217000,-67.92274000
0.13183594,-71.75590000,-90.76035000,-75.31187000,-82.14246000
0.13244629,-73.72554000,-98.78088000,-75.44453000,-78.87743000
0.13305664,-76.03034000,-102.26400000,-81.25832000,-77.83754000
0.13366699,-79.94186000,-99.39076000,-68.53277000,-69.11557000
0.13427734,-85.33765000,-99.96529000,-67.05827000,-67.38499000
0.13488770,-86.11892000,-99.18089000,-75.28087000,-70.11443000
0.13549805,-87.43980000,-97.38448000,-79.96868000,-84.71313000
0.13610840,-85.59393000,-103.25820000,-76.35080000,-74.45901000
0.13671875,-91.82341000,-93.55276000,-74.14044000,-73.32021000
0.13732910,-87.03477000,-94.35246000,-75.86147000,-75.29288000
0.13793945,-76.83878000,-100.63110000,-80.28920000,-85.26196000
0.13854980,-76.14551000,-117.49780000,-73.24496000,-74.65568000
0.13916016,-80.57706000,-93.92334000,-77.58824000,-68.98717000
0.13977051,-85.77457000,-89.27792000,-69.96220000,-68.47146000
0.14038086,-87.78775000,-89.58455000,-66.50537000,-82.07396000
0.14099121,-80.84355000,-87.61161000,-67.79872000,-68.09623000
0.14160156,-81.71329000,-95.49984000,-67.73466000,-64.96328000
0.14221191,-78.93067000,-92.16698000,-66.19847000,-67.76743000
0.14282227,-75.04430000,-89.47379000,-68.62411000,-73.65805000
0.14343262,-74.00346000,-89.76226000,-69.35258000,-83.64685000
0.14404297,-75.33652000,-94.35316000,-68.37703000,-77.20902000
0.14465332,-78.22038000,-102.89470000,-73.91096000,-72.03416000
0.14526367,-78.56432000,-90.25012000,-72.13210000,-75.43145000
0.14587402,-76.06505000,-87.96437000,-75.96869000,-82.92529000
0.14648438,-78.66994000,-94.76170000,-73.08522000,-76.00970000
0.14709473,-84.12753000,-96.12230000,-73.34451000,-65.08574000
0.14770508,-74.91032000,-92.10143000,-72.07507000,-63.09704000
0.14831543,-69.27360000,-94.47852000,-72.63788000,-66.54984000
0.14892578,-71.33763000,-71.90543000,-75.71420000,-47.57881000
0.14953613,-80.57709000,-59.02105000,-66.15369000,-34.37952000
0.15014648,-82.19532000,-56.85110000,-63.74466000,-31.98186000
0.15075684,-80.48997000,-63.97346000,-68.77778000,-38.65841000
0.15136719,-84.59611000,-83.65550000,-70.87280000,-56.40828000
0.15197754,-88.79986000,-94.08537000,-66.44595000,-65.77834000
0.15258789,-82.25898000,-86.48124000,-66.31989000,-67.71030000
0.15319824,-78.36282000,-83.81905000,-70.15067000,-67.79939000
0.15380859,-83.96664000,-85.52382000,-75.56500000,-66.97204000
0.15441895,-85.36861000,-92.17628000,-68.38973000,-66.23337000
0.15502930,-82.74641000,-103.30870000,-65.61618000,-67.09851000
0.15563965,-84.76601000,-95.64159000,-70.54794000,-67.21376000
0.15625000,-76.16526000,-94.88440000,-81.64084000,-70.77340000
0.15686035,-74.59299000,-91.14256000,-83.04096000,-72.43083000
0.15747070,-75.75154000,-92.60654000,-75.02809000,-81.22568000
0.15808105,-80.28615000,-93.26222000,-72.68141000,-74.30167000
0.15869141,-78.74435000,-91.51844000,-73.73795000,-69.93761000
0.15930176,-78.62515000,-92.66120000,-73.40960000,-81.53931000
0.15991211,-85.09589000,-110.22690000,-77.47606000,-78.76405000
0.16052246,-77.94011000,-91.88778000,-79.90617000,-69.95713000
0.16113281,-75.29684000,-89.21429000,-74.01031000,-64.60436000
0.16174316,-78.91628000,-89.97379000,-76.71481000,-67.40778000
0.16235352,-80.63796000,-92.97623000,-80.43695000,-72.34302000
0.16296387,-78.10840000,-90.81130000,-70.17203000,-76.40061000
0.16357422,-91.69379000,-87.55414000,-65.65073000,-74.46008000
0.16418457,-84.66885000,-92.14989000,-69.94430000,-74.42762000
0.16479492,-83.67845000,-94.66298000,-69.01394000,-65.33990000
0.16540527,-77.74490000,-89.06508000,-68.20754000,-65.83061000
0.16601563,-79.67061000,-90.87271000,-66.49409000,-70.40722000
0.16662598,-80.12473000,-97.05109000,-66.11807000,-76.70262000
0.16723633,-78.53773000,-95.82259000,-66.60104000,-74.94757000
0.16784668,-77.04377000,-90.89805000,-64.83054000,-83.03127000
0.16845703,-77.72758000,-89.68123000,-66.95801000,-85.58719000
0.16906738,-85.53139000,-91.51062000,-72.22586000,-65.99690000
0.16967773,-84.06940000,-80.69680000,-77.27453000,-57.04794000
0.17028809,-79.71635000,-79.01460000,-103.69740000,-56.28593000
0.17089844,-79.99439000,-85.71908000,-73.40886000,-64.00842000
0.17150879,-82.74924000,-100.16360000,-70.88359000,-70.66885000
0.17211914,-84.85570000,-94.20335000,-74.08852000,-75.82322000
0.17272949,-77.46770000,-90.92165000,-72.88840000,-82.81387000
0.17333984,-74.84756000,-92.60598000,-91.79468000,-80.23146000
0.17395020,-78.38167000,-94.73705000,-69.59921000,-72.77895000
0.17456055,-80.61565000,-92.77615000,-68.03496000,-69.44958000
0.17517090,-79.42577000,-98.71202000,-69.01187000,-70.19633000
0.17578125,-84.07011000,-99.44141000,-72.32867000,-73.96986000
0.17639160,-83.51277000,-95.61172000,-73.98423000,-76.35362000
0.17700195,-82.43584000,-91.93472000,-72.19245000,-75.46849000
0.17761230,-80.50854000,-92.19138000,-73.82832000,-98.62573000
0.17822266,-81.22154000,-88.25126000,-73.20580000,-77.49284000
0.17883301,-86.06535000,-85.03780000,-73.66029000,-63.52226000
0.17944336,-78.89027000,-74.36169000,-69.26714000,-50.78969000
0.18005371,-82.79113000,-71.09789000,-70.96838000,-47.50446000
0.18066406,-81.43663000,-76.57755000,-70.09589000,-52.57370000
0.18127441,-84.61659000,-89.25903000,-69.47524000,-64.92650000
0.18188477,-76.87182000,-96.20578000,-67.13592000,-67.75851000
0.18249512,-80.66955000,-95.81366000,-71.17613000,-66.52480000
0.18310547,-83.30168000,-95.54946000,-71.87376000,-70.28459000
0.18371582,-88.62679000,-98.50757000,-71.32173000,-72.89811000
0.18432617,-81.64046000,-94.33877000,-70.84737000,-70.90737000
0.18493652,-77.49275000,-88.45551000,-67.33879000,-71.12389000
0.18554688,-75.06491000,-87.99612000,-64.75035000,-75.02666000
0.18615723,-76.88256000,-88.83011000,-66.30076000,-80.32471000
0.18676758,-80.14572000,-95.94296000,-73.14787000,-78.48071000
0.18737793,-80.77765000,-99.81226000,-67.93760000,-77.06795000
0.18798828,-81.62811000,-96.32073000,-66.58889000,-77.65546000
0.18859863,-78.59891000,-97.88342000,-70.81925000,-77.49039000
0.18920898,-92.73296000,-90.68193000,-65.57974000,-67.27986000
0.18981934,-93.92005000,-83.95855000,-64.61374000,-58.48484000
0.19042969,-79.70748000,-85.89049000,-70.06113000,-60.71236000
0.19104004,-78.47944000,-104.30630000,-73.64853000,-74.74187000
0.19165039,-89.16973000,-98.00758000,-76.68630000,-75.48313000
0.19226074,-91.28692000,-105.47830000,-78.29037000,-77.69293000
0.19287109,-82.25710000,-96.14401000,-68.69971000,-94.23614000
0.19348145,-73.09547000,-95.96999000,-70.90108000,-78.10263000
0.19409180,-72.19819000,-93.69945000,-79.65755000,-78.73921000
0.19470215,-77.24440000,-91.06108000,-72.57082000,-73.18555000
0.19531250,-92.60793000,-94.30339000,-75.93674000,-71.92409000
0.19592285,-77.84903000,-96.79539000,-78.65008000,-70.56813000
0.19653320,-75.68546000,-91.58685000,-76.56728000,-77.12666000
0.19714355,-80.88889000,-87.30576000,-70.02050000,-69.97668000
0.19775391,-93.03836000,-88.39911000,-68.71832000,-69.16096000
0.19836426,-85.66760000,-95.15563000,-70.71944000,-84.95607000
0.19897461,-71.53545000,-105.29400000,-71.58342000,-72.67701000
0.19958496,-67.17282000,-85.93738000,-74.94443000,-68.14487000
0.20019531,-75.95520000,-81.45019000,-73.66805000,-66.50967000
0.20080566,-75.39696000,-85.13185000,-68.63388000,-67.91904000
0.20141602,-80.48206000,-88.30138000,-70.84074000,-69.48980000
0.20202637,-85.11124000,-85.44044000,-68.07408000,-73.23569000
0.20263672,-79.90953000,-84.41414000,-66.09406000,-75.54261000
0.20324707,-83.35030000,-87.52948000,-64.90498000,-72.45602000
0.20385742,-97.13733000,-92.33076000,-68.29299000,-72.15761000
0.20446777,-98.65186000,-102.30820000,-75.31711000,-76.21452000
0.20507813,-91.14356000,-106.89830000,-68.98611000,-82.52254000
0.20568848,-79.07773000,-97.46601000,-69.24681000,-104.42710000
0.20629883,-76.28205000,-90.06882000,-74.13982000,-80.61044000
0.20690918,-77.97822000,-90.87013000,-69.88577000,-78.07664000
0.20751953,-84.90985000,-99.43443000,-71.78872000,-85.79787000
0.20812988,-90.47158000,-108.47980000,-87.01911000,-75.70395000
0.20874023,-85.71477000,-82.53465000,-73.88032000,-57.29984000
0.20935059,-81.03931000,-67.26594000,-69.65788000,-41.52564000
0.20996094,-69.94010000,-62.95474000,-74.03710000,-36.63926000
0.21057129,-65.47999000,-68.34323000,-73.39537000,-40.61435000
0.21118164,-68.94984000,-90.01023000,-76.17252000,-55.18752000
0.21179199,-76.73050000,-98.01388000,-72.37621000,-77.03345000
0.21240234,-76.56284000,-94.33688000,-68.96864000,-79.61948000
0.21301270,-80.39594000,-94.98965000,-76.04636000,-72.41911000
0.21362305,-85.01705000,-90.05607000,-74.17893000,-69.48354000
0.21423340,-78.92301000,-90.28633000,-84.54858000,-67.51745000
0.21484375,-75.43464000,-99.19552000,-69.40776000,-72.26241000
0.21545410,-77.19468000,-97.19379000,-65.93080000,-75.04164000
0.21606445,-85.73723000,-93.18483000,-66.24808000,-72.76748000
0.21667480,-78.08264000,-86.04107000,-65.82845000,-78.75382000
0.21728516,-79.85551000,-88.98193000,-67.81108000,-76.95796000
0.21789551,-85.45834000,-95.66309000,-71.49238000,-69.16049000
0.21850586,-73.74326000,-94.40840000,-75.26091000,-67.78584000
0.21911621,-73.49722000,-93.05755000,-67.46329000,-72.43979000
0.21972656,-80.94901000,-94.67307000,-68.31030000,-80.16399000
0.22033691,-90.91037000,-93.07934000,-64.60725000,-80.05862000
0.22094727,-84.52686000,-97.71748000,-64.13722000,-79.47208000
0.22155762,-81.65672000,-93.35755000,-71.63216000,-72.91955000
0.22216797,-76.04713000,-105.16320000,-72.27586000,-67.97086000
0.22277832,-73.06911000,-100.35840000,-77.48827000,-69.94208000
0.22338867,-74.78560000,-104.43530000,-72.74706000,-79.13865000
0.22399902,-90.63590000,-100.42170000,-68.43319000,-77.59894000
0.22460938,-88.28217000,-89.53311000,-67.57520000,-71.22682000
0.22521973,-82.11127000,-86.09210000,-69.58120000,-70.57979000
0.22583008,-78.38744000,-85.96768000,-78.09182000,-73.62729000
0.22644043,-86.57386000,-85.39784000,-68.95377000,-75.51863000
0.22705078,-81.09395000,-85.46078000,-69.11752000,-76.25675000
0.22766113,-75.29556000,-85.27930000,-81.84082000,-76.99382000
0.22827148,-74.67358000,-85.84332000,-68.43098000,-71.62225000
0.22888184,-76.69100000,-89.38481000,-67.88026000,-69.90300000
0.22949219,-79.34184000,-90.93342000,-69.57436000,-59.54655000
0.23010254,-81.46375000,-81.83155000,-71.08140000,-57.27320000
0.23071289,-83.57240000,-85.74440000,-72.84138000,-64.61780000
0.23132324,-77.69737000,-92.72468000,-79.28783000,-76.88740000
0.23193359,-74.90281000,-90.28520000,-67.57161000,-72.71029000
0.23254395,-75.72112000,-100.73450000,-66.08478000,-71.98079000
0.23315430,-73.26624000,-107.22040000,-74.57481000,-72.95720000
0.23376465,-72.52716000,-100.11430000,-72.16465000,-88.00965000
0.23437500,-76.34015000,-95.44212000,-78.53746000,-77.39568000
0.23498535,-85.78513000,-94.80101000,-83.71941000,-75.56421000
0.23559570,-75.55763000,-97.45969000,-84.30112000,-74.66751000
0.23620605,-73.03417000,-88.65184000,-73.40741000,-75.77582000
0.23681641,-76.32523000,-85.04172000,-69.01513000,-72.71346000
0.23742676,-83.09701000,-85.31203000,-66.67119000,-70.36372000
0.23803711,-85.24975000,-88.69308000,-65.88166000,-70.20277000
0.23864746,-81.95006000,-91.04822000,-64.97665000,-68.56902000
0.23925781,-73.76028000,-76.87943000,-64.31291000,-58.04482000
0.23986816,-80.25665000,-71.54103000,-65.33078000,-49.91294000
0.24047852,-73.81221000,-74.60731000,-68.19297000,-52.14891000
0.24108887,-72.58804000,-85.89421000,-69.16049000,-63.94294000
0.24169922,-81.76511000,-91.07663000,-80.34071000,-73.60777000
0.24230957,-65.82665000,-89.35966000,-77.15382000,-72.91161000
0.24291992,-60.19420000,-91.79298000,-88.15974000,-75.39935000
0.24353027,-61.05032000,-97.76323000,-72.62510000,-85.04510000
0.24414063,-66.52558000,-97.18270000,-68.63282000,-81.35034000
0.24475098,-66.87733000,-102.19730000,-73.13541000,-85.88898000
0.24536133,-68.90927000,-90.06915000,-77.79918000,-84.36745000
0.24597168,-68.54674000,-89.35151000,-71.17377000,-73.85526000
0.24658203,-67.77825000,-92.23346000,-66.15433000,-73.21507000
0.24719238,-68.87650000,-93.08877000,-66.12103000,-77.66393000
0.24780273,-66.06677000,-94.23542000,-71.03256000,-74.40044000
0.24841309,-66.47755000,-100.16510000,-71.77438000,-69.59227000
0.24902344,-77.00426000,-96.21838000,-69.77372000,-67.42894000
0.24963379,-71.46319000,-90.58730000,-70.11765000,-62.04882000
0.25024414,-67.57297000,-84.67494000,-70.43991000,-61.41550000
0.25085449,-77.98698000,-86.04865000,-74.71726000,-67.16104000
0.25146484,-77.10120000,-89.69061000,-77.92314000,-71.02519000
0.25207520,-74.05997000,-90.91292000,-72.94330000,-70.26144000
0.25268555,-74.09103000,-88.74062000,-75.94806000,-72.43367000
0.25329590,-74.38725000,-87.83640000,-75.90680000,-68.45429000
0.25390625,-81.16335000,-91.82674000,-69.23250000,-70.51284000
0.25451660,-85.19644000,-103.33580000,-68.19838000,-73.98216000
0.25512695,-75.76394000,-101.42230000,-73.77565000,-81.37576000
0.25573730,-78.69038000,-93.79073000,-72.70427000,-73.56604000
0.25634766,-85.84457000,-94.75826000,-66.89855000,-69.06612000
0.25695801,-85.53241000,-89.86977000,-64.73778000,-73.33729000
0.25756836,-87.38758000,-89.16199000,-64.55215000,-95.91949000
0.25817871,-79.76752000,-95.52193000,-66.18676000,-81.13985000
0.25878906,-74.68790000,-97.33410000,-69.06569000,-84.64774000
0.25939941,-90.68311000,-84.49515000,-70.27750000,-67.27074000
0.26000977,-78.96081000,-83.46474000,-72.34487000,-64.79594000
0.26062012,-74.09639000,-94.22760000,-77.35240000,-76.29606000
0.26123047,-74.31307000,-96.98192000,-74.19666000,-73.24288000
0.26184082,-89.77349000,-104.32300000,-69.35326000,-79.42772000
0.26245117,-87.79868000,-94.97032000,-66.92712000,-71.56947000
0.26306152,-79.65396000,-91.76859000,-67.09462000,-74.09124000
0.26367188,-78.59627000,-92.88568000,-67.56349000,-82.68309000
0.26428223,-78.29668000,-92.94157000,-67.11121000,-84.21470000
0.26489258,-78.15161000,-90.59058000,-70.16838000,-74.10715000
0.26550293,-78.95308000,-91.03273000,-90.59172000,-72.87669000
0.26611328,-80.29086000,-98.07202000,-72.29309000,-74.94766000
0.26672363,-86.57674000,-86.19132000,-71.25561000,-76.34856000
0.26733398,-75.67648000,-85.23914000,-75.85306000,-71.58847000
0.26794434,-75.72612000,-85.38622000,-72.34424000,-75.88857000
0.26855469,-80.40880000,-87.37843000,-71.53276000,-67.12324000
0.26916504,-79.28148000,-77.65199000,-80.40479000,-48.39843000
0.26977539,-76.59606000,-68.05620000,-75.34939000,-40.76250000
0.27038574,-77.76850000,-69.25084000,-75.78186000,-42.10797000
0.27099609,-78.19408000,-82.01679000,-70.66534000,-53.26576000
0.27160645,-75.27554000,-93.14233000,-67.71634000,-76.44379000
0.27221680,-77.17268000,-92.21257000,-67.20123000,-74.91248000
0.27282715,-102.28960000,-101.83890000,-71.65160000,-74.46700000
0.27343750,-82.24060000,-94.92664000,-76.66841000,-77.39114000
0.27404785,-78.22070000,-92.91487000,-75.36248000,-76.36517000
0.27465820,-73.93656000,-104.68340000,-74.50431000,-76.72636000
0.27526855,-77.70245000,-93.49609000,-68.28553000,-71.68170000
0.27587891,-89.39766000,-97.47730000,-65.30711000,-72.74397000
0.27648926,-85.49660000,-88.47672000,-67.83990000,-75.53602000
0.27709961,-76.80980000,-86.67634000,-78.84309000,-73.72530000
0.27770996,-74.82406000,-91.23312000,-76.22165000,-73.93313000
0.27832031,-72.20184000,-94.99671000,-74.66191000,-74.06120000
0.27893066,-72.92484000,-90.31970000,-77.35995000,-69.89147000
0.27954102,-76.73494000,-88.90568000,-76.21821000,-68.40029000
0.28015137,-82.45551000,-91.05841000,-68.60964000,-68.47189000
0.28076172,-79.32796000,-89.94141000,-71.13049000,-70.61922000
0.28137207,-80.58082000,-92.42500000,-78.47440000,-76.53210000
0.28198242,-81.82651000,-101.80630000,-71.47683000,-74.24161000
0.28259277,-78.92793000,-99.76654000,-75.06528000,-71.81456000
0.28320313,-79.38577000,-92.92198000,-74.33521000,-79.85815000
0.28381348,-78.65866000,-93.57004000,-71.89652000,-81.98293000
0.28442383,-72.40836000,-95.09650000,-71.39954000,-79.64221000
0.28503418,-75.02286000,-94.92516000,-76.48946000,-94.21005000
0.28564453,-74.45315000,-95.97543000,-72.73484000,-73.56632000
0.28625488,-77.03008000,-99.16401000,-72.58820000,-71.59541000
0.28686523,-85.08665000,-112.67660000,-72.96278000,-73.48608000
0.28747559,-87.23505000,-113.90600000,-92.81229000,-70.08044000
0.28808594,-82.52029000,-99.66809000,-82.45567000,-74.05620000
0.28869629,-79.93393000,-90.20497000,-71.11293000,-74.82507000
0.28930664,-85.50785000,-82.04173000,-70.06888000,-64.54800000
0.28991699,-83.10994000,-80.51158000,-71.25233000,-58.30136000
0.29052734,-75.48795000,-87.60453000,-72.05242000,-61.42330000
0.29113770,-74.49288000,-99.58732000,-85.13594000,-70.25659000
0.29174805,-76.61080000,-93.91685000,-91.72455000,-67.80610000
0.29235840,-86.99551000,-89.52103000,-71.95634000,-75.28489000
0.29296875,-76.12366000,-90.89700000,-67.94963000,-86.90866000
0.29357910,-71.21342000,-90.35172000,-69.76955000,-76.93434000
0.29418945,-72.84543000,-94.32697000,-68.23486000,-73.33067000
0.29479980,-76.69061000,-101.80070000,-63.77357000,-70.60606000
0.29541016,-77.86762000,-99.70110000,-61.08590000,-67.72921000
0.29602051,-73.26056000,-102.24680000,-62.19360000,-67.33758000
0.29663086,-65.44411000,-92.05453000,-66.21543000,-70.49196000
0.29724121,-70.48827000,-92.76936000,-67.02976000,-77.94170000
0.29785156,-77.65202000,-91.20734000,-67.78051000,-84.70297000
0.29846191,-75.53275000,-88.39977000,-68.30946000,-77.78112000
0.29907227,-75.13470000,-83.54640000,-66.57922000,-60.21798000
0.29968262,-71.01086000,-74.87862000,-65.21123000,-51.20459000
0.30029297,-71.96049000,-74.53640000,-69.78951000,-51.15049000
0.30090332,-82.17522000,-82.04162000,-78.66498000,-61.65966000
0.30151367,-82.98615000,-94.89007000,-74.45099000,-74.31570000
0.30212402,-74.31242000,-91.50673000,-74.11472000,-74.12082000
0.30273438,-75.79768000,-98.10426000,-68.00948000,-76.62472000
0.30334473,-84.33361000,-94.84283000,-68.49754000,-77.57016000
0.30395508,-85.52208000,-90.80000000,-75.51781000,-73.55408000
0.30456543,-78.46912000,-93.32800000,-76.60178000,-66.31174000
0.30517578,-77.15585000,-89.89178000,-72.23620000,-67.20195000
0.30578613,-80.34061000,-93.62686000,-71.13383000,-72.43559000
0.30639648,-91.14156000,-98.64751000,-69.66572000,-83.25661000
0.30700684,-96.75702000,-93.83336000,-68.26875000,-72.97900000
0.30761719,-88.63201000,-93.41605000,-74.44452000,-68.60732000
0.30822754,-84.54630000,-92.57400000,-69.98820000,-68.37794000
0.30883789,-78.17023000,-102.66890000,-65.65828000,-70.64081000
0.30944824,-85.92522000,-85.51690000,-70.06640000,-66.35526000
0.31005859,-86.84665000,-82.29070000,-78.19129000,-62.41724000
0.31066895,-83.28568000,-85.98533000,-76.27961000,-66.58950000
0.31127930,-76.38521000,-100.60420000,-70.78816000,-72.87663000
0.31188965,-74.98533000,-99.42222000,-69.08797000,-76.15530000
0.31250000,-83.95004000,-98.09220000,-68.84113000,-76.85394000
0.31311035,-82.61488000,-93.48976000,-71.13724000,-75.88634000
0.31372070,-80.06995000,-88.24562000,-75.88744000,-74.53228000
0.31433105,-77.32520000,-89.91083000,-71.43970000,-75.81430000
0.31494141,-83.15316000,-93.28076000,-68.63729000,-79.78842000
0.31555176,-75.38432000,-87.12538000,-70.54397000,-78.30175000
0.31616211,-71.89790000,-89.76456000,-67.80034000,-75.46979000
0.31677246,-76.61360000,-94.50856000,-71.88954000,-76.71510000
0.31738281,-89.83752000,-91.47396000,-77.97255000,-73.22013000
0.31799316,-83.83928000,-92.55813000,-67.48114000,-72.94046000
0.31860352,-85.35498000,-93.11247000,-67.08517000,-70.85865000
0.31921387,-81.38902000,-92.01881000,-70.46821000,-73.41800000
0.31982422,-74.84087000,-92.27413000,-85.22824000,-80.50757000
0.32043457,-75.02762000,-100.13630000,-75.40615000,-71.23013000
0.32104492,-78.62196000,-93.82445000,-85.33574000,-72.08550000
0.32165527,-84.74577000,-97.52734000,-74.97146000,-84.79047000
0.32226563,-84.33353000,-102.51300000,-76.75694000,-78.05278000
0.32287598,-74.63213000,-98.44544000,-74.13392000,-78.89922000
0.32348633,-72.60342000,-106.02720000,-71.74612000,-84.73415000
0.32409668,-74.40952000,-95.28247000,-77.75279000,-72.80400000
0.32470703,-80.31642000,-93.78366000,-72.57314000,-69.77011000
0.32531738,-87.34383000,-96.81329000,-70.63990000,-77.06669000
0.32592773,-78.30315000,-97.91816000,-69.42072000,-83.18163000
0.32653809,-76.60863000,-95.63843000,-68.57465000,-76.67990000
0.32714844,-75.80131000,-104.48660000,-70.15252000,-75.91867000
0.32775879,-75.05524000,-97.51326000,-80.32901000,-75.94937000
0.32836914,-74.56293000,-92.58310000,-88.94474000,-80.09715000
0.32897949,-86.82728000,-95.98109000,-81.40491000,-56.60469000
0.32958984,-78.60699000,-75.69349000,-86.82341000,-45.52034000
0.33020020,-79.43593000,-72.57056000,-75.83506000,-44.21321000
0.33081055,-81.79953000,-80.10162000,-81.07980000,-52.40953000
0.33142090,-83.64589000,-92.61636000,-85.64708000,-88.89821000
0.33203125,-77.17790000,-94.10409000,-85.58412000,-73.87000000
0.33264160,-79.61775000,-96.91926000,-76.40162000,-95.66397000
0.33325195,-90.62973000,-94.79095000,-80.46157000,-77.68085000
0.33386230,-94.93935000,-91.00442000,-71.13612000,-77.04135000
0.33447266,-83.88309000,-94.93129000,-66.91114000,-80.32213000
0.33508301,-78.56932000,-96.35847000,-69.18926000,-83.93653000
0.33569336,-78.38918000,-97.09560000,-72.31033000,-75.43787000
0.33630371,-80.85140000,-100.70060000,-70.48338000,-73.73656000
0.33691406,-80.82979000,-98.43781000,-76.51009000,-72.59874000
0.33752441,-84.22626000,-87.78937000,-71.66742000,-76.46651000
0.33813477,-81.02673000,-86.09247000,-71.20759000,-74.63044000
0.33874512,-73.78905000,-95.17514000,-65.26421000,-72.73673000
0.33935547,-77.55077000,-98.08311000,-67.07047000,-79.73653000
0.33996582,-98.83694000,-98.00858000,-72.05247000,-65.73431000
0.34057617,-82.93334000,-91.99897000,-80.57037000,-64.46432000
0.34118652,-78.15113000,-99.70207000,-73.75269000,-68.42853000
0.34179688,-79.49828000,-91.57010000,-70.53700000,-76.10847000
0.34240723,-82.71606000,-88.38979000,-68.56377000,-79.26513000
0.34301758,-79.40765000,-90.29279000,-69.22567000,-73.56821000
0.34362793,-78.32776000,-93.65067000,-65.25900000,-76.53579000
0.34423828,-79.45104000,-94.72469000,-63.93025000,-79.42120000
0.34484863,-85.90285000,-93.14925000,-68.49021000,-80.19428000
0.34545898,-81.01768000,-93.67567000,-82.16171000,-76.81070000
0.34606934,-78.20214000,-98.62447000,-75.56854000,-71.37164000
0.34667969,-74.08487000,-104.54180000,-76.00214000,-72.23710000
0.34729004,-71.63423000,-99.11021000,-85.14040000,-80.64323000
0.34790039,-81.23383000,-92.59964000,-81.78600000,-85.84519000
0.34851074,-71.80711000,-91.46835000,-69.58680000,-79.87137000
0.34912109,-66.74720000,-93.39484000,-63.95766000,-69.47636000
0.34973145,-72.18652000,-90.48361000,-64.01740000,-64.21834000
0.35034180,-72.33849000,-91.63284000,-71.26448000,-68.60356000
0.35095215,-74.90090000,-97.80652000,-86.43326000,-95.58312000
0.35156250,-87.68161000,-89.36012000,-79.44708000,-84.75358000
0.35217285,-78.34808000,-90.90626000,-70.82950000,-80.44402000
0.35278320,-74.63260000,-91.92577000,-66.51346000,-73.75371000
0.35339355,-78.63757000,-87.70940000,-66.75396000,-73.35916000
0.35400391,-81.98029000,-86.72451000,-74.91293000,-77.72198000
0.35461426,-79.45782000,-95.79510000,-80.12704000,-76.43213000
0.35522461,-89.12730000,-100.70380000,-73.71590000,-68.06345000
0.35583496,-80.07619000,-97.67338000,-70.43364000,-67.13228000
0.35644531,-78.81314000,-96.81189000,-70.76083000,-73.79941000
0.35705566,-84.12845000,-101.26700000,-68.61251000,-72.88458000
0.35766602,-84.13612000,-98.65956000,-67.28633000,-76.95645000
0.35827637,-81.42010000,-103.88760000,-70.58140000,-79.74996000
0.35888672,-75.12463000,-87.01582000,-75.14481000,-67.69790000
0.35949707,-75.72231000,-77.68622000,-72.55696000,-54.89213000
0.36010742,-87.83467000,-76.17202000,-74.27705000,-51.91650000
0.36071777,-76.56850000,-83.52608000,-78.55315000,-58.16263000
0.36132813,-73.89742000,-105.24590000,-76.25552000,-71.98520000
0.36193848,-77.60849000,-101.18780000,-70.92363000,-68.97376000
0.36254883,-88.97600000,-102.09580000,-68.26981000,-73.81895000
0.36315918,-75.88032000,-99.19621000,-67.19681000,-80.15627000
0.36376953,-71.70923000,-113.56190000,-72.96262000,-77.45097000
0.36437988,-73.48608000,-103.47170000,-71.42961000,-73.06512000
0.36499023,-83.75127000,-95.54455000,-70.89225000,-69.84969000
0.36560059,-80.70683000,-92.32646000,-73.90506000,-71.38596000
0.36621094,-74.03661000,-89.70878000,-66.70255000,-72.97620000
0.36682129,-78.21509000,-88.54735000,-63.66087000,-94.42193000
0.36743164,-83.06003000,-89.29600000,-64.98327000,-73.27668000
0.36804199,-82.11932000,-91.50043000,-68.43377000,-74.44371000
0.36865234,-75.46615000,-97.96515000,-71.22287000,-88.09441000
0.36926270,-70.94412000,-94.22031000,-69.33656000,-72.69168000
0.36987305,-70.94559000,-88.89709000,-68.81847000,-66.18732000
0.37048340,-76.30667000,-86.75787000,-69.31101000,-69.47617000
0.37109375,-100.43080000,-88.07722000,-65.47289000,-78.10191000
0.37170410,-77.98301000,-94.82974000,-66.41389000,-79.79591000
0.37231445,-76.83389000,-105.62540000,-63.32417000,-73.55085000
0.37292480,-90.21881000,-107.42470000,-66.23508000,-71.20760000
0.37353516,-77.34505000,-116.91720000,-66.85831000,-72.76004000
0.37414551,-72.57257000,-99.10445000,-63.96854000,-77.52547000
0.37475586,-71.61844000,-94.47287000,-64.60938000,-100.00800000
0.37536621,-73.22246000,-94.14029000,-70.45699000,-80.34708000
0.37597656,-76.19664000,-88.69025000,-72.75291000,-74.61842000
0.37658691,-72.11768000,-90.58305000,-63.97086000,-74.94566000
0.37719727,-70.80918000,-95.94081000,-62.49804000,-76.84926000
0.37780762,-75.07709000,-93.57789000,-63.95119000,-79.68893000
0.37841797,-81.81471000,-91.64306000,-67.18715000,-107.21050000
0.37902832,-77.24763000,-91.18057000,-68.43221000,-84.47025000
0.37963867,-77.08160000,-88.65742000,-69.76599000,-69.13444000
0.38024902,-86.11203000,-89.16179000,-65.09116000,-65.23180000
0.38085938,-87.20584000,-90.94591000,-63.19950000,-66.70078000
0.38146973,-82.62139000,-92.95499000,-67.78749000,-74.62195000
0.38208008,-76.53396000,-105.10510000,-69.31715000,-73.91405000
0.38269043,-76.27593000,-100.63730000,-67.24508000,-74.12054000
0.38330078,-79.21381000,-97.96085000,-67.51741000,-77.58829000
0.38391113,-83.72947000,-101.58580000,-69.60033000,-81.12437000
0.38452148,-87.43813000,-96.77300000,-69.52197000,-79.78156000
0.38513184,-74.44382000,-92.28119000,-72.96090000,-76.85522000
0.38574219,-75.38483000,-90.07777000,-87.41535000,-78.37530000
0.38635254,-76.43766000,-90.07854000,-77.02949000,-80.68816000
0.38696289,-74.22578000,-93.65259000,-80.50938000,-72.10555000
0.38757324,-72.84142000,-91.51321000,-84.87259000,-70.35499000
0.38818359,-72.93214000,-91.79671000,-76.51012000,-73.33819000
0.38879395,-72.31646000,-77.44219000,-71.15514000,-65.73243000
0.38940430,-59.05547000,-68.72861000,-68.71751000,-50.73269000
0.39001465,-59.21591000,-69.12913000,-71.70450000,-46.46342000
0.39062500,-71.19935000,-77.56179000,-92.62946000,-51.21953000
0.39123535,-83.29240000,-94.72913000,-76.54123000,-67.21597000
0.39184570,-93.90611000,-94.26192000,-87.56357000,-83.67713000
0.39245605,-91.07481000,-91.25978000,-72.03738000,-78.47961000
0.39306641,-79.73401000,-92.21442000,-66.73980000,-78.66752000
0.39367676,-82.96124000,-94.56490000,-68.09800000,-75.28256000
0.39428711,-79.52216000,-91.86294000,-77.54326000,-73.48947000
0.39489746,-79.36726000,-92.90994000,-71.13138000,-82.75008000
0.39550781,-72.33611000,-94.33872000,-65.66856000,-82.18388000
0.39611816,-75.39283000,-100.12250000,-68.49435000,-75.49580000
0.39672852,-76.08603000,-101.38740000,-68.24446000,-74.65511000
0.39733887,-73.14401000,-117.75120000,-69.12135000,-77.80283000
0.39794922,-80.34598000,-95.87311000,-78.00179000,-73.83614000
0.39855957,-79.15852000,-88.29312000,-69.79483000,-72.63830000
0.39916992,-73.54763000,-89.12235000,-71.27417000,-84.66809000
0.39978027,-67.86726000,-93.54534000,-72.89272000,-70.25008000
0.40039063,-66.20473000,-86.42932000,-81.37610000,-68.61687000
0.40100098,-71.65069000,-92.43707000,-73.18449000,-73.28062000
0.40161133,-71.68115000,-95.58753000,-75.00246000,-72.19477000
0.40222168,-69.07481000,-88.70452000,-72.05978000,-75.00312000
0.40283203,-70.27933000,-93.00666000,-67.58936000,-86.60390000
0.40344238,-76.95747000,-94.00070000,-71.91815000,-78.39566000
0.40405273,-87.15485000,-91.07246000,-70.26727000,-81.94432000
0.40466309,-82.08844000,-95.68287000,-65.67688000,-84.20636000
0.40527344,-81.01826000,-100.43220000,-68.52130000,-73.86995000
0.40588379,-77.37000000,-93.70363000,-74.73154000,-71.90638000
0.40649414,-76.39401000,-93.02834000,-71.29218000,-70.48774000
0.40710449,-81.26257000,-97.31510000,-66.28442000,-72.77609000
0.40771484,-77.14659000,-94.67315000,-74.03285000,-73.76388000
0.40832520,-76.91924000,-101.83300000,-74.41384000,-68.47828000
0.40893555,-82.94968000,-95.24220000,-76.59531000,-71.33015000
0.40954590,-76.09130000,-90.88531000,-78.49313000,-70.55119000
0.41015625,-75.97687000,-93.30716000,-75.53918000,-63.41928000
0.41076660,-84.61029000,-97.83222000,-71.50173000,-67.70584000
0.41137695,-93.26819000,-91.79726000,-68.04078000,-72.97307000
0.41198730,-88.77792000,-87.09071000,-64.81654000,-74.81943000
0.41259766,-101.76630000,-88.78073000,-68.67532000,-78.74757000
0.41320801,-85.90829000,-95.55534000,-78.50249000,-79.98574000
0.41381836,-80.31411000,-105.25090000,-76.90438000,-76.01218000
0.41442871,-77.47421000,-96.62415000,-76.24231000,-74.08316000
0.41503906,-78.37177000,-94.10752000,-72.85995000,-74.24377000
0.41564941,-76.53172000,-98.51719000,-72.51164000,-78.67913000
0.41625977,-75.76373000,-91.87109000,-70.88753000,-74.59708000
0.41687012,-88.20055000,-90.93078000,-70.64091000,-78.83150000
0.41748047,-77.36447000,-97.75574000,-76.63733000,-75.20565000
0.41809082,-75.51360000,-97.01778000,-80.06562000,-80.04820000
0.41870117,-78.36788000,-92.85316000,-71.88680000,-74.05938000
0.41931152,-80.56833000,-85.86906000,-67.75328000,-58.69980000
0.41992188,-82.80869000,-80.06400000,-64.98843000,-53.73334000
0.42053223,-87.67276000,-81.44374000,-66.01835000,-58.15275000
0.42114258,-89.91080000,-90.76077000,-69.33386000,-77.74466000
0.42175293,-86.98811000,-95.64081000,-73.47945000,-96.18287000
0.42236328,-85.76191000,-93.32068000,-80.56042000,-77.37733000
0.42297363,-84.61628000,-95.18687000,-70.42626000,-73.26013000
0.42358398,-80.10808000,-118.33500000,-74.32669000,-82.57074000
0.42419434,-81.39117000,-97.37622000,-77.32791000,-80.53192000
0.42480469,-87.25239000,-102.45510000,-73.16459000,-73.05611000
0.42541504,-81.79366000,-93.89301000,-74.96798000,-71.53012000
0.42602539,-71.94960000,-94.81437000,-78.61900000,-70.91569000
0.42663574,-74.09831000,-104.17140000,-74.92110000,-70.66209000
0.42724609,-87.85809000,-91.64033000,-69.89219000,-73.20032000
0.42785645,-91.26070000,-92.99142000,-72.03436000,-75.56749000
0.42846680,-84.84227000,-90.30450000,-81.71266000,-80.02405000
0.42907715,-82.16542000,-86.42343000,-69.33053000,-70.46687000
0.42968750,-85.36113000,-85.76755000,-67.49028000,-65.47794000
0.43029785,-77.99439000,-87.53846000,-68.21397000,-66.29435000
0.43090820,-75.78780000,-91.40441000,-71.94186000,-74.55209000
0.43151855,-77.37395000,-90.80486000,-65.80188000,-80.48473000
0.43212891,-77.66202000,-90.44374000,-69.91811000,-86.80525000
0.43273926,-84.41234000,-91.78870000,-74.22168000,-78.07710000
0.43334961,-79.43819000,-94.81654000,-68.39243000,-86.09638000
0.43395996,-76.51001000,-99.60655000,-66.99747000,-73.66264000
0.43457031,-73.51632000,-119.30080000,-70.86676000,-76.16893000
0.43518066,-74.26637000,-93.34787000,-65.85513000,-74.57230000
0.43579102,-78.21821000,-88.19505000,-64.44090000,-72.34520000
0.43640137,-82.66055000,-85.98450000,-66.04408000,-77.98882000
0.43701172,-76.51352000,-86.10805000,-69.28735000,-76.20789000
0.43762207,-76.05657000,-88.57026000,-77.17584000,-72.51006000
0.43823242,-79.17023000,-91.54570000,-89.53381000,-72.91163000
0.43884277,-84.89153000,-91.65446000,-72.22723000,-71.67140000
0.43945313,-85.49801000,-92.31403000,-68.97678000,-69.28594000
0.44006348,-83.99948000,-93.71701000,-72.44444000,-68.81367000
0.44067383,-82.79738000,-98.12626000,-71.14207000,-70.91212000
0.44128418,-91.53817000,-95.02498000,-68.69594000,-69.75993000
0.44189453,-81.33891000,-91.99257000,-72.66700000,-76.50434000
0.44250488,-75.34625000,-95.38274000,-71.49693000,-85.44648000
0.44311523,-75.66111000,-97.26442000,-75.49406000,-74.55441000
0.44372559,-83.94296000,-111.53850000,-84.52668000,-71.35928000
0.44433594,-69.60453000,-109.51040000,-68.44917000,-75.04416000
0.44494629,-64.07748000,-97.47948000,-64.09320000,-75.12926000
0.44555664,-67.71365000,-103.55980000,-65.19713000,-85.57269000
0.44616699,-79.57526000,-98.07782000,-70.24920000,-90.42466000
0.44677734,-73.78236000,-90.99499000,-70.95824000,-74.04311000
0.44738770,-70.50383000,-89.50801000,-71.79137000,-71.63853000
0.44799805,-72.01648000,-87.98301000,-68.76847000,-74.52805000
0.44860840,-79.92125000,-85.44073000,-67.37548000,-80.31084000
0.44921875,-79.88872000,-82.07305000,-69.16345000,-58.87157000
0.44982910,-72.35051000,-77.89867000,-67.59600000,-51.33403000
0.45043945,-70.30654000,-78.80681000,-66.09979000,-53.13842000
0.45104980,-75.44414000,-87.40318000,-69.91650000,-64.84178000
0.45166016,-75.13324000,-88.93127000,-76.74677000,-73.14772000
0.45227051,-78.07587000,-90.81547000,-75.71054000,-70.51440000
0.45288086,-81.68305000,-98.30470000,-70.41259000,-72.58399000
0.45349121,-84.75668000,-102.86520000,-71.57444000,-72.68840000
0.45410156,-82.58635000,-102.38890000,-71.68246000,-75.86757000
0.45471191,-79.32076000,-103.45730000,-70.88857000,-74.91120000
0.45532227,-79.27408000,-103.87290000,-74.35036000,-71.09566000
0.45593262,-84.62331000,-102.35770000,-68.13663000,-72.09199000
0.45654297,-77.87666000,-98.16641000,-68.02219000,-76.38733000
0.45715332,-78.40205000,-91.09631000,-74.00076000,-74.76745000
0.45776367,-86.69944000,-89.56130000,-79.96768000,-79.74779000
0.45837402,-82.80959000,-91.20048000,-74.16574000,-79.82673000
0.45898438,-85.24216000,-92.30249000,-73.07076000,-72.20486000
0.45959473,-78.99099000,-94.39240000,-73.40311000,-70.54913000
0.46020508,-78.02228000,-106.06350000,-80.97526000,-72.20686000
0.46081543,-86.36642000,-93.79257000,-76.96814000,-79.73578000
0.46142578,-84.40948000,-101.27840000,-74.37074000,-77.22550000
0.46203613,-74.85059000,-130.73120000,-71.35713000,-71.79929000
0.46264648,-74.58930000,-105.87860000,-68.54625000,-72.30916000
0.46325684,-84.01407000,-95.28395000,-70.15076000,-82.50845000
0.46386719,-81.77730000,-92.14014000,-77.64582000,-74.75632000
0.46447754,-84.12320000,-93.50394000,-75.22440000,-73.21337000
0.46508789,-75.38776000,-96.68936000,-69.21956000,-73.89045000
0.46569824,-73.25303000,-90.16590000,-69.33780000,-71.21435000
0.46630859,-82.05375000,-94.41925000,-71.60963000,-67.69560000
0.46691895,-92.00380000,-106.38000000,-75.29826000,-69.33825000
0.46752930,-79.28197000,-97.82767000,-72.38387000,-73.02877000
0.46813965,-71.01768000,-98.86073000,-73.56979000,-80.85412000
0.46875000,-68.51203000,-96.58437000,-72.10208000,-80.05731000
0.46936035,-72.87560000,-98.27908000,-70.76445000,-68.27847000
0.46997070,-77.89225000,-103.96220000,-73.93477000,-62.64111000
0.47058105,-73.92660000,-98.68878000,-78.21687000,-63.66317000
0.47119141,-76.10704000,-97.69978000,-78.69647000,-69.04914000
0.47180176,-83.98151000,-104.75170000,-74.86792000,-74.65082000
0.47241211,-76.28504000,-97.19788000,-77.57564000,-75.45112000
0.47302246,-77.51157000,-95.60275000,-81.31577000,-69.56328000
0.47363281,-79.54553000,-98.68636000,-81.61539000,-70.46584000
0.47424316,-89.33456000,-96.43594000,-81.43227000,-74.18520000
0.47485352,-92.46857000,-91.15312000,-83.32462000,-70.01651000
0.47546387,-81.91475000,-94.35614000,-73.61200000,-73.14058000
0.47607422,-79.18037000,-101.33960000,-69.27171000,-74.69747000
0.47668457,-82.12459000,-97.87469000,-66.13182000,-73.63129000
0.47729492,-80.84233000,-93.58372000,-72.30471000,-80.60829000
0.47790527,-80.25179000,-91.96808000,-73.46757000,-70.50434000
0.47851563,-87.25388000,-103.02330000,-74.58862000,-66.88165000
0.47912598,-101.79660000,-96.09806000,-68.18211000,-64.21933000
0.47973633,-82.38656000,-85.79964000,-66.12151000,-56.38463000
0.48034668,-76.40231000,-82.89374000,-77.85056000,-57.09166000
0.48095703,-76.21782000,-87.56316000,-80.48055000,-65.85451000
0.48156738,-74.94324000,-96.18941000,-71.19196000,-73.65543000
0.48217773,-73.67233000,-94.89534000,-66.31009000,-74.56982000
0.48278809,-76.46492000,-96.61720000,-68.86548000,-72.17456000
0.48339844,-76.77669000,-102.16210000,-75.52675000,-77.72685000
0.48400879,-79.34085000,-89.95805000,-76.20992000,-74.01685000
0.48461914,-83.70140000,-89.63467000,-68.47659000,-70.73507000
0.48522949,-78.10776000,-90.07618000,-69.35375000,-76.96844000
0.48583984,-82.05295000,-87.62615000,-88.29124000,-82.98226000
0.48645020,-80.71555000,-90.83335000,-71.41347000,-81.69964000
0.48706055,-75.80635000,-97.96286000,-75.63428000,-77.96710000
0.48767090,-78.11285000,-92.37436000,-80.51599000,-79.13413000
0.48828125,-81.47093000,-93.99029000,-75.02238000,-82.38583000
0.48889160,-76.38431000,-97.36718000,-82.37683000,-72.12353000
0.48950195,-77.61227000,-115.95830000,-81.17186000,-70.26497000
0.49011230,-79.31303000,-92.21738000,-81.36916000,-64.62347000
0.49072266,-81.90189000,-90.33561000,-73.77469000,-64.73486000
0.49133301,-82.41673000,-91.44944000,-67.68413000,-69.88951000
0.49194336,-82.18703000,-93.93874000,-67.91602000,-85.39412000
0.49255371,-86.03239000,-90.04996000,-70.43958000,-70.65761000
0.49316406,-91.95728000,-87.17499000,-72.54081000,-68.22569000
0.49377441,-81.26659000,-88.62083000,-79.34762000,-70.04539000
0.49438477,-84.02287000,-90.80179000,-75.07888000,-70.95204000
0.49499512,-86.15958000,-101.08080000,-79.55315000,-69.53537000
0.49560547,-81.01256000,-95.10928000,-71.46363000,-70.40228000
0.49621582,-79.46918000,-91.16052000,-76.45605000,-74.01754000
0.49682617,-77.87086000,-89.69032000,-69.02025000,-75.18419000
0.49743652,-76.26949000,-88.83887000,-70.08965000,-79.10211000
0.49804688,-85.57000000,-90.77254000,-76.24065000,-73.52461000
0.49865723,-84.26982000,-91.10817000,-74.17046000,-71.14071000
0.49926758,-87.79207000,-91.25542000,-69.50517000,-69.84007000
0.49987793,-77.18190000,-90.79057000,-67.25460000,-71.53387000
0.50048828,-74.01466000,-94.73930000,-63.04565000,-81.00293000
0.50109863,-74.92299000,-99.03471000,-62.64959000,-83.25258000
0.50170898,-82.93642000,-92.86700000,-70.29360000,-83.94136000
0.50231934,-83.13654000,-92.25228000,-73.86771000,-79.65763000
0.50292969,-86.22796000,-92.16302000,-72.02767000,-89.20357000
0.50354004,-87.42619000,-91.61475000,-70.20201000,-92.17062000
0.50415039,-88.14149000,-90.73738000,-72.36916000,-81.79610000
0.50476074,-92.19444000,-89.59129000,-70.48489000,-76.44816000
0.50537109,-80.16740000,-89.76852000,-68.12698000,-78.59515000
0.50598145,-79.97672000,-88.95340000,-67.75150000,-82.14450000
0.50659180,-89.54221000,-92.42613000,-67.68961000,-73.57453000
0.50720215,-84.87256000,-102.05060000,-67.67970000,-76.99210000
0.50781250,-84.95495000,-101.34340000,-67.97106000,-79.71687000
0.50842285,-82.96573000,-89.41070000,-73.95636000,-79.05721000
0.50903320,-81.40570000,-94.46275000,-79.95094000,-62.66673000
0.50964355,-78.24248000,-81.39817000,-72.74831000,-53.40584000
0.51025391,-72.31071000,-76.40350000,-70.14601000,-53.38222000
0.51086426,-72.78733000,-79.92072000,-71.49519000,-63.45580000
0.51147461,-80.84885000,-92.15859000,-71.16299000,-89.98649000
0.51208496,-85.60020000,-96.81564000,-75.60222000,-79.34891000
0.51269531,-79.24117000,-96.10825000,-77.47333000,-81.75342000
0.51330566,-74.13319000,-108.10200000,-71.22223000,-81.67078000
0.51391602,-72.35355000,-92.62827000,-68.56223000,-79.06546000
0.51452637,-74.51649000,-89.52107000,-68.31805000,-77.49837000
0.51513672,-79.36966000,-97.21202000,-69.70184000,-71.67796000
0.51574707,-81.53992000,-97.30732000,-69.05320000,-70.57323000
0.51635742,-85.24069000,-98.05304000,-67.33258000,-74.71241000
0.51696777,-82.23632000,-101.92050000,-67.27667000,-79.21419000
0.51757813,-73.71961000,-97.67338000,-67.62971000,-74.17068000
0.51818848,-75.29221000,-107.43650000,-69.33779000,-69.66894000
0.51879883,-81.04037000,-95.87749000,-74.21998000,-69.95587000
0.51940918,-81.37694000,-91.63056000,-71.23102000,-73.23081000
0.52001953,-82.43654000,-87.99709000,-70.88863000,-78.55290000
0.52062988,-82.98034000,-86.46767000,-65.94669000,-83.92670000
0.52124023,-76.19839000,-89.41618000,-69.26788000,-72.62743000
0.52185059,-78.36692000,-92.40404000,-70.22444000,-72.18772000
0.52246094,-85.95351000,-94.19326000,-68.86987000,-75.93668000
0.52307129,-79.73119000,-100.88510000,-68.01952000,-86.00012000
0.52368164,-88.76754000,-101.65970000,-68.64909000,-72.88316000
0.52429199,-83.71652000,-101.54230000,-71.39717000,-70.54262000
0.52490234,-83.85475000,-102.73110000,-70.95807000,-72.31561000
0.52551270,-90.97442000,-98.67101000,-64.85371000,-67.75861000
0.52612305,-88.54018000,-96.56455000,-66.85304000,-67.08025000
0.52673340,-74.25727000,-91.57930000,-77.23029000,-73.97063000
0.52734375,-69.44322000,-91.18010000,-80.22276000,-75.68499000
0.52795410,-71.37656000,-94.01138000,-68.28693000,-75.28207000
0.52856445,-78.05894000,-104.49010000,-70.36839000,-88.68945000
0.52917480,-76.85075000,-92.69874000,-88.74861000,-69.23730000
0.52978516,-78.21512000,-90.65205000,-77.09354000,-62.01708000
0.53039551,-79.36415000,-89.86736000,-76.92143000,-64.23358000
0.53100586,-82.42171000,-89.33012000,-73.54012000,-72.43485000
0.53161621,-79.03532000,-92.88850000,-77.46725000,-69.95534000
0.53222656,-78.81518000,-94.80739000,-84.45098000,-77.75146000
0.53283691,-82.09811000,-96.38567000,-87.62681000,-77.26747000
0.53344727,-87.97102000,-100.82520000,-74.62195000,-74.78543000
0.53405762,-79.38185000,-95.85662000,-69.52303000,-84.10573000
0.53466797,-81.72157000,-88.19818000,-69.60755000,-88.43935000
0.53527832,-80.24001000,-90.02289000,-68.90024000,-78.44714000
0.53588867,-77.44065000,-88.88435000,-71.65057000,-75.77882000
0.53649902,-78.10826000,-87.82996000,-74.29697000,-82.72156000
0.53710938,-82.53763000,-91.80354000,-70.86501000,-80.01006000
0.53771973,-79.95634000,-102.19570000,-68.66527000,-71.49838000
0.53833008,-75.64238000,-93.91450000,-68.48934000,-73.96876000
0.53894043,-72.91978000,-89.33025000,-66.67625000,-72.13628000
0.53955078,-72.06078000,-85.33051000,-64.71955000,-60.59362000
0.54016113,-72.75697000,-83.66579000,-68.08179000,-58.86480000
0.54077148,-75.80205000,-86.03599000,-70.72354000,-65.79985000
0.54138184,-81.31735000,-95.37391000,-68.59466000,-73.35880000
0.54199219,-98.38663000,-104.52640000,-71.34835000,-75.13668000
0.54260254,-81.68733000,-113.35250000,-68.41899000,-78.76592000
0.54321289,-91.03192000,-99.48184000,-68.61913000,-73.73389000
0.54382324,-79.84659000,-93.62492000,-71.29498000,-69.00901000
0.54443359,-76.95582000,-92.44101000,-69.50110000,-74.37059000
0.54504395,-80.78767000,-94.11803000,-67.93253000,-71.17656000
0.54565430,-86.64437000,-96.49475000,-69.57217000,-67.88323000
0.54626465,-88.75210000,-96.07888000,-70.47165000,-69.67424000
0.54687500,-84.55800000,-99.97978000,-71.06859000,-71.90812000
0.54748535,-84.62589000,-104.14190000,-75.32816000,-80.67867000
0.54809570,-77.83748000,-111.29390000,-80.91007000,-80.36045000
0.54870605,-81.75073000,-101.11050000,-85.55634000,-73.62857000
0.54931641,-76.84550000,-86.40358000,-81.39796000,-65.79755000
0.54992676,-70.40534000,-78.31682000,-78.85419000,-62.11167000
0.55053711,-71.76601000,-78.01679000,-82.69753000,-64.25587000
0.55114746,-83.59543000,-82.22744000,-80.41670000,-71.30517000
0.55175781,-82.80745000,-87.13605000,-71.64066000,-78.66644000
0.55236816,-79.07703000,-96.13478000,-68.50484000,-73.82205000
0.55297852,-79.21989000,-102.69020000,-72.95028000,-74.78819000
0.55358887,-78.34000000,-95.80000000,-86.03379000,-74.10638000
0.55419922,-73.39281000,-101.59870000,-74.91320000,-73.71599000
0.55480957,-73.21554000,-95.85777000,-77.21745000,-77.97273000
0.55541992,-77.62027000,-114.00420000,-70.18723000,-69.78098000
0.55603027,-81.40678000,-89.13659000,-79.39844000,-68.55756000
0.55664063,-103.74720000,-86.44242000,-72.25147000,-77.84446000
0.55725098,-84.52168000,-91.36444000,-65.09393000,-74.96321000
0.55786133,-92.59217000,-106.28450000,-68.82892000,-77.55286000
0.55847168,-83.49892000,-105.76310000,-77.07225000,-82.99968000
0.55908203,-79.94562000,-101.89620000,-72.87550000,-75.47296000
0.55969238,-80.32520000,-97.56863000,-79.38789000,-67.80107000
0.56030273,-75.27528000,-97.11025000,-75.82023000,-66.97044000
0.56091309,-73.15086000,-104.70020000,-70.32870000,-69.11765000
0.56152344,-79.45512000,-98.98167000,-71.38786000,-73.16270000
0.56213379,-83.01704000,-97.21805000,-76.96316000,-77.90010000
0.56274414,-84.91725000,-92.45421000,-87.17206000,-83.93365000
0.56335449,-82.33924000,-87.32014000,-80.32478000,-84.65099000
0.56396484,-80.78953000,-84.81983000,-84.56481000,-79.94217000
0.56457520,-78.83168000,-87.07763000,-71.07512000,-75.58724000
0.56518555,-78.24555000,-93.55267000,-68.09882000,-84.39912000
0.56579590,-76.86014000,-98.23666000,-70.74887000,-74.63725000
0.56640625,-73.83963000,-92.70129000,-71.45600000,-74.87556000
0.56701660,-74.37590000,-92.67815000,-69.83435000,-86.77742000
0.56762695,-76.93620000,-97.81921000,-71.96579000,-71.80466000
0.56823730,-91.79825000,-97.58037000,-71.33583000,-72.85426000
0.56884766,-87.19306000,-88.30234000,-71.10728000,-74.67055000
0.56945801,-89.48700000,-78.37447000,-69.62337000,-58.71132000
0.57006836,-85.36714000,-76.23161000,-73.42891000,-55.99430000
0.57067871,-83.49165000,-83.20952000,-78.84451000,-63.19588000
0.57128906,-85.79914000,-98.43562000,-71.18993000,-82.55467000
0.57189941,-87.39046000,-94.58728000,-78.30992000,-78.71109000
0.57250977,-87.38786000,-90.72302000,-72.30429000,-77.39575000
0.57312012,-80.77240000,-90.60539000,-69.15542000,-79.27228000
0.57373047,-78.38332000,-91.83420000,-67.79247000,-75.59797000
0.57434082,-86.20343000,-98.56293000,-67.16903000,-71.26481000
0.57495117,-80.90343000,-96.03012000,-72.75886000,-71.74706000
0.57556152,-80.17989000,-94.28488000,-80.34442000,-71.76875000
0.57617188,-81.62151000,-95.01839000,-80.34962000,-70.85689000
0.57678223,-75.02870000,-90.93536000,-74.79021000,-75.76608000
0.57739258,-79.00049000,-93.35914000,-69.85376000,-76.72260000
0.57800293,-86.99274000,-106.08590000,-69.81778000,-76.43323000
0.57861328,-77.21983000,-116.04610000,-70.48415000,-72.41257000
0.57922363,-75.89626000,-93.42231000,-75.26321000,-76.75883000
0.57983398,-78.43224000,-92.61979000,-71.22316000,-72.96863000
0.58044434,-86.62254000,-91.99329000,-77.24931000,-69.15986000
0.58105469,-87.24867000,-88.51633000,-69.48470000,-72.06175000
0.58166504,-89.96620000,-87.02637000,-67.82231000,-71.42646000
0.58227539,-92.66511000,-87.82426000,-74.07749000,-69.76170000
0.58288574,-84.33373000,-87.68008000,-83.18595000,-72.67651000
0.58349609,-78.19729000,-87.80627000,-89.31148000,-69.07595000
0.58410645,-79.08212000,-87.38801000,-83.61393000,-67.57025000
0.58471680,-84.23476000,-87.83543000,-79.17267000,-78.54194000
0.58532715,-78.68272000,-87.00298000,-74.13702000,-71.58210000
0.58593750,-79.70491000,-86.92790000,-79.19119000,-70.01347000
0.58654785,-81.51409000,-93.41781000,-75.17819000,-72.12138000
0.58715820,-83.18491000,-98.92049000,-73.65858000,-79.09665000
0.58776855,-86.93771000,-96.43182000,-69.78209000,-76.72423000
0.58837891,-79.21056000,-94.67967000,-69.26324000,-76.93608000
0.58898926,-74.59750000,-90.06046000,-71.24300000,-72.24596000
0.58959961,-71.08336000,-84.98290000,-73.83157000,-65.81342000
0.59020996,-72.27549000,-86.64634000,-72.66864000,-65.08015000
0.59082031,-77.38246000,-97.01447000,-69.89880000,-71.43628000
0.59143066,-79.14632000,-92.39403000,-82.74136000,-70.82916000
0.59204102,-89.46944000,-85.66624000,-69.98489000,-67.69636000
0.59265137,-80.74504000,-87.66511000,-70.28813000,-67.88314000
0.59326172,-80.62314000,-109.46230000,-78.24309000,-71.97120000
0.59387207,-85.61647000,-87.78045000,-71.96147000,-74.15472000
0.59448242,-83.77525000,-89.47913000,-73.35138000,-71.75610000
0.59509277,-78.45061000,-95.39331000,-70.98334000,-71.58778000
0.59570313,-97.06394000,-90.03716000,-69.16064000,-75.89079000
0.59631348,-79.39304000,-91.40805000,-72.26878000,-72.76172000
0.59692383,-79.99139000,-100.87700000,-76.50630000,-68.34449000
0.59753418,-82.94330000,-97.49010000,-76.59895000,-70.74484000
0.59814453,-75.02334000,-99.00954000,-72.78986000,-83.98741000
0.59875488,-67.89811000,-94.29628000,-72.08894000,-86.23298000
0.59936523,-68.67221000,-88.61893000,-72.62650000,-64.66735000
0.59997559,-74.43025000,-100.38650000,-70.52776000,-59.10915000
0.60058594,-69.63326000,-93.98170000,-72.71708000,-63.56066000
0.60119629,-69.03126000,-89.88060000,-71.68082000,-76.68620000
0.60180664,-82.11250000,-87.85338000,-67.12415000,-71.45433000
0.60241699,-84.71076000,-88.25650000,-63.56568000,-70.32599000
0.60302734,-94.39047000,-86.69217000,-65.33057000,-70.83016000
0.60363770,-75.32231000,-88.06077000,-71.51894000,-70.66315000
0.60424805,-69.89482000,-90.16852000,-74.84677000,-74.50907000
0.60485840,-72.33025000,-90.26231000,-67.26308000,-77.04883000
0.60546875,-72.82428000,-92.04538000,-70.17146000,-87.58233000
0.60607910,-72.60812000,-97.64063000,-74.07503000,-79.33872000
0.60668945,-74.32791000,-94.99371000,-74.02975000,-80.63937000
0.60729980,-78.83011000,-100.09890000,-72.55659000,-83.29055000
0.60791016,-72.67005000,-97.74921000,-73.07111000,-81.49646000
0.60852051,-74.19635000,-94.71996000,-77.75331000,-84.75397000
0.60913086,-80.09971000,-96.50887000,-85.32483000,-75.92615000
0.60974121,-81.60063000,-89.22398000,-81.38910000,-75.69337000
0.61035156,-97.22821000,-88.10973000,-87.66431000,-75.07216000
0.61096191,-79.48112000,-97.35336000,-72.17946000,-78.63750000
0.61157227,-77.90988000,-103.15530000,-70.66601000,-72.54279000
0.61218262,-84.97715000,-99.75349000,-73.58105000,-70.36262000
0.61279297,-78.67782000,-94.56854000,-70.62788000,-72.19201000
0.61340332,-80.75504000,-100.99930000,-72.64787000,-73.77293000
0.61401367,-80.87788000,-94.69135000,-81.91310000,-74.17937000
0.61462402,-79.04128000,-109.13490000,-84.36606000,-84.97180000
0.61523438,-77.56696000,-90.40531000,-80.49704000,-76.99424000
0.61584473,-80.49186000,-92.34338000,-78.29513000,-74.17156000
0.61645508,-85.07947000,-94.44174000,-76.52950000,-81.02599000
0.61706543,-87.02580000,-88.22861000,-72.04240000,-88.51628000
0.61767578,-88.85184000,-91.74659000,-67.77991000,-91.10622000
0.61828613,-92.45632000,-97.76085000,-73.11533000,-80.99231000
0.61889648,-81.02881000,-95.98561000,-76.63762000,-73.76744000
0.61950684,-83.06469000,-93.09976000,-73.36850000,-68.09343000
0.62011719,-84.37531000,-94.84395000,-80.61295000,-68.92902000
0.62072754,-80.73081000,-96.79668000,-76.42775000,-72.52659000
0.62133789,-79.74853000,-101.80320000,-73.98447000,-70.54981000
0.62194824,-79.38614000,-106.80210000,-70.27856000,-69.93708000
0.62255859,-75.68330000,-103.30100000,-67.81834000,-87.59316000
0.62316895,-78.06950000,-87.80780000,-69.82890000,-73.55885000
0.62377930,-77.57692000,-77.98621000,-70.17604000,-77.29324000
0.62438965,-71.81551000,-76.51399000,-68.80643000,-80.42835000
0.62500000,-74.84010000,-83.76283000,-71.92582000,-70.41670000
0.62561035,-84.42546000,-103.16010000,-80.07571000,-69.50788000
0.62622070,-81.14394000,-94.72210000,-72.15189000,-78.46204000
0.62683105,-74.19611000,-100.73320000,-71.22330000,-78.36824000
0.62744141,-79.94082000,-90.14014000,-67.64145000,-73.44836000
0.62805176,-83.10025000,-90.85240000,-64.55471000,-74.92345000
0.62866211,-79.20519000,-93.52946000,-68.50941000,-77.86513000
0.62927246,-74.91459000,-74.67330000,-73.46564000,-66.07825000
0.62988281,-73.20405000,-70.95826000,-71.06790000,-59.90503000
0.63049316,-79.41386000,-76.93964000,-71.18629000,-62.35398000
0.63110352,-85.87926000,-112.70420000,-70.94883000,-69.00952000
0.63171387,-79.02328000,-91.53633000,-73.25171000,-69.76316000
0.63232422,-87.65773000,-96.45145000,-80.37349000,-75.14533000
0.63293457,-81.88515000,-109.83860000,-79.28033000,-69.79758000
0.63354492,-80.96504000,-103.35330000,-78.48211000,-71.91809000
0.63415527,-78.26649000,-102.55240000,-79.57516000,-72.87576000
0.63476563,-80.19122000,-96.16225000,-69.75072000,-71.49429000
0.63537598,-76.88045000,-98.58836000,-70.82954000,-71.81004000
0.63598633,-72.48923000,-119.22990000,-75.58167000,-75.41536000
0.63659668,-72.87725000,-93.08022000,-78.93826000,-85.53761000
0.63720703,-81.17722000,-87.79874000,-86.24510000,-74.41318000
0.63781738,-80.64337000,-89.96843000,-92.19577000,-68.64140000
0.63842773,-74.60229000,-89.68024000,-65.90002000,-70.58600000
0.63903809,-64.23917000,-86.88889000,-58.13084000,-86.90634000
0.63964844,-64.30329000,-89.70748000,-60.61156000,-72.07323000
0.64025879,-63.87561000,-95.95817000,-60.79941000,-71.00461000
0.64086914,-65.17863000,-100.44230000,-63.66499000,-82.94923000
0.64147949,-74.36475000,-94.91227000,-68.91240000,-70.93201000
0.64208984,-82.16743000,-100.62710000,-64.16254000,-70.08002000
0.64270020,-78.59862000,-89.94644000,-64.89514000,-73.06045000
0.64331055,-76.68954000,-90.82157000,-71.26700000,-72.64930000
0.64392090,-79.40484000,-102.51030000,-73.10318000,-73.91780000
0.64453125,-77.19827000,-89.89059000,-66.62125000,-71.26906000
0.64514160,-73.39848000,-86.81096000,-64.55432000,-69.55769000
0.64575195,-73.60300000,-87.02072000,-66.66497000,-73.27744000
0.64636230,-75.63118000,-88.64021000,-71.99850000,-78.69417000
0.64697266,-80.12626000,-90.05328000,-79.57101000,-76.01678000
0.64758301,-85.09605000,-89.34216000,-74.17898000,-82.41654000
0.64819336,-80.71716000,-89.77876000,-73.79454000,-82.26318000
0.64880371,-80.46467000,-91.40106000,-83.95448000,-74.77764000
0.64941406,-74.19801000,-94.63772000,-74.53975000,-66.54500000
0.65002441,-68.66649000,-84.25622000,-69.40430000,-63.13452000
0.65063477,-70.29417000,-85.11494000,-69.53394000,-66.45959000
0.65124512,-81.65678000,-87.58890000,-73.67165000,-84.50851000
0.65185547,-84.69116000,-86.91704000,-83.52525000,-73.85674000
0.65246582,-78.57158000,-86.23262000,-77.14501000,-77.92076000
0.65307617,-77.75285000,-89.81462000,-88.22488000,-79.46185000
0.65368652,-76.52660000,-94.34843000,-78.74543000,-76.66203000
0.65429688,-86.47582000,-97.43347000,-77.58827000,-76.33887000
0.65490723,-78.03902000,-101.41600000,-77.49814000,-78.09533000
0.65551758,-71.86771000,-95.95741000,-76.35535000,-73.27518000
0.65612793,-71.02926000,-102.47720000,-76.55687000,-70.62376000
0.65673828,-76.85104000,-90.19095000,-74.36557000,-71.12624000
0.65734863,-83.29900000,-90.36530000,-74.60822000,-77.18872000
0.65795898,-90.35555000,-103.44760000,-83.91035000,-81.84068000
0.65856934,-79.99236000,-94.16185000,-80.35017000,-80.03532000
0.65917969,-80.04495000,-89.12692000,-74.02401000,-74.56729000
0.65979004,-97.60932000,-85.60306000,-70.11315000,-61.97786000
0.66040039,-83.02525000,-87.46449000,-71.35831000,-62.12730000
0.66101074,-79.57652000,-101.11690000,-74.30761000,-74.57248000
0.66162109,-77.20118000,-92.73260000,-65.39802000,-69.41733000
0.66223145,-80.54889000,-94.54030000,-64.61369000,-69.88386000
0.66284180,-79.82405000,-111.40360000,-69.72107000,-77.08691000
0.66345215,-76.81479000,-106.48230000,-72.29476000,-80.60835000
0.66406250,-78.38296000,-112.94430000,-83.02026000,-77.25471000
0.66467285,-79.95910000,-95.34842000,-78.35023000,-89.10522000
0.66528320,-76.29407000,-89.53676000,-82.06466000,-72.82381000
0.66589355,-77.94733000,-88.67616000,-76.22530000,-77.28178000
0.66650391,-82.66201000,-91.10902000,-72.46144000,-74.18388000
0.66711426,-82.68723000,-101.17300000,-64.45618000,-72.10181000
0.66772461,-86.91978000,-93.01694000,-62.00897000,-69.83488000
0.66833496,-78.94469000,-96.53897000,-64.43107000,-67.47339000
0.66894531,-75.79076000,-94.25529000,-71.84843000,-69.19682000
0.66955566,-77.08974000,-93.04131000,-75.11824000,-70.53992000
0.67016602,-84.47056000,-92.53776000,-75.03433000,-71.37048000
0.67077637,-88.70816000,-97.78107000,-70.23683000,-79.97185000
0.67138672,-79.29313000,-104.95320000,-72.16104000,-75.66000000
0.67199707,-77.90440000,-96.01849000,-70.99084000,-73.01447000
0.67260742,-82.36984000,-90.69824000,-65.33111000,-75.64199000
0.67321777,-107.83800000,-91.21646000,-65.05904000,-69.97671000
0.67382813,-86.18456000,-94.96771000,-67.57030000,-74.44861000
0.67443848,-85.80257000,-101.13080000,-79.92294000,-69.92374000
0.67504883,-78.03588000,-100.18950000,-79.47662000,-65.77764000
0.67565918,-73.98497000,-94.30832000,-79.20747000,-68.06983000
0.67626953,-74.01285000,-94.45992000,-72.94319000,-80.57036000
0.67687988,-77.63202000,-104.94660000,-66.93040000,-73.48154000
0.67749023,-77.18233000,-104.83330000,-67.20763000,-76.15938000
0.67810059,-78.70815000,-102.62070000,-66.20346000,-84.06706000
0.67871094,-76.87311000,-92.88582000,-65.44592000,-74.55292000
0.67932129,-75.85210000,-86.74323000,-65.34631000,-69.49166000
0.67993164,-80.62138000,-86.63698000,-66.68342000,-63.53426000
0.68054199,-82.79721000,-91.47389000,-71.21507000,-63.77621000
0.68115234,-80.30209000,-93.71410000,-85.93439000,-70.12730000
0.68176270,-77.86002000,-90.42003000,-71.03972000,-84.74635000
0.68237305,-78.20407000,-87.27970000,-71.90032000,-81.97250000
0.68298340,-80.26860000,-86.24780000,-103.67010000,-78.90506000
0.68359375,-82.56301000,-84.78753000,-71.06096000,-80.17729000
0.68420410,-93.36137000,-82.72327000,-67.77287000,-72.73389000
0.68481445,-91.11852000,-85.19360000,-66.83701000,-71.27307000
0.68542480,-84.51881000,-90.22904000,-71.66929000,-73.72249000
0.68603516,-81.68814000,-102.04110000,-83.02407000,-73.18082000
0.68664551,-91.06262000,-97.82596000,-71.63564000,-73.38200000
0.68725586,-78.62915000,-95.65120000,-70.45526000,-73.24277000
0.68786621,-76.03260000,-93.12949000,-76.04414000,-71.28735000
0.68847656,-71.16499000,-81.98949000,-77.40999000,-73.19816000
0.68908691,-59.00819000,-67.46500000,-68.24815000,-70.42393000
0.68969727,-53.41443000,-61.81778000,-64.84454000,-62.43401000
0.69030762,-56.30765000,-64.80174000,-70.21227000,-62.81902000
0.69091797,-68.82502000,-76.66530000,-72.75095000,-70.09724000
0.69152832,-84.73461000,-87.98249000,-74.89529000,-78.69286000
0.69213867,-81.08444000,-88.04547000,-86.10045000,-88.12763000
0.69274902,-77.34038000,-88.08366000,-72.37254000,-89.48601000
0.69335938,-79.88477000,-91.06767000,-72.27061000,-76.19986000
0.69396973,-78.31998000,-93.71570000,-71.90616000,-76.41814000
0.69458008,-84.81020000,-90.64957000,-74.50832000,-75.37407000
0.69519043,-76.21870000,-97.01830000,-70.47174000,-79.82439000
0.69580078,-82.47827000,-97.73631000,-68.14030000,-76.36229000
0.69641113,-88.38722000,-92.14525000,-68.80771000,-69.95258000
0.69702148,-80.15846000,-90.99923000,-71.69857000,-70.17022000
0.69763184,-79.46718000,-88.84845000,-81.25647000,-69.65114000
0.69824219,-76.48805000,-94.18252000,-78.66090000,-69.72968000
0.69885254,-76.78258000,-95.36930000,-75.83404000,-77.38542000
0.69946289,-99.67754000,-90.61164000,-74.43118000,-74.73382000
0.70007324,-78.95404000,-97.24084000,-70.63367000,-73.97063000
0.70068359,-78.62669000,-95.58979000,-71.24123000,-80.26433000
0.70129395,-77.60576000,-91.42727000,-74.02982000,-85.13010000
0.70190430,-75.98658000,-86.71882000,-73.97566000,-79.66808000
0.70251465,-78.18918000,-82.34636000,-70.55083000,-79.72435000
0.70312500,-80.36913000,-85.10597000,-70.83284000,-70.49670000
0.70373535,-78.23477000,-92.56110000,-76.04993000,-71.34940000
0.70434570,-77.37337000,-101.78090000,-79.75356000,-81.13662000
0.70495605,-78.94985000,-95.42151000,-84.85017000,-81.27419000
0.70556641,-82.81341000,-90.46587000,-76.40385000,-92.07219000
0.70617676,-79.91148000,-89.89738000,-71.65899000,-75.60934000
0.70678711,-78.48656000,-92.55371000,-72.65946000,-76.62437000
0.70739746,-75.72652000,-100.46450000,-70.12926000,-73.93443000
0.70800781,-79.60529000,-100.14250000,-66.31269000,-76.07304000
0.70861816,-75.67165000,-94.50584000,-66.25588000,-74.31645000
0.70922852,-73.76288000,-95.74289000,-69.32494000,-69.64902000
0.70983887,-80.33337000,-88.52551000,-71.46786000,-67.22701000
0.71044922,-89.29366000,-88.82199000,-69.58289000,-68.18198000
0.71105957,-81.54929000,-93.17911000,-70.08777000,-70.70266000
0.71166992,-74.11623000,-87.24120000,-72.09043000,-74.47243000
0.71228027,-74.46236000,-87.47922000,-68.82785000,-76.48317000
0.71289063,-78.76523000,-92.71690000,-70.88927000,-79.06902000
0.71350098,-79.99690000,-110.07300000,-87.35179000,-85.67344000
0.71411133,-78.10405000,-93.61291000,-75.72864000,-73.05576000
0.71472168,-76.13396000,-96.75410000,-79.96042000,-74.78393000
0.71533203,-76.07532000,-95.16121000,-80.21397000,-71.85714000
0.71594238,-75.19702000,-89.73862000,-82.54348000,-69.85458000
0.71655273,-75.75652000,-91.58330000,-77.13380000,-73.76172000
0.71716309,-75.07676000,-91.65121000,-82.42792000,-78.20007000
0.71777344,-72.15319000,-90.37525000,-82.87320000,-80.28328000
0.71838379,-72.25419000,-91.19211000,-69.86560000,-83.81592000
0.71899414,-75.00117000,-96.95847000,-68.51703000,-69.71329000
0.71960449,-78.79531000,-81.09226000,-70.10503000,-61.06602000
0.72021484,-85.87610000,-79.74625000,-66.20377000,-60.08149000
0.72082520,-80.49717000,-86.87962000,-67.00431000,-68.35366000
0.72143555,-80.10370000,-97.47471000,-70.75730000,-77.41284000
0.72204590,-81.94820000,-129.37250000,-86.69717000,-71.41576000
0.72265625,-85.44756000,-99.64635000,-79.27194000,-73.70737000
0.72326660,-92.62695000,-95.55245000,-78.83490000,-83.39145000
0.72387695,-81.80665000,-96.57982000,-74.22222000,-80.47703000
0.72448730,-82.27594000,-101.70440000,-74.23945000,-84.04567000
0.72509766,-93.84074000,-103.67270000,-73.13872000,-90.81638000
0.72570801,-81.90781000,-97.21971000,-80.75115000,-81.92520000
0.72631836,-78.04478000,-99.55324000,-74.73295000,-75.90057000
0.72692871,-81.41907000,-97.98576000,-71.53574000,-74.40682000
0.72753906,-97.84616000,-94.06448000,-74.26204000,-73.63797000
0.72814941,-83.34907000,-92.40272000,-80.96109000,-71.53440000
0.72875977,-94.21248000,-91.63031000,-67.54958000,-72.92685000
0.72937012,-78.02682000,-97.55370000,-63.85271000,-85.54561000
0.72998047,-75.87067000,-89.00628000,-68.92606000,-77.40217000
0.73059082,-76.20246000,-90.12051000,-69.18026000,-76.50282000
0.73120117,-77.79520000,-90.96936000,-69.93714000,-72.75901000
0.73181152,-78.02247000,-87.56355000,-70.70077000,-74.34578000
0.73242188,-81.56699000,-89.00082000,-73.80959000,-75.71484000
0.73303223,-80.60669000,-91.26617000,-69.67907000,-79.66431000
0.73364258,-76.68013000,-90.49147000,-74.24287000,-85.28329000
0.73425293,-78.04604000,-93.99532000,-72.60225000,-73.66915000
0.73486328,-84.97325000,-99.50173000,-69.72408000,-74.27023000
0.73547363,-82.98057000,-94.51268000,-69.73739000,-79.33363000
0.73608398,-86.33391000,-100.59590000,-66.11239000,-78.49007000
0.73669434,-79.54195000,-92.81224000,-68.13223000,-72.56448000
0.73730469,-78.15752000,-91.11414000,-72.78798000,-69.27019000
0.73791504,-79.86095000,-90.08014000,-71.51799000,-70.31660000
0.73852539,-76.62868000,-93.23547000,-71.51749000,-76.40688000
0.73913574,-79.20372000,-102.59900000,-75.65665000,-72.29235000
0.73974609,-82.33530000,-98.12827000,-68.59621000,-72.68860000
0.74035645,-80.08604000,-91.66263000,-64.40863000,-81.98466000
0.74096680,-81.61707000,-97.49164000,-63.60146000,-85.15899000
0.74157715,-71.95241000,-102.59070000,-66.98444000,-78.96244000
0.74218750,-72.60508000,-100.74630000,-73.10392000,-75.54429000
0.74279785,-89.95790000,-96.66953000,-78.21889000,-74.52456000
0.74340820,-78.05545000,-93.56412000,-67.48436000,-73.49713000
0.74401855,-79.09436000,-93.32426000,-66.07481000,-75.96860000
0.74462891,-88.72573000,-104.05400000,-74.79884000,-84.16821000
0.74523926,-77.54210000,-92.96398000,-77.49673000,-89.15702000
0.74584961,-77.94926000,-92.18071000,-71.31520000,-87.87833000
0.74645996,-83.02665000,-92.37129000,-67.99786000,-78.13510000
0.74707031,-87.09029000,-91.28172000,-68.36169000,-73.08398000
0.74768066,-83.59578000,-90.66658000,-72.76565000,-70.93559000
0.74829102,-78.98814000,-92.44923000,-75.75784000,-85.89072000
0.74890137,-78.47180000,-81.68097000,-76.85675000,-67.78527000
0.74951172,-81.62280000,-72.85703000,-78.06953000,-61.65045000
0.75012207,-82.16107000,-73.00033000,-85.59152000,-61.40930000
0.75073242,-80.20024000,-81.19536000,-77.30571000,-71.20510000
0.75134277,-79.72906000,-91.03873000,-77.41146000,-68.52861000
0.75195313,-88.08444000,-99.25879000,-71.26247000,-67.87312000
0.75256348,-86.15701000,-99.23404000,-66.87125000,-71.96844000
0.75317383,-82.17056000,-102.32730000,-66.42686000,-76.52000000
0.75378418,-81.98749000,-94.79698000,-68.64278000,-80.16275000
0.75439453,-80.10659000,-93.78497000,-67.91473000,-81.94686000
0.75500488,-78.84486000,-98.61523000,-68.59631000,-79.42801000
0.75561523,-82.14357000,-105.91110000,-73.61423000,-70.98481000
0.75622559,-80.39241000,-95.34416000,-72.40273000,-74.08776000
0.75683594,-74.52598000,-93.37425000,-67.93107000,-77.59065000
0.75744629,-72.92874000,-98.49921000,-66.36583000,-71.74355000
0.75805664,-76.95766000,-110.16820000,-66.57635000,-72.96128000
0.75866699,-73.93539000,-96.75615000,-65.64937000,-74.58945000
0.75927734,-74.05515000,-94.34059000,-68.32195000,-68.31541000
0.75988770,-79.99448000,-97.41927000,-76.19843000,-66.45097000
0.76049805,-86.56474000,-104.15610000,-78.25962000,-68.00893000
0.76110840,-86.22525000,-96.10870000,-68.06911000,-71.01778000
0.76171875,-80.38094000,-92.96439000,-70.86481000,-83.51794000
0.76232910,-77.13647000,-96.30054000,-82.47011000,-73.48599000
0.76293945,-83.98318000,-103.06910000,-87.82399000,-73.73663000
0.76354980,-83.41205000,-99.31945000,-70.87788000,-84.69872000
0.76416016,-79.57362000,-95.40032000,-70.25368000,-76.55463000
0.76477051,-83.47327000,-97.15210000,-80.66431000,-75.64016000
0.76538086,-83.12244000,-97.55054000,-81.37225000,-74.40096000
0.76599121,-79.29664000,-91.78940000,-77.29695000,-70.86950000
0.76660156,-79.62922000,-101.18010000,-91.17019000,-74.89179000
0.76721191,-81.94038000,-94.61055000,-69.64071000,-80.36577000
0.76782227,-93.93121000,-97.41164000,-69.74922000,-76.49844000
0.76843262,-88.66959000,-93.78963000,-68.52848000,-83.03352000
0.76904297,-78.51439000,-92.75819000,-69.62585000,-83.65569000
0.76965332,-74.40602000,-100.96190000,-69.55807000,-76.99255000
0.77026367,-79.40999000,-100.91490000,-72.52326000,-73.71466000
0.77087402,-86.10342000,-101.53510000,-73.28905000,-72.35085000
0.77148438,-85.51891000,-99.71496000,-73.90976000,-70.42218000
0.77209473,-81.65782000,-95.15088000,-71.89176000,-71.52358000
0.77270508,-81.50826000,-93.61121000,-78.79747000,-68.08836000
0.77331543,-82.67046000,-100.35300000,-75.25725000,-68.66524000
0.77392578,-89.26006000,-89.07352000,-71.93232000,-70.56647000
0.77453613,-93.78137000,-89.13556000,-69.53036000,-72.85696000
0.77514648,-81.85629000,-101.53370000,-70.73444000,-78.26761000
0.77575684,-75.12115000,-103.81040000,-70.74655000,-85.53104000
0.77636719,-75.71185000,-94.05077000,-67.96042000,-76.92941000
0.77697754,-79.09590000,-86.59415000,-70.46174000,-75.56647000
0.77758789,-80.30734000,-87.47447000,-74.10211000,-91.27686000
0.77819824,-85.28461000,-92.25441000,-72.61057000,-81.03530000
0.77880859,-86.87188000,-91.36679000,-75.71102000,-75.00153000
0.77941895,-76.40529000,-80.56390000,-67.75894000,-73.24890000
0.78002930,-75.08951000,-78.03271000,-66.90065000,-66.54816000
0.78063965,-74.76521000,-84.25177000,-68.16023000,-68.86279000
0.78125000,-79.72102000,-99.20963000,-67.31263000,-80.53101000
0.78186035,-102.94870000,-97.30847000,-66.95884000,-76.51912000
0.78247070,-88.00085000,-101.36360000,-70.16462000,-75.33549000
0.78308105,-80.13176000,-111.01070000,-73.58752000,-76.52898000
0.78369141,-76.93806000,-94.32076000,-71.18195000,-75.93394000
0.78430176,-75.34061000,-88.09383000,-75.73812000,-79.28639000
0.78491211,-81.67247000,-90.01839000,-78.10522000,-74.67945000
0.78552246,-80.74950000,-97.66147000,-77.87415000,-68.53388000
0.78613281,-82.62092000,-95.15707000,-74.42847000,-68.23992000
0.78674316,-82.82719000,-90.90958000,-68.65913000,-73.55151000
0.78735352,-79.31001000,-94.21632000,-65.65032000,-87.68020000
0.78796387,-71.84810000,-92.89923000,-66.27000000,-81.38386000
0.78857422,-71.74536000,-87.20741000,-74.24592000,-74.78017000
0.78918457,-85.53104000,-81.65932000,-80.94211000,-72.20107000
0.78979492,-79.53284000,-81.19600000,-79.78912000,-71.81971000
0.79040527,-81.19576000,-91.53793000,-83.60510000,-73.88534000
0.79101563,-77.84532000,-97.83904000,-83.94742000,-77.57927000
0.79162598,-78.45451000,-105.11180000,-74.95354000,-77.94772000
0.79223633,-83.98522000,-95.20951000,-68.76338000,-81.39016000
0.79284668,-87.51062000,-89.01610000,-72.32795000,-76.73421000
0.79345703,-77.88341000,-88.22766000,-74.55693000,-76.58709000
0.79406738,-79.53997000,-88.89111000,-77.54392000,-74.37489000
0.79467773,-83.67156000,-91.01721000,-75.61677000,-71.77715000
0.79528809,-83.59211000,-91.84758000,-79.24150000,-72.84181000
0.79589844,-86.82618000,-89.89735000,-71.29977000,-76.61574000
0.79650879,-88.03821000,-88.93261000,-66.99184000,-72.91293000
0.79711914,-84.46902000,-91.79143000,-70.74918000,-71.64595000
0.79772949,-90.20830000,-96.25978000,-71.62589000,-72.35250000
0.79833984,-81.63909000,-97.62074000,-68.78455000,-73.23178000
0.79895020,-83.27399000,-98.38521000,-72.81666000,-73.33836000
0.79956055,-82.06526000,-93.43506000,-74.60702000,-68.58688000
0.80017090,-82.22635000,-95.67115000,-72.49350000,-68.46634000
0.80078125,-89.02790000,-97.90142000,-74.27596000,-86.46366000
0.80139160,-78.46294000,-96.28957000,-69.62790000,-77.69212000
0.80200195,-77.27084000,-90.52615000,-67.74448000,-78.71093000
0.80261230,-76.27060000,-88.25112000,-68.02570000,-74.51321000
0.80322266,-77.68312000,-87.79598000,-67.60091000,-83.78528000
0.80383301,-80.25323000,-84.79195000,-67.58459000,-70.65900000
0.80444336,-82.06882000,-86.70967000,-68.29041000,-72.73091000
0.80505371,-76.20132000,-94.32606000,-74.58577000,-73.52388000
0.80566406,-74.13900000,-99.51564000,-67.35490000,-71.81824000
0.80627441,-78.83854000,-95.78040000,-64.30721000,-68.43625000
0.80688477,-97.80769000,-96.38811000,-66.89165000,-72.83968000
0.80749512,-80.84485000,-108.58050000,-70.61891000,-76.88645000
0.80810547,-79.46471000,-95.93963000,-71.02383000,-68.85638000
0.80871582,-77.86809000,-87.10143000,-68.24939000,-68.00262000
0.80932617,-73.46835000,-81.50822000,-67.40452000,-71.76964000
0.80993652,-72.14981000,-81.32861000,-68.75690000,-71.75033000
0.81054688,-80.99356000,-87.30249000,-75.30864000,-74.35329000
0.81115723,-83.76430000,-105.65260000,-69.27895000,-89.72766000
0.81176758,-84.13493000,-96.81900000,-66.83574000,-80.66326000
0.81237793,-74.82270000,-100.17110000,-70.56274000,-76.11146000
0.81298828,-78.01931000,-102.75250000,-72.13011000,-74.52887000
0.81359863,-82.61917000,-105.81180000,-70.07972000,-76.79202000
0.81420898,-78.32326000,-99.40350000,-71.88741000,-81.96464000
0.81481934,-80.57906000,-98.93174000,-67.95653000,-76.43555000
0.81542969,-88.56628000,-104.82010000,-67.00436000,-72.76743000
0.81604004,-77.15135000,-108.43770000,-70.81719000,-75.60080000
0.81665039,-73.57509000,-92.92442000,-81.18018000,-80.98233000
0.81726074,-76.28244000,-87.20612000,-69.97865000,-79.32454000
0.81787109,-74.42690000,-89.41909000,-73.70338000,-77.13348000
0.81848145,-73.69455000,-91.80969000,-79.94170000,-83.39832000
0.81909180,-77.68958000,-96.45323000,-73.43755000,-84.91731000
0.81970215,-85.90225000,-100.49780000,-70.43285000,-79.40787000
0.82031250,-89.79180000,-100.29880000,-70.08841000,-75.19223000
0.82092285,-75.80029000,-104.89190000,-76.15790000,-73.28625000
0.82153320,-76.32161000,-100.89260000,-68.73583000,-77.35385000
0.82214355,-89.33853000,-95.70813000,-67.65561000,-92.60875000
0.82275391,-78.86324000,-91.46714000,-69.92561000,-89.41010000
0.82336426,-86.28354000,-89.14903000,-68.13901000,-80.33126000
0.82397461,-85.19217000,-88.14271000,-68.17768000,-73.10868000
0.82458496,-73.06496000,-90.67203000,-72.19278000,-75.40576000
0.82519531,-68.77051000,-91.35910000,-68.53754000,-82.43420000
0.82580566,-67.97596000,-90.80542000,-68.59128000,-78.52807000
0.82641602,-69.63945000,-94.89318000,-73.54404000,-74.92718000
0.82702637,-73.45194000,-100.78790000,-74.86736000,-75.83540000
0.82763672,-85.75343000,-94.38448000,-74.75484000,-76.54303000
0.82824707,-76.83415000,-91.67310000,-73.01640000,-82.60652000
0.82885742,-81.52100000,-100.47190000,-70.85921000,-78.88103000
0.82946777,-89.14376000,-99.14191000,-74.43204000,-73.78018000
0.83007813,-87.00308000,-96.20505000,-71.95655000,-73.73550000
0.83068848,-76.87346000,-91.97121000,-73.30400000,-74.06062000
0.83129883,-74.95543000,-105.08690000,-71.10422000,-76.58327000
0.83190918,-76.29330000,-98.89782000,-80.25811000,-89.27692000
0.83251953,-74.04771000,-95.68266000,-75.20068000,-80.68018000
0.83312988,-74.44796000,-93.34023000,-70.22567000,-80.27962000
0.83374023,-81.49551000,-88.88779000,-72.16715000,-75.02385000
0.83435059,-73.31662000,-88.78665000,-76.72156000,-74.69138000
0.83496094,-70.60309000,-91.92599000,-68.51511000,-75.58538000
0.83557129,-75.83205000,-89.11349000,-77.02988000,-81.74755000
0.83618164,-88.93304000,-91.85813000,-78.85736000,-76.99605000
0.83679199,-97.30427000,-103.76730000,-79.60606000,-70.51976000
0.83740234,-77.94287000,-94.92196000,-68.52081000,-68.65514000
0.83801270,-74.23585000,-89.14279000,-67.22514000,-74.65627000
0.83862305,-71.96334000,-88.26755000,-68.10701000,-87.92195000
0.83923340,-67.81320000,-91.51543000,-70.82784000,-100.23660000
0.83984375,-66.89574000,-81.50916000,-70.91112000,-77.16106000
0.84045410,-72.17805000,-83.16316000,-70.82130000,-76.03701000
0.84106445,-81.02462000,-104.27790000,-72.50970000,-78.12176000
0.84167480,-81.97524000,-90.50228000,-68.28653000,-78.30906000
0.84228516,-79.49228000,-94.86298000,-68.32170000,-75.39100000
0.84289551,-80.27496000,-93.65990000,-72.42263000,-70.56888000
0.84350586,-80.58697000,-93.08343000,-92.86315000,-70.01128000
0.84411621,-75.68887000,-95.52298000,-74.12379000,-76.34911000
0.84472656,-76.76753000,-89.52538000,-69.45930000,-80.31186000
0.84533691,-73.55826000,-92.89365000,-70.15411000,-77.38593000
0.84594727,-71.79832000,-103.78860000,-71.81222000,-78.05692000
0.84655762,-75.97404000,-91.59648000,-72.52901000,-80.71860000
0.84716797,-76.52256000,-92.67020000,-79.32101000,-74.57252000
0.84777832,-82.52536000,-100.68860000,-80.67892000,-73.26275000
0.84838867,-78.30888000,-99.58380000,-76.52118000,-73.33725000
0.84899902,-76.58650000,-93.40598000,-76.54113000,-71.69635000
0.84960938,-73.98757000,-82.51511000,-86.69623000,-71.66365000
0.85021973,-70.04715000,-77.77531000,-73.89800000,-64.94137000
0.85083008,-73.55832000,-80.82808000,-71.46877000,-65.95123000
0.85144043,-82.21665000,-92.81482000,-74.59315000,-69.40475000
0.85205078,-93.01227000,-91.69511000,-83.58760000,-71.75426000
0.85266113,-87.42505000,-89.83899000,-83.96935000,-75.82023000
0.85327148,-86.66009000,-86.94720000,-89.59659000,-77.02273000
0.85388184,-85.94863000,-89.29549000,-102.44570000,-75.75711000
0.85449219,-77.21045000,-95.88072000,-76.48314000,-88.74244000
0.85510254,-76.60508000,-98.30537000,-71.21082000,-73.05322000
0.85571289,-77.16993000,-96.70428000,-72.54916000,-68.98637000
0.85632324,-77.84240000,-88.92107000,-72.11995000,-70.09394000
0.85693359,-94.03564000,-87.34299000,-79.02802000,-81.16256000
0.85754395,-78.89110000,-93.89008000,-80.44875000,-81.29014000
0.85815430,-84.59560000,-94.83112000,-75.90057000,-80.63827000
0.85876465,-94.46976000,-98.14424000,-73.52657000,-77.95768000
0.85937500,-84.18997000,-96.49323000,-76.60785000,-74.63031000
0.85998535,-78.10979000,-98.60564000,-67.11681000,-70.70352000
0.86059570,-74.58417000,-100.50310000,-67.79872000,-74.97483000
0.86120605,-78.72849000,-95.87284000,-74.58833000,-72.34449000
0.86181641,-83.71814000,-99.71513000,-79.89583000,-73.44669000
0.86242676,-81.20718000,-96.84365000,-77.36690000,-72.47240000
0.86303711,-88.54402000,-94.04166000,-73.18387000,-74.81749000
0.86364746,-82.40754000,-92.47771000,-71.82379000,-87.90040000
0.86425781,-79.18722000,-86.82519000,-71.53413000,-77.74543000
0.86486816,-80.72047000,-88.24469000,-72.61141000,-80.26434000
0.86547852,-74.22685000,-92.99366000,-65.28078000,-84.55423000
0.86608887,-70.95509000,-94.90199000,-64.55302000,-77.41154000
0.86669922,-72.98358000,-90.30834000,-69.33131000,-79.40688000
0.86730957,-75.51741000,-89.16607000,-68.89391000,-83.26193000
0.86791992,-80.21454000,-96.45700000,-70.56243000,-80.78873000
0.86853027,-100.55710000,-91.88561000,-72.81950000,-75.76907000
0.86914063,-85.18800000,-84.76387000,-69.05247000,-71.67541000
0.86975098,-83.73528000,-81.75210000,-72.50417000,-69.40150000
0.87036133,-91.18973000,-86.14483000,-81.99352000,-74.12978000
0.87097168,-86.74429000,-92.28393000,-69.68618000,-73.16272000
0.87158203,-83.69685000,-90.12923000,-68.46216000,-67.30300000
0.87219238,-92.31416000,-105.03890000,-68.83057000,-70.63940000
0.87280273,-84.12804000,-96.79590000,-68.77470000,-81.22383000
0.87341309,-80.11978000,-91.26579000,-75.19374000,-86.66703000
0.87402344,-76.11668000,-88.51634000,-75.13222000,-82.13918000
0.87463379,-91.18447000,-89.97887000,-73.17754000,-76.11957000
0.87524414,-77.41485000,-90.85983000,-72.44069000,-70.32953000
0.87585449,-75.62067000,-87.66761000,-68.86404000,-74.34287000
0.87646484,-70.70444000,-85.31518000,-64.06808000,-76.10824000
0.87707520,-69.01097000,-86.58711000,-66.39302000,-72.64078000
0.87768555,-71.80445000,-93.79408000,-72.56810000,-73.54965000
0.87829590,-74.88850000,-96.13968000,-71.49515000,-73.37213000
0.87890625,-76.67008000,-96.94287000,-82.22198000,-69.57572000
0.87951660,-76.36385000,-92.85541000,-78.12579000,-67.24383000
0.88012695,-72.30109000,-90.61476000,-78.42732000,-71.78465000
0.88073730,-72.95937000,-92.54410000,-69.49023000,-68.00300000
0.88134766,-81.00893000,-98.32523000,-65.42940000,-66.24167000
0.88195801,-90.76102000,-93.77728000,-65.93547000,-70.24280000
0.88256836,-80.32951000,-98.42467000,-69.01019000,-74.76470000
0.88317871,-75.77140000,-104.83230000,-65.91247000,-81.33762000
0.88378906,-76.99134000,-93.45102000,-69.62337000,-81.73077000
0.88439941,-83.05428000,-87.80060000,-81.80670000,-86.18079000
0.88500977,-80.55878000,-87.46624000,-74.44247000,-91.55698000
0.88562012,-75.89526000,-87.84530000,-71.31557000,-83.03139000
0.88623047,-74.38866000,-88.23582000,-70.24402000,-76.11447000
0.88684082,-78.71393000,-92.05216000,-75.26525000,-79.20133000
0.88745117,-77.69852000,-94.41125000,-70.48068000,-83.10497000
0.88806152,-77.85903000,-95.78487000,-71.96511000,-76.39497000
0.88867188,-79.57948000,-93.95316000,-76.34882000,-68.27153000
0.88928223,-77.24578000,-89.02089000,-71.03476000,-65.25468000
0.88989258,-68.70034000,-89.73812000,-67.26962000,-67.08144000
0.89050293,-68.23663000,-98.41668000,-71.05441000,-72.24971000
0.89111328,-72.72710000,-92.12477000,-69.17767000,-76.88023000
0.89172363,-80.69543000,-93.41735000,-65.71057000,-75.43581000
0.89233398,-83.05116000,-95.82763000,-75.52303000,-70.85595000
0.89294434,-82.77348000,-91.79619000,-71.81728000,-67.61987000
0.89355469,-81.86558000,-90.74861000,-69.12192000,-70.72301000
0.89416504,-91.77078000,-94.92339000,-70.50671000,-92.22945000
0.89477539,-79.80533000,-94.79636000,-71.77764000,-90.21839000
0.89538574,-84.07039000,-92.26772000,-89.60361000,-76.53365000
0.89599609,-73.90932000,-92.08180000,-67.77549000,-75.53616000
0.89660645,-71.60211000,-91.93956000,-67.80455000,-78.37440000
0.89721680,-73.94586000,-97.22244000,-81.27666000,-73.47638000
0.89782715,-75.37097000,-100.16110000,-70.94241000,-68.29670000
0.89843750,-71.49097000,-107.62790000,-65.10717000,-67.01945000
0.89904785,-71.20775000,-88.61559000,-64.32309000,-70.62005000
0.89965820,-76.03519000,-80.64067000,-67.04110000,-70.64841000
0.90026855,-84.29994000,-82.17869000,-73.46051000,-72.66488000
0.90087891,-89.96016000,-89.47585000,-79.23715000,-72.05597000
0.90148926,-91.08031000,-89.96902000,-67.42657000,-70.81986000
0.90209961,-78.75253000,-93.18459000,-67.45442000,-67.98765000
0.90270996,-78.06369000,-90.35133000,-69.61294000,-68.86961000
0.90332031,-77.87551000,-87.87535000,-72.24579000,-75.79022000
0.90393066,-83.52554000,-87.98509000,-77.06559000,-81.18097000
0.90454102,-83.84856000,-89.18938000,-72.98412000,-75.17459000
0.90515137,-84.39014000,-91.28498000,-76.01632000,-76.62730000
0.90576172,-93.75016000,-96.11485000,-70.31907000,-75.79475000
0.90637207,-86.34128000,-109.10280000,-68.22920000,-76.86271000
0.90698242,-87.07433000,-100.40090000,-69.49980000,-73.53857000
0.90759277,-77.84766000,-96.83157000,-71.62266000,-71.38213000
0.90820313,-76.31223000,-102.43960000,-70.53810000,-72.84308000
0.90881348,-81.03909000,-91.60979000,-69.61832000,-83.92513000
0.90942383,-85.25827000,-92.88287000,-78.24152000,-72.97468000
0.91003418,-74.30238000,-96.94627000,-83.59926000,-73.48497000
0.91064453,-71.43073000,-92.34366000,-67.26393000,-75.00095000
0.91125488,-75.11819000,-92.35179000,-62.00013000,-74.91279000
0.91186523,-90.73625000,-94.67467000,-62.71017000,-78.95061000
0.91247559,-79.02121000,-90.30170000,-68.85464000,-74.05542000
0.91308594,-83.11472000,-93.86604000,-75.66943000,-75.73223000
0.91369629,-77.79436000,-97.10626000,-67.48255000,-79.47407000
0.91430664,-72.13525000,-95.96406000,-65.92441000,-82.45641000
0.91491699,-70.87830000,-94.16629000,-68.14056000,-72.47072000
0.91552734,-71.44917000,-94.29326000,-73.92685000,-70.56699000
0.91613770,-73.50385000,-98.30496000,-76.36378000,-71.83008000
0.91674805,-79.08004000,-93.14956000,-76.32217000,-72.42336000
0.91735840,-79.02411000,-91.15479000,-76.47049000,-71.26860000
0.91796875,-79.03760000,-116.24870000,-73.22512000,-68.70555000
0.91857910,-79.68850000,-91.41788000,-69.87047000,-67.97260000
0.91918945,-83.21921000,-88.47386000,-67.79819000,-69.15631000
0.91979980,-84.10049000,-93.54971000,-67.79554000,-69.23511000
0.92041016,-80.19859000,-106.68170000,-71.10139000,-74.39895000
0.92102051,-75.83854000,-112.76960000,-79.49013000,-79.44905000
0.92163086,-74.47192000,-95.07269000,-69.18082000,-71.31041000
0.92224121,-75.24459000,-89.65414000,-70.64836000,-73.91498000
0.92285156,-79.96964000,-88.81329000,-68.47012000,-82.43293000
0.92346191,-78.60216000,-95.92560000,-66.59267000,-83.91700000
0.92407227,-80.29356000,-88.77916000,-72.16827000,-76.28211000
0.92468262,-85.82020000,-84.39545000,-91.18592000,-88.41679000
0.92529297,-83.17824000,-84.46534000,-72.49545000,-77.03145000
0.92590332,-91.58456000,-85.75357000,-70.29117000,-75.39200000
0.92651367,-89.39226000,-88.78027000,-77.66330000,-73.87986000
0.92712402,-80.82619000,-97.00842000,-75.22086000,-79.58315000
0.92773438,-79.61343000,-98.90182000,-73.40178000,-78.58638000
0.92834473,-85.27158000,-98.10509000,-74.82429000,-75.01208000
0.92895508,-92.62170000,-85.47565000,-72.00851000,-72.23659000
0.92956543,-81.48763000,-76.01210000,-77.32553000,-69.78394000
0.93017578,-80.23255000,-75.74329000,-85.72472000,-71.15141000
0.93078613,-80.14327000,-85.48439000,-78.34395000,-71.64564000
0.93139648,-79.90572000,-102.03100000,-83.92946000,-69.47506000
0.93200684,-79.94361000,-94.48677000,-71.17049000,-67.87708000
0.93261719,-76.03862000,-94.67776000,-69.76978000,-71.61998000
0.93322754,-73.14878000,-100.19990000,-76.79019000,-76.62608000
0.93383789,-77.80610000,-91.69533000,-71.00109000,-75.18098000
0.93444824,-85.29075000,-91.89294000,-68.52531000,-76.99802000
0.93505859,-78.59315000,-92.93340000,-71.54977000,-73.51205000
0.93566895,-76.58786000,-91.85653000,-82.74368000,-73.88612000
0.93627930,-75.19753000,-90.37034000,-77.19865000,-76.28767000
0.93688965,-76.58434000,-87.50468000,-83.45145000,-76.63068000
0.93750000,-79.04708000,-85.81768000,-74.41653000,-80.98309000
0.93811035,-77.27203000,-90.46036000,-69.25298000,-75.36220000
0.93872070,-75.34250000,-122.62930000,-67.62984000,-73.38680000
0.93933105,-77.07188000,-94.88657000,-71.35832000,-77.20999000
0.93994141,-77.46919000,-95.66219000,-85.93687000,-73.14023000
0.94055176,-76.17898000,-96.85319000,-74.18929000,-70.30696000
0.94116211,-81.62103000,-87.76009000,-71.91479000,-75.22750000
0.94177246,-92.06786000,-91.19384000,-81.72076000,-74.10619000
0.94238281,-86.31032000,-92.15919000,-70.47131000,-73.52030000
0.94299316,-88.86089000,-93.40331000,-66.01907000,-74.94410000
0.94360352,-94.34914000,-101.02870000,-69.54585000,-84.97459000
0.94421387,-88.18138000,-97.71341000,-76.42702000,-77.54469000
0.94482422,-81.66272000,-93.40852000,-79.05325000,-75.72159000
0.94543457,-77.81416000,-94.56281000,-76.05884000,-77.71362000
0.94604492,-76.49113000,-97.83787000,-71.62734000,-74.45412000
0.94665527,-75.89408000,-94.73062000,-68.99110000,-73.78846000
0.94726563,-74.58196000,-95.34105000,-70.25892000,-76.31975000
0.94787598,-75.20032000,-92.48900000,-75.27663000,-73.96817000
0.94848633,-79.59560000,-91.94826000,-82.23364000,-71.02991000
0.94909668,-78.67471000,-107.18610000,-74.08899000,-70.71671000
0.94970703,-71.60194000,-84.36375000,-70.90146000,-68.69927000
0.95031738,-70.14714000,-80.45660000,-70.87800000,-68.36511000
0.95092773,-78.02179000,-88.13264000,-70.13450000,-79.06619000
0.95153809,-80.00134000,-97.63100000,-70.68951000,-94.15578000
0.95214844,-76.27988000,-93.22903000,-76.67367000,-81.15419000
0.95275879,-71.99111000,-93.69133000,-86.94272000,-74.41588000
0.95336914,-72.41457000,-95.94032000,-77.10244000,-68.30483000
0.95397949,-75.36180000,-91.93320000,-73.11632000,-65.91141000
0.95458984,-65.45768000,-90.89583000,-71.72640000,-69.41636000
0.95520020,-64.39073000,-91.99627000,-75.19698000,-78.47968000
0.95581055,-66.67950000,-89.85068000,-78.72504000,-84.15489000
0.95642090,-63.77025000,-90.99534000,-76.77436000,-84.63172000
0.95703125,-65.51990000,-95.21422000,-77.33713000,-82.19780000
0.95764160,-70.41134000,-95.74223000,-73.28866000,-78.34671000
0.95825195,-68.69186000,-91.02957000,-72.47117000,-74.32047000
0.95886230,-71.40398000,-99.19041000,-81.38564000,-71.43698000
0.95947266,-74.36747000,-87.83645000,-75.34901000,-66.32195000
0.96008301,-69.92646000,-83.58697000,-73.19651000,-68.62596000
0.96069336,-73.64005000,-88.65456000,-74.40842000,-82.78569000
0.96130371,-74.51560000,-107.48240000,-72.96136000,-73.67925000
0.96191406,-68.79674000,-93.85082000,-72.79725000,-74.35189000
0.96252441,-73.43650000,-89.51427000,-70.98942000,-82.08577000
0.96313477,-79.86556000,-88.95329000,-71.53173000,-78.90342000
0.96374512,-76.30585000,-88.39463000,-70.58844000,-71.41288000
0.96435547,-72.27184000,-89.52152000,-65.48691000,-71.47626000
0.96496582,-70.99790000,-89.02844000,-65.80692000,-85.16984000
0.96557617,-75.43465000,-87.80577000,-83.70641000,-75.18581000
0.96618652,-81.92584000,-88.82287000,-70.12308000,-72.14951000
0.96679688,-78.75937000,-89.97034000,-67.85531000,-68.74381000
0.96740723,-82.17432000,-92.32985000,-71.58273000,-70.41339000
0.96801758,-85.01511000,-104.73120000,-78.70721000,-77.05576000
0.96862793,-85.52264000,-94.65082000,-67.82466000,-78.40335000
0.96923828,-92.71948000,-93.13901000,-66.86450000,-77.58958000
0.96984863,-81.04616000,-96.44037000,-72.58515000,-78.02134000
0.97045898,-86.45157000,-96.63074000,-81.84271000,-74.98601000
0.97106934,-82.97639000,-88.89941000,-77.32648000,-70.80173000
0.97167969,-77.90714000,-89.26476000,-69.71854000,-73.13206000
0.97229004,-78.35872000,-91.49418000,-68.52172000,-80.16022000
0.97290039,-80.54176000,-92.32471000,-73.86073000,-76.44725000
0.97351074,-74.81924000,-95.06406000,-85.24036000,-81.62426000
0.97412109,-77.62724000,-96.28959000,-73.52005000,-74.84402000
0.97473145,-84.37576000,-101.62960000,-71.17696000,-69.59628000
0.97534180,-82.86648000,-103.66070000,-73.66566000,-68.31760000
0.97595215,-84.17080000,-92.68417000,-63.37143000,-72.67259000
0.97656250,-75.85257000,-87.90669000,-65.78378000,-82.19624000
0.97717285,-73.21525000,-88.30257000,-67.84174000,-83.52538000
0.97778320,-81.61043000,-91.79301000,-64.41487000,-87.61543000
0.97839355,-76.51328000,-93.87039000,-66.95892000,-77.07656000
0.97900391,-72.07104000,-91.24112000,-74.32977000,-75.48658000
0.97961426,-77.07478000,-90.81351000,-74.27422000,-78.03978000
0.98022461,-85.50766000,-96.48514000,-73.55773000,-77.04319000
0.98083496,-92.21420000,-98.04600000,-72.14273000,-76.57318000
0.98144531,-89.40982000,-93.64215000,-74.74321000,-75.95506000
0.98205566,-82.27077000,-96.30582000,-72.97714000,-79.38306000
0.98266602,-84.28315000,-92.91556000,-68.79768000,-71.63016000
0.98327637,-88.89372000,-91.11418000,-64.89892000,-74.69884000
0.98388672,-79.71685000,-87.80476000,-63.93464000,-78.92533000
0.98449707,-74.80159000,-87.07847000,-70.32980000,-76.12461000
0.98510742,-79.36184000,-90.37521000,-73.64485000,-81.71238000
0.98571777,-75.34978000,-94.78146000,-70.69352000,-75.12341000
0.98632813,-75.77412000,-86.78658000,-91.98628000,-77.10365000
0.98693848,-82.68546000,-86.93542000,-72.44394000,-93.25015000
0.98754883,-77.41850000,-91.91972000,-72.51326000,-79.79349000
0.98815918,-83.70881000,-94.43004000,-74.42953000,-85.24207000
0.98876953,-73.12006000,-78.45804000,-84.27008000,-83.62370000
0.98937988,-59.74236000,-66.58066000,-76.47249000,-69.90468000
0.98999023,-56.54220000,-64.01573000,-68.74176000,-66.94334000
0.99060059,-61.51456000,-70.75291000,-66.73352000,-85.52066000
0.99121094,-71.13557000,-92.08687000,-71.16540000,-75.96022000
0.99182129,-74.92617000,-89.92828000,-81.23748000,-77.08365000
0.99243164,-76.25082000,-88.00651000,-84.59168000,-69.74242000
0.99304199,-83.93937000,-99.73003000,-77.87482000,-69.04211000
0.99365234,-86.37758000,-94.14526000,-78.40388000,-68.89340000
0.99426270,-78.62851000,-92.25046000,-71.47346000,-68.29160000
0.99487305,-77.67026000,-97.05096000,-69.41789000,-73.22972000
0.99548340,-83.68211000,-95.32459000,-77.54243000,-83.63884000
0.99609375,-82.99564000,-95.58799000,-77.54532000,-75.26096000
0.99670410,-88.42449000,-98.64337000,-78.29093000,-81.04715000
0.99731445,-82.28059000,-111.18830000,-71.47430000,-72.74505000
0.99792480,-78.54716000,-96.53374000,-68.69198000,-68.85307000
0.99853516,-78.43884000,-94.98959000,-68.14030000,-71.49760000
0.99914551,-77.23745000,-94.88815000,-68.26582000,-72.74353000
0.99975586,-74.07899000,-98.17219000,-70.38877000,-69.38506000
1.00036621,-72.60037000,-96.39964000,-75.47368000,-73.55907000
1.00097656,-79.03677000,-89.73975000,-78.14842000,-81.86677000
1.00158691,-82.21660000,-92.01646000,-73.88235000,-75.19097000
1.00219727,-72.68048000,-99.07007000,-68.13245000,-73.54089000
1.00280762,-71.72864000,-88.10771000,-71.13583000,-79.52010000
1.00341797,-81.11947000,-86.51837000,-73.74303000,-78.56497000
1.00402832,-79.86272000,-87.11728000,-73.60533000,-71.70662000
1.00463867,-76.33502000,-91.40352000,-70.99220000,-73.22409000
1.00524902,-76.04720000,-100.50420000,-68.35692000,-72.88688000
1.00585938,-76.31060000,-92.79839000,-71.82874000,-70.78242000
1.00646973,-80.16937000,-94.06093000,-69.85003000,-73.12293000
1.00708008,-78.15565000,-92.56177000,-68.16869000,-70.38824000
1.00769043,-82.73547000,-91.24741000,-75.09315000,-70.17306000
1.00830078,-87.63462000,-89.42471000,-77.33385000,-72.50018000
1.00891113,-76.59380000,-88.47039000,-75.22333000,-77.19505000
1.00952148,-74.13904000,-88.64282000,-69.13623000,-79.67110000
1.01013184,-77.02032000,-87.58655000,-74.98740000,-86.23786000
1.01074219,-77.06814000,-88.08838000,-85.77263000,-74.40080000
1.01135254,-79.50114000,-90.69183000,-86.65175000,-75.21925000
1.01196289,-75.63722000,-99.19738000,-109.04910000,-78.79010000
1.01257324,-74.91788000,-110.69980000,-72.10380000,-74.94510000
1.01318359,-80.00938000,-94.87381000,-66.79025000,-70.77977000
1.01379395,-96.30013000,-89.73108000,-72.23289000,-71.60571000
1.01440430,-80.65357000,-91.42162000,-77.53679000,-74.92667000
1.01501465,-78.45953000,-95.66444000,-72.94178000,-72.65650000
1.01562500,-83.60260000,-91.18033000,-71.83049000,-80.71301000
1.01623535,-78.57013000,-91.94615000,-70.34247000,-80.77244000
1.01684570,-78.51137000,-92.60043000,-69.95007000,-77.89746000
1.01745605,-87.34135000,-96.10912000,-74.63831000,-94.01466000
1.01806641,-88.83735000,-93.33451000,-77.67503000,-78.89333000
1.01867676,-84.46646000,-86.73561000,-79.43882000,-74.01909000
1.01928711,-85.45547000,-83.55673000,-69.78388000,-78.03893000
1.01989746,-88.14810000,-83.33354000,-76.43630000,-72.63654000
1.02050781,-84.25684000,-90.88265000,-72.21877000,-66.68520000
1.02111816,-93.42335000,-98.95499000,-66.79382000,-68.42134000
1.02172852,-80.01799000,-89.27872000,-68.42920000,-75.81994000
1.02233887,-77.38459000,-85.23090000,-71.21474000,-76.50935000
1.02294922,-79.99825000,-86.75063000,-74.97672000,-71.05103000
1.02355957,-80.08322000,-97.69510000,-74.98089000,-68.77104000
1.02416992,-76.74589000,-93.09368000,-80.89339000,-72.33733000
1.02478027,-79.36726000,-90.40782000,-71.74606000,-78.89361000
1.02539063,-83.86895000,-91.64779000,-67.79513000,-90.79124000
1.02600098,-75.70370000,-95.22862000,-65.34864000,-85.47538000
1.02661133,-78.28973000,-99.72007000,-67.47809000,-89.79491000
1.02722168,-96.80418000,-96.68578000,-81.26937000,-90.25543000
1.02783203,-83.07291000,-97.69685000,-73.12881000,-74.51604000
1.02844238,-83.28040000,-95.88187000,-86.57121000,-71.16315000
1.02905273,-93.52010000,-94.82642000,-69.44138000,-70.93231000
1.02966309,-87.56763000,-91.76093000,-66.56950000,-71.54909000
1.03027344,-84.36988000,-100.79640000,-66.59051000,-74.59241000
1.03088379,-80.02106000,-96.83910000,-65.53729000,-82.21096000
1.03149414,-80.17729000,-104.52360000,-68.04845000,-79.40750000
1.03210449,-92.68430000,-93.36732000,-72.53941000,-72.42837000
1.03271484,-81.25217000,-92.12280000,-72.66603000,-73.71072000
1.03332520,-77.70352000,-91.20938000,-71.72885000,-79.01759000
1.03393555,-82.56726000,-89.48737000,-70.36390000,-73.80393000
1.03454590,-85.47305000,-91.81573000,-69.58228000,-70.74271000
1.03515625,-92.45133000,-95.98045000,-73.35517000,-69.46469000
1.03576660,-82.03529000,-96.18520000,-71.38251000,-69.53950000
1.03637695,-82.55426000,-96.27496000,-84.58233000,-73.33522000
1.03698730,-86.11409000,-101.38920000,-68.91549000,-74.40781000
1.03759766,-75.26149000,-88.31667000,-70.36730000,-68.85533000
1.03820801,-66.31400000,-84.98367000,-65.88911000,-66.96407000
1.03881836,-68.85146000,-86.32153000,-70.95384000,-70.42415000
1.03942871,-81.93825000,-91.57138000,-66.50708000,-84.05671000
1.04003906,-80.05502000,-96.71869000,-67.77831000,-73.60979000
1.04064941,-74.65341000,-100.84900000,-75.30522000,-74.73425000
1.04125977,-74.76656000,-90.67902000,-76.01764000,-76.16601000
1.04187012,-75.81693000,-88.04538000,-76.18475000,-70.13421000
1.04248047,-87.73642000,-87.42261000,-76.37778000,-66.85224000
1.04309082,-87.71700000,-94.75011000,-70.87019000,-70.29384000
1.04370117,-90.26515000,-90.19183000,-65.78541000,-74.75662000
1.04431152,-81.26878000,-89.62902000,-66.51234000,-75.46355000
1.04492188,-82.00471000,-91.08501000,-68.49857000,-70.95911000
1.04553223,-83.83038000,-101.00300000,-72.77052000,-67.74158000
1.04614258,-79.36017000,-93.21357000,-65.72683000,-68.96822000
1.04675293,-78.28076000,-91.73732000,-62.57727000,-73.35124000
1.04736328,-83.78479000,-93.94196000,-66.63598000,-71.25416000
1.04797363,-87.47445000,-99.35834000,-70.06138000,-70.81804000
1.04858398,-84.20923000,-95.21476000,-68.57812000,-71.80836000
1.04919434,-89.53459000,-78.46559000,-70.14832000,-73.27343000
1.04980469,-72.64602000,-72.36383000,-79.62655000,-72.73309000
1.05041504,-70.51088000,-74.54243000,-72.67986000,-74.33688000
1.05102539,-72.35589000,-86.01428000,-70.88776000,-77.03400000
1.05163574,-73.48329000,-103.81540000,-74.74113000,-70.91838000
1.05224609,-74.57998000,-97.01343000,-70.54392000,-74.88387000
1.05285645,-75.64613000,-89.71069000,-66.96054000,-70.96984000
1.05346680,-82.23569000,-89.95889000,-69.38400000,-72.74922000
1.05407715,-90.26142000,-94.71852000,-80.43434000,-80.18955000
1.05468750,-78.98753000,-94.29183000,-84.05116000,-73.24637000
1.05529785,-74.03588000,-93.65494000,-80.82366000,-72.85588000
1.05590820,-74.27051000,-99.60501000,-87.50924000,-81.06393000
1.05651855,-74.40368000,-97.33372000,-70.26422000,-83.83919000
1.05712891,-74.28246000,-99.82480000,-66.16165000,-82.71014000
1.05773926,-76.67501000,-98.98853000,-69.63686000,-80.03884000
1.05834961,-79.09270000,-94.92078000,-70.65954000,-77.90336000
1.05895996,-85.27089000,-90.88788000,-71.57675000,-77.24654000
1.05957031,-80.52287000,-88.17935000,-77.23945000,-72.81656000
1.06018066,-75.64158000,-89.22011000,-74.47981000,-69.65392000
1.06079102,-85.18964000,-99.48006000,-67.35508000,-69.67978000
1.06140137,-75.65134000,-105.25830000,-71.72807000,-72.27608000
1.06201172,-71.10838000,-88.84338000,-82.27495000,-83.44214000
1.06262207,-72.24935000,-85.18158000,-78.34407000,-73.22955000
1.06323242,-76.04272000,-86.75903000,-74.27042000,-67.63592000
1.06384277,-72.60483000,-89.83800000,-69.42300000,-68.27442000
1.06445313,-71.46794000,-93.70696000,-69.53557000,-71.28976000
1.06506348,-77.49135000,-106.19660000,-73.04839000,-80.68373000
1.06567383,-73.80963000,-104.08500000,-77.86563000,-79.51659000
1.06628418,-73.35848000,-91.32396000,-69.87900000,-80.38629000
1.06689453,-84.18872000,-92.51749000,-69.89734000,-74.27776000
1.06750488,-65.16811000,-99.89423000,-79.93375000,-77.91177000
1.06811523,-65.73865000,-93.83871000,-68.83365000,-76.85332000
1.06872559,-74.58233000,-95.58920000,-69.91803000,-70.90430000
1.06933594,-72.63907000,-96.09549000,-71.93758000,-70.44320000
1.06994629,-75.97556000,-101.56200000,-74.92406000,-78.09802000
1.07055664,-81.28384000,-107.59130000,-68.63797000,-75.74035000
1.07116699,-74.65402000,-96.79367000,-68.15044000,-80.88861000
1.07177734,-73.07308000,-91.70306000,-69.85571000,-78.76534000
1.07238770,-76.14458000,-93.54633000,-68.47967000,-72.35541000
1.07299805,-81.28992000,-99.31633000,-67.28795000,-73.23029000
1.07360840,-74.01338000,-92.32758000,-70.90421000,-76.42311000
1.07421875,-74.36166000,-91.53244000,-75.53620000,-89.18742000
1.07482910,-81.08514000,-89.18965000,-69.22337000,-76.84668000
1.07543945,-86.78745000,-89.12999000,-71.12730000,-72.58230000
1.07604980,-86.45232000,-93.80507000,-73.34194000,-70.86013000
1.07666016,-83.83313000,-90.38211000,-67.18589000,-69.96812000
1.07727051,-80.17806000,-90.04553000,-65.74651000,-69.24982000
1.07788086,-81.64626000,-97.56149000,-64.53970000,-71.88003000
1.07849121,-102.33980000,-98.20441000,-65.65984000,-81.36311000
1.07910156,-139.22560000,-92.65578000,-70.87595000,-81.07964000
1.07971191,-95.09065000,-89.29352000,-75.14124000,-79.70378000
1.08032227,-90.57771000,-93.03832000,-71.98666000,-72.94194000
1.08093262,-89.85745000,-91.45187000,-71.95809000,-73.45218000
1.08154297,-87.55677000,-112.08330000,-74.30004000,-79.09478000
1.08215332,-88.60455000,-93.45860000,-74.47732000,-76.06146000
1.08276367,-77.62479000,-92.14835000,-71.42511000,-68.90663000
1.08337402,-75.89915000,-96.25507000,-72.75141000,-69.74428000
1.08398438,-76.37688000,-89.36096000,-79.67012000,-72.09505000
1.08459473,-76.20646000,-93.01091000,-82.15820000,-70.81430000
1.08520508,-83.68741000,-105.82800000,-83.47258000,-71.38610000
1.08581543,-80.89606000,-98.81702000,-88.22546000,-78.89272000
1.08642578,-72.35719000,-99.45504000,-70.63580000,-77.21638000
1.08703613,-71.35046000,-91.97613000,-65.36132000,-82.80653000
1.08764648,-77.22852000,-97.06483000,-64.73267000,-78.80664000
1.08825684,-79.02617000,-92.93559000,-66.59367000,-73.26953000
1.08886719,-75.52299000,-87.27105000,-68.18118000,-71.04324000
1.08947754,-73.03951000,-84.16393000,-67.56290000,-74.22882000
1.09008789,-75.87399000,-83.46597000,-71.16526000,-86.06308000
1.09069824,-86.70811000,-89.88419000,-75.91376000,-84.13380000
1.09130859,-88.87871000,-101.96140000,-68.28535000,-93.15195000
1.09191895,-77.65522000,-95.10116000,-72.47290000,-80.78725000
1.09252930,-75.76998000,-95.18906000,-77.73056000,-73.84513000
1.09313965,-77.30183000,-95.02728000,-69.87479000,-75.99059000
1.09375000,-82.47830000,-90.35400000,-69.10201000,-90.07860000
1.09436035,-81.68285000,-93.68462000,-70.83038000,-74.14084000
1.09497070,-87.10145000,-87.70285000,-74.28944000,-74.57463000
1.09558105,-83.20244000,-86.09559000,-83.23486000,-86.41587000
1.09619141,-82.60207000,-88.86803000,-73.11269000,-80.34251000
1.09680176,-85.78971000,-91.05537000,-69.60535000,-77.86903000
1.09741211,-83.23193000,-91.68765000,-67.44945000,-87.36001000
1.09802246,-80.52162000,-90.47021000,-69.29680000,-88.09843000
1.09863281,-78.11922000,-95.11618000,-73.36616000,-72.03506000
1.09924316,-79.27690000,-96.96150000,-71.41364000,-68.68311000
1.09985352,-80.40433000,-90.42136000,-65.69769000,-67.70538000
1.10046387,-76.89941000,-95.45660000,-67.71317000,-69.35084000
1.10107422,-76.85468000,-92.70341000,-74.39249000,-73.60831000
1.10168457,-88.43391000,-99.26512000,-75.22729000,-84.96087000
1.10229492,-80.76951000,-88.77651000,-84.64516000,-88.97462000
1.10290527,-81.34774000,-89.18422000,-70.64811000,-78.82587000
1.10351563,-84.51273000,-100.16860000,-71.65450000,-81.47518000
1.10412598,-78.37904000,-103.61920000,-70.20324000,-82.86365000
1.10473633,-75.71371000,-98.31954000,-72.61658000,-92.03617000
1.10534668,-75.78584000,-95.75074000,-80.26832000,-78.74615000
1.10595703,-77.67571000,-104.32600000,-74.89341000,-76.07525000
1.10656738,-86.60544000,-93.48365000,-72.65845000,-74.68506000
1.10717773,-83.02219000,-89.42914000,-75.04845000,-72.50557000
1.10778809,-81.90055000,-93.91516000,-71.90337000,-72.78002000
1.10839844,-84.14567000,-93.97401000,-69.39709000,-88.44666000
1.10900879,-87.37392000,-91.44146000,-70.84926000,-72.18938000
1.10961914,-83.68121000,-80.75914000,-75.31017000,-67.65655000
1.11022949,-81.90705000,-80.03207000,-73.01018000,-69.27807000
1.11083984,-78.76534000,-86.36060000,-75.54597000,-74.83595000
1.11145020,-81.93938000,-92.05753000,-74.12315000,-72.94360000
1.11206055,-77.37493000,-100.14060000,-72.07832000,-70.58958000
1.11267090,-76.51945000,-95.21707000,-73.71902000,-70.44669000
1.11328125,-78.72862000,-90.69245000,-73.62589000,-72.03815000
1.11389160,-83.16909000,-89.72538000,-72.38808000,-74.71284000
1.11450195,-82.74949000,-91.33900000,-74.01578000,-77.98188000
1.11511230,-97.31896000,-95.42126000,-80.52026000,-80.08783000
1.11572266,-77.94454000,-110.23920000,-71.30856000,-77.32362000
1.11633301,-74.41129000,-97.37865000,-68.07764000,-86.75856000
1.11694336,-73.32892000,-88.12135000,-67.45127000,-71.53043000
1.11755371,-75.37976000,-85.91282000,-71.99873000,-72.47387000
1.11816406,-79.64278000,-89.41396000,-69.75678000,-75.48216000
1.11877441,-92.95625000,-89.00560000,-64.32507000,-72.54539000
1.11938477,-77.26799000,-88.68921000,-65.81146000,-70.86530000
1.11999512,-74.83681000,-88.44804000,-65.67821000,-73.50350000
1.12060547,-72.56082000,-93.39304000,-62.02089000,-70.93160000
1.12121582,-74.43339000,-98.66266000,-62.79608000,-71.67091000
1.12182617,-84.16920000,-90.46363000,-69.29836000,-75.93780000
1.12243652,-77.72896000,-89.73840000,-84.55362000,-75.32243000
1.12304688,-77.94761000,-93.57667000,-75.38110000,-77.73672000
1.12365723,-76.95596000,-102.26340000,-67.18446000,-80.65238000
1.12426758,-76.45430000,-97.88007000,-65.86182000,-76.03715000
1.12487793,-79.62949000,-96.17157000,-67.85283000,-74.94730000
1.12548828,-85.10635000,-102.81950000,-69.46839000,-77.26851000
1.12609863,-80.34497000,-103.20690000,-75.22483000,-90.43192000
1.12670898,-78.14717000,-102.55650000,-86.56914000,-87.25385000
1.12731934,-74.30322000,-98.99959000,-77.50739000,-83.33797000
1.12792969,-72.80675000,-99.05061000,-68.96944000,-89.08714000
1.12854004,-74.47804000,-94.63318000,-65.60215000,-74.87738000
1.12915039,-81.25140000,-93.58799000,-66.64336000,-73.18346000
1.12976074,-89.21609000,-95.68810000,-72.30981000,-73.97863000
1.13037109,-94.80572000,-101.93650000,-73.53204000,-73.79667000
1.13098145,-82.46873000,-97.25933000,-74.97577000,-78.51562000
1.13159180,-77.11898000,-94.58798000,-77.85522000,-77.20944000
1.13220215,-78.07997000,-101.21830000,-67.91924000,-75.74828000
1.13281250,-83.32277000,-101.60350000,-65.61106000,-79.12283000
1.13342285,-82.19060000,-101.73350000,-72.45480000,-77.58931000
1.13403320,-77.31518000,-91.81158000,-74.74656000,-73.37936000
1.13464355,-74.68621000,-90.94581000,-70.20728000,-70.30170000
1.13525391,-75.50323000,-91.26132000,-69.88822000,-73.99026000
1.13586426,-84.75226000,-92.05934000,-73.39629000,-75.20193000
1.13647461,-100.53060000,-103.89580000,-79.78479000,-75.94265000
1.13708496,-89.21358000,-94.76399000,-77.24554000,-81.86725000
1.13769531,-79.82842000,-100.88650000,-73.62838000,-89.22151000
1.13830566,-77.93636000,-99.12201000,-67.87854000,-92.03293000
1.13891602,-89.16165000,-94.66774000,-76.73193000,-79.60558000
1.13952637,-80.47031000,-90.98168000,-68.29822000,-76.63676000
1.14013672,-82.92719000,-92.38893000,-65.40678000,-74.77547000
1.14074707,-87.55219000,-94.35622000,-74.79596000,-72.90697000
1.14135742,-80.76793000,-96.69783000,-70.29250000,-75.16891000
1.14196777,-80.17303000,-98.14424000,-65.27174000,-76.50072000
1.14257813,-88.61153000,-94.51616000,-68.19218000,-75.54099000
1.14318848,-81.23878000,-96.63583000,-76.85904000,-75.24384000
1.14379883,-78.48289000,-94.53870000,-93.68109000,-84.56856000
1.14440918,-76.36769000,-91.44016000,-84.89575000,-70.66658000
1.14501953,-75.45215000,-93.53688000,-78.85655000,-68.83962000
1.14562988,-79.55118000,-91.07999000,-74.56435000,-68.55471000
1.14624023,-86.48894000,-88.75665000,-74.88707000,-70.70480000
1.14685059,-78.94447000,-94.98702000,-77.41821000,-72.26880000
1.14746094,-78.56605000,-92.97563000,-80.01400000,-71.41193000
1.14807129,-92.40303000,-91.13335000,-74.52240000,-71.69421000
1.14868164,-77.34831000,-94.79207000,-67.59531000,-71.66915000
1.14929199,-77.78902000,-91.99166000,-67.62999000,-71.47849000
1.14990234,-68.24693000,-80.71008000,-75.89559000,-73.30146000
1.15051270,-66.70264000,-79.12369000,-68.52411000,-73.01823000
1.15112305,-75.85728000,-86.46844000,-65.25542000,-71.29304000
1.15173340,-84.00174000,-98.20921000,-68.26768000,-67.17948000
1.15234375,-87.51131000,-105.28810000,-68.94892000,-70.08124000
1.15295410,-80.97092000,-96.97318000,-67.67583000,-77.68763000
1.15356445,-81.26611000,-101.47570000,-70.40045000,-81.05348000
1.15417480,-82.51042000,-96.61170000,-73.22225000,-73.69113000
1.15478516,-87.02946000,-93.31854000,-68.32048000,-69.87978000
1.15539551,-85.81882000,-99.58447000,-65.40969000,-72.24831000
1.15600586,-81.02846000,-94.91986000,-67.37637000,-75.43520000
1.15661621,-77.49358000,-89.81572000,-76.18329000,-75.27679000
1.15722656,-79.90717000,-91.04293000,-74.75289000,-72.13733000
1.15783691,-90.83596000,-91.76869000,-70.46546000,-70.48019000
1.15844727,-92.87574000,-94.04746000,-71.51771000,-68.86475000
1.15905762,-84.15154000,-102.87580000,-68.36601000,-67.60593000
1.15966797,-76.76185000,-93.68880000,-74.16571000,-71.17051000
1.16027832,-76.46037000,-93.07275000,-77.77511000,-79.19254000
1.16088867,-84.89128000,-92.07494000,-73.55672000,-81.74162000
1.16149902,-88.96244000,-91.62719000,-74.39005000,-77.61444000
1.16210938,-84.25388000,-104.44110000,-83.27473000,-84.78345000
1.16271973,-83.99949000,-95.74051000,-84.28699000,-75.49567000
1.16333008,-84.29485000,-95.18694000,-67.73872000,-76.23008000
1.16394043,-82.25605000,-98.55648000,-65.99757000,-99.58653000
1.16455078,-94.10347000,-101.62280000,-69.67615000,-82.86263000
1.16516113,-86.61607000,-103.19690000,-80.58093000,-85.83398000
1.16577148,-89.17336000,-106.83190000,-73.70667000,-76.56978000
1.16638184,-78.52581000,-114.73600000,-72.54050000,-80.38264000
1.16699219,-77.51018000,-104.85020000,-77.48177000,-79.52384000
1.16760254,-76.65477000,-104.77510000,-75.79704000,-76.32419000
1.16821289,-76.35257000,-100.52870000,-80.50712000,-77.27065000
1.16882324,-81.37058000,-97.24082000,-71.79234000,-85.37216000
1.16943359,-83.99973000,-86.81818000,-75.20836000,-74.34046000
1.17004395,-77.61880000,-81.65497000,-72.02950000,-68.30329000
1.17065430,-75.33614000,-88.12089000,-69.81779000,-72.06161000
1.17126465,-72.66679000,-96.22620000,-69.55316000,-73.89497000
1.17187500,-71.74191000,-100.06350000,-69.70885000,-69.83784000
1.17248535,-81.75500000,-93.90015000,-73.70557000,-70.04636000
1.17309570,-78.23247000,-86.92306000,-77.18849000,-72.43999000
1.17370605,-78.12933000,-86.95390000,-70.89545000,-77.14322000
1.17431641,-77.81642000,-93.03994000,-68.26250000,-78.54079000
1.17492676,-73.97286000,-93.88145000,-69.04515000,-80.03075000
1.17553711,-76.46338000,-87.96836000,-71.75029000,-77.57732000
1.17614746,-81.15879000,-89.66515000,-72.94518000,-74.20847000
1.17675781,-75.80350000,-91.12609000,-78.71670000,-75.62547000
1.17736816,-73.52634000,-89.77641000,-75.33558000,-76.75162000
1.17797852,-76.77519000,-97.09850000,-71.85747000,-79.47205000
1.17858887,-86.50952000,-91.45807000,-76.01707000,-77.62509000
1.17919922,-85.50505000,-91.05647000,-73.83019000,-73.34695000
1.17980957,-77.14370000,-91.56551000,-69.91402000,-72.28527000
1.18041992,-75.35011000,-90.53362000,-66.04443000,-72.51526000
1.18103027,-78.55965000,-93.49951000,-66.43256000,-68.65697000
1.18164063,-83.41211000,-99.23920000,-69.33826000,-67.00658000
1.18225098,-87.22763000,-92.23153000,-70.63155000,-68.25157000
1.18286133,-84.10073000,-89.50343000,-73.51867000,-72.24305000
1.18347168,-84.10735000,-91.63634000,-72.44691000,-74.83491000
1.18408203,-88.74071000,-92.76788000,-70.77269000,-72.79034000
1.18469238,-82.79259000,-97.86273000,-81.54716000,-71.47491000
1.18530273,-75.72168000,-97.19833000,-71.46453000,-69.21303000
1.18591309,-73.50941000,-94.50549000,-74.96223000,-76.24071000
1.18652344,-75.16542000,-90.53018000,-88.20479000,-71.27168000
1.18713379,-79.54003000,-91.20536000,-69.65076000,-69.15911000
1.18774414,-77.83838000,-96.22244000,-65.33064000,-68.96275000
1.18835449,-83.01205000,-99.65840000,-66.16559000,-69.18258000
1.18896484,-93.09762000,-95.75996000,-65.68317000,-70.31580000
1.18957520,-87.87357000,-90.74055000,-67.85705000,-74.79684000
1.19018555,-84.94913000,-94.48288000,-71.96729000,-87.43690000
1.19079590,-85.74721000,-105.63830000,-70.12624000,-80.06306000
1.19140625,-72.81045000,-93.51800000,-70.02831000,-75.14742000
1.19201660,-67.73841000,-89.57304000,-72.36148000,-77.00892000
1.19262695,-69.89806000,-97.24701000,-81.57085000,-86.85466000
1.19323730,-84.33574000,-88.53014000,-73.83093000,-76.15271000
1.19384766,-73.84947000,-87.17854000,-71.68494000,-72.80706000
1.19445801,-74.01781000,-91.16970000,-70.07316000,-77.25517000
1.19506836,-81.36742000,-92.54553000,-75.96674000,-78.66656000
1.19567871,-83.29152000,-103.39770000,-78.40741000,-73.42676000
1.19628906,-79.92943000,-88.98222000,-71.44508000,-75.06522000
1.19689941,-75.16977000,-91.96418000,-73.73375000,-79.05738000
1.19750977,-74.76497000,-97.50510000,-65.43744000,-80.19695000
1.19812012,-77.56705000,-95.71480000,-63.35999000,-80.75595000
1.19873047,-83.60371000,-104.73500000,-68.19756000,-73.62781000
1.19934082,-80.34782000,-94.03527000,-71.54104000,-72.99414000
1.19995117,-74.86251000,-90.12157000,-68.15100000,-76.08957000
1.20056152,-73.20883000,-91.56494000,-66.47013000,-80.36061000
1.20117188,-76.36220000,-92.71915000,-67.15940000,-74.68764000
1.20178223,-97.37611000,-93.28526000,-67.97809000,-77.19145000
1.20239258,-79.45741000,-90.88525000,-66.80116000,-87.72460000
1.20300293,-70.92075000,-87.06306000,-66.00458000,-70.98726000
1.20361328,-69.84913000,-87.57571000,-68.19656000,-69.22555000
1.20422363,-72.33630000,-98.31996000,-73.27035000,-72.82560000
1.20483398,-72.48508000,-92.95285000,-77.51939000,-75.19152000
1.20544434,-71.62843000,-89.92381000,-73.26350000,-79.93309000
1.20605469,-71.87141000,-88.66871000,-69.52316000,-76.83190000
1.20666504,-75.04188000,-91.62401000,-72.73550000,-77.77657000
1.20727539,-76.71729000,-94.21012000,-77.41698000,-72.69928000
1.20788574,-77.94239000,-89.29602000,-75.60101000,-88.10655000
1.20849609,-80.92049000,-87.16549000,-74.91810000,-74.39747000
1.20910645,-87.57205000,-91.18855000,-89.81622000,-73.74877000
1.20971680,-89.36627000,-90.31400000,-69.45528000,-73.82411000
1.21032715,-83.02060000,-88.52158000,-68.15334000,-70.28745000
1.21093750,-82.98423000,-90.47138000,-74.30040000,-71.95433000
1.21154785,-86.93176000,-100.85940000,-75.95451000,-84.93211000
1.21215820,-86.96208000,-99.31339000,-80.27061000,-79.82019000
1.21276855,-83.47258000,-96.57327000,-86.69389000,-74.93246000
1.21337891,-75.46905000,-89.54744000,-78.80593000,-71.11767000
1.21398926,-74.97065000,-86.26135000,-77.92772000,-70.80356000
1.21459961,-82.58298000,-87.59653000,-79.47098000,-72.16748000
1.21520996,-90.36012000,-97.57304000,-84.95467000,-77.08627000
1.21582031,-91.52610000,-97.98298000,-86.47160000,-84.09789000
1.21643066,-83.68845000,-94.00056000,-80.52939000,-83.29643000
1.21704102,-100.75020000,-92.91062000,-73.11140000,-75.05777000
1.21765137,-87.61702000,-95.30460000,-66.53673000,-68.70551000
1.21826172,-85.88437000,-88.95596000,-65.34936000,-65.33073000
1.21887207,-77.42227000,-89.66534000,-65.05804000,-66.87428000
1.21948242,-72.50639000,-89.67999000,-66.16166000,-74.01285000
1.22009277,-72.25502000,-91.74469000,-72.37336000,-79.19196000
1.22070313,-75.23789000,-98.72873000,-70.81454000,-74.53645000
1.22131348,-79.23612000,-89.25987000,-68.79541000,-71.16866000
1.22192383,-75.25031000,-97.18074000,-71.08199000,-67.27510000
1.22253418,-73.11073000,-94.69643000,-71.27489000,-66.04886000
1.22314453,-76.96501000,-95.71794000,-68.40158000,-69.69005000
1.22375488,-83.51294000,-89.42470000,-64.32967000,-76.39001000
1.22436523,-87.73210000,-87.42323000,-63.24623000,-77.34668000
1.22497559,-77.48031000,-88.72392000,-66.93366000,-80.47375000
1.22558594,-81.60440000,-88.38078000,-73.27119000,-79.46255000
1.22619629,-91.09448000,-88.15520000,-74.53353000,-78.08199000
1.22680664,-85.86937000,-90.50014000,-78.69467000,-73.69682000
1.22741699,-82.79567000,-93.82466000,-73.57617000,-70.68057000
1.22802734,-81.38206000,-96.31660000,-70.23219000,-69.27468000
1.22863770,-91.01332000,-95.05324000,-69.92372000,-70.42050000
1.22924805,-86.23887000,-84.15981000,-68.21443000,-68.35090000
1.22985840,-82.88108000,-78.83633000,-70.12929000,-68.63443000
1.23046875,-82.01260000,-81.71330000,-79.00732000,-77.04123000
1.23107910,-83.06253000,-89.80935000,-72.18288000,-75.11134000
1.23168945,-85.09085000,-93.86158000,-67.55058000,-73.96954000
1.23229980,-85.95062000,-92.88128000,-65.23592000,-79.05750000
1.23291016,-76.96152000,-97.86384000,-67.47859000,-72.84138000
1.23352051,-78.96741000,-94.37385000,-69.24339000,-68.85037000
1.23413086,-80.90010000,-90.33756000,-65.99618000,-70.50731000
1.23474121,-80.74456000,-90.06517000,-64.69010000,-71.51876000
1.23535156,-92.21782000,-93.10240000,-69.65638000,-72.40794000
1.23596191,-81.83502000,-97.19414000,-76.55614000,-80.85351000
1.23657227,-81.95630000,-96.73034000,-68.89574000,-75.84618000
1.23718262,-82.18315000,-97.79680000,-65.60633000,-70.74176000
1.23779297,-84.00951000,-94.11620000,-65.69209000,-76.24844000
1.23840332,-90.09129000,-88.15647000,-64.51665000,-83.09296000
1.23901367,-84.34543000,-91.26878000,-63.94832000,-85.08897000
1.23962402,-77.50787000,-96.44650000,-68.23117000,-77.91642000
1.24023438,-82.46316000,-92.06171000,-73.83210000,-73.89074000
1.24084473,-86.50389000,-100.41240000,-74.81601000,-78.08630000
1.24145508,-85.01450000,-94.26453000,-72.24080000,-93.91673000
1.24206543,-88.60038000,-90.49879000,-77.83776000,-82.36938000
1.24267578,-83.64796000,-93.04654000,-71.15370000,-88.51862000
1.24328613,-76.32095000,-105.38050000,-69.93976000,-75.58826000
1.24389648,-73.03111000,-96.14867000,-87.50256000,-68.73193000
1.24450684,-74.73609000,-93.62453000,-71.40739000,-71.79239000
1.24511719,-75.39330000,-86.19846000,-75.78088000,-74.13415000
1.24572754,-75.88613000,-87.80579000,-72.08298000,-72.14513000
1.24633789,-80.39621000,-90.45682000,-71.58685000,-72.65405000
1.24694824,-82.95326000,-92.65022000,-77.28370000,-73.13928000
1.24755859,-76.09549000,-93.75988000,-68.31554000,-73.81258000
1.24816895,-80.31319000,-92.52888000,-69.45705000,-77.89741000
1.24877930,-82.88014000,-100.86370000,-76.91792000,-87.64713000
1.24938965,-76.98461000,-90.72639000,-72.41222000,-76.20530000
1.25000000,-70.07667000,-79.85010000,-69.78553000,-68.14748000
1.25061035,-68.50842000,-78.94996000,-68.73853000,-68.11252000
1.25122070,-77.82777000,-87.56684000,-71.76852000,-73.54485000
1.25183105,-87.56975000,-90.67238000,-75.75491000,-75.34474000
1.25244141,-81.06078000,-87.32902000,-66.89044000,-78.18134000
1.25305176,-77.50327000,-91.01717000,-69.01872000,-87.92781000
1.25366211,-82.88746000,-99.64325000,-72.74870000,-77.20563000
1.25427246,-78.09249000,-94.63988000,-74.77554000,-72.28665000
1.25488281,-77.35597000,-90.90178000,-75.93690000,-76.25293000
1.25549316,-80.52589000,-88.52621000,-70.69833000,-78.32475000
1.25610352,-82.03564000,-88.77731000,-67.19007000,-71.49271000
1.25671387,-93.57954000,-93.99858000,-69.70102000,-74.01320000
1.25732422,-82.47137000,-96.09647000,-78.34090000,-74.11787000
1.25793457,-85.91481000,-98.16550000,-80.64580000,-72.90586000
1.25854492,-76.41251000,-102.91650000,-79.11684000,-71.22806000
1.25915527,-79.77009000,-97.25220000,-74.77358000,-72.13719000
1.25976563,-83.57110000,-94.19288000,-73.10090000,-76.91022000
1.26037598,-75.28388000,-97.22747000,-76.61447000,-79.32776000
1.26098633,-76.14424000,-97.99686000,-71.74095000,-76.92226000
1.26159668,-78.68382000,-92.17118000,-74.48148000,-73.03049000
1.26220703,-76.29951000,-96.33552000,-98.52364000,-74.50274000
1.26281738,-75.35255000,-99.71870000,-80.78942000,-73.85725000
1.26342773,-77.38971000,-90.58475000,-70.94343000,-70.65334000
1.26403809,-77.37617000,-92.15749000,-72.78178000,-74.85712000
1.26464844,-79.95827000,-99.07707000,-71.96952000,-90.40793000
1.26525879,-77.58670000,-102.69000000,-71.90144000,-75.20270000
1.26586914,-75.91560000,-97.77148000,-78.25909000,-74.31770000
1.26647949,-76.77092000,-97.03484000,-83.43468000,-80.99372000
1.26708984,-78.69386000,-92.86792000,-83.76764000,-84.40469000
1.26770020,-80.42023000,-88.54354000,-81.96185000,-80.94009000
1.26831055,-83.90964000,-88.82669000,-80.47343000,-77.22474000
1.26892090,-83.66553000,-92.92023000,-74.23264000,-75.24878000
1.26953125,-81.36390000,-100.72040000,-70.49209000,-71.95497000
1.27014160,-85.26711000,-99.97932000,-72.67046000,-68.60802000
1.27075195,-88.12919000,-94.34598000,-70.21497000,-69.65018000
1.27136230,-80.82056000,-94.33572000,-75.76894000,-75.95575000
1.27197266,-81.16856000,-98.03390000,-77.64683000,-81.78123000
1.27258301,-80.78739000,-109.34930000,-70.95069000,-79.03657000
1.27319336,-79.87501000,-94.01552000,-70.86099000,-71.17870000
1.27380371,-87.76987000,-96.93608000,-72.52675000,-71.20650000
1.27441406,-83.03741000,-95.54977000,-76.71433000,-74.40649000
1.27502441,-78.00974000,-95.65092000,-78.33421000,-74.95287000
1.27563477,-79.87806000,-96.38428000,-80.10894000,-75.96276000
1.27624512,-84.70250000,-103.76910000,-81.33623000,-81.64257000
1.27685547,-81.47014000,-96.75641000,-72.08681000,-81.38025000
1.27746582,-88.97165000,-103.08760000,-68.17448000,-75.49388000
1.27807617,-83.51379000,-94.38065000,-67.30012000,-74.14977000
1.27868652,-79.32491000,-94.20081000,-68.72783000,-71.53511000
1.27929688,-78.12662000,-93.05759000,-76.84207000,-73.39839000
1.27990723,-76.52646000,-88.00602000,-77.53013000,-80.65237000
1.28051758,-75.94100000,-91.00547000,-73.18719000,-81.96948000
1.28112793,-76.44110000,-91.08466000,-71.00851000,-78.30846000
1.28173828,-90.09151000,-94.15784000,-75.06448000,-73.02573000
1.28234863,-78.73748000,-103.62700000,-72.87257000,-69.82413000
1.28295898,-82.32382000,-99.79271000,-68.22782000,-71.82163000
1.28356934,-86.43594000,-100.67380000,-69.62739000,-85.57423000
1.28417969,-82.08023000,-98.82722000,-75.88462000,-74.57176000
1.28479004,-80.62102000,-98.58418000,-72.05859000,-74.29197000
1.28540039,-79.02833000,-93.91418000,-68.32545000,-70.80692000
1.28601074,-71.78994000,-87.50296000,-67.87589000,-70.35128000
1.28662109,-69.44687000,-85.39695000,-75.70647000,-75.71708000
1.28723145,-72.57828000,-86.19286000,-78.61819000,-77.29865000
1.28784180,-74.15866000,-89.81555000,-94.43829000,-71.02841000
1.28845215,-73.70473000,-99.44559000,-70.42918000,-69.77100000
1.28906250,-71.14860000,-82.62701000,-66.74989000,-72.31815000
1.28967285,-64.62103000,-72.84279000,-67.56641000,-75.95597000
1.29028320,-65.32370000,-72.96759000,-73.49938000,-71.86275000
1.29089355,-73.54989000,-83.19245000,-66.79569000,-69.28149000
1.29150391,-73.28038000,-102.86900000,-66.01699000,-72.48421000
1.29211426,-69.91691000,-98.12463000,-68.85509000,-89.71421000
1.29272461,-71.55051000,-97.49684000,-76.40646000,-80.55386000
1.29333496,-80.45219000,-93.05466000,-79.84531000,-81.50186000
1.29394531,-76.88415000,-85.53781000,-70.01353000,-75.08896000
1.29455566,-75.88232000,-88.72253000,-70.82030000,-70.16687000
1.29516602,-75.00304000,-93.14698000,-73.07306000,-69.10820000
1.29577637,-77.12077000,-88.80802000,-71.69908000,-76.45161000
1.29638672,-78.14403000,-88.54674000,-69.41160000,-87.16653000
1.29699707,-81.23763000,-90.09473000,-69.86189000,-82.47102000
1.29760742,-88.01089000,-109.86760000,-72.57282000,-72.38740000
1.29821777,-80.50670000,-93.53172000,-74.96119000,-72.98137000
1.29882813,-85.52718000,-92.70911000,-76.53743000,-79.61536000
1.29943848,-79.43234000,-94.27785000,-82.55227000,-72.49664000
1.30004883,-76.26802000,-93.36343000,-72.28168000,-69.86120000
1.30065918,-80.95089000,-91.92435000,-75.81142000,-71.15382000
1.30126953,-80.65665000,-93.29047000,-83.27674000,-73.89430000
1.30187988,-73.46230000,-86.07609000,-75.66589000,-84.07009000
1.30249023,-73.42498000,-86.27129000,-74.17860000,-75.08965000
1.30310059,-87.64320000,-92.90984000,-71.57594000,-72.96114000
1.30371094,-82.23480000,-95.23179000,-72.15516000,-72.33527000
1.30432129,-80.56784000,-98.35847000,-73.55143000,-73.30125000
1.30493164,-82.80006000,-104.21030000,-74.57454000,-75.37672000
1.30554199,-99.21902000,-99.36950000,-78.81599000,-78.79534000
1.30615234,-85.18753000,-95.23025000,-69.40878000,-71.82807000
1.30676270,-82.75485000,-96.02203000,-67.85589000,-67.80036000
1.30737305,-94.63769000,-96.30487000,-70.56381000,-69.16238000
1.30798340,-81.07716000,-92.25424000,-68.30286000,-75.73290000
1.30859375,-74.83115000,-91.66902000,-71.45219000,-76.24160000
1.30920410,-76.19209000,-98.11438000,-76.47467000,-73.03123000
1.30981445,-90.70715000,-105.54410000,-69.79069000,-79.42596000
1.31042480,-71.56944000,-97.01535000,-71.22099000,-78.82430000
1.31103516,-70.27995000,-96.91868000,-71.64381000,-73.47047000
1.31164551,-73.05968000,-96.92280000,-70.38081000,-74.55865000
1.31225586,-66.05996000,-96.79646000,-67.67738000,-76.18788000
1.31286621,-64.50218000,-91.53431000,-70.07544000,-78.40656000
1.31347656,-72.41827000,-100.96150000,-77.22504000,-82.54626000
1.31408691,-71.59159000,-87.82848000,-75.37016000,-78.79874000
1.31469727,-71.95233000,-88.57250000,-73.11595000,-73.90170000
1.31530762,-72.81899000,-94.85236000,-78.55460000,-83.45628000
1.31591797,-68.52342000,-95.41682000,-87.64248000,-73.51343000
1.31652832,-71.12912000,-95.70648000,-76.57058000,-69.62863000
1.31713867,-76.35785000,-96.36060000,-71.65305000,-71.34956000
1.31774902,-75.95425000,-109.00740000,-69.51577000,-85.30293000
1.31835938,-74.36858000,-97.15445000,-66.67400000,-72.94228000
1.31896973,-74.88643000,-109.51510000,-68.74262000,-67.33537000
1.31958008,-82.81891000,-93.67934000,-74.04232000,-67.32275000
1.32019043,-83.23807000,-92.10610000,-80.19701000,-67.56123000
1.32080078,-81.81625000,-93.34779000,-78.91980000,-69.04134000
1.32141113,-90.40435000,-95.18014000,-74.83846000,-71.04613000
1.32202148,-96.63881000,-99.50866000,-69.68653000,-72.83286000
1.32263184,-79.79522000,-94.71032000,-68.91341000,-73.43074000
1.32324219,-77.16237000,-91.38443000,-68.40394000,-74.53976000
1.32385254,-80.09612000,-91.88307000,-66.06479000,-76.65112000
1.32446289,-77.93001000,-92.73327000,-67.60612000,-81.57617000
1.32507324,-82.83031000,-121.45240000,-70.92322000,-79.00786000
1.32568359,-80.17624000,-93.10648000,-68.49080000,-76.67507000
1.32629395,-77.68302000,-90.64590000,-67.19644000,-79.81332000
1.32690430,-78.29938000,-88.85587000,-67.32912000,-76.57013000
1.32751465,-89.62590000,-90.46771000,-65.87352000,-71.04372000
1.32812500,-82.05534000,-94.95177000,-66.18926000,-67.05530000
1.32873535,-85.90450000,-93.56828000,-68.79033000,-68.91187000
1.32934570,-73.86461000,-92.72157000,-72.59839000,-79.93592000
1.32995605,-72.20626000,-94.30672000,-73.51917000,-83.23790000
1.33056641,-72.12030000,-96.85532000,-68.89930000,-74.83516000
1.33117676,-74.13382000,-98.16402000,-67.70720000,-73.44850000
1.33178711,-83.45773000,-91.73412000,-68.62470000,-73.95390000
1.33239746,-85.29339000,-96.41853000,-72.97466000,-79.84275000
1.33300781,-81.52352000,-93.42181000,-89.27765000,-79.55735000
1.33361816,-76.46034000,-93.44730000,-71.56236000,-74.25912000
1.33422852,-73.75388000,-101.31070000,-74.73154000,-73.18163000
1.33483887,-73.44438000,-90.28984000,-71.78361000,-77.81610000
1.33544922,-75.30046000,-88.73414000,-69.57384000,-77.23438000
1.33605957,-87.97406000,-92.90092000,-71.76525000,-70.68752000
1.33666992,-75.96876000,-95.51123000,-84.89777000,-72.64547000
1.33728027,-71.60178000,-91.61391000,-78.48725000,-75.39208000
1.33789063,-73.15659000,-96.83458000,-67.56059000,-77.00078000
1.33850098,-75.17757000,-94.22887000,-65.87920000,-80.32860000
1.33911133,-76.26369000,-93.80150000,-70.00081000,-81.83208000
1.33972168,-70.46317000,-96.12312000,-75.05428000,-77.48901000
1.34033203,-70.76054000,-98.14350000,-72.22531000,-79.27040000
1.34094238,-76.61117000,-91.77846000,-69.74531000,-79.18212000
1.34155273,-84.09224000,-93.50761000,-74.82724000,-73.38534000
1.34216309,-84.71264000,-96.11760000,-86.03314000,-76.00139000
1.34277344,-85.45849000,-96.71230000,-92.58042000,-83.55569000
1.34338379,-77.76813000,-103.50920000,-71.37704000,-86.60910000
1.34399414,-79.05090000,-97.67665000,-66.53589000,-77.21443000
1.34460449,-75.85843000,-92.29987000,-68.70837000,-70.31070000
1.34521484,-78.29217000,-89.86864000,-71.47802000,-70.96638000
1.34582520,-79.40236000,-89.62185000,-79.80914000,-74.15580000
1.34643555,-75.66360000,-95.42518000,-88.99045000,-77.68508000
1.34704590,-75.25013000,-100.27480000,-74.10694000,-71.10626000
1.34765625,-77.10449000,-103.62600000,-73.25772000,-70.37466000
1.34826660,-77.81190000,-91.99150000,-72.49052000,-73.42844000
1.34887695,-75.86644000,-87.64568000,-72.34818000,-80.50809000
1.34948730,-76.48105000,-81.95473000,-72.65334000,-80.22293000
1.35009766,-81.66455000,-79.77721000,-65.25488000,-76.69039000
1.35070801,-81.65737000,-85.50980000,-64.71410000,-82.88445000
1.35131836,-76.91261000,-91.10152000,-66.60027000,-77.77507000
1.35192871,-72.02924000,-89.50085000,-67.15484000,-76.40000000
1.35253906,-75.97805000,-89.14265000,-65.59203000,-75.37078000
1.35314941,-73.94202000,-94.66570000,-66.80003000,-81.07330000
1.35375977,-74.12480000,-97.24559000,-76.72627000,-76.83260000
1.35437012,-77.70039000,-93.28470000,-70.94983000,-75.22454000
1.35498047,-81.59987000,-91.89163000,-67.80608000,-80.17874000
1.35559082,-73.88615000,-89.43894000,-68.49466000,-76.34261000
1.35620117,-75.61978000,-89.67919000,-75.01804000,-69.83789000
1.35681152,-80.64597000,-92.22385000,-86.04362000,-69.44482000
1.35742188,-82.65176000,-95.75624000,-79.84178000,-75.29132000
1.35803223,-82.94882000,-98.06569000,-76.96944000,-80.18741000
1.35864258,-81.89241000,-90.27216000,-69.56115000,-72.52377000
1.35925293,-77.79395000,-89.58489000,-74.67782000,-69.79455000
1.35986328,-75.10131000,-91.62460000,-76.09849000,-71.03635000
1.36047363,-76.73814000,-90.79972000,-71.25343000,-76.15640000
1.36108398,-77.92304000,-86.95633000,-69.86399000,-83.06657000
1.36169434,-78.77486000,-86.45857000,-68.39131000,-78.76897000
1.36230469,-86.34604000,-91.30103000,-82.80289000,-72.20961000
1.36291504,-90.77637000,-94.91843000,-69.61948000,-74.28336000
1.36352539,-79.63017000,-93.74904000,-71.29781000,-72.98977000
1.36413574,-75.11872000,-100.99860000,-74.67898000,-67.43264000
1.36474609,-73.73429000,-94.23798000,-73.33985000,-69.69141000
1.36535645,-74.29147000,-90.32431000,-80.80407000,-73.86173000
1.36596680,-75.41597000,-93.82506000,-87.72742000,-75.48504000
1.36657715,-79.23040000,-99.98651000,-85.46321000,-78.00464000
1.36718750,-79.89030000,-99.36151000,-78.60648000,-81.44504000
1.36779785,-72.78603000,-94.32954000,-74.66297000,-72.45965000
1.36840820,-72.55804000,-88.53164000,-75.58745000,-67.35363000
1.36901855,-75.19283000,-89.78705000,-81.55319000,-68.99174000
1.36962891,-75.26099000,-93.20361000,-75.21619000,-77.40264000
1.37023926,-74.81299000,-89.84925000,-81.32410000,-73.20543000
1.37084961,-75.04965000,-86.76044000,-80.53633000,-73.65758000
1.37145996,-76.01180000,-89.22188000,-74.71961000,-74.21464000
1.37207031,-74.77578000,-99.37650000,-69.14097000,-75.48089000
1.37268066,-75.92427000,-105.88540000,-65.15345000,-88.93228000
1.37329102,-82.10426000,-109.32630000,-66.41371000,-87.81142000
1.37390137,-79.63628000,-114.09380000,-72.41552000,-82.14812000
1.37451172,-79.90770000,-97.23834000,-69.90488000,-81.01816000
1.37512207,-82.79800000,-96.73249000,-68.71520000,-71.75353000
1.37573242,-81.82474000,-93.40477000,-67.29447000,-68.30932000
1.37634277,-79.92982000,-89.57459000,-66.08647000,-72.04226000
1.37695313,-77.70270000,-88.68550000,-73.50858000,-77.64536000
1.37756348,-83.21439000,-89.89056000,-82.53549000,-81.97189000
1.37817383,-79.87468000,-89.06631000,-74.92476000,-93.75153000
1.37878418,-79.50871000,-91.16965000,-71.83788000,-90.38117000
1.37939453,-85.25932000,-93.07754000,-73.32789000,-83.84331000
1.38000488,-78.59115000,-89.06993000,-76.91840000,-76.14394000
1.38061523,-73.49273000,-87.90617000,-72.14051000,-73.67583000
1.38122559,-74.89701000,-91.14812000,-75.91447000,-77.23343000
1.38183594,-75.31833000,-97.93182000,-83.14488000,-75.86938000
1.38244629,-74.52928000,-107.91300000,-79.96222000,-82.95279000
1.38305664,-73.71924000,-97.40503000,-81.50574000,-73.60095000
1.38366699,-73.59651000,-94.43795000,-73.67410000,-72.92348000
1.38427734,-74.58430000,-96.47202000,-68.28974000,-73.42331000
1.38488770,-76.81375000,-95.12437000,-67.91036000,-69.04544000
1.38549805,-82.52659000,-92.32230000,-71.02917000,-68.94547000
1.38610840,-81.10294000,-99.11977000,-69.21621000,-71.50249000
1.38671875,-79.61780000,-100.70470000,-67.98742000,-77.94218000
1.38732910,-77.19312000,-97.01255000,-68.43981000,-80.16018000
1.38793945,-73.86907000,-91.27739000,-70.83595000,-74.37392000
1.38854980,-73.66270000,-90.31173000,-73.36787000,-72.91937000
1.38916016,-75.82558000,-92.67731000,-75.15379000,-74.00182000
1.38977051,-75.39847000,-90.73883000,-79.37038000,-76.55609000
1.39038086,-78.69157000,-89.33555000,-77.43575000,-74.18369000
1.39099121,-92.36848000,-96.59206000,-74.42723000,-70.93829000
1.39160156,-82.04060000,-95.26367000,-70.15163000,-75.95302000
1.39221191,-83.56447000,-101.63510000,-67.54557000,-74.97818000
1.39282227,-86.88530000,-100.96040000,-69.47219000,-74.68978000
1.39343262,-74.01445000,-91.78387000,-73.96320000,-71.92456000
1.39404297,-70.61383000,-83.91394000,-79.77615000,-70.93953000
1.39465332,-79.06853000,-86.83999000,-69.39294000,-72.80569000
1.39526367,-77.74646000,-104.60010000,-65.43282000,-72.08678000
1.39587402,-79.97412000,-101.12000000,-64.80942000,-70.60136000
1.39648438,-87.22049000,-95.63414000,-67.53149000,-74.58411000
1.39709473,-81.98680000,-89.16287000,-79.12668000,-85.17931000
1.39770508,-77.71201000,-98.69556000,-76.89580000,-89.15782000
1.39831543,-79.04328000,-87.93701000,-75.88170000,-86.86855000
1.39892578,-86.40481000,-94.00268000,-83.19917000,-77.96180000
1.39953613,-84.76086000,-92.44018000,-69.59764000,-75.20410000
1.40014648,-80.16991000,-91.16539000,-64.39922000,-75.44571000
1.40075684,-82.15790000,-97.13001000,-65.38899000,-86.62640000
1.40136719,-79.30526000,-92.97626000,-71.27398000,-84.13046000
1.40197754,-74.51897000,-88.97769000,-74.96725000,-84.32344000
1.40258789,-71.95132000,-87.83549000,-67.98694000,-78.27103000
1.40319824,-73.35760000,-86.84592000,-68.26639000,-76.98443000
1.40380859,-75.34988000,-85.72766000,-66.98571000,-78.65135000
1.40441895,-77.03174000,-84.37221000,-67.35648000,-80.87983000
1.40502930,-77.53770000,-87.93198000,-67.44794000,-77.36678000
1.40563965,-77.30464000,-96.37178000,-68.56720000,-74.58197000
1.40625000,-78.81852000,-89.43508000,-77.43571000,-77.64884000
1.40686035,-87.77206000,-92.59256000,-69.68192000,-87.18466000
1.40747070,-85.46768000,-100.33460000,-67.82574000,-89.59068000
1.40808105,-74.87453000,-108.26390000,-74.81223000,-80.47946000
1.40869141,-74.57784000,-93.40813000,-73.36472000,-73.19609000
1.40930176,-85.56258000,-86.71010000,-71.88164000,-73.08887000
1.40991211,-99.14056000,-84.64075000,-68.89548000,-79.19531000
1.41052246,-93.20625000,-92.09000000,-77.43916000,-82.09301000
1.41113281,-80.18517000,-93.23370000,-68.39977000,-75.06442000
1.41174316,-76.90645000,-93.09732000,-67.87726000,-72.32602000
1.41235352,-82.37083000,-95.39551000,-76.24798000,-77.32178000
1.41296387,-80.36243000,-89.96407000,-71.70824000,-81.75270000
1.41357422,-79.62376000,-88.38370000,-71.72177000,-72.04878000
1.41418457,-81.27553000,-91.96587000,-74.97580000,-69.38609000
1.41479492,-83.23943000,-102.53680000,-75.66331000,-73.20177000
1.41540527,-84.66916000,-96.64455000,-81.01646000,-80.37708000
1.41601563,-89.61230000,-95.81735000,-78.55045000,-83.21545000
1.41662598,-81.52066000,-92.89600000,-75.58125000,-78.82130000
1.41723633,-75.37393000,-88.89029000,-71.35005000,-79.59209000
1.41784668,-78.91565000,-87.50790000,-69.54545000,-78.09656000
1.41845703,-73.13071000,-91.38304000,-80.82410000,-80.99724000
1.41906738,-71.41161000,-90.56062000,-70.02197000,-88.33191000
1.41967773,-70.64111000,-88.13926000,-66.10452000,-78.27504000
1.42028809,-70.15759000,-92.42863000,-69.79488000,-74.37772000
1.42089844,-81.12687000,-97.83662000,-85.57751000,-75.05400000
1.42150879,-77.49775000,-99.68025000,-85.96463000,-85.11971000
1.42211914,-72.97065000,-93.45753000,-76.94572000,-84.96307000
1.42272949,-71.49291000,-97.44098000,-80.92340000,-76.45459000
1.42333984,-68.73061000,-93.91189000,-84.60394000,-68.75935000
1.42395020,-69.36482000,-102.13330000,-81.02428000,-69.43330000
1.42456055,-71.36149000,-94.26599000,-79.12835000,-72.87085000
1.42517090,-65.59137000,-95.53773000,-66.63257000,-76.01473000
1.42578125,-64.75215000,-96.96490000,-61.54436000,-77.51450000
1.42639160,-71.02557000,-92.72862000,-62.67547000,-79.07825000
1.42700195,-82.60738000,-100.41370000,-65.92188000,-78.21780000
1.42761230,-86.58260000,-104.86770000,-64.30030000,-74.40471000
1.42822266,-85.09713000,-107.27810000,-64.97028000,-73.40184000
1.42883301,-76.30576000,-102.63310000,-70.73823000,-77.81989000
1.42944336,-74.39922000,-97.92160000,-80.87965000,-77.69048000
1.43005371,-79.70598000,-97.31835000,-78.59326000,-73.87490000
1.43066406,-78.43981000,-92.56866000,-73.65781000,-69.38750000
1.43127441,-73.86777000,-86.98078000,-71.68148000,-69.50764000
1.43188477,-74.09097000,-85.40648000,-73.22958000,-79.22797000
1.43249512,-76.71019000,-88.07519000,-75.70932000,-79.57166000
1.43310547,-74.49973000,-94.03245000,-75.95796000,-80.29362000
1.43371582,-72.26112000,-103.98170000,-84.98032000,-78.17952000
1.43432617,-76.74335000,-103.73830000,-76.85529000,-71.65122000
1.43493652,-79.59131000,-96.06259000,-70.68248000,-71.68095000
1.43554688,-78.57184000,-98.31419000,-67.09653000,-71.78190000
1.43615723,-82.39631000,-100.51790000,-68.36671000,-73.70571000
1.43676758,-83.98886000,-97.72518000,-70.50134000,-73.11162000
1.43737793,-83.59818000,-97.46967000,-66.12862000,-70.53493000
1.43798828,-76.96716000,-98.77280000,-67.27095000,-71.43262000
1.43859863,-74.21035000,-95.59750000,-69.76070000,-73.95074000
1.43920898,-78.06741000,-89.23013000,-71.28218000,-77.56731000
1.43981934,-89.79633000,-84.95223000,-75.74570000,-72.35247000
1.44042969,-79.64977000,-86.50758000,-81.02264000,-73.16161000
1.44104004,-81.75568000,-95.17846000,-73.05640000,-78.20300000
1.44165039,-87.83944000,-96.77551000,-70.61073000,-84.09927000
1.44226074,-83.65403000,-97.26469000,-87.45811000,-74.40862000
1.44287109,-79.79050000,-100.59810000,-70.36572000,-73.78593000
1.44348145,-81.26791000,-95.80280000,-71.38050000,-77.20261000
1.44409180,-87.73531000,-92.65122000,-84.06852000,-77.97525000
1.44470215,-80.48584000,-90.30766000,-85.80383000,-74.66235000
1.44531250,-73.76506000,-97.00027000,-77.32234000,-72.13232000
1.44592285,-73.46249000,-92.92377000,-76.26552000,-74.06366000
1.44653320,-76.45354000,-90.89656000,-69.75526000,-71.25411000
1.44714355,-79.00954000,-96.69733000,-69.64428000,-68.53116000
1.44775391,-81.92238000,-96.87503000,-72.74347000,-71.91386000
1.44836426,-80.04966000,-96.22163000,-74.24213000,-82.90112000
1.44897461,-76.65471000,-92.64274000,-88.99079000,-73.96507000
1.44958496,-73.44371000,-85.72893000,-90.64571000,-72.60894000
1.45019531,-70.39199000,-81.44974000,-80.45701000,-73.71642000
1.45080566,-72.51944000,-84.10519000,-69.78893000,-78.70569000
1.45141602,-81.79775000,-94.73023000,-66.92338000,-69.27171000
1.45202637,-85.33762000,-94.22418000,-72.40847000,-69.40994000
1.45263672,-78.79771000,-92.14089000,-85.02783000,-82.93008000
1.45324707,-86.35365000,-92.91536000,-75.31496000,-77.14589000
1.45385742,-83.15162000,-100.26840000,-71.95204000,-77.43041000
1.45446777,-84.22893000,-90.70691000,-71.97631000,-70.86913000
1.45507813,-101.05620000,-88.83415000,-74.16801000,-71.57167000
1.45568848,-85.97638000,-91.23305000,-70.50893000,-75.24415000
1.45629883,-82.79050000,-92.21179000,-72.37743000,-75.20647000
1.45690918,-81.91792000,-92.45158000,-74.26823000,-73.16180000
1.45751953,-72.42812000,-93.71927000,-77.23479000,-83.14134000
1.45812988,-69.17119000,-109.32520000,-84.39250000,-73.74757000
1.45874023,-72.23431000,-96.50586000,-69.78014000,-70.93881000
1.45935059,-77.27156000,-99.85640000,-65.40930000,-74.28743000
1.45996094,-85.91919000,-94.76503000,-64.51827000,-77.48900000
1.46057129,-93.14273000,-88.89481000,-67.00247000,-77.90504000
1.46118164,-78.92692000,-87.47585000,-71.88113000,-76.35209000
1.46179199,-75.71809000,-91.18111000,-78.79494000,-77.82663000
1.46240234,-75.75038000,-94.51199000,-67.14547000,-82.62961000
1.46301270,-78.72191000,-87.16151000,-66.86234000,-89.15434000
1.46362305,-78.49351000,-89.15908000,-73.58687000,-78.74753000
1.46423340,-76.03345000,-87.55489000,-69.01701000,-68.33247000
1.46484375,-78.83065000,-83.31201000,-72.97753000,-66.27319000
1.46545410,-79.78350000,-85.84530000,-74.30295000,-70.00724000
1.46606445,-76.41428000,-91.42209000,-74.72839000,-71.96841000
1.46667480,-75.00764000,-101.04340000,-78.93277000,-71.53538000
1.46728516,-74.54332000,-101.99710000,-67.30775000,-73.60675000
1.46789551,-77.47811000,-98.86119000,-66.49023000,-76.12379000
1.46850586,-86.33973000,-102.69670000,-70.75358000,-75.85441000
1.46911621,-79.22121000,-95.47495000,-83.01685000,-75.14039000
1.46972656,-74.28326000,-86.43057000,-80.04156000,-72.50674000
1.47033691,-75.42876000,-87.43855000,-75.05312000,-72.02241000
1.47094727,-79.05398000,-93.40465000,-72.82772000,-89.78082000
1.47155762,-82.53486000,-93.83991000,-82.69339000,-74.02997000
1.47216797,-80.88123000,-99.74751000,-75.28711000,-74.06718000
1.47277832,-88.70254000,-97.52412000,-69.99615000,-73.34718000
1.47338867,-81.79857000,-99.14226000,-69.26204000,-74.96304000
1.47399902,-78.37108000,-92.25180000,-67.88405000,-84.48601000
1.47460938,-77.35181000,-88.47683000,-65.85631000,-81.06329000
1.47521973,-77.27335000,-91.05305000,-70.03916000,-83.59715000
1.47583008,-78.51101000,-90.12409000,-83.11029000,-77.18119000
1.47644043,-82.56843000,-90.26526000,-79.61686000,-83.43826000
1.47705078,-102.86820000,-91.48037000,-72.47492000,-71.31123000
1.47766113,-79.03706000,-96.05145000,-68.90829000,-66.25266000
1.47827148,-75.44258000,-102.51330000,-69.19742000,-66.45107000
1.47888184,-75.85200000,-97.86926000,-69.28312000,-70.55200000
1.47949219,-78.37376000,-97.91243000,-68.46120000,-77.14535000
1.48010254,-87.15379000,-92.79498000,-70.56657000,-75.00832000
1.48071289,-86.29402000,-91.55780000,-70.31876000,-69.70298000
1.48132324,-79.60362000,-94.22840000,-65.04790000,-71.84621000
1.48193359,-76.04335000,-90.37406000,-65.95454000,-88.81181000
1.48254395,-115.53300000,-89.08408000,-70.55676000,-82.38664000
1.48315430,-76.72244000,-88.33923000,-70.36356000,-84.39847000
1.48376465,-76.77508000,-89.37929000,-69.90121000,-81.46933000
1.48437500,-84.28801000,-88.65282000,-76.33244000,-79.81290000
1.48498535,-84.63963000,-90.71960000,-79.41507000,-82.44485000
1.48559570,-83.65015000,-96.50356000,-76.00969000,-78.69394000
1.48620605,-82.93851000,-97.69904000,-70.18731000,-75.81668000
1.48681641,-88.51796000,-93.71415000,-65.17322000,-73.81629000
1.48742676,-81.96262000,-90.19420000,-68.58302000,-74.51985000
1.48803711,-77.97780000,-88.49358000,-70.63175000,-73.40967000
1.48864746,-78.51016000,-89.94101000,-68.49004000,-76.51877000
1.48925781,-78.06654000,-95.34290000,-74.84952000,-78.54018000
1.48986816,-83.11874000,-106.49110000,-83.04848000,-75.39413000
1.49047852,-92.87922000,-99.50242000,-79.19598000,-73.03334000
1.49108887,-81.76843000,-96.40767000,-75.87556000,-72.62534000
1.49169922,-76.98158000,-96.25076000,-74.85841000,-73.07839000
1.49230957,-77.41978000,-96.33650000,-72.62485000,-76.10647000
1.49291992,-79.37262000,-99.88214000,-70.66372000,-75.13909000
1.49353027,-82.04721000,-95.66548000,-67.60638000,-75.22403000
1.49414063,-80.61889000,-95.42770000,-67.11804000,-71.56000000
1.49475098,-75.92822000,-93.36716000,-71.84961000,-70.44072000
1.49536133,-82.40576000,-90.15151000,-74.23743000,-76.23077000
1.49597168,-93.58295000,-88.92758000,-71.94317000,-89.57070000
1.49658203,-87.46043000,-95.91636000,-81.43526000,-85.13805000
1.49719238,-79.62810000,-92.71767000,-74.51038000,-77.49450000
1.49780273,-71.04943000,-87.67456000,-68.71724000,-83.38608000
1.49841309,-71.25183000,-94.85449000,-66.98885000,-72.23167000
1.49902344,-83.57225000,-90.51234000,-69.68561000,-70.38432000
1.49963379,-84.84562000,-87.13894000,-73.16611000,-71.88462000
1.50024414,-88.84876000,-88.49609000,-78.57812000,-71.32271000
1.50085449,-86.85780000,-89.76585000,-73.84818000,-71.24809000
1.50146484,-82.58907000,-94.93682000,-67.67422000,-71.77438000
1.50207520,-77.47914000,-90.41424000,-70.90390000,-71.65129000
1.50268555,-72.41565000,-87.11165000,-87.69105000,-69.45814000
1.50329590,-74.09841000,-88.29355000,-70.95683000,-71.38799000
1.50390625,-82.79044000,-86.51277000,-70.10017000,-71.86159000
1.50451660,-76.94210000,-84.88850000,-77.78963000,-71.35062000
1.50512695,-77.24580000,-90.81486000,-72.42113000,-74.73871000
1.50573730,-77.10763000,-95.99399000,-75.79004000,-71.08178000
1.50634766,-79.75066000,-89.59721000,-73.53792000,-70.97057000
1.50695801,-84.94392000,-87.83611000,-76.88487000,-75.46666000
1.50756836,-82.65179000,-91.22787000,-71.21410000,-83.10434000
1.50817871,-84.31633000,-97.14137000,-70.14832000,-74.75294000
1.50878906,-78.23289000,-88.90878000,-68.35334000,-71.22424000
1.50939941,-74.85774000,-85.72849000,-71.31636000,-79.03879000
1.51000977,-74.57327000,-85.62476000,-90.21756000,-75.89362000
1.51062012,-77.23833000,-91.15457000,-68.58762000,-73.47206000
1.51123047,-83.47542000,-105.98240000,-65.95757000,-75.54775000
1.51184082,-78.57032000,-100.11740000,-70.05942000,-74.09517000
1.51245117,-78.81455000,-91.30024000,-72.38519000,-72.56518000
1.51306152,-78.75932000,-91.90975000,-77.14824000,-75.27772000
1.51367188,-79.17789000,-90.88953000,-81.72405000,-78.97463000
1.51428223,-78.00740000,-92.68137000,-70.60030000,-79.37292000
1.51489258,-78.06976000,-95.97309000,-67.16855000,-81.36262000
1.51550293,-83.67717000,-96.32449000,-68.15955000,-76.52008000
1.51611328,-82.66857000,-96.53209000,-68.29935000,-74.86396000
1.51672363,-81.52065000,-89.59315000,-72.09090000,-72.64512000
1.51733398,-81.19189000,-91.85786000,-76.06329000,-72.62828000
1.51794434,-80.92854000,-91.86742000,-69.41397000,-80.69472000
1.51855469,-80.29536000,-85.12988000,-69.18355000,-75.15012000
1.51916504,-78.45298000,-88.89146000,-71.29617000,-71.29156000
1.51977539,-77.47826000,-97.38957000,-74.87589000,-71.97966000
1.52038574,-75.48806000,-90.89057000,-75.90957000,-78.84380000
1.52099609,-74.70691000,-88.23402000,-74.62868000,-78.84640000
1.52160645,-78.87518000,-88.82025000,-69.58987000,-78.03437000
1.52221680,-83.15042000,-93.59715000,-73.44662000,-76.05354000
1.52282715,-86.66833000,-101.31870000,-75.69781000,-74.01834000
1.52343750,-87.05936000,-93.97018000,-73.41801000,-77.47028000
1.52404785,-77.80947000,-95.46433000,-68.88648000,-79.65398000
1.52465820,-71.68117000,-92.84335000,-68.08158000,-76.03063000
1.52526855,-70.81816000,-91.26817000,-74.93165000,-80.71426000
1.52587891,-74.00642000,-90.33774000,-71.80183000,-73.97795000
1.52648926,-84.60568000,-88.27144000,-75.13329000,-83.25634000
1.52709961,-77.07221000,-91.45796000,-74.35441000,-74.26380000
1.52770996,-74.01353000,-99.06984000,-67.64421000,-69.73592000
1.52832031,-74.83899000,-93.36530000,-64.29290000,-70.09465000
1.52893066,-79.45496000,-96.44086000,-70.59415000,-77.51220000
1.52954102,-83.64892000,-87.06969000,-70.35330000,-83.90678000
1.53015137,-81.39944000,-82.59881000,-65.99352000,-88.12550000
1.53076172,-82.43394000,-87.12120000,-68.45091000,-78.02547000
1.53137207,-88.37605000,-93.81392000,-74.24655000,-74.44212000
1.53198242,-77.91442000,-92.75941000,-77.52450000,-76.43442000
1.53259277,-74.40894000,-90.67382000,-73.11597000,-80.60174000
1.53320313,-72.48758000,-88.52547000,-76.98198000,-79.09761000
1.53381348,-71.40511000,-88.26633000,-76.28681000,-92.88226000
1.53442383,-74.83501000,-90.56367000,-70.39027000,-78.25841000
1.53503418,-80.81414000,-92.67979000,-70.82582000,-74.44942000
1.53564453,-87.79198000,-97.71840000,-80.40298000,-70.61329000
1.53625488,-94.11763000,-92.03917000,-69.45361000,-71.36798000
1.53686523,-88.46275000,-89.80035000,-68.22984000,-67.80309000
1.53747559,-85.13485000,-94.37590000,-69.76311000,-68.48545000
1.53808594,-74.38939000,-93.81941000,-64.42636000,-69.84612000
1.53869629,-72.29044000,-92.34264000,-62.18961000,-72.09040000
1.53930664,-74.82757000,-97.81185000,-65.87894000,-77.54325000
1.53991699,-76.68695000,-100.41580000,-72.40491000,-74.64434000
1.54052734,-74.50514000,-89.85100000,-66.84609000,-69.10067000
1.54113770,-78.03573000,-93.10791000,-69.31708000,-70.52985000
1.54174805,-82.28217000,-91.77766000,-73.94840000,-74.30724000
1.54235840,-73.84441000,-90.51295000,-70.77918000,-69.92412000
1.54296875,-73.69818000,-91.00359000,-67.14164000,-71.75803000
1.54357910,-81.11050000,-88.45893000,-69.50095000,-85.35081000
1.54418945,-78.96743000,-87.89476000,-69.82468000,-73.22877000
1.54479980,-81.11719000,-88.56204000,-68.99604000,-72.13670000
1.54541016,-81.01951000,-94.66293000,-75.30859000,-71.15393000
1.54602051,-73.77580000,-91.66980000,-74.51126000,-71.03449000
1.54663086,-73.67340000,-88.54213000,-74.01421000,-70.61578000
1.54724121,-79.54951000,-91.53966000,-80.77078000,-69.62416000
1.54785156,-81.76321000,-102.73160000,-76.65421000,-71.19129000
1.54846191,-74.08358000,-92.53059000,-74.55617000,-73.13058000
1.54907227,-76.65872000,-89.74092000,-73.22231000,-91.00959000
1.54968262,-90.32780000,-90.25359000,-73.81955000,-79.38089000
1.55029297,-81.10329000,-86.98418000,-69.67042000,-78.64454000
1.55090332,-77.93884000,-87.50915000,-91.78954000,-79.42336000
1.55151367,-74.52549000,-92.67349000,-73.54781000,-75.41228000
1.55212402,-75.95447000,-97.41510000,-78.05708000,-71.11169000
1.55273438,-81.55450000,-94.17035000,-73.33956000,-74.41673000
1.55334473,-82.42339000,-90.92899000,-65.40205000,-76.89713000
1.55395508,-80.58076000,-89.57997000,-64.53225000,-85.57029000
1.55456543,-87.84064000,-92.77961000,-68.51678000,-80.05698000
1.55517578,-83.27172000,-91.67699000,-67.79531000,-72.56665000
1.55578613,-76.43970000,-93.33191000,-65.49433000,-72.65193000
1.55639648,-76.99030000,-123.92570000,-66.37994000,-82.38113000
1.55700684,-84.48228000,-98.05785000,-71.93874000,-83.36701000
1.55761719,-82.37624000,-98.61522000,-77.41536000,-86.75278000
1.55822754,-84.78093000,-95.83829000,-83.04055000,-80.42830000
1.55883789,-78.55332000,-90.16891000,-75.90012000,-77.21091000
1.55944824,-78.18053000,-89.52966000,-74.71606000,-82.80840000
1.56005859,-85.92691000,-95.33135000,-83.68919000,-78.58942000
1.56066895,-77.14616000,-100.12890000,-71.11874000,-78.77688000
1.56127930,-76.49843000,-99.33204000,-68.87532000,-70.45080000
1.56188965,-76.59221000,-107.69780000,-70.38436000,-73.22174000
1.56250000,-72.18806000,-101.36820000,-71.69846000,-73.52556000
1.56311035,-71.15321000,-98.40900000,-74.88465000,-78.79533000
1.56372070,-75.46488000,-100.46620000,-90.53496000,-78.16367000
1.56433105,-92.21713000,-101.09090000,-75.54630000,-78.10650000
1.56494141,-90.27012000,-93.29086000,-83.21107000,-76.11551000
1.56555176,-87.49619000,-99.67927000,-69.51821000,-74.53488000
1.56616211,-82.55772000,-92.56570000,-69.75040000,-75.76437000
1.56677246,-82.54799000,-88.27434000,-73.27740000,-76.59205000
1.56738281,-79.39908000,-92.89972000,-72.77835000,-76.33076000
1.56799316,-83.86222000,-92.87202000,-68.98956000,-88.54736000
1.56860352,-81.13494000,-89.77498000,-67.09957000,-74.69338000
1.56921387,-82.22778000,-87.77515000,-74.38905000,-73.63094000
1.56982422,-89.93901000,-90.87979000,-89.49373000,-76.30542000
1.57043457,-78.12837000,-97.15804000,-79.83270000,-97.57948000
1.57104492,-76.22668000,-94.58668000,-75.70102000,-73.14169000
1.57165527,-83.95607000,-89.14124000,-77.99744000,-68.57040000
1.57226563,-73.91807000,-89.78509000,-68.15641000,-69.14893000
1.57287598,-70.69913000,-98.92411000,-68.64654000,-76.19492000
1.57348633,-72.45485000,-92.44559000,-89.34285000,-74.67666000
1.57409668,-78.94518000,-96.88256000,-75.49641000,-71.05820000
1.57470703,-81.50397000,-103.06200000,-78.56776000,-78.27986000
1.57531738,-75.31514000,-94.09811000,-74.54008000,-81.45949000
1.57592773,-73.81352000,-93.15548000,-73.53806000,-79.52874000
1.57653809,-75.70741000,-98.30276000,-76.97914000,-72.63752000
1.57714844,-78.10300000,-96.44759000,-71.50459000,-67.58971000
1.57775879,-81.23782000,-94.53081000,-66.15453000,-66.41557000
1.57836914,-80.86191000,-94.75865000,-64.07167000,-68.95258000
1.57897949,-66.23918000,-92.90669000,-64.45310000,-80.35171000
1.57958984,-63.49121000,-92.57051000,-66.06149000,-77.72589000
1.58020020,-68.65614000,-95.46002000,-67.79383000,-77.03534000
1.58081055,-76.43971000,-98.67201000,-71.20494000,-72.42039000
1.58142090,-80.84265000,-93.99270000,-72.43767000,-70.07962000
1.58203125,-85.13492000,-92.27203000,-73.09300000,-74.38361000
1.58264160,-79.50056000,-92.37995000,-70.06235000,-86.37666000
1.58325195,-76.61082000,-93.26218000,-68.87949000,-78.77084000
1.58386230,-77.20223000,-89.56201000,-72.91692000,-72.88965000
1.58447266,-75.08622000,-90.09270000,-66.15660000,-71.62370000
1.58508301,-76.73793000,-90.49545000,-68.19240000,-71.75392000
1.58569336,-79.14708000,-87.88392000,-77.09179000,-73.65259000
1.58630371,-81.07192000,-90.85578000,-73.53815000,-83.02248000
1.58691406,-95.18697000,-103.65380000,-68.91547000,-74.49784000
1.58752441,-82.25740000,-93.16014000,-71.83105000,-70.00995000
1.58813477,-75.41272000,-89.35737000,-76.54340000,-76.48524000
1.58874512,-73.38552000,-92.08317000,-72.27013000,-77.68473000
1.58935547,-75.90256000,-83.75990000,-69.08974000,-73.44801000
1.58996582,-76.54866000,-77.59760000,-71.15909000,-74.72585000
1.59057617,-76.82412000,-79.52135000,-81.11432000,-75.04540000
1.59118652,-74.19264000,-86.01215000,-77.11028000,-74.55734000
1.59179688,-74.91161000,-89.26984000,-73.82148000,-77.16136000
1.59240723,-81.16826000,-91.81738000,-78.38443000,-76.67867000
1.59301758,-86.11733000,-92.22075000,-84.65636000,-75.26285000
1.59362793,-81.00380000,-86.79230000,-72.41123000,-70.28902000
1.59423828,-73.61390000,-85.87063000,-71.54765000,-72.20011000
1.59484863,-81.61621000,-90.20840000,-83.18482000,-74.01595000
1.59545898,-80.83633000,-87.92412000,-76.29113000,-75.54099000
1.59606934,-79.31763000,-88.09418000,-82.18116000,-76.31806000
1.59667969,-80.10658000,-93.88477000,-70.20667000,-74.31898000
1.59729004,-91.93022000,-89.03378000,-68.88086000,-70.51323000
1.59790039,-86.48479000,-88.11417000,-76.53196000,-74.03817000
1.59851074,-80.22610000,-88.85418000,-78.04754000,-77.07725000
1.59912109,-82.85399000,-94.08421000,-74.88493000,-76.33475000
1.59973145,-84.55562000,-92.65443000,-75.17885000,-76.27637000
1.60034180,-80.60931000,-89.87914000,-69.12894000,-84.36369000
1.60095215,-76.25391000,-96.62751000,-68.95155000,-74.44817000
1.60156250,-80.63483000,-95.60895000,-70.65276000,-71.89545000
1.60217285,-81.57624000,-89.79059000,-66.84863000,-74.82954000
1.60278320,-80.66888000,-88.33405000,-68.04634000,-72.37433000
1.60339355,-97.89961000,-89.16564000,-72.45477000,-74.47530000
1.60400391,-78.38279000,-95.22746000,-71.53339000,-81.31689000
1.60461426,-78.26324000,-93.64325000,-72.30951000,-94.05530000
1.60522461,-88.08434000,-92.68444000,-68.60379000,-77.34312000
1.60583496,-89.57088000,-90.72540000,-68.01990000,-72.93065000
1.60644531,-83.35471000,-89.83280000,-75.65654000,-78.31894000
1.60705566,-79.65244000,-92.40704000,-97.51372000,-77.03911000
1.60766602,-79.88940000,-102.48880000,-76.80531000,-75.86904000
1.60827637,-78.96050000,-101.02850000,-75.79030000,-84.68757000
1.60888672,-75.67933000,-97.20865000,-82.78949000,-92.28413000
1.60949707,-72.69914000,-103.39700000,-74.71864000,-74.11927000
1.61010742,-71.36272000,-93.23945000,-73.81385000,-72.51588000
1.61071777,-71.94854000,-92.37581000,-90.73673000,-79.00519000
1.61132813,-78.81877000,-94.00645000,-70.46878000,-85.51060000
1.61193848,-79.86664000,-97.01477000,-68.22527000,-77.73583000
1.61254883,-75.83185000,-97.85584000,-75.56326000,-80.66428000
1.61315918,-78.19569000,-92.65349000,-76.52809000,-82.36672000
1.61376953,-83.46130000,-87.91314000,-74.39248000,-81.53197000
1.61437988,-88.57832000,-87.27638000,-70.31718000,-89.27011000
1.61499023,-80.24017000,-91.87802000,-68.54623000,-75.65065000
1.61560059,-84.53475000,-95.54330000,-66.31405000,-75.06656000
1.61621094,-82.69914000,-95.13522000,-69.14195000,-75.03897000
1.61682129,-79.53204000,-96.19025000,-79.70723000,-70.57312000
1.61743164,-79.12080000,-93.79762000,-68.37211000,-68.18687000
1.61804199,-76.65129000,-91.35535000,-66.32132000,-66.94263000
1.61865234,-75.08020000,-92.53183000,-68.64354000,-71.39174000
1.61926270,-77.28270000,-100.32400000,-74.32719000,-78.90953000
1.61987305,-82.11098000,-98.24319000,-80.13955000,-75.69208000
1.62048340,-79.34647000,-103.55750000,-88.29240000,-69.83466000
1.62109375,-78.08713000,-99.38183000,-79.81380000,-74.76359000
1.62170410,-82.20084000,-100.61750000,-80.78530000,-86.65633000
1.62231445,-80.81047000,-95.92336000,-79.58569000,-83.90260000
1.62292480,-81.06851000,-87.06490000,-82.68825000,-76.53120000
1.62353516,-82.55657000,-86.81195000,-72.38445000,-71.48109000
1.62414551,-76.76291000,-90.54564000,-67.60781000,-68.06098000
1.62475586,-77.87373000,-93.15002000,-74.96585000,-68.83249000
1.62536621,-79.84808000,-91.89008000,-70.44974000,-71.25362000
1.62597656,-86.35847000,-88.96698000,-75.69400000,-71.72522000
1.62658691,-85.14282000,-88.56302000,-80.15009000,-72.42250000
1.62719727,-83.86777000,-90.62433000,-88.63919000,-75.57550000
1.62780762,-96.18092000,-99.66510000,-85.99405000,-76.91788000
1.62841797,-90.73300000,-97.43752000,-79.41736000,-77.99336000
1.62902832,-89.50871000,-90.39203000,-77.80143000,-77.46413000
1.62963867,-83.38702000,-88.39369000,-98.94728000,-68.50079000
1.63024902,-76.55779000,-91.74400000,-77.35009000,-69.74692000
1.63085938,-79.32653000,-91.35597000,-83.29006000,-69.40387000
1.63146973,-96.64020000,-84.79570000,-74.26657000,-68.82811000
1.63208008,-79.41872000,-87.38918000,-86.59283000,-70.47954000
1.63269043,-76.61565000,-92.47856000,-75.73215000,-73.91231000
1.63330078,-76.56846000,-88.47215000,-76.70422000,-70.39845000
1.63391113,-81.88539000,-88.91791000,-77.11986000,-70.80727000
1.63452148,-79.90773000,-88.91354000,-69.25993000,-71.54275000
1.63513184,-78.37538000,-91.49863000,-65.25328000,-72.54225000
1.63574219,-79.97176000,-101.53160000,-66.38831000,-70.97562000
1.63635254,-79.37026000,-101.30500000,-76.66702000,-76.94113000
1.63696289,-78.12275000,-96.02280000,-71.56311000,-74.26368000
1.63757324,-75.14192000,-95.49415000,-67.76002000,-73.57925000
1.63818359,-75.68399000,-92.96567000,-73.31537000,-70.13852000
1.63879395,-77.81015000,-90.21574000,-72.81087000,-67.04541000
1.63940430,-76.47166000,-87.93591000,-78.35422000,-78.03081000
1.64001465,-74.49693000,-89.03502000,-66.43979000,-71.14732000
1.64062500,-77.27660000,-98.33968000,-66.78245000,-71.62730000
1.64123535,-80.78366000,-94.55292000,-71.01038000,-69.88829000
1.64184570,-75.31730000,-89.28191000,-70.15265000,-69.62492000
1.64245605,-71.92597000,-92.86264000,-70.07568000,-71.69173000
1.64306641,-72.81696000,-96.73866000,-69.12965000,-70.30626000
1.64367676,-75.61942000,-90.62550000,-66.59621000,-74.10922000
1.64428711,-82.40259000,-94.37542000,-69.92507000,-85.97246000
1.64489746,-83.17178000,-102.39110000,-73.07478000,-77.69219000
1.64550781,-79.07220000,-102.95410000,-78.44167000,-72.00250000
1.64611816,-76.24923000,-97.19209000,-77.78575000,-71.96087000
1.64672852,-80.94731000,-98.50587000,-68.48359000,-75.70859000
1.64733887,-80.72478000,-98.56431000,-64.67644000,-82.00362000
1.64794922,-80.04102000,-91.75918000,-64.98723000,-80.37452000
1.64855957,-75.10645000,-91.12158000,-71.15979000,-78.45059000
1.64916992,-72.99310000,-100.98520000,-78.96804000,-76.67468000
1.64978027,-75.44868000,-84.03050000,-75.66591000,-66.70852000
1.65039063,-82.19444000,-82.87207000,-75.24977000,-70.04022000
1.65100098,-92.78584000,-88.85126000,-91.80669000,-69.00809000
1.65161133,-81.30664000,-96.30810000,-77.37778000,-65.39754000
1.65222168,-77.43903000,-94.70600000,-71.28913000,-68.67133000
1.65283203,-85.49161000,-92.32299000,-72.40572000,-75.62379000
1.65344238,-88.10214000,-88.81668000,-85.46601000,-78.39568000
1.65405273,-83.44156000,-87.97343000,-73.49651000,-79.70170000
1.65466309,-74.68720000,-91.68222000,-74.57961000,-81.92550000
1.65527344,-75.18056000,-94.21978000,-71.60098000,-85.86605000
1.65588379,-76.63741000,-97.20401000,-72.71951000,-73.99922000
1.65649414,-77.27209000,-102.52220000,-79.99587000,-71.08041000
1.65710449,-80.19135000,-92.53625000,-68.16674000,-71.47875000
1.65771484,-79.18589000,-92.62450000,-67.26912000,-69.95229000
1.65832520,-79.80680000,-97.93377000,-69.09623000,-71.07033000
1.65893555,-92.91159000,-103.47290000,-69.32173000,-74.56953000
1.65954590,-79.60993000,-109.32630000,-67.97623000,-74.54478000
1.66015625,-82.92431000,-109.47000000,-67.75861000,-74.11845000
1.66076660,-90.74165000,-99.48567000,-70.75420000,-72.95908000
1.66137695,-84.18038000,-98.86493000,-71.41957000,-82.62608000
1.66198730,-86.41077000,-101.74760000,-70.41011000,-72.09250000
1.66259766,-89.79895000,-94.77767000,-75.74717000,-67.73116000
1.66320801,-87.45419000,-94.30640000,-72.99109000,-73.21091000
1.66381836,-93.57428000,-97.22637000,-65.99401000,-77.90005000
1.66442871,-89.53978000,-105.40390000,-65.73819000,-75.32905000
1.66503906,-78.06345000,-105.55470000,-65.07929000,-81.88049000
1.66564941,-74.67712000,-101.34470000,-72.01189000,-71.72950000
1.66625977,-78.22305000,-99.31706000,-68.93739000,-70.60177000
1.66687012,-85.37960000,-104.83020000,-65.57635000,-74.35214000
1.66748047,-84.83559000,-93.65308000,-70.88036000,-73.17460000
1.66809082,-84.47945000,-88.38672000,-75.78254000,-74.75682000
1.66870117,-81.37717000,-93.49145000,-69.35202000,-93.12646000
1.66931152,-83.21301000,-106.17140000,-68.28047000,-77.92812000
1.66992188,-81.31550000,-95.57293000,-72.42406000,-77.89230000
1.67053223,-82.77737000,-92.85503000,-73.31275000,-74.65554000
1.67114258,-84.96779000,-93.72450000,-78.39356000,-74.08942000
1.67175293,-82.68876000,-101.26500000,-90.17180000,-73.18979000
1.67236328,-80.01952000,-91.01852000,-81.66344000,-75.51835000
1.67297363,-73.98328000,-94.90086000,-85.08071000,-78.39101000
1.67358398,-71.52793000,-97.62687000,-82.41051000,-80.18013000
1.67419434,-72.67825000,-97.40582000,-77.70432000,-82.62468000
1.67480469,-73.43265000,-91.54733000,-77.36597000,-81.66981000
1.67541504,-76.63234000,-93.28365000,-82.56618000,-76.13474000
1.67602539,-80.68076000,-125.88920000,-75.05556000,-70.65318000
1.67663574,-78.02212000,-102.38620000,-69.24091000,-70.03700000
1.67724609,-84.19178000,-102.27830000,-69.56081000,-81.97118000
1.67785645,-83.80618000,-100.01770000,-71.50558000,-71.00640000
1.67846680,-89.76469000,-114.57390000,-68.85069000,-69.11145000
1.67907715,-76.44534000,-94.01711000,-69.99633000,-69.03509000
1.67968750,-79.61710000,-90.00359000,-79.49009000,-69.51686000
1.68029785,-86.61282000,-91.05240000,-80.54737000,-71.90550000
1.68090820,-76.74555000,-96.90050000,-78.36652000,-71.45879000
1.68151855,-75.26218000,-105.61800000,-70.23362000,-77.69164000
1.68212891,-83.10569000,-96.10634000,-70.90455000,-71.52403000
1.68273926,-82.17322000,-91.22694000,-76.63384000,-66.54433000
1.68334961,-77.76367000,-97.97119000,-72.43902000,-68.70708000
1.68395996,-82.30574000,-106.04700000,-71.92050000,-71.25252000
1.68457031,-80.07083000,-106.01400000,-72.31747000,-75.90173000
1.68518066,-74.77380000,-98.51558000,-73.00787000,-72.37380000
1.68579102,-78.96455000,-98.10713000,-69.81957000,-70.98968000
1.68640137,-82.25765000,-99.71066000,-68.96718000,-78.23873000
1.68701172,-82.97829000,-92.28612000,-73.38292000,-85.97370000
1.68762207,-82.95938000,-100.65180000,-73.29715000,-84.11009000
1.68823242,-80.72292000,-101.51700000,-67.72681000,-83.44002000
1.68884277,-85.67513000,-101.54530000,-70.58821000,-77.27863000
1.68945313,-86.12128000,-89.09527000,-74.20229000,-75.29212000
1.69006348,-78.92081000,-86.10995000,-79.29198000,-80.28886000
1.69067383,-78.99687000,-89.78458000,-74.82725000,-85.93430000
1.69128418,-79.33771000,-97.44556000,-76.73482000,-88.94533000
1.69189453,-74.99194000,-107.19740000,-76.18730000,-72.22188000
1.69250488,-80.65575000,-99.54665000,-70.82888000,-69.36514000
1.69311523,-81.94490000,-97.49713000,-75.34857000,-74.63302000
1.69372559,-78.09411000,-90.64627000,-86.31458000,-83.96669000
1.69433594,-70.72991000,-83.90482000,-87.21077000,-91.92073000
1.69494629,-72.46542000,-85.88939000,-80.90080000,-79.70251000
1.69555664,-74.42168000,-88.60992000,-77.86999000,-73.82890000
1.69616699,-82.67618000,-94.07988000,-73.97807000,-74.14068000
1.69677734,-77.84318000,-98.79890000,-71.13008000,-86.70139000
1.69738770,-73.55985000,-100.83850000,-67.52106000,-88.04157000
1.69799805,-75.35249000,-91.85256000,-64.51007000,-73.06599000
1.69860840,-79.68124000,-92.25578000,-67.65514000,-71.84270000
1.69921875,-78.90158000,-98.68542000,-76.98531000,-82.04545000
1.69982910,-81.50932000,-91.49215000,-76.90450000,-75.40331000
1.70043945,-85.63869000,-92.52208000,-74.58089000,-71.25340000
1.70104980,-84.26739000,-93.52772000,-77.15692000,-77.84779000
1.70166016,-84.59616000,-97.30550000,-75.20341000,-81.29826000
1.70227051,-75.34938000,-97.27927000,-75.34380000,-93.14699000
1.70288086,-77.20909000,-89.35222000,-77.59079000,-74.52618000
1.70349121,-85.80122000,-88.99011000,-77.34615000,-70.41694000
1.70410156,-86.98261000,-89.04367000,-75.69428000,-68.32283000
1.70471191,-84.82477000,-88.57484000,-70.52772000,-68.02909000
1.70532227,-79.62941000,-90.52583000,-69.05318000,-66.52201000
1.70593262,-80.20769000,-99.71474000,-73.15342000,-67.77468000
1.70654297,-84.83130000,-95.10570000,-81.17710000,-75.53506000
1.70715332,-81.43616000,-87.36937000,-72.21735000,-76.65866000
1.70776367,-76.68349000,-85.60609000,-69.88943000,-72.57567000
1.70837402,-77.01760000,-89.19490000,-74.11286000,-72.53600000
1.70898438,-76.54224000,-91.83284000,-75.07741000,-74.04563000
1.70959473,-78.56727000,-91.84391000,-71.36419000,-76.03589000
1.71020508,-83.09113000,-90.85613000,-68.18378000,-84.90205000
1.71081543,-74.20747000,-90.85252000,-71.62712000,-73.55399000
1.71142578,-77.72558000,-93.52408000,-75.16959000,-77.97176000
1.71203613,-76.75347000,-94.94817000,-70.73869000,-79.33015000
1.71264648,-79.25745000,-98.90283000,-68.70325000,-91.91652000
1.71325684,-94.61796000,-108.25510000,-70.94552000,-73.25414000
1.71386719,-90.60411000,-97.65187000,-78.39388000,-73.17861000
1.71447754,-82.89001000,-93.87162000,-73.07509000,-80.18533000
1.71508789,-78.94604000,-91.63731000,-67.88949000,-79.51695000
1.71569824,-78.54086000,-91.63899000,-67.03879000,-86.75079000
1.71630859,-79.59266000,-92.73502000,-69.59755000,-75.66194000
1.71691895,-88.73200000,-97.25111000,-80.95261000,-71.93418000
1.71752930,-98.67543000,-92.38419000,-75.98658000,-79.03181000
1.71813965,-86.22701000,-89.70941000,-70.09365000,-76.18651000
1.71875000,-75.76444000,-92.49162000,-67.22844000,-72.44765000
1.71936035,-74.28372000,-94.04138000,-68.10435000,-74.39831000
1.71997070,-76.07401000,-103.39820000,-77.34347000,-79.47284000
1.72058105,-77.20306000,-101.02420000,-78.16718000,-78.92616000
1.72119141,-77.28584000,-98.33885000,-72.70272000,-74.24481000
1.72180176,-79.06274000,-96.72351000,-68.17059000,-77.75878000
1.72241211,-87.50272000,-96.79048000,-71.40614000,-76.92168000
1.72302246,-88.82312000,-90.63025000,-72.04795000,-70.44944000
1.72363281,-79.48694000,-93.10110000,-71.49585000,-70.16341000
1.72424316,-72.81100000,-92.67190000,-67.43457000,-74.79981000
1.72485352,-72.93711000,-89.02274000,-68.26250000,-75.59191000
1.72546387,-77.76804000,-90.16105000,-72.01721000,-77.95329000
1.72607422,-81.43742000,-93.91839000,-76.85464000,-86.93901000
1.72668457,-88.56904000,-90.81353000,-77.45490000,-72.81458000
1.72729492,-90.23872000,-90.27562000,-74.79089000,-72.81058000
1.72790527,-88.18755000,-96.55061000,-72.46106000,-86.85897000
1.72851563,-81.67856000,-106.72010000,-73.95692000,-74.14830000
1.72912598,-78.30386000,-103.99880000,-74.55579000,-73.49237000
1.72973633,-76.44164000,-92.26102000,-70.55416000,-85.17221000
1.73034668,-78.83567000,-87.94364000,-70.73031000,-83.49575000
1.73095703,-92.32833000,-90.80987000,-75.56602000,-74.29070000
1.73156738,-83.08234000,-91.45860000,-78.83035000,-80.02196000
1.73217773,-83.42358000,-89.70232000,-69.41235000,-81.07664000
1.73278809,-87.23062000,-94.54945000,-66.76855000,-78.05795000
1.73339844,-81.53693000,-95.36358000,-65.66852000,-72.32671000
1.73400879,-78.53928000,-90.60797000,-68.32304000,-72.84561000
1.73461914,-76.20123000,-85.20812000,-71.69977000,-75.23943000
1.73522949,-77.81197000,-86.20654000,-69.30492000,-77.72942000
1.73583984,-79.04361000,-92.36301000,-70.34440000,-74.87688000
1.73645020,-80.28008000,-97.92700000,-74.56398000,-72.79277000
1.73706055,-78.31640000,-99.59930000,-71.77431000,-73.95123000
1.73767090,-78.11694000,-101.26690000,-73.69734000,-73.25778000
1.73828125,-81.12435000,-107.05120000,-75.97508000,-73.46274000
1.73889160,-80.73150000,-98.03984000,-74.50858000,-73.00227000
1.73950195,-82.81173000,-93.07868000,-71.01118000,-72.61371000
1.74011230,-81.51834000,-92.80373000,-68.37423000,-70.62286000
1.74072266,-78.75030000,-98.91026000,-67.79980000,-69.91267000
1.74133301,-80.48161000,-94.01321000,-73.03155000,-72.22804000
1.74194336,-86.76487000,-91.74586000,-69.00613000,-73.10394000
1.74255371,-93.11679000,-91.83293000,-72.12138000,-75.94221000
1.74316406,-87.85948000,-93.50853000,-69.32069000,-85.53535000
1.74377441,-83.19516000,-93.11463000,-71.28267000,-71.22330000
1.74438477,-79.58998000,-91.52057000,-68.58695000,-67.95749000
1.74499512,-80.60830000,-90.74650000,-72.61304000,-66.87828000
1.74560547,-89.57188000,-89.25204000,-78.44049000,-66.32053000
1.74621582,-79.30695000,-88.31197000,-76.98059000,-70.52560000
1.74682617,-80.79887000,-97.03792000,-85.61264000,-82.87949000
1.74743652,-75.55058000,-93.17478000,-76.11621000,-79.27328000
1.74804688,-69.18352000,-90.20351000,-88.24662000,-75.05701000
1.74865723,-68.02649000,-97.73849000,-73.84103000,-79.85985000
1.74926758,-70.78078000,-102.58170000,-74.85461000,-97.30633000
1.74987793,-75.35944000,-95.48573000,-73.01310000,-79.84621000
1.75048828,-77.48641000,-101.16210000,-82.14639000,-104.02220000
1.75109863,-76.07581000,-95.03872000,-88.13806000,-75.49695000
1.75170898,-77.91837000,-92.37626000,-74.74043000,-74.55910000
1.75231934,-81.31680000,-92.65392000,-78.61813000,-75.55460000
1.75292969,-82.08381000,-95.92308000,-79.22276000,-73.32131000
1.75354004,-82.48071000,-97.91139000,-79.20343000,-74.92006000
1.75415039,-78.31973000,-89.88754000,-86.25444000,-80.75743000
1.75476074,-77.53043000,-85.38431000,-79.72697000,-78.54018000
1.75537109,-85.74955000,-85.92441000,-69.99419000,-73.01852000
1.75598145,-90.68422000,-95.60904000,-66.93503000,-78.70802000
1.75659180,-81.90015000,-99.24320000,-68.06879000,-80.38039000
1.75720215,-80.02942000,-94.12759000,-76.35911000,-84.23270000
1.75781250,-79.84142000,-95.90276000,-76.93011000,-72.89189000
1.75842285,-80.36109000,-99.23444000,-75.59167000,-69.43099000
1.75903320,-85.61624000,-93.84193000,-72.23983000,-70.40387000
1.75964355,-77.52620000,-100.30260000,-69.54443000,-71.93024000
1.76025391,-75.42326000,-89.35383000,-74.61102000,-71.93201000
1.76086426,-76.49941000,-93.65495000,-80.23385000,-69.63242000
1.76147461,-80.87352000,-112.48440000,-75.54183000,-69.78471000
1.76208496,-86.24547000,-111.32140000,-72.66579000,-72.69440000
1.76269531,-90.43258000,-107.34650000,-71.34299000,-71.90128000
1.76330566,-86.71196000,-94.55756000,-72.70389000,-73.55338000
1.76391602,-94.22512000,-88.59694000,-72.58374000,-77.54182000
1.76452637,-83.70335000,-86.13524000,-79.99943000,-75.47141000
1.76513672,-83.59287000,-87.03864000,-70.64590000,-75.93842000
1.76574707,-83.93214000,-96.11371000,-67.04866000,-72.99079000
1.76635742,-99.32320000,-102.36800000,-72.43992000,-74.99480000
1.76696777,-97.93048000,-94.83705000,-81.14722000,-82.80751000
1.76757813,-84.04785000,-86.85836000,-73.99081000,-81.07060000
1.76818848,-77.64880000,-87.14252000,-76.80643000,-74.91031000
1.76879883,-80.81780000,-89.61997000,-79.94506000,-77.28352000
1.76940918,-80.01726000,-98.72199000,-70.01130000,-85.16441000
1.77001953,-81.82599000,-93.31601000,-72.69807000,-80.63022000
1.77062988,-80.65781000,-91.50070000,-96.45370000,-78.51936000
1.77124023,-78.00153000,-94.02007000,-71.21744000,-76.97643000
1.77185059,-78.93319000,-94.87114000,-65.86264000,-73.62929000
1.77246094,-79.28670000,-101.33290000,-67.06020000,-71.32638000
1.77307129,-99.29626000,-94.93259000,-72.91086000,-72.94974000
1.77368164,-78.23365000,-99.23946000,-71.17986000,-80.51719000
1.77429199,-75.23212000,-93.24518000,-68.92918000,-70.46568000
1.77490234,-75.33517000,-89.94697000,-70.25282000,-69.73100000
1.77551270,-73.80876000,-95.54016000,-73.46238000,-85.59778000
1.77612305,-68.04139000,-98.07685000,-71.93805000,-75.23481000
1.77673340,-71.29415000,-104.98890000,-72.14372000,-80.31617000
1.77734375,-90.10738000,-93.80379000,-88.83507000,-74.73764000
1.77795410,-81.62302000,-93.14107000,-74.57537000,-72.22630000
1.77856445,-76.48643000,-96.05328000,-70.25314000,-78.36040000
1.77917480,-79.30397000,-91.57051000,-73.09589000,-80.78048000
1.77978516,-70.56537000,-92.54540000,-73.96244000,-77.61563000
1.78039551,-70.83556000,-115.01210000,-78.72359000,-74.83894000
1.78100586,-69.98553000,-95.21160000,-67.08284000,-68.92739000
1.78161621,-69.11597000,-94.10773000,-65.95435000,-69.26765000
1.78222656,-74.19543000,-91.47821000,-71.34349000,-78.08103000
1.78283691,-92.17960000,-91.72949000,-79.81335000,-77.68172000
1.78344727,-87.74434000,-96.06010000,-74.48523000,-74.01846000
1.78405762,-88.35002000,-107.58470000,-68.37000000,-68.03764000
1.78466797,-79.90021000,-108.26710000,-65.96410000,-68.05774000
1.78527832,-75.85231000,-96.62643000,-69.23441000,-68.59866000
1.78588867,-80.52388000,-90.49041000,-77.24981000,-66.72533000
1.78649902,-83.00995000,-90.94474000,-78.28244000,-72.86610000
1.78710938,-80.32456000,-95.10713000,-81.18012000,-77.46912000
1.78771973,-80.17549000,-91.14063000,-75.67094000,-73.04234000
1.78833008,-81.20662000,-92.75339000,-74.45894000,-75.36610000
1.78894043,-77.68062000,-92.99050000,-73.10303000,-70.07491000
1.78955078,-75.93492000,-85.95865000,-77.81911000,-65.89700000
1.79016113,-75.66904000,-83.31081000,-67.98758000,-67.38828000
1.79077148,-75.93950000,-87.13857000,-63.23050000,-73.30548000
1.79138184,-78.18202000,-87.65693000,-63.57585000,-74.58166000
1.79199219,-84.99973000,-90.11430000,-66.28426000,-73.62939000
1.79260254,-84.51221000,-95.08652000,-69.29807000,-84.00697000
1.79321289,-76.56101000,-94.30052000,-70.86962000,-89.28137000
1.79382324,-75.33325000,-98.28168000,-91.59771000,-81.11868000
1.79443359,-76.38570000,-93.90242000,-73.12913000,-78.49888000
1.79504395,-77.79338000,-91.97564000,-71.95271000,-73.41492000
1.79565430,-89.92751000,-88.81484000,-68.81303000,-72.06291000
1.79626465,-85.73917000,-88.79815000,-64.79895000,-74.54745000
1.79687500,-89.83375000,-93.33774000,-66.00378000,-73.10953000
1.79748535,-80.65433000,-89.48616000,-74.10422000,-71.04031000
1.79809570,-84.64919000,-92.51794000,-74.70275000,-72.23860000
1.79870605,-88.43468000,-97.53180000,-70.38187000,-77.18789000
1.79931641,-86.00529000,-89.66592000,-73.80660000,-83.06070000
1.79992676,-81.60649000,-90.39588000,-72.70041000,-78.74591000
1.80053711,-75.58306000,-93.06798000,-71.29806000,-77.55695000
1.80114746,-72.71811000,-89.72759000,-71.01537000,-69.50281000
1.80175781,-76.18408000,-94.53464000,-71.53548000,-69.64440000
1.80236816,-83.95514000,-93.93721000,-77.21215000,-76.34647000
1.80297852,-95.77012000,-94.08876000,-83.25578000,-76.35599000
1.80358887,-88.80149000,-103.16680000,-72.44231000,-71.08459000
1.80419922,-91.21248000,-96.70968000,-77.57489000,-71.50101000
1.80480957,-85.41112000,-92.15356000,-71.87816000,-74.57170000
1.80541992,-79.90506000,-94.14040000,-71.20912000,-81.41465000
1.80603027,-82.19971000,-97.78845000,-71.87817000,-77.90925000
1.80664063,-74.93794000,-90.66460000,-75.56274000,-74.16177000
1.80725098,-73.09522000,-92.79317000,-74.03217000,-71.41633000
1.80786133,-74.56435000,-93.79203000,-72.39694000,-70.77274000
1.80847168,-77.44907000,-90.60334000,-75.79420000,-74.25354000
1.80908203,-77.53012000,-94.42903000,-76.04056000,-74.66801000
1.80969238,-79.77898000,-98.55135000,-73.89138000,-72.47970000
1.81030273,-78.61419000,-100.92310000,-70.98992000,-73.51254000
1.81091309,-74.26919000,-92.68425000,-69.28882000,-75.03321000
1.81152344,-77.89284000,-96.24393000,-69.98573000,-79.98135000
1.81213379,-90.11246000,-108.06360000,-76.01744000,-90.09869000
1.81274414,-84.35637000,-95.86407000,-77.44248000,-77.24685000
1.81335449,-86.10056000,-89.54209000,-69.05730000,-75.63808000
1.81396484,-104.40530000,-88.93330000,-67.52625000,-80.94292000
1.81457520,-90.48118000,-92.29953000,-76.48774000,-84.28502000
1.81518555,-77.54446000,-94.64957000,-77.74276000,-75.82068000
1.81579590,-73.92828000,-89.90070000,-72.44550000,-75.83688000
1.81640625,-74.51171000,-92.60873000,-73.59042000,-83.64905000
1.81701660,-75.20692000,-107.28470000,-76.03978000,-75.47250000
1.81762695,-78.06415000,-110.93950000,-76.48569000,-71.65276000
1.81823730,-77.96738000,-108.43880000,-84.80614000,-76.05547000
1.81884766,-75.77964000,-98.85055000,-70.92102000,-76.52421000
1.81945801,-78.05504000,-95.85052000,-72.65812000,-87.30943000
1.82006836,-81.56834000,-101.30240000,-77.04587000,-73.75655000
1.82067871,-78.35213000,-104.56490000,-72.57285000,-72.12053000
1.82128906,-77.92889000,-113.77270000,-75.76619000,-75.71125000
1.82189941,-76.18791000,-98.55360000,-79.26022000,-83.62207000
1.82250977,-77.14247000,-95.14571000,-74.93677000,-72.80181000
1.82312012,-79.37979000,-93.16182000,-67.64614000,-71.41808000
1.82373047,-85.03886000,-96.01830000,-63.50584000,-76.74717000
1.82434082,-83.28751000,-108.22220000,-65.47782000,-78.28604000
1.82495117,-75.64454000,-107.76030000,-70.71351000,-82.73063000
1.82556152,-75.80882000,-94.31251000,-78.07389000,-78.98676000
1.82617188,-82.53937000,-94.29735000,-81.32095000,-78.78791000
1.82678223,-83.23829000,-91.79990000,-86.04229000,-76.72659000
1.82739258,-81.43022000,-87.15579000,-73.29758000,-72.09871000
1.82800293,-85.15866000,-87.69708000,-70.22744000,-81.06705000
1.82861328,-82.85144000,-90.83426000,-66.76070000,-80.77692000
1.82922363,-82.29424000,-93.00523000,-64.60197000,-70.94019000
1.82983398,-94.00333000,-93.87124000,-65.16829000,-68.48444000
1.83044434,-83.91606000,-90.62638000,-69.21333000,-72.67346000
1.83105469,-83.97018000,-96.72945000,-71.90169000,-82.65375000
1.83166504,-79.23362000,-100.27250000,-71.30128000,-82.46823000
1.83227539,-73.95075000,-93.57059000,-73.67369000,-74.65564000
1.83288574,-75.48656000,-90.94868000,-84.84748000,-70.47130000
1.83349609,-85.60358000,-89.37988000,-83.99329000,-72.13012000
1.83410645,-77.07747000,-86.04256000,-74.33961000,-72.62854000
1.83471680,-77.24788000,-86.37814000,-68.49467000,-67.30370000
1.83532715,-78.62008000,-91.03721000,-69.32273000,-68.53790000
1.83593750,-74.66471000,-100.50720000,-76.49823000,-69.60807000
1.83654785,-71.67999000,-110.54250000,-85.28706000,-74.82548000
1.83715820,-73.64513000,-100.11370000,-85.61337000,-83.37701000
1.83776855,-82.53720000,-94.30711000,-81.09138000,-94.43877000
1.83837891,-84.60480000,-90.99852000,-69.05342000,-80.97078000
1.83898926,-74.89177000,-91.38512000,-67.36749000,-76.89433000
1.83959961,-72.97266000,-98.59477000,-69.71976000,-69.87390000
1.84020996,-77.49585000,-100.09570000,-68.22639000,-69.64516000
1.84082031,-94.89804000,-98.78180000,-66.39285000,-79.82362000
1.84143066,-85.57540000,-104.92830000,-67.45947000,-75.54160000
1.84204102,-86.14375000,-98.34431000,-71.46870000,-77.44474000
1.84265137,-78.13851000,-94.02789000,-75.69806000,-78.81297000
1.84326172,-77.69004000,-99.18658000,-71.30072000,-71.72833000
1.84387207,-81.23104000,-99.78662000,-71.21118000,-78.81530000
1.84448242,-80.89494000,-101.31630000,-74.20768000,-76.68604000
1.84509277,-79.74373000,-91.32526000,-68.65706000,-72.12927000
1.84570313,-84.34441000,-90.17563000,-71.18290000,-68.21094000
1.84631348,-78.43700000,-92.63035000,-78.10754000,-69.01131000
1.84692383,-82.08083000,-94.15406000,-74.37125000,-74.48806000
1.84753418,-76.01409000,-92.50711000,-76.25388000,-76.80309000
1.84814453,-82.14937000,-91.92317000,-80.52499000,-75.70731000
1.84875488,-74.44894000,-93.92731000,-73.09869000,-87.27940000
1.84936523,-72.18050000,-96.69678000,-65.35172000,-77.32037000
1.84997559,-77.76542000,-91.22557000,-64.08616000,-71.90191000
1.85058594,-85.06779000,-92.32158000,-67.02457000,-74.26369000
1.85119629,-83.01628000,-96.86166000,-71.60889000,-89.15703000
1.85180664,-77.21707000,-92.65585000,-69.42616000,-78.08839000
1.85241699,-78.14019000,-89.02895000,-68.52602000,-75.84192000
1.85302734,-81.99846000,-89.19373000,-72.11440000,-75.39315000
1.85363770,-77.46320000,-88.15044000,-73.30903000,-78.87605000
1.85424805,-69.24062000,-87.62041000,-66.18825000,-86.25014000
1.85485840,-61.62575000,-99.57022000,-58.69816000,-84.80891000
1.85546875,-59.45213000,-89.57356000,-56.30215000,-77.67188000
1.85607910,-65.49297000,-91.68384000,-61.54195000,-77.01011000
1.85668945,-89.18034000,-92.08450000,-81.97426000,-78.76836000
1.85729980,-79.45995000,-97.10745000,-79.37382000,-73.38569000
1.85791016,-76.63397000,-93.51141000,-71.42131000,-74.33486000
1.85852051,-79.97869000,-87.68284000,-68.44743000,-71.62767000
1.85913086,-86.03488000,-88.85201000,-69.44064000,-71.81097000
1.85974121,-79.15392000,-97.31473000,-77.07846000,-69.44841000
1.86035156,-78.22644000,-94.37135000,-81.71333000,-68.31353000
1.86096191,-82.98535000,-93.10693000,-81.28831000,-72.06055000
1.86157227,-83.87867000,-98.35960000,-80.47906000,-70.61481000
1.86218262,-85.48633000,-96.61618000,-78.03316000,-69.00400000
1.86279297,-81.05635000,-94.09592000,-79.54704000,-72.84587000
1.86340332,-76.90523000,-96.06136000,-77.05969000,-74.90536000
1.86401367,-80.73510000,-92.21478000,-73.22534000,-73.83185000
1.86462402,-86.81589000,-92.64213000,-82.89227000,-75.06507000
1.86523438,-83.17458000,-89.99467000,-71.75371000,-72.35548000
1.86584473,-87.47273000,-87.56653000,-70.44025000,-68.79744000
1.86645508,-77.71822000,-85.73259000,-69.32176000,-70.16560000
1.86706543,-75.31096000,-87.90337000,-75.02150000,-72.37103000
1.86767578,-79.12567000,-93.80705000,-80.10782000,-69.75499000
1.86828613,-79.88227000,-99.28292000,-74.08049000,-66.91923000
1.86889648,-75.70190000,-90.31342000,-78.19452000,-66.03349000
1.86950684,-75.25845000,-93.29100000,-79.65884000,-70.13309000
1.87011719,-79.31861000,-97.96741000,-73.36726000,-84.69672000
1.87072754,-80.53977000,-102.08500000,-68.05927000,-83.77985000
1.87133789,-72.00361000,-100.88540000,-67.06807000,-98.14274000
1.87194824,-71.71037000,-104.64640000,-67.66008000,-78.20113000
1.87255859,-73.76624000,-89.05069000,-68.28034000,-74.53581000
1.87316895,-72.32593000,-84.85458000,-69.11665000,-76.76688000
1.87377930,-74.53992000,-86.70910000,-72.12928000,-73.02020000
1.87438965,-84.30050000,-93.06268000,-75.82167000,-78.13686000
1.87500000,-75.69958000,-97.70551000,-75.21165000,-73.89632000
1.87561035,-77.23981000,-93.88168000,-70.18471000,-72.87892000
1.87622070,-81.94474000,-91.27055000,-72.94841000,-82.87668000
1.87683105,-76.29964000,-93.82450000,-73.65783000,-74.94995000
1.87744141,-73.52704000,-94.67850000,-74.92676000,-86.05109000
1.87805176,-73.20870000,-89.58737000,-74.10771000,-82.41931000
1.87866211,-76.71249000,-89.16905000,-78.84254000,-75.00411000
1.87927246,-89.61958000,-95.35674000,-77.31676000,-77.11148000
1.87988281,-84.94035000,-98.41730000,-81.46944000,-79.58723000
1.88049316,-80.19992000,-90.58606000,-79.02856000,-86.21919000
1.88110352,-78.21706000,-86.41908000,-75.04810000,-78.54217000
1.88171387,-77.41264000,-89.19466000,-70.95096000,-82.83356000
1.88232422,-80.61134000,-105.08320000,-74.35439000,-74.36965000
1.88293457,-74.49111000,-93.17390000,-72.64958000,-79.25271000
1.88354492,-76.60922000,-91.94812000,-70.82923000,-79.13725000
1.88415527,-75.78151000,-88.89413000,-74.54739000,-79.53577000
1.88476563,-72.07276000,-95.43290000,-78.92883000,-77.05666000
1.88537598,-75.64175000,-107.98460000,-70.14702000,-79.38731000
1.88598633,-83.81290000,-106.20910000,-68.78719000,-79.87810000
1.88659668,-87.21107000,-105.20430000,-70.29829000,-74.24688000
1.88720703,-87.85078000,-102.36950000,-74.02251000,-71.72456000
1.88781738,-83.21659000,-94.36074000,-76.14966000,-71.86963000
1.88842773,-80.19729000,-95.03579000,-79.53217000,-69.74207000
1.88903809,-73.84793000,-99.35170000,-90.05066000,-69.58418000
1.88964844,-70.35059000,-85.56708000,-71.10673000,-71.98495000
1.89025879,-71.84923000,-81.83463000,-67.51361000,-75.50222000
1.89086914,-77.37733000,-87.58765000,-72.17774000,-70.71904000
1.89147949,-76.79013000,-94.05501000,-78.47594000,-71.67910000
1.89208984,-75.96849000,-102.88660000,-75.78941000,-76.79124000
1.89270020,-77.63057000,-95.22679000,-73.02276000,-83.02705000
1.89331055,-91.13913000,-85.31924000,-71.95934000,-89.31233000
1.89392090,-72.79059000,-78.79250000,-66.76306000,-74.03733000
1.89453125,-69.95717000,-77.91646000,-67.05907000,-73.91327000
1.89514160,-75.39670000,-84.54556000,-71.62208000,-83.82411000
1.89575195,-82.39890000,-97.71191000,-71.45299000,-76.75918000
1.89636230,-78.46532000,-103.05660000,-71.56318000,-72.77943000
1.89697266,-76.77209000,-94.20287000,-68.77832000,-70.88342000
1.89758301,-77.45946000,-90.42743000,-71.47333000,-71.61881000
1.89819336,-74.89871000,-90.17833000,-73.27325000,-71.30927000
1.89880371,-72.78650000,-97.03717000,-73.31923000,-80.48394000
1.89941406,-74.82686000,-97.93576000,-66.60762000,-75.14053000
1.90002441,-80.31802000,-94.61982000,-69.05480000,-73.60101000
1.90063477,-87.64891000,-91.14223000,-84.09592000,-77.30325000
1.90124512,-85.14655000,-94.48831000,-69.86530000,-68.00572000
1.90185547,-79.49226000,-101.31100000,-66.07790000,-66.07665000
1.90246582,-77.28117000,-100.01030000,-66.69450000,-67.17297000
1.90307617,-76.78300000,-97.87586000,-73.36517000,-68.28887000
1.90368652,-78.27162000,-97.54701000,-74.42340000,-69.93462000
1.90429688,-82.76588000,-90.57334000,-64.93253000,-71.82914000
1.90490723,-85.92267000,-93.13819000,-64.81202000,-75.10052000
1.90551758,-75.36942000,-97.14295000,-72.82899000,-70.21976000
1.90612793,-76.33473000,-95.67326000,-71.91125000,-71.13464000
1.90673828,-79.32733000,-100.52140000,-69.24989000,-85.47532000
1.90734863,-77.72936000,-103.14880000,-69.85582000,-81.01185000
1.90795898,-79.61134000,-98.91381000,-69.59885000,-75.58595000
1.90856934,-85.36350000,-96.01198000,-73.14474000,-74.41155000
1.90917969,-77.07412000,-87.83136000,-71.65839000,-80.15033000
1.90979004,-73.97092000,-86.78796000,-70.83180000,-81.90194000
1.91040039,-81.99874000,-89.73065000,-72.84402000,-72.44011000
1.91101074,-80.93856000,-95.15263000,-75.38284000,-69.99809000
1.91162109,-73.32632000,-96.70052000,-85.46322000,-71.01447000
1.91223145,-72.81886000,-92.55830000,-70.60049000,-74.47529000
1.91284180,-77.62152000,-94.38120000,-69.86139000,-74.25954000
1.91345215,-81.62830000,-95.13462000,-75.58607000,-70.61530000
1.91406250,-80.13721000,-90.16751000,-71.17271000,-69.14761000
1.91467285,-83.67265000,-90.23494000,-68.18688000,-69.94853000
1.91528320,-91.13297000,-89.00566000,-69.73176000,-74.06336000
1.91589355,-89.82304000,-88.74026000,-70.85477000,-79.51685000
1.91650391,-87.05765000,-93.77786000,-73.09711000,-84.41875000
1.91711426,-82.39349000,-93.29316000,-77.70743000,-81.83381000
1.91772461,-78.23244000,-93.44754000,-72.62539000,-77.63098000
1.91833496,-77.54176000,-99.39874000,-72.86989000,-84.26337000
1.91894531,-81.79333000,-99.93542000,-71.55424000,-77.76203000
1.91955566,-84.44892000,-96.30257000,-72.49117000,-78.15588000
1.92016602,-78.32833000,-95.05131000,-71.10133000,-84.21215000
1.92077637,-74.35442000,-96.54800000,-70.50439000,-78.81609000
1.92138672,-71.58158000,-98.15457000,-75.33115000,-70.15340000
1.92199707,-76.52348000,-99.27867000,-69.36005000,-68.67548000
1.92260742,-81.90147000,-93.69006000,-70.45240000,-70.83155000
1.92321777,-74.27878000,-96.03891000,-74.22782000,-72.82755000
1.92382813,-74.15994000,-107.60070000,-74.93244000,-77.80627000
1.92443848,-84.84444000,-96.79389000,-76.92302000,-72.77147000
1.92504883,-85.81039000,-100.20270000,-75.29698000,-69.05997000
1.92565918,-88.35345000,-92.65875000,-72.03056000,-71.97469000
1.92626953,-82.83680000,-87.85846000,-68.53876000,-77.29499000
1.92687988,-77.48766000,-89.97975000,-74.06892000,-71.42490000
1.92749023,-79.37727000,-100.43710000,-75.73262000,-70.86559000
1.92810059,-97.54052000,-108.22110000,-71.74157000,-72.96973000
1.92871094,-81.77432000,-95.93253000,-74.12650000,-78.38489000
1.92932129,-79.19208000,-91.89350000,-69.05777000,-69.56583000
1.92993164,-80.32966000,-92.14548000,-66.60387000,-68.71501000
1.93054199,-83.51315000,-92.15897000,-66.67210000,-71.94479000
1.93115234,-76.73521000,-91.63527000,-67.73360000,-74.65069000
1.93176270,-79.19768000,-94.28458000,-67.76631000,-78.85180000
1.93237305,-80.64579000,-104.83150000,-67.81718000,-75.87120000
1.93298340,-74.49722000,-96.07426000,-73.52647000,-75.75736000
1.93359375,-73.07690000,-93.60383000,-71.81667000,-76.50922000
1.93420410,-75.45140000,-89.64854000,-72.95721000,-72.38035000
1.93481445,-75.86730000,-94.91925000,-75.40852000,-70.11353000
1.93542480,-75.69617000,-102.28450000,-79.03632000,-74.01871000
1.93603516,-72.34200000,-91.15036000,-80.85954000,-80.49236000
1.93664551,-62.53862000,-81.42102000,-87.29832000,-80.45569000
1.93725586,-60.35529000,-80.24232000,-76.56996000,-77.29438000
1.93786621,-66.35167000,-86.91615000,-79.65575000,-72.68756000
1.93847656,-76.42668000,-104.43150000,-77.50279000,-69.85253000
1.93908691,-75.85075000,-90.64735000,-75.64922000,-70.01833000
1.93969727,-74.53886000,-86.58614000,-74.35818000,-76.18697000
1.94030762,-79.38378000,-86.28162000,-74.47484000,-75.14117000
1.94091797,-82.29036000,-85.72325000,-74.84872000,-83.65160000
1.94152832,-76.42946000,-89.67241000,-66.78776000,-79.59157000
1.94213867,-89.41664000,-98.02727000,-70.16673000,-78.37802000
1.94274902,-78.41307000,-96.32114000,-65.64209000,-71.94347000
1.94335938,-77.33618000,-97.74075000,-64.14243000,-70.70645000
1.94396973,-81.41853000,-92.32079000,-64.52718000,-77.24483000
1.94458008,-85.46223000,-91.23598000,-65.22132000,-77.43439000
1.94519043,-96.13079000,-94.62790000,-63.66195000,-73.34763000
1.94580078,-78.46808000,-94.08928000,-64.31222000,-72.61623000
1.94641113,-81.32034000,-95.58250000,-66.70685000,-71.76270000
1.94702148,-90.85901000,-100.85640000,-66.33557000,-72.31021000
1.94763184,-91.13792000,-95.24570000,-67.27250000,-86.14474000
1.94824219,-80.03447000,-91.69618000,-71.02767000,-78.00735000
1.94885254,-78.44371000,-98.36587000,-74.69757000,-78.77068000
1.94946289,-79.41374000,-101.17230000,-79.83204000,-78.50365000
1.95007324,-77.44424000,-94.09346000,-72.92868000,-74.67825000
1.95068359,-74.79104000,-90.48486000,-71.31374000,-82.72347000
1.95129395,-78.01160000,-90.36080000,-71.49106000,-82.95678000
1.95190430,-84.58849000,-92.32611000,-68.46469000,-77.80673000
1.95251465,-86.71410000,-96.13483000,-65.62540000,-76.50032000
1.95312500,-93.16989000,-92.22903000,-66.17303000,-75.47504000
1.95373535,-97.21042000,-90.15825000,-69.32737000,-71.89083000
1.95434570,-81.36239000,-90.94565000,-74.33755000,-74.54266000
1.95495605,-77.59827000,-91.69580000,-71.35022000,-85.96182000
1.95556641,-77.64343000,-93.90611000,-64.21924000,-81.98438000
1.95617676,-77.61704000,-99.35723000,-64.64636000,-79.24950000
1.95678711,-90.34150000,-93.83637000,-66.38264000,-80.01797000
1.95739746,-76.26607000,-91.90590000,-68.68653000,-88.62046000
1.95800781,-75.50391000,-89.82589000,-70.86751000,-76.57971000
1.95861816,-82.05814000,-93.99194000,-69.23080000,-73.17281000
1.95922852,-80.21514000,-98.73402000,-75.44978000,-75.38343000
1.95983887,-81.98635000,-97.46288000,-78.77803000,-79.70024000
1.96044922,-79.52433000,-88.35303000,-71.73815000,-71.51894000
1.96105957,-87.45358000,-85.47952000,-69.16537000,-69.98569000
1.96166992,-81.52579000,-86.54053000,-69.41924000,-72.79161000
1.96228027,-80.17681000,-87.00721000,-71.25591000,-76.44606000
1.96289063,-91.16985000,-87.97124000,-70.21967000,-82.46568000
1.96350098,-85.92349000,-90.73700000,-67.87774000,-75.56887000
1.96411133,-78.63293000,-103.19100000,-68.02264000,-71.05003000
1.96472168,-74.62109000,-88.16018000,-69.97123000,-77.67231000
1.96533203,-74.43410000,-86.70531000,-72.02773000,-69.39025000
1.96594238,-73.97578000,-90.91924000,-74.91016000,-67.53053000
1.96655273,-74.96303000,-94.46803000,-80.50943000,-71.00005000
1.96716309,-81.83364000,-88.84782000,-74.56053000,-76.09570000
1.96777344,-79.27852000,-89.59896000,-71.15491000,-72.62351000
1.96838379,-82.31267000,-90.27993000,-75.03236000,-72.33974000
1.96899414,-81.35590000,-88.77628000,-71.32732000,-78.30836000
1.96960449,-80.43244000,-87.96357000,-70.61332000,-79.27268000
1.97021484,-88.24202000,-89.36049000,-71.45524000,-74.95550000
1.97082520,-82.20090000,-98.12982000,-68.22870000,-73.33919000
1.97143555,-83.28091000,-100.11540000,-67.26483000,-70.06528000
1.97204590,-99.63257000,-95.36208000,-73.35502000,-76.42660000
1.97265625,-89.54573000,-96.42856000,-72.72895000,-83.72607000
1.97326660,-85.39165000,-109.11690000,-70.41606000,-78.71272000
1.97387695,-78.80502000,-101.78270000,-72.67154000,-86.26682000
1.97448730,-85.13748000,-94.12396000,-72.21055000,-70.11356000
1.97509766,-85.79219000,-93.87097000,-69.81703000,-68.19955000
1.97570801,-94.05418000,-91.16644000,-70.22150000,-74.37932000
1.97631836,-84.72927000,-92.70728000,-68.05721000,-89.07017000
1.97692871,-87.16656000,-92.71903000,-67.09872000,-81.94580000
1.97753906,-77.75047000,-89.90128000,-68.43402000,-75.39605000
1.97814941,-78.31013000,-95.14214000,-73.65778000,-73.54737000
1.97875977,-83.70551000,-99.02229000,-72.79821000,-72.91422000
1.97937012,-85.82528000,-89.92889000,-69.98418000,-73.06161000
1.97998047,-85.37625000,-89.97300000,-71.98610000,-70.67306000
1.98059082,-78.05238000,-92.67223000,-72.19621000,-68.55661000
1.98120117,-77.67393000,-90.88438000,-75.16017000,-71.21414000
1.98181152,-82.77513000,-90.19955000,-76.76537000,-72.82192000
1.98242188,-83.22894000,-95.58831000,-72.16187000,-70.01825000
1.98303223,-87.94551000,-101.17780000,-69.45152000,-71.85232000
1.98364258,-90.19333000,-100.41560000,-72.79385000,-77.47050000
1.98425293,-89.13239000,-95.45955000,-71.50763000,-80.89662000
1.98486328,-88.52799000,-88.29663000,-69.26764000,-75.95227000
1.98547363,-82.20191000,-90.34956000,-69.23173000,-73.97093000
1.98608398,-81.37254000,-93.29601000,-66.98396000,-77.83091000
1.98669434,-81.27448000,-95.91157000,-65.77995000,-67.76257000
1.98730469,-77.34761000,-97.84791000,-69.96096000,-65.97292000
1.98791504,-78.70619000,-97.92303000,-69.97771000,-72.94889000
1.98852539,-93.86134000,-93.99799000,-67.56707000,-77.14369000
1.98913574,-85.33696000,-94.16206000,-71.56791000,-73.04979000
1.98974609,-77.83094000,-91.25092000,-70.96931000,-74.43446000
1.99035645,-75.98197000,-91.52249000,-66.99570000,-77.56499000
1.99096680,-78.06477000,-89.71020000,-66.13680000,-92.96826000
1.99157715,-79.99670000,-88.20825000,-66.20590000,-76.52910000
1.99218750,-78.54427000,-92.05906000,-67.97908000,-75.97603000
1.99279785,-79.26353000,-94.85706000,-72.94691000,-78.67596000
1.99340820,-83.48785000,-84.29256000,-77.69187000,-84.80704000
1.99401855,-75.33914000,-79.00438000,-73.59930000,-82.36066000
1.99462891,-73.24965000,-79.54327000,-67.12807000,-81.69616000
1.99523926,-79.84375000,-84.49033000,-69.40596000,-81.53922000
1.99584961,-83.47816000,-89.30334000,-70.10114000,-86.25876000
1.99645996,-92.26436000,-92.45088000,-68.40202000,-73.83752000
1.99707031,-98.53951000,-92.07033000,-75.44802000,-72.96255000
1.99768066,-84.32334000,-93.43476000,-77.00833000,-76.57281000
1.99829102,-77.74575000,-98.11728000,-79.71313000,-82.29564000
1.99890137,-76.20686000,-97.90404000,-93.80767000,-83.12473000
1.99951172,-73.80090000,-94.55870000,-73.19633000,-71.70767000
2.00012207,-71.49544000,-98.50089000,-70.03127000,-71.59269000
2.00073242,-70.93753000,-100.17440000,-69.16619000,-76.70833000
2.00134277,-72.57096000,-92.84049000,-69.02571000,-74.91426000
2.00195313,-78.15222000,-91.35204000,-73.01210000,-80.60143000
2.00256348,-82.37866000,-91.23572000,-80.02989000,-94.27991000
2.00317383,-80.72833000,-91.78765000,-71.35464000,-92.50282000
2.00378418,-79.47289000,-99.10649000,-68.70423000,-80.51056000
2.00439453,-85.57908000,-92.67685000,-79.83018000,-74.48056000
2.00500488,-76.34260000,-93.48145000,-84.24944000,-78.53541000
2.00561523,-74.74028000,-97.16949000,-79.53461000,-80.00941000
2.00622559,-75.26539000,-89.36020000,-74.78011000,-81.31203000
2.00683594,-77.35730000,-88.40714000,-75.59411000,-80.67920000
2.00744629,-74.39180000,-93.68550000,-80.82758000,-74.01641000
2.00805664,-72.33695000,-100.58770000,-77.07361000,-75.69995000
2.00866699,-76.57114000,-90.33317000,-76.41438000,-81.12278000
2.00927734,-88.53768000,-91.46617000,-73.82481000,-80.01614000
2.00988770,-77.06998000,-96.20438000,-66.25143000,-80.61285000
2.01049805,-80.87608000,-92.51395000,-65.71444000,-80.93795000
2.01110840,-73.90324000,-90.87903000,-67.20696000,-80.07537000
2.01171875,-73.33989000,-91.39327000,-69.54948000,-77.73274000
2.01232910,-72.30820000,-98.22105000,-70.88290000,-70.63641000
2.01293945,-73.37154000,-92.92523000,-70.29259000,-67.10866000
2.01354980,-81.22917000,-89.18147000,-69.93567000,-69.49754000
2.01416016,-81.92841000,-88.51231000,-72.92275000,-83.62560000
2.01477051,-86.25225000,-94.15664000,-73.01865000,-81.15871000
2.01538086,-89.28688000,-95.12959000,-72.57741000,-74.74631000
2.01599121,-83.42068000,-92.00507000,-74.81015000,-73.37127000
2.01660156,-82.60898000,-97.06176000,-73.16087000,-84.68605000
2.01721191,-87.97644000,-93.49915000,-71.44687000,-76.23706000
2.01782227,-85.40866000,-89.14629000,-69.62685000,-75.42399000
2.01843262,-84.59993000,-90.68585000,-67.05096000,-78.16496000
2.01904297,-90.00068000,-93.86111000,-69.68320000,-74.90157000
2.01965332,-90.92192000,-100.29210000,-74.38797000,-85.58519000
2.02026367,-87.41417000,-99.96161000,-69.44562000,-73.82198000
2.02087402,-83.34966000,-109.80950000,-67.48877000,-70.43391000
2.02148438,-76.82948000,-107.28880000,-69.16871000,-75.57009000
2.02209473,-77.13481000,-98.72867000,-69.58060000,-75.70477000
2.02270508,-80.54264000,-90.38615000,-68.36653000,-70.78999000
2.02331543,-78.23055000,-90.89532000,-65.35748000,-76.87639000
2.02392578,-75.74946000,-96.86725000,-64.96547000,-74.77538000
2.02453613,-77.18891000,-98.05943000,-71.67727000,-76.23895000
2.02514648,-83.43418000,-102.64140000,-79.77387000,-72.22979000
2.02575684,-84.78362000,-98.15929000,-86.27900000,-70.70922000
2.02636719,-100.33680000,-98.39524000,-71.59017000,-75.81952000
2.02697754,-81.06734000,-92.27518000,-67.21262000,-78.52486000
2.02758789,-77.67298000,-93.28387000,-67.60233000,-76.69631000
2.02819824,-77.05647000,-94.23763000,-66.50127000,-75.08264000
2.02880859,-81.00471000,-92.88338000,-66.02614000,-70.14085000
2.02941895,-86.23473000,-92.80692000,-68.17088000,-74.40448000
2.03002930,-86.35783000,-91.50369000,-77.65123000,-75.98910000
2.03063965,-93.23070000,-94.83692000,-67.06732000,-74.99989000
2.03125000,-84.14456000,-95.63658000,-65.26902000,-79.50124000
2.03186035,-78.76953000,-117.01880000,-68.03949000,-78.38029000
2.03247070,-81.39683000,-101.46160000,-76.04972000,-78.25054000
2.03308105,-86.67633000,-99.49581000,-71.49370000,-79.22270000
2.03369141,-93.45024000,-94.15016000,-69.06820000,-81.31116000
2.03430176,-85.79691000,-91.50560000,-69.89171000,-73.08531000
2.03491211,-75.54612000,-89.85979000,-75.62347000,-73.59595000
2.03552246,-73.03452000,-92.24090000,-72.98939000,-74.76376000
2.03613281,-69.03912000,-88.37654000,-73.43850000,-78.46926000
2.03674316,-62.94511000,-83.40335000,-76.64645000,-76.65010000
2.03735352,-62.71126000,-86.41823000,-72.81333000,-76.83295000
2.03796387,-67.60361000,-94.73042000,-71.14749000,-78.67194000
2.03857422,-70.66192000,-99.27539000,-71.42141000,-78.65744000
2.03918457,-76.53467000,-104.18040000,-72.69798000,-77.33161000
2.03979492,-88.51112000,-90.88973000,-76.96794000,-75.00343000
2.04040527,-81.12932000,-90.10907000,-72.72643000,-80.27388000
2.04101563,-96.40195000,-95.40141000,-68.53133000,-75.70406000
2.04162598,-87.12173000,-94.98200000,-70.02886000,-79.46569000
2.04223633,-81.63128000,-102.17710000,-74.48067000,-77.76607000
2.04284668,-77.27657000,-91.62567000,-75.42630000,-72.89556000
2.04345703,-80.45747000,-89.47142000,-79.18555000,-71.49519000
2.04406738,-85.99168000,-88.55927000,-81.48866000,-74.45575000
2.04467773,-75.38808000,-87.29839000,-69.60036000,-84.69412000
2.04528809,-73.79889000,-92.36008000,-65.73518000,-76.47523000
2.04589844,-75.65019000,-102.79280000,-65.24725000,-73.34636000
2.04650879,-77.27126000,-109.27620000,-65.08764000,-75.03030000
2.04711914,-81.43694000,-97.86032000,-67.90393000,-76.04003000
2.04772949,-87.11018000,-99.22150000,-75.70077000,-73.93050000
2.04833984,-83.56111000,-99.48625000,-80.49267000,-80.06763000
2.04895020,-81.36742000,-93.73466000,-74.17312000,-79.16370000
2.04956055,-88.63415000,-96.67358000,-71.11478000,-72.78316000
2.05017090,-86.97804000,-94.67178000,-72.19704000,-73.45537000
2.05078125,-77.51118000,-88.26210000,-70.93167000,-71.32446000
2.05139160,-75.81021000,-91.05839000,-68.53971000,-69.11784000
2.05200195,-85.31772000,-93.55445000,-68.55849000,-71.08936000
2.05261230,-84.79110000,-101.02110000,-70.22836000,-75.76270000
2.05322266,-82.68411000,-98.45309000,-76.81754000,-77.85088000
2.05383301,-85.11069000,-94.24709000,-74.67599000,-72.03162000
2.05444336,-82.51057000,-92.96978000,-78.41331000,-70.43460000
2.05505371,-75.87198000,-91.64600000,-72.90488000,-75.40446000
2.05566406,-75.63618000,-96.97102000,-67.34137000,-77.24917000
2.05627441,-78.43943000,-95.60543000,-71.17528000,-72.91207000
2.05688477,-88.01548000,-94.63486000,-78.61150000,-74.23974000
2.05749512,-81.95973000,-101.07520000,-68.74319000,-79.98276000
2.05810547,-80.12956000,-95.53471000,-68.43184000,-75.26147000
2.05871582,-81.69053000,-90.74522000,-73.87254000,-83.75839000
2.05932617,-85.23011000,-94.64317000,-72.95430000,-76.92393000
2.05993652,-80.34847000,-102.15110000,-72.93513000,-76.90349000
2.06054688,-83.22491000,-97.22912000,-77.60960000,-78.04179000
2.06115723,-78.85359000,-99.09219000,-70.12326000,-78.71529000
2.06176758,-72.50125000,-93.52544000,-65.17515000,-80.67186000
2.06237793,-72.68196000,-92.81418000,-64.75594000,-71.18049000
2.06298828,-73.70821000,-95.46776000,-66.76704000,-71.28104000
2.06359863,-73.42489000,-92.52687000,-69.44531000,-81.34833000
2.06420898,-73.82523000,-89.98890000,-69.38335000,-84.38666000
2.06481934,-77.23363000,-89.84253000,-66.41190000,-80.29740000
2.06542969,-87.94868000,-93.59758000,-68.48743000,-77.68709000
2.06604004,-80.40928000,-88.29858000,-74.75887000,-76.73524000
2.06665039,-75.46276000,-84.90422000,-74.40748000,-73.20937000
2.06726074,-80.29672000,-88.32653000,-72.90244000,-73.52045000
2.06787109,-79.32390000,-96.20041000,-74.05379000,-79.73789000
2.06848145,-79.04988000,-110.64890000,-71.40283000,-74.93069000
2.06909180,-85.75428000,-103.79680000,-70.28014000,-74.87962000
2.06970215,-92.64011000,-99.24657000,-70.20123000,-77.37262000
2.07031250,-77.07213000,-90.98473000,-70.97752000,-74.04761000
2.07092285,-74.04318000,-87.10442000,-72.31966000,-74.16472000
2.07153320,-76.08900000,-86.36148000,-67.32967000,-76.27086000
2.07214355,-78.25354000,-89.19908000,-70.12452000,-82.48367000
2.07275391,-74.33260000,-102.58890000,-78.72609000,-77.91120000
2.07336426,-69.13097000,-109.83090000,-75.25108000,-78.24241000
2.07397461,-70.61099000,-91.99385000,-73.23399000,-79.11402000
2.07458496,-77.75412000,-87.12760000,-69.05283000,-78.21308000
2.07519531,-79.43883000,-93.58566000,-68.43457000,-75.53073000
2.07580566,-78.48594000,-92.57773000,-68.71251000,-73.96128000
2.07641602,-96.65474000,-96.95695000,-73.35732000,-71.56346000
2.07702637,-77.36523000,-94.87481000,-75.13490000,-70.28070000
2.07763672,-75.42279000,-89.86607000,-65.44812000,-74.30685000
2.07824707,-76.33540000,-91.01022000,-64.62234000,-76.34822000
2.07885742,-80.13348000,-95.09665000,-69.50027000,-69.92533000
2.07946777,-80.74184000,-99.39895000,-70.15038000,-69.04594000
2.08007813,-80.90884000,-105.65350000,-75.18458000,-69.19975000
2.08068848,-83.31055000,-97.13550000,-86.43546000,-67.62848000
2.08129883,-84.61404000,-100.80440000,-77.76618000,-68.98944000
2.08190918,-74.94159000,-104.88700000,-68.91479000,-73.48006000
2.08251953,-75.31473000,-110.02060000,-65.67744000,-74.23490000
2.08312988,-89.64828000,-97.06321000,-67.96025000,-72.50587000
2.08374023,-84.33025000,-96.74022000,-76.79403000,-79.88458000
2.08435059,-85.45609000,-98.92068000,-78.75571000,-82.90546000
2.08496094,-96.01993000,-104.35290000,-74.67242000,-77.67739000
2.08557129,-83.09058000,-99.65805000,-71.53816000,-77.71722000
2.08618164,-86.10986000,-111.04490000,-72.39282000,-77.32832000
2.08679199,-87.40891000,-101.44370000,-73.90166000,-73.77229000
2.08740234,-78.80212000,-90.90034000,-70.06514000,-74.37096000
2.08801270,-80.69800000,-89.22317000,-72.01239000,-74.82037000
2.08862305,-83.77369000,-90.79300000,-76.20607000,-72.39954000
2.08923340,-74.50835000,-90.97358000,-66.98536000,-69.65541000
2.08984375,-73.21684000,-88.53807000,-68.93672000,-71.96645000
2.09045410,-73.32597000,-89.68041000,-71.37668000,-78.24477000
2.09106445,-75.51418000,-96.53876000,-68.27888000,-75.38241000
2.09167480,-81.79155000,-101.82640000,-69.41827000,-79.43343000
2.09228516,-90.17781000,-111.05990000,-71.27363000,-83.62361000
2.09289551,-78.06935000,-103.17340000,-67.62775000,-88.55164000
2.09350586,-73.81827000,-94.06684000,-65.53238000,-79.58757000
2.09411621,-77.25926000,-87.17450000,-73.77667000,-76.07792000
2.09472656,-76.32062000,-86.97830000,-74.72706000,-75.89960000
2.09533691,-77.17470000,-94.31060000,-74.99963000,-70.20214000
2.09594727,-78.86185000,-98.12527000,-75.19227000,-69.50993000
2.09655762,-76.29654000,-96.35085000,-79.43365000,-70.14877000
2.09716797,-76.68430000,-91.99817000,-74.61571000,-69.77852000
2.09777832,-74.26484000,-96.96305000,-70.30524000,-74.02390000
2.09838867,-73.66879000,-99.78253000,-69.52537000,-78.72392000
2.09899902,-74.06917000,-98.13262000,-65.98508000,-75.69159000
2.09960938,-71.41747000,-95.80502000,-63.88493000,-72.20119000
2.10021973,-71.63950000,-90.00877000,-66.73329000,-67.85822000
2.10083008,-74.72353000,-94.26311000,-69.83977000,-68.58448000
2.10144043,-76.09038000,-101.24550000,-69.34915000,-74.20264000
2.10205078,-76.95921000,-99.49940000,-65.82047000,-87.82141000
2.10266113,-86.14406000,-100.27060000,-64.64282000,-78.61894000
2.10327148,-95.34546000,-95.41356000,-69.01028000,-73.91354000
2.10388184,-81.77184000,-94.94492000,-76.17921000,-70.08592000
2.10449219,-76.89043000,-92.15697000,-76.14252000,-68.81393000
2.10510254,-82.41959000,-97.67049000,-74.41254000,-70.45869000
2.10571289,-81.72946000,-97.81943000,-74.46535000,-73.14095000
2.10632324,-80.43648000,-110.38580000,-75.43010000,-81.79954000
2.10693359,-82.01652000,-90.91713000,-70.83746000,-76.19866000
2.10754395,-74.89702000,-87.62666000,-67.63454000,-71.71016000
2.10815430,-78.20255000,-88.11728000,-67.47329000,-77.22447000
2.10876465,-85.45432000,-92.10949000,-67.40860000,-79.29597000
2.10937500,-78.75864000,-96.37725000,-63.64992000,-87.41225000
2.10998535,-79.11452000,-99.51146000,-64.54836000,-81.12798000
2.11059570,-94.94316000,-130.12690000,-70.24409000,-81.14780000
2.11120605,-77.11069000,-104.90280000,-72.77522000,-81.97684000
2.11181641,-73.95428000,-94.74809000,-72.26728000,-77.94261000
2.11242676,-75.82584000,-95.64426000,-81.69011000,-81.66778000
2.11303711,-80.16143000,-101.84250000,-75.33219000,-79.12283000
2.11364746,-75.70953000,-99.07988000,-73.69075000,-75.98394000
2.11425781,-72.80643000,-98.38661000,-84.54151000,-74.50224000
2.11486816,-83.95836000,-99.85458000,-70.65540000,-69.90714000
2.11547852,-74.58064000,-98.95691000,-68.66119000,-66.32690000
2.11608887,-75.99741000,-92.25112000,-73.68190000,-64.39543000
2.11669922,-91.51611000,-92.39153000,-76.13602000,-65.33515000
2.11730957,-77.11906000,-99.17767000,-80.81935000,-72.00247000
2.11791992,-77.32779000,-90.41951000,-77.80122000,-73.44758000
2.11853027,-73.97516000,-91.62698000,-78.31739000,-73.23817000
2.11914063,-74.28891000,-91.96041000,-83.32233000,-75.31569000
2.11975098,-76.26976000,-95.18068000,-72.49902000,-95.28202000
2.12036133,-77.87926000,-100.74230000,-67.22175000,-73.60664000
2.12097168,-83.69201000,-92.17918000,-70.03131000,-71.69882000
2.12158203,-83.22549000,-92.17784000,-91.67198000,-75.69511000
2.12219238,-77.80869000,-104.18850000,-76.57497000,-76.33088000
2.12280273,-80.37648000,-90.13908000,-71.93297000,-74.89024000
2.12341309,-91.36450000,-89.53955000,-68.32919000,-81.21410000
2.12402344,-82.57362000,-94.17082000,-70.84263000,-80.58438000
2.12463379,-78.50246000,-95.27870000,-72.80193000,-70.60017000
2.12524414,-79.84872000,-96.75439000,-75.76757000,-68.13301000
2.12585449,-89.03789000,-107.03500000,-75.19090000,-68.49348000
2.12646484,-81.51050000,-101.61510000,-67.34023000,-67.51819000
2.12707520,-76.35730000,-93.73474000,-63.91704000,-65.62200000
2.12768555,-78.01126000,-89.88540000,-65.15693000,-68.23614000
2.12829590,-77.11594000,-92.39846000,-67.62354000,-79.03439000
2.12890625,-76.71918000,-94.17592000,-66.97154000,-76.26386000
2.12951660,-84.44855000,-92.27180000,-68.57745000,-73.15893000
2.13012695,-77.08666000,-92.12521000,-71.15990000,-76.02605000
2.13073730,-73.12959000,-89.61388000,-71.06785000,-78.83669000
2.13134766,-75.40437000,-92.39857000,-68.50568000,-74.13358000
2.13195801,-71.07277000,-101.58230000,-66.64301000,-78.85850000
2.13256836,-71.96404000,-97.80959000,-71.63836000,-72.30119000
2.13317871,-77.19386000,-97.71078000,-85.05980000,-67.07649000
2.13378906,-74.45440000,-87.73981000,-87.23726000,-69.15909000
2.13439941,-74.58976000,-88.94227000,-80.80216000,-71.78517000
2.13500977,-83.16306000,-98.39438000,-73.79301000,-69.50798000
2.13562012,-76.55099000,-100.44120000,-69.90546000,-72.93845000
2.13623047,-73.13380000,-97.87576000,-75.63170000,-98.77496000
2.13684082,-65.40015000,-95.98912000,-79.38892000,-74.56849000
2.13745117,-64.11385000,-100.09680000,-74.75200000,-76.31119000
2.13806152,-69.41420000,-98.44006000,-72.30738000,-84.10133000
2.13867188,-76.30524000,-94.29542000,-68.07361000,-73.47194000
2.13928223,-75.54317000,-92.83623000,-66.90643000,-71.18878000
2.13989258,-78.46619000,-91.12774000,-72.60004000,-75.17043000
2.14050293,-71.66454000,-93.64870000,-75.16035000,-80.60583000
2.14111328,-71.69820000,-111.37580000,-67.77859000,-80.80296000
2.14172363,-80.67292000,-92.76639000,-68.80665000,-87.50718000
2.14233398,-82.49706000,-95.13894000,-69.81924000,-82.83100000
2.14294434,-74.94697000,-92.79543000,-70.46555000,-72.76188000
2.14355469,-74.93581000,-89.37842000,-79.72945000,-70.40450000
2.14416504,-73.09956000,-93.05206000,-75.02845000,-73.41699000
2.14477539,-75.11399000,-93.99948000,-69.25908000,-77.41195000
2.14538574,-83.95274000,-91.87148000,-74.41084000,-79.98218000
2.14599609,-88.14250000,-94.09959000,-76.50666000,-69.24390000
2.14660645,-82.49538000,-96.32844000,-75.78111000,-68.21324000
2.14721680,-79.28853000,-92.41025000,-76.02160000,-72.53753000
2.14782715,-79.79893000,-100.20110000,-70.14592000,-80.84321000
2.14843750,-76.62630000,-96.35021000,-71.35993000,-78.40764000
2.14904785,-73.52326000,-97.13173000,-72.83965000,-73.90241000
2.14965820,-74.37953000,-92.17889000,-72.26711000,-85.12781000
2.15026855,-76.57198000,-90.73329000,-78.94505000,-79.98428000
2.15087891,-93.98141000,-93.20290000,-85.56205000,-87.33400000
2.15148926,-79.58172000,-103.70170000,-75.57476000,-73.66663000
2.15209961,-78.26835000,-101.66710000,-69.18662000,-69.25719000
2.15270996,-79.29374000,-98.80470000,-70.76031000,-70.00394000
2.15332031,-82.35259000,-101.87430000,-72.79368000,-76.54222000
2.15393066,-89.14975000,-90.66411000,-68.00758000,-85.78427000
2.15454102,-78.38898000,-86.75952000,-69.78953000,-77.07500000
2.15515137,-94.93481000,-87.53877000,-72.89037000,-76.85109000
2.15576172,-77.38076000,-91.38762000,-95.81958000,-78.21822000
2.15637207,-75.50490000,-97.68150000,-74.32959000,-82.78120000
2.15698242,-79.55672000,-96.62772000,-76.33253000,-82.52483000
2.15759277,-88.18291000,-90.41805000,-78.01170000,-78.48019000
2.15820313,-80.01300000,-93.63652000,-71.01614000,-79.60432000
2.15881348,-76.79934000,-95.89624000,-69.48196000,-74.98785000
2.15942383,-78.14767000,-90.70884000,-73.65535000,-76.50091000
2.16003418,-81.61169000,-89.89288000,-77.11076000,-74.07119000
2.16064453,-97.18212000,-93.78351000,-82.59100000,-71.48895000
2.16125488,-81.31896000,-102.80430000,-82.38708000,-70.76581000
2.16186523,-77.55273000,-98.22018000,-79.27081000,-70.10848000
2.16247559,-82.73995000,-97.68614000,-84.13348000,-71.51513000
2.16308594,-76.69182000,-94.20139000,-80.33395000,-74.30620000
2.16369629,-70.78170000,-103.41040000,-84.34284000,-89.53419000
2.16430664,-72.91827000,-91.62805000,-81.50244000,-76.16805000
2.16491699,-80.99193000,-88.80082000,-74.25235000,-80.23380000
2.16552734,-82.70809000,-91.16158000,-84.32603000,-87.23908000
2.16613770,-84.07251000,-95.19131000,-73.86012000,-78.64961000
2.16674805,-84.98718000,-89.86150000,-76.72530000,-74.59716000
2.16735840,-82.81831000,-86.11313000,-69.04489000,-78.96681000
2.16796875,-80.62939000,-86.21657000,-66.05564000,-81.38724000
2.16857910,-77.58287000,-88.44092000,-66.93468000,-76.72569000
2.16918945,-82.51880000,-102.45480000,-73.37492000,-73.99563000
2.16979980,-79.69096000,-93.57716000,-73.94874000,-71.02334000
2.17041016,-82.42957000,-97.88391000,-76.26461000,-72.77808000
2.17102051,-77.96758000,-94.21072000,-77.64970000,-76.87823000
2.17163086,-77.23277000,-94.69811000,-77.53674000,-78.39200000
2.17224121,-67.34058000,-96.61604000,-65.98001000,-78.93523000
2.17285156,-63.79364000,-98.38861000,-61.66343000,-72.21251000
2.17346191,-70.75762000,-93.37675000,-65.41678000,-69.08790000
2.17407227,-79.01288000,-92.53464000,-75.10323000,-69.56729000
2.17468262,-85.78540000,-89.42918000,-72.94554000,-69.10852000
2.17529297,-90.55429000,-92.13967000,-71.26948000,-72.23507000
2.17590332,-94.99172000,-111.79830000,-67.65118000,-74.84440000
2.17651367,-86.93620000,-94.85689000,-68.99309000,-73.85180000
2.17712402,-87.47875000,-89.45520000,-79.39052000,-73.61123000
2.17773438,-86.95779000,-87.02956000,-75.76834000,-69.91057000
2.17834473,-81.97124000,-87.56982000,-66.27795000,-71.75121000
2.17895508,-80.65453000,-88.04929000,-64.69798000,-76.70824000
2.17956543,-78.13236000,-88.15285000,-71.64450000,-72.89766000
2.18017578,-74.22040000,-90.96816000,-84.97308000,-75.27871000
2.18078613,-74.43307000,-101.29540000,-72.38040000,-80.66145000
2.18139648,-84.61964000,-87.03596000,-70.09151000,-82.75101000
2.18200684,-76.19830000,-87.84817000,-70.26442000,-76.89847000
2.18261719,-75.17159000,-94.74533000,-72.37174000,-73.01246000
2.18322754,-77.09930000,-96.30996000,-73.77290000,-71.36170000
2.18383789,-78.15081000,-98.52597000,-69.88389000,-68.48554000
2.18444824,-77.58287000,-94.69655000,-65.33149000,-67.93164000
2.18505859,-75.84856000,-94.80437000,-65.08410000,-71.03948000
2.18566895,-80.12695000,-92.13790000,-72.03002000,-70.97253000
2.18627930,-83.51906000,-92.60986000,-68.83792000,-70.14121000
2.18688965,-87.62251000,-93.75988000,-74.70346000,-71.42281000
2.18750000,-89.29587000,-93.80807000,-76.97652000,-70.67274000
2.18811035,-83.78804000,-98.78139000,-71.73806000,-75.03106000
2.18872070,-88.88332000,-97.48013000,-64.58787000,-77.91411000
2.18933105,-73.62553000,-94.59100000,-68.31147000,-73.43404000
2.18994141,-66.37464000,-82.03183000,-81.76198000,-72.78436000
2.19055176,-68.68608000,-82.02378000,-70.39281000,-73.52457000
2.19116211,-87.14618000,-86.78598000,-74.07985000,-74.13878000
2.19177246,-83.71629000,-86.23831000,-72.31399000,-76.60240000
2.19238281,-85.62096000,-90.45409000,-70.56338000,-86.27827000
2.19299316,-77.69947000,-87.99277000,-71.75658000,-75.80867000
2.19360352,-79.47627000,-94.91733000,-71.18454000,-72.42931000
2.19421387,-71.22784000,-82.37193000,-64.76794000,-79.49653000
2.19482422,-72.23795000,-81.48513000,-66.63152000,-87.41467000
2.19543457,-84.52315000,-92.73431000,-80.26218000,-83.80706000
2.19604492,-83.89276000,-90.71537000,-69.85941000,-81.33730000
2.19665527,-81.03771000,-91.57213000,-64.94373000,-76.24118000
2.19726563,-84.96063000,-94.72684000,-73.01968000,-72.59908000
2.19787598,-76.51069000,-88.61870000,-80.08572000,-74.17321000
2.19848633,-72.53663000,-87.49432000,-71.62640000,-89.34234000
2.19909668,-73.75778000,-89.20793000,-68.28561000,-77.95421000
2.19970703,-79.89366000,-91.40016000,-66.57509000,-71.92473000
2.20031738,-89.64111000,-101.68270000,-66.51570000,-75.78578000
2.20092773,-94.87527000,-91.36875000,-69.88786000,-76.35966000
2.20153809,-81.45367000,-93.11351000,-81.74342000,-70.39040000
2.20214844,-75.48811000,-107.03140000,-72.69772000,-69.54424000
2.20275879,-75.72165000,-105.54190000,-68.27023000,-71.75712000
2.20336914,-79.78728000,-99.71507000,-71.43678000,-77.34035000
2.20397949,-86.73714000,-100.00990000,-77.56469000,-77.98425000
2.20458984,-78.43781000,-100.44400000,-77.29352000,-94.98994000
2.20520020,-76.54445000,-99.58681000,-72.00586000,-74.33162000
2.20581055,-77.15533000,-111.67350000,-68.95463000,-77.14079000
2.20642090,-71.33926000,-95.71553000,-70.06935000,-87.71783000
2.20703125,-73.06915000,-92.29150000,-69.83084000,-79.80544000
2.20764160,-80.44616000,-93.78151000,-73.67059000,-72.62297000
2.20825195,-85.88662000,-95.27894000,-79.57919000,-69.77058000
2.20886230,-79.19432000,-91.64574000,-77.70416000,-70.77412000
2.20947266,-75.69183000,-90.64955000,-70.50841000,-75.55213000
2.21008301,-75.33234000,-94.63901000,-78.24808000,-83.75885000
2.21069336,-76.82899000,-103.53720000,-87.74487000,-74.47416000
2.21130371,-73.82245000,-92.81239000,-72.12718000,-71.29357000
2.21191406,-71.42394000,-97.60046000,-71.63832000,-74.28033000
2.21252441,-71.16859000,-102.73940000,-74.71774000,-79.52031000
2.21313477,-74.37993000,-97.93182000,-76.30736000,-79.73334000
2.21374512,-80.52493000,-94.15859000,-78.62763000,-70.75291000
2.21435547,-87.03156000,-91.64603000,-73.44699000,-70.22223000
2.21496582,-83.83289000,-94.13092000,-80.69215000,-72.55151000
2.21557617,-75.70658000,-106.62080000,-72.29913000,-72.62760000
2.21618652,-81.08901000,-96.73901000,-65.55676000,-75.48422000
2.21679688,-78.04726000,-91.57677000,-65.23723000,-76.12416000
2.21740723,-73.31762000,-90.69937000,-70.23322000,-78.54726000
2.21801758,-75.11541000,-96.51200000,-72.49854000,-84.15803000
2.21862793,-80.50401000,-93.97769000,-71.61091000,-91.64925000
2.21923828,-79.95525000,-90.07285000,-75.07156000,-80.75261000
2.21984863,-82.52014000,-86.27875000,-75.26430000,-70.12628000
2.22045898,-78.89727000,-87.22345000,-69.89331000,-69.67660000
2.22106934,-81.53457000,-96.29157000,-75.64932000,-76.69795000
2.22167969,-86.74014000,-92.24310000,-83.21342000,-85.89090000
2.22229004,-79.81553000,-100.61640000,-76.34891000,-77.21175000
2.22290039,-79.79352000,-99.41299000,-77.47276000,-72.78256000
2.22351074,-82.61407000,-96.05804000,-83.76807000,-77.17744000
2.22412109,-86.83830000,-91.96224000,-79.36725000,-77.61250000
2.22473145,-79.85010000,-98.87531000,-73.64912000,-75.69762000
2.22534180,-77.82687000,-99.78168000,-71.15456000,-82.19967000
2.22595215,-83.39494000,-98.28114000,-72.39632000,-77.99591000
2.22656250,-81.12370000,-109.09700000,-76.79266000,-72.89717000
2.22717285,-76.67298000,-94.94724000,-74.41197000,-73.21436000
2.22778320,-74.29385000,-97.62874000,-75.75192000,-82.93910000
2.22839355,-72.18953000,-100.42230000,-89.88609000,-72.64777000
2.22900391,-75.29107000,-91.53981000,-81.70739000,-76.20950000
2.22961426,-84.96169000,-89.32849000,-82.44231000,-73.26096000
2.23022461,-94.42963000,-88.08274000,-81.06628000,-69.95589000
2.23083496,-83.18974000,-89.41762000,-75.43553000,-71.59325000
2.23144531,-79.43298000,-89.56770000,-84.11376000,-69.34697000
2.23205566,-81.13896000,-90.91345000,-79.15824000,-77.84239000
2.23266602,-87.07939000,-99.24026000,-79.81815000,-78.41795000
2.23327637,-82.48093000,-91.37508000,-74.32180000,-76.27072000
2.23388672,-77.58450000,-86.94234000,-69.59363000,-69.62070000
2.23449707,-85.91339000,-90.47417000,-72.11309000,-70.17688000
2.23510742,-77.77044000,-99.33224000,-80.27847000,-79.09623000
2.23571777,-76.46827000,-104.09780000,-72.87370000,-75.97791000
2.23632813,-80.62942000,-98.15553000,-68.94748000,-68.31586000
2.23693848,-72.93520000,-96.35749000,-70.79936000,-69.55894000
2.23754883,-71.74073000,-100.53370000,-75.71868000,-80.12572000
2.23815918,-74.72012000,-89.89304000,-78.57185000,-81.43448000
2.23876953,-77.94667000,-89.85484000,-78.01611000,-73.11448000
2.23937988,-81.45860000,-93.43833000,-68.84413000,-71.16590000
2.23999023,-79.87727000,-94.49212000,-65.70663000,-75.53148000
2.24060059,-79.80724000,-93.00584000,-70.37510000,-79.52493000
2.24121094,-81.88152000,-95.73795000,-68.03340000,-77.48817000
2.24182129,-77.52025000,-95.57693000,-67.58180000,-73.29706000
2.24243164,-81.67157000,-90.84908000,-69.73565000,-79.08294000
2.24304199,-83.00945000,-91.46140000,-72.39182000,-76.72250000
2.24365234,-77.44216000,-91.21768000,-73.57843000,-77.42242000
2.24426270,-75.54024000,-92.04710000,-82.23880000,-77.22657000
2.24487305,-79.11197000,-90.36351000,-74.95627000,-74.08778000
2.24548340,-85.78929000,-89.82827000,-76.93378000,-71.73201000
2.24609375,-84.66747000,-95.84784000,-83.30140000,-71.18402000
2.24670410,-80.02911000,-95.47734000,-82.82281000,-72.70709000
2.24731445,-74.77668000,-90.34814000,-67.67979000,-76.13219000
2.24792480,-73.76426000,-90.08511000,-64.56823000,-79.32442000
2.24853516,-74.53975000,-90.94788000,-69.70574000,-75.38190000
2.24914551,-74.81518000,-90.87136000,-70.71104000,-87.64507000
2.24975586,-75.93604000,-93.71144000,-72.57977000,-80.65556000
2.25036621,-75.80432000,-110.30260000,-74.89148000,-90.55502000
2.25097656,-82.53249000,-100.69580000,-68.98114000,-77.01083000
2.25158691,-90.74584000,-104.64190000,-69.08700000,-81.46397000
2.25219727,-84.50977000,-104.27320000,-77.77612000,-76.52587000
2.25280762,-79.61446000,-98.36804000,-64.00567000,-82.65052000
2.25341797,-83.42921000,-96.38432000,-63.12382000,-73.46584000
2.25402832,-69.55534000,-93.90311000,-70.45558000,-74.99797000
2.25463867,-69.43727000,-88.95808000,-77.38761000,-79.97259000
2.25524902,-74.04563000,-87.58414000,-70.57183000,-71.79472000
2.25585938,-74.57915000,-87.07260000,-71.64395000,-72.04210000
2.25646973,-80.83645000,-86.34304000,-80.55149000,-76.70847000
2.25708008,-75.04706000,-89.19892000,-72.58778000,-77.57726000
2.25769043,-73.47559000,-105.63130000,-69.25044000,-77.49655000
2.25830078,-75.01730000,-95.14390000,-70.85756000,-75.02473000
2.25891113,-73.39484000,-89.37763000,-70.25376000,-70.13936000
2.25952148,-71.21362000,-89.84563000,-68.54412000,-72.36276000
2.26013184,-72.83654000,-90.50574000,-70.40606000,-73.60529000
2.26074219,-76.31065000,-88.64207000,-76.32143000,-75.39391000
2.26135254,-83.60218000,-86.60701000,-79.39317000,-73.27515000
2.26196289,-72.16260000,-88.23956000,-73.22040000,-76.38226000
2.26257324,-72.52782000,-92.61723000,-68.43794000,-81.91506000
2.26318359,-77.28941000,-91.46834000,-68.63075000,-76.99628000
2.26379395,-72.22719000,-91.66602000,-69.53525000,-69.65034000
2.26440430,-75.48135000,-94.55669000,-71.20181000,-67.59786000
2.26501465,-78.53179000,-99.15291000,-72.34349000,-70.61680000
2.26562500,-73.73029000,-93.47122000,-76.04118000,-78.61491000
2.26623535,-81.34042000,-97.08157000,-74.80135000,-81.52614000
2.26684570,-69.82623000,-108.00610000,-67.42781000,-75.29197000
2.26745605,-62.74406000,-100.10640000,-67.50297000,-76.36091000
2.26806641,-64.56178000,-93.42587000,-70.87834000,-75.78893000
2.26867676,-73.21496000,-90.86788000,-71.97633000,-75.47411000
2.26928711,-72.70154000,-88.37671000,-71.42252000,-72.93154000
2.26989746,-73.49362000,-90.88119000,-66.63741000,-71.59740000
2.27050781,-75.10460000,-100.02370000,-68.33543000,-71.22862000
2.27111816,-85.68860000,-100.55400000,-80.36382000,-75.08586000
2.27172852,-80.48732000,-102.50340000,-81.35471000,-82.02511000
2.27233887,-70.74052000,-91.99753000,-73.57017000,-82.68355000
2.27294922,-68.98296000,-91.69808000,-67.24370000,-76.80522000
2.27355957,-75.85698000,-103.87460000,-65.32607000,-93.74783000
2.27416992,-73.25484000,-100.24910000,-68.18852000,-77.45404000
2.27478027,-71.69077000,-98.29636000,-67.35719000,-78.51801000
2.27539063,-72.86359000,-94.35168000,-66.01521000,-77.42364000
2.27600098,-72.62996000,-92.17490000,-74.90492000,-70.90944000
2.27661133,-74.44791000,-91.45058000,-76.81448000,-72.14543000
2.27722168,-74.25381000,-91.49895000,-71.71024000,-71.61984000
2.27783203,-74.00153000,-102.86110000,-67.79374000,-71.11278000
2.27844238,-77.42018000,-96.54733000,-66.15825000,-74.22268000
2.27905273,-80.66276000,-97.98944000,-67.96048000,-83.78440000
2.27966309,-84.02348000,-90.53445000,-68.58907000,-72.16735000
2.28027344,-80.35185000,-85.62425000,-70.41846000,-75.42479000
2.28088379,-74.47255000,-88.64379000,-74.26004000,-83.51395000
2.28149414,-73.43015000,-99.88247000,-78.63948000,-72.94227000
2.28210449,-79.64729000,-98.92418000,-76.20909000,-73.57460000
2.28271484,-82.86801000,-92.77703000,-71.81422000,-78.86481000
2.28332520,-75.25684000,-91.05661000,-72.91052000,-80.62598000
2.28393555,-74.15482000,-96.10027000,-83.06688000,-79.79126000
2.28454590,-78.38393000,-92.08131000,-69.80930000,-73.21343000
2.28515625,-77.81496000,-90.35142000,-66.55244000,-71.90656000
2.28576660,-75.22552000,-98.20922000,-69.52649000,-71.66422000
2.28637695,-80.52784000,-90.75172000,-74.40491000,-71.82087000
2.28698730,-92.03870000,-90.91449000,-76.94934000,-78.30151000
2.28759766,-87.47198000,-92.91631000,-74.33749000,-80.44433000
2.28820801,-75.54198000,-101.54650000,-76.76976000,-70.34355000
2.28881836,-72.04948000,-107.30770000,-84.45108000,-69.06942000
2.28942871,-73.22401000,-98.99136000,-81.22726000,-76.60242000
2.29003906,-75.33379000,-90.70576000,-77.93134000,-78.11896000
2.29064941,-79.25441000,-96.93699000,-72.33640000,-75.26099000
2.29125977,-99.54475000,-100.66210000,-68.75813000,-70.78002000
2.29187012,-85.58044000,-97.72836000,-68.26114000,-69.20351000
2.29248047,-90.15366000,-94.32123000,-71.40327000,-72.00540000
2.29309082,-79.63425000,-91.64432000,-68.89339000,-76.53511000
2.29370117,-72.52259000,-89.00713000,-66.79840000,-83.94452000
2.29431152,-69.64114000,-84.77383000,-66.34875000,-78.10058000
2.29492188,-76.16573000,-85.89477000,-71.09811000,-72.06898000
2.29553223,-81.43703000,-91.26787000,-84.37150000,-70.37341000
2.29614258,-79.17550000,-93.15978000,-72.66649000,-71.37426000
2.29675293,-71.23354000,-100.79220000,-67.79061000,-69.75017000
2.29736328,-71.91149000,-96.54460000,-67.16630000,-70.34750000
2.29797363,-74.95271000,-91.58749000,-73.58934000,-71.46012000
2.29858398,-74.78555000,-89.83823000,-73.51663000,-80.28854000
2.29919434,-72.33245000,-88.86631000,-70.13239000,-71.92913000
2.29980469,-72.84663000,-91.90551000,-72.81263000,-70.41236000
2.30041504,-77.46632000,-98.05653000,-77.09971000,-71.90424000
2.30102539,-81.17618000,-101.14710000,-75.66129000,-71.12699000
2.30163574,-90.05177000,-92.20090000,-75.88268000,-71.70261000
2.30224609,-77.02620000,-89.97817000,-68.73697000,-77.46901000
2.30285645,-75.50645000,-90.16963000,-66.47831000,-92.72330000
2.30346680,-75.17660000,-89.20074000,-68.88345000,-96.65651000
2.30407715,-72.95377000,-92.32396000,-70.59426000,-80.25305000
2.30468750,-74.00746000,-89.96785000,-69.65885000,-73.72369000
2.30529785,-76.53543000,-87.37466000,-78.57896000,-77.06818000
2.30590820,-80.15515000,-88.81298000,-79.13169000,-84.46663000
2.30651855,-93.99864000,-90.50066000,-76.31063000,-79.16244000
2.30712891,-82.83696000,-92.22279000,-69.68344000,-78.31868000
2.30773926,-80.81664000,-98.77799000,-69.91985000,-74.97397000
2.30834961,-80.68251000,-105.47320000,-74.27972000,-75.37485000
2.30895996,-86.67785000,-95.67696000,-73.99065000,-74.28050000
2.30957031,-84.78469000,-89.43126000,-74.84834000,-74.14675000
2.31018066,-85.46660000,-86.45654000,-84.73461000,-73.07857000
2.31079102,-77.51948000,-93.78685000,-75.23921000,-73.79933000
2.31140137,-79.33440000,-95.99392000,-75.53871000,-88.69853000
2.31201172,-82.46659000,-98.15578000,-67.77641000,-69.24297000
2.31262207,-77.37738000,-96.44627000,-70.30247000,-68.54766000
2.31323242,-77.45218000,-88.79250000,-72.09565000,-80.18036000
2.31384277,-89.75128000,-85.76494000,-71.22707000,-74.51060000
2.31445313,-79.67992000,-87.04239000,-65.82857000,-70.22469000
2.31506348,-76.90004000,-95.20142000,-65.60474000,-73.87816000
2.31567383,-78.28619000,-95.20422000,-70.36160000,-83.79213000
2.31628418,-86.33569000,-90.86353000,-68.07696000,-81.00761000
2.31689453,-80.44292000,-86.84093000,-65.97731000,-75.94736000
2.31750488,-83.77507000,-86.12875000,-69.99492000,-74.26850000
2.31811523,-80.28838000,-88.90042000,-81.24412000,-75.65972000
2.31872559,-76.09340000,-96.65421000,-73.48027000,-77.30052000
2.31933594,-81.19736000,-97.56512000,-72.75961000,-74.58321000
2.31994629,-87.60520000,-92.93220000,-81.60933000,-75.80410000
2.32055664,-92.87627000,-93.44032000,-71.59029000,-79.07023000
2.32116699,-80.99590000,-98.00612000,-67.70750000,-93.88381000
2.32177734,-77.68556000,-87.42611000,-67.46240000,-78.83089000
2.32238770,-77.63040000,-89.59970000,-78.86246000,-72.71674000
2.32299805,-84.94491000,-103.25570000,-68.68411000,-70.81872000
2.32360840,-91.47565000,-90.67284000,-67.10267000,-70.41893000
2.32421875,-76.70627000,-93.10651000,-73.57021000,-67.79558000
2.32482910,-74.26493000,-104.15660000,-71.47521000,-66.54478000
2.32543945,-81.98704000,-98.14622000,-67.83032000,-69.56310000
2.32604980,-88.26587000,-95.51704000,-64.97721000,-78.30904000
2.32666016,-87.45549000,-100.42250000,-66.25143000,-83.81522000
2.32727051,-84.36568000,-93.64838000,-73.49977000,-77.85742000
2.32788086,-82.00917000,-98.15975000,-80.25075000,-76.32372000
2.32849121,-85.96289000,-113.09980000,-74.93466000,-74.52637000
2.32910156,-90.15527000,-94.24522000,-77.48361000,-70.66131000
2.32971191,-85.93507000,-93.58562000,-76.64458000,-71.57748000
2.33032227,-83.69344000,-107.21390000,-80.43858000,-68.75934000
2.33093262,-80.39835000,-96.40140000,-78.03165000,-70.19334000
2.33154297,-84.38279000,-92.29237000,-77.40019000,-76.57518000
2.33215332,-88.92376000,-100.98030000,-76.53868000,-80.74456000
2.33276367,-81.48729000,-89.13507000,-74.14040000,-83.99586000
2.33337402,-79.99185000,-85.78208000,-87.66244000,-95.14473000
2.33398438,-88.36516000,-87.87614000,-75.46642000,-87.87752000
2.33459473,-86.02902000,-94.25701000,-72.40953000,-77.51060000
2.33520508,-87.67336000,-98.78447000,-75.69253000,-76.48968000
2.33581543,-81.27283000,-89.12383000,-71.67332000,-79.60275000
2.33642578,-81.12321000,-89.97488000,-76.93078000,-71.94760000
2.33703613,-93.69894000,-95.66254000,-88.32690000,-79.33400000
2.33764648,-87.42451000,-92.60487000,-78.02592000,-76.07901000
2.33825684,-86.03728000,-93.91176000,-74.53854000,-76.50686000
2.33886719,-79.24748000,-103.67950000,-77.59868000,-75.13511000
2.33947754,-76.78718000,-93.91517000,-73.06081000,-74.43993000
2.34008789,-75.01120000,-89.63937000,-70.74322000,-73.23742000
2.34069824,-79.73270000,-89.08479000,-79.24120000,-77.66512000
2.34130859,-87.44061000,-93.94460000,-75.17180000,-76.36600000
2.34191895,-81.16738000,-96.93623000,-80.15678000,-78.53737000
2.34252930,-74.74816000,-90.72794000,-71.45992000,-76.99844000
2.34313965,-72.83302000,-94.51064000,-69.97703000,-73.73308000
2.34375000,-74.23241000,-95.46266000,-74.74071000,-72.74947000
2.34436035,-76.25662000,-92.25317000,-72.24221000,-72.83720000
2.34497070,-71.83620000,-93.99696000,-64.94591000,-77.91389000
2.34558105,-73.78722000,-97.09976000,-64.56258000,-82.02030000
2.34619141,-77.86366000,-99.05455000,-68.99991000,-77.40855000
2.34680176,-77.38522000,-105.75710000,-73.33678000,-77.96970000
2.34741211,-78.13431000,-98.57600000,-80.59745000,-85.47897000
2.34802246,-73.97025000,-89.27748000,-76.27109000,-86.17386000
2.34863281,-70.40649000,-86.77181000,-71.61600000,-74.34256000
2.34924316,-70.28983000,-91.95737000,-69.46484000,-74.67556000
2.34985352,-74.75175000,-96.71519000,-66.88556000,-73.53500000
2.35046387,-77.32583000,-94.45622000,-66.35893000,-69.43565000
2.35107422,-77.40777000,-99.82332000,-66.87180000,-69.94255000
2.35168457,-81.20785000,-102.32440000,-68.37865000,-71.49993000
2.35229492,-84.06617000,-91.37378000,-70.09364000,-75.07240000
2.35290527,-88.70372000,-91.34337000,-69.96049000,-75.80459000
2.35351563,-89.11584000,-96.96286000,-70.41794000,-72.05032000
2.35412598,-89.25740000,-89.28906000,-72.13525000,-74.05771000
2.35473633,-86.10892000,-87.48418000,-69.35973000,-85.61150000
2.35534668,-82.72690000,-88.86712000,-67.23748000,-72.82217000
2.35595703,-83.22671000,-91.81137000,-67.10010000,-77.94786000
2.35656738,-79.89762000,-90.43712000,-68.64089000,-72.41129000
2.35717773,-74.54660000,-89.92728000,-75.97685000,-69.04291000
2.35778809,-75.28168000,-92.43814000,-71.75872000,-78.35313000
2.35839844,-87.36125000,-95.58158000,-68.37340000,-76.59070000
2.35900879,-76.44615000,-97.48862000,-69.24938000,-74.40391000
2.35961914,-74.29639000,-97.58665000,-69.42300000,-88.51558000
2.36022949,-78.28965000,-93.34615000,-69.72245000,-77.05214000
2.36083984,-77.12659000,-90.26848000,-69.35477000,-84.19883000
2.36145020,-75.59127000,-88.29041000,-67.30053000,-75.16047000
2.36206055,-76.28987000,-90.23061000,-70.01609000,-79.17717000
2.36267090,-76.43861000,-95.42792000,-75.24675000,-83.12443000
2.36328125,-78.38640000,-106.81790000,-76.59395000,-76.68587000
2.36389160,-82.03103000,-98.86581000,-74.86913000,-74.77283000
2.36450195,-86.29009000,-99.94144000,-70.93665000,-75.71948000
2.36511230,-87.43204000,-98.63564000,-65.80104000,-71.76501000
2.36572266,-77.23915000,-90.22760000,-67.24185000,-75.57068000
2.36633301,-71.28848000,-86.74887000,-74.55147000,-79.17469000
2.36694336,-73.09335000,-87.77759000,-76.19847000,-73.76049000
2.36755371,-81.89345000,-92.26691000,-73.85199000,-68.97678000
2.36816406,-78.02059000,-100.31600000,-81.96716000,-69.24293000
2.36877441,-74.98604000,-96.03358000,-75.37025000,-70.40257000
2.36938477,-84.33327000,-88.28960000,-74.75864000,-72.27471000
2.36999512,-75.70207000,-86.17529000,-71.20878000,-78.64169000
2.37060547,-71.93707000,-85.39963000,-70.42947000,-80.04539000
2.37121582,-72.01817000,-90.75454000,-72.84496000,-78.88353000
2.37182617,-72.33076000,-96.43937000,-77.17242000,-79.79094000
2.37243652,-78.59152000,-102.08420000,-79.54614000,-80.34942000
2.37304688,-76.55648000,-93.64159000,-77.14612000,-76.61958000
2.37365723,-70.15296000,-93.34860000,-69.02251000,-74.21368000
2.37426758,-74.00200000,-96.55588000,-76.89208000,-70.38171000
2.37487793,-87.38854000,-92.52708000,-72.35936000,-69.42525000
2.37548828,-98.41933000,-89.35677000,-70.95010000,-71.77949000
2.37609863,-98.91115000,-93.88295000,-74.40812000,-71.25146000
2.37670898,-86.18240000,-90.49989000,-81.31470000,-71.43962000
2.37731934,-77.22128000,-84.19946000,-77.13076000,-73.51363000
2.37792969,-76.56856000,-88.50311000,-75.59816000,-74.34995000
2.37854004,-81.00589000,-90.36457000,-77.72773000,-84.96582000
2.37915039,-77.55258000,-89.65496000,-78.67094000,-74.14071000
2.37976074,-77.65326000,-90.10909000,-70.86188000,-69.70315000
2.38037109,-76.91426000,-95.13046000,-66.14405000,-69.30358000
2.38098145,-79.60876000,-112.86430000,-67.07323000,-67.75792000
2.38159180,-86.70648000,-104.81560000,-69.65811000,-66.39999000
2.38220215,-79.26608000,-96.16505000,-71.13564000,-68.65844000
2.38281250,-74.18152000,-102.98320000,-69.46319000,-73.08302000
2.38342285,-74.00436000,-99.05064000,-67.59307000,-80.26794000
2.38403320,-77.32192000,-89.70303000,-70.19067000,-84.21345000
2.38464355,-83.88730000,-87.52325000,-72.35299000,-89.21205000
2.38525391,-80.98548000,-87.39021000,-70.97343000,-84.76078000
2.38586426,-90.88425000,-88.80174000,-68.64491000,-77.11607000
2.38647461,-77.49118000,-93.21423000,-69.52861000,-76.21829000
2.38708496,-77.50254000,-92.65530000,-76.12346000,-76.93925000
2.38769531,-89.04218000,-90.39410000,-78.60516000,-75.10430000
2.38830566,-82.07732000,-90.52426000,-69.17044000,-72.99877000
2.38891602,-82.20512000,-91.66147000,-66.53919000,-71.65596000
2.38952637,-82.36481000,-94.22847000,-67.40109000,-75.68530000
2.39013672,-84.53423000,-90.69015000,-73.35794000,-76.70085000
2.39074707,-85.29491000,-91.89204000,-74.16421000,-78.75890000
2.39135742,-80.39414000,-109.41130000,-63.12552000,-83.95682000
2.39196777,-73.85462000,-92.61865000,-61.26730000,-79.94950000
2.39257813,-71.46427000,-95.45833000,-65.51740000,-74.45821000
2.39318848,-71.26952000,-91.58598000,-68.81214000,-72.53832000
2.39379883,-68.05472000,-88.93005000,-65.78906000,-74.49744000
2.39440918,-66.56976000,-89.46265000,-66.50655000,-74.30951000
2.39501953,-72.64457000,-90.52830000,-73.09824000,-73.04130000
2.39562988,-86.84165000,-97.13454000,-75.20082000,-74.52252000
2.39624023,-78.64392000,-95.23457000,-68.93707000,-83.37615000
2.39685059,-74.00172000,-98.09695000,-68.52544000,-82.17088000
2.39746094,-72.45536000,-100.58370000,-68.87023000,-76.66123000
2.39807129,-74.94429000,-93.48621000,-68.53781000,-81.00768000
2.39868164,-70.06567000,-87.54169000,-69.08354000,-75.62995000
2.39929199,-67.59512000,-85.93004000,-72.18388000,-78.53906000
2.39990234,-72.60928000,-86.86530000,-68.02871000,-75.43773000
2.40051270,-78.16952000,-89.11269000,-66.01437000,-73.50983000
2.40112305,-78.56128000,-96.98563000,-66.40942000,-76.60246000
2.40173340,-78.82193000,-98.68938000,-67.92740000,-75.58884000
2.40234375,-81.93147000,-100.19990000,-91.72828000,-72.49307000
2.40295410,-90.79854000,-101.57340000,-70.01754000,-73.26545000
2.40356445,-80.99362000,-97.13548000,-76.50651000,-78.98043000
2.40417480,-81.33904000,-98.80509000,-84.54626000,-69.86674000
2.40478516,-86.34515000,-104.70350000,-67.61710000,-67.92575000
2.40539551,-76.08051000,-96.14448000,-64.70120000,-71.00667000
2.40600586,-86.05957000,-93.43766000,-67.13302000,-77.42567000
2.40661621,-73.84686000,-100.28320000,-71.17236000,-90.31594000
2.40722656,-70.03880000,-97.54127000,-65.11848000,-82.80720000
2.40783691,-69.59550000,-90.03050000,-63.80467000,-79.05521000
2.40844727,-71.68361000,-87.98367000,-65.97461000,-83.40096000
2.40905762,-75.55400000,-88.61002000,-79.11739000,-75.40649000
2.40966797,-78.02932000,-90.33650000,-69.86579000,-72.51884000
2.41027832,-74.95622000,-88.62613000,-68.10516000,-87.01966000
2.41088867,-74.05386000,-89.74527000,-70.64130000,-69.21333000
2.41149902,-75.39859000,-97.68684000,-73.49728000,-67.89432000
2.41210938,-82.62524000,-89.82687000,-76.94489000,-73.89422000
2.41271973,-74.57348000,-91.14049000,-74.16993000,-76.24535000
2.41333008,-71.69411000,-89.25760000,-66.10342000,-74.82423000
2.41394043,-75.28082000,-92.45414000,-62.51530000,-76.17299000
2.41455078,-80.66081000,-88.16638000,-66.44086000,-81.11902000
2.41516113,-80.04891000,-88.67743000,-68.88103000,-88.60755000
2.41577148,-80.79973000,-94.23310000,-66.37199000,-79.04245000
2.41638184,-76.15192000,-93.24867000,-70.07989000,-85.85684000
2.41699219,-70.18976000,-107.58530000,-78.84486000,-78.71711000
2.41760254,-70.39918000,-99.07672000,-69.56561000,-70.97214000
2.41821289,-75.34906000,-103.30620000,-65.90114000,-71.24394000
2.41882324,-77.80968000,-102.12260000,-66.57500000,-76.07223000
2.41943359,-79.96484000,-92.41464000,-68.88056000,-74.00169000
2.42004395,-72.17501000,-89.05577000,-68.57181000,-72.26951000
2.42065430,-71.08836000,-91.49226000,-79.76051000,-71.14181000
2.42126465,-76.71575000,-91.19952000,-74.07646000,-70.19086000
2.42187500,-76.43434000,-89.99154000,-73.73923000,-78.20204000
2.42248535,-75.73479000,-97.48079000,-76.53876000,-76.33385000
2.42309570,-82.37956000,-93.16825000,-69.23589000,-70.29240000
2.42370605,-82.97855000,-90.20047000,-71.26596000,-71.46280000
2.42431641,-82.67441000,-92.29137000,-76.54521000,-78.73038000
2.42492676,-101.06470000,-93.96452000,-71.28815000,-83.10242000
2.42553711,-81.25138000,-94.40526000,-72.44464000,-76.69495000
2.42614746,-75.64835000,-93.06285000,-71.46544000,-69.53938000
2.42675781,-80.75270000,-90.86338000,-70.90738000,-67.08868000
2.42736816,-75.81189000,-91.10173000,-77.24120000,-67.58403000
2.42797852,-78.86952000,-89.60133000,-71.69584000,-68.59109000
2.42858887,-80.37147000,-98.67284000,-67.43497000,-71.96369000
2.42919922,-80.05580000,-92.36696000,-67.02102000,-90.49895000
2.42980957,-83.84534000,-87.52002000,-70.83351000,-77.31044000
2.43041992,-80.46101000,-88.41683000,-74.51140000,-84.81711000
2.43103027,-86.55254000,-97.05517000,-67.62518000,-76.27948000
2.43164063,-93.10280000,-121.15150000,-71.54158000,-75.76357000
2.43225098,-83.55655000,-91.33758000,-80.27740000,-75.54707000
2.43286133,-80.02513000,-88.11441000,-69.94036000,-73.22471000
2.43347168,-80.20496000,-88.01714000,-71.27780000,-71.09368000
2.43408203,-73.56255000,-86.70312000,-81.58447000,-72.94288000
2.43469238,-76.22826000,-97.88468000,-70.89764000,-84.22128000
2.43530273,-73.86395000,-91.87897000,-73.70284000,-82.43218000
2.43591309,-74.88604000,-92.74490000,-77.81805000,-85.73470000
2.43652344,-74.70212000,-108.79740000,-73.63904000,-86.22737000
2.43713379,-73.93646000,-96.18560000,-80.24492000,-85.45691000
2.43774414,-81.70559000,-95.26610000,-72.57191000,-78.48485000
2.43835449,-79.37636000,-92.88847000,-68.55112000,-75.52042000
2.43896484,-80.70876000,-92.77126000,-72.14694000,-80.07003000
2.43957520,-78.84209000,-94.24743000,-75.40583000,-77.87572000
2.44018555,-80.07648000,-98.00394000,-77.37852000,-74.67565000
2.44079590,-84.38686000,-94.89751000,-74.99153000,-84.59431000
2.44140625,-80.36133000,-88.85268000,-96.16727000,-74.12539000
2.44201660,-78.92015000,-88.04807000,-71.59318000,-70.24394000
2.44262695,-82.03266000,-93.47649000,-72.22633000,-72.31758000
2.44323730,-86.79671000,-100.92920000,-77.78990000,-77.23310000
2.44384766,-88.35486000,-107.06520000,-81.05382000,-80.89871000
2.44445801,-79.07049000,-104.17110000,-73.75611000,-81.48732000
2.44506836,-79.25683000,-92.57295000,-77.00803000,-81.75683000
2.44567871,-77.64114000,-91.29636000,-82.25937000,-83.98576000
2.44628906,-77.43429000,-92.42754000,-70.74503000,-77.11483000
2.44689941,-79.94956000,-98.85251000,-67.93130000,-84.61070000
2.44750977,-84.53068000,-98.82799000,-76.14185000,-82.58781000
2.44812012,-89.86106000,-92.18867000,-70.08719000,-77.95108000
2.44873047,-76.78441000,-95.05540000,-66.75975000,-73.87437000
2.44934082,-74.34491000,-92.80491000,-72.21073000,-68.81410000
2.44995117,-80.47372000,-91.30505000,-80.86328000,-68.69482000
2.45056152,-85.87129000,-90.62236000,-72.39532000,-70.92686000
2.45117188,-83.80997000,-90.70123000,-69.27045000,-80.06957000
2.45178223,-85.11476000,-90.73607000,-66.45293000,-77.71663000
2.45239258,-85.19538000,-91.29968000,-65.34562000,-84.55202000
2.45300293,-75.64366000,-93.00945000,-67.30687000,-77.42422000
2.45361328,-73.55132000,-94.22060000,-72.46684000,-81.70630000
2.45422363,-78.72548000,-93.74072000,-71.04268000,-74.39259000
2.45483398,-83.64753000,-113.11390000,-74.24878000,-69.91931000
2.45544434,-82.34560000,-102.39500000,-72.81024000,-71.12498000
2.45605469,-92.31873000,-95.45737000,-71.06776000,-73.96499000
2.45666504,-81.33479000,-97.79572000,-68.21262000,-73.07827000
2.45727539,-75.66898000,-94.22715000,-67.08642000,-69.72288000
2.45788574,-74.19604000,-94.42570000,-74.34381000,-70.97322000
2.45849609,-73.29539000,-95.41465000,-75.88199000,-84.66668000
2.45910645,-74.95686000,-94.17118000,-69.07084000,-78.62538000
2.45971680,-79.65933000,-92.04222000,-63.90214000,-72.07432000
2.46032715,-80.60126000,-89.37680000,-64.54681000,-68.12972000
2.46093750,-91.10249000,-90.10678000,-69.42481000,-68.23695000
2.46154785,-87.52159000,-93.96536000,-78.18541000,-68.25305000
2.46215820,-76.92723000,-98.48428000,-78.86100000,-70.69471000
2.46276855,-72.89175000,-97.76552000,-70.08392000,-72.93642000
2.46337891,-73.40930000,-100.84660000,-71.76772000,-76.12695000
2.46398926,-79.84216000,-104.83060000,-77.20995000,-80.96129000
2.46459961,-77.52520000,-105.25900000,-71.41473000,-73.48418000
2.46520996,-70.74297000,-99.11281000,-76.29671000,-77.37027000
2.46582031,-69.60397000,-92.60414000,-73.60431000,-72.00906000
2.46643066,-72.54052000,-91.54121000,-68.53271000,-70.25377000
2.46704102,-77.57201000,-92.88133000,-68.71931000,-72.30899000
2.46765137,-78.46678000,-100.44010000,-75.02436000,-75.25471000
2.46826172,-77.93935000,-88.86559000,-66.40795000,-74.84551000
2.46887207,-81.38632000,-89.08418000,-62.96572000,-70.11996000
2.46948242,-93.89999000,-99.39675000,-67.46529000,-69.24834000
2.47009277,-88.95950000,-89.95887000,-77.44238000,-70.33026000
2.47070313,-89.23602000,-90.19728000,-80.37422000,-72.51005000
2.47131348,-85.45708000,-89.32351000,-77.08621000,-75.53976000
2.47192383,-85.13150000,-86.82194000,-83.47995000,-74.02934000
2.47253418,-84.77531000,-88.41359000,-71.03671000,-75.86420000
2.47314453,-76.28774000,-93.47865000,-65.67907000,-81.05610000
2.47375488,-75.00237000,-95.05110000,-65.94870000,-80.34973000
2.47436523,-79.62308000,-99.06374000,-69.56607000,-77.10722000
2.47497559,-79.58162000,-95.56384000,-71.31677000,-75.12351000
2.47558594,-74.44166000,-91.69509000,-74.52902000,-79.28611000
2.47619629,-71.47600000,-95.44209000,-74.41810000,-76.83221000
2.47680664,-73.04439000,-102.42260000,-77.58681000,-70.96777000
2.47741699,-81.70195000,-102.22400000,-76.20751000,-75.83852000
2.47802734,-91.55189000,-101.26230000,-75.67624000,-90.42844000
2.47863770,-85.43172000,-95.70411000,-80.89794000,-73.04136000
2.47924805,-77.86933000,-93.90415000,-88.57254000,-71.43466000
2.47985840,-76.06475000,-93.95694000,-78.13134000,-76.46022000
2.48046875,-78.55817000,-99.46014000,-74.76045000,-92.46957000
2.48107910,-84.33906000,-107.66500000,-77.55519000,-90.79537000
2.48168945,-75.13660000,-98.21712000,-74.20156000,-76.24585000
2.48229980,-75.10620000,-95.40852000,-71.74405000,-74.08372000
2.48291016,-80.63725000,-91.50377000,-77.63987000,-76.76428000
2.48352051,-78.76653000,-88.47047000,-83.75993000,-74.65147000
2.48413086,-76.33798000,-86.95992000,-80.10807000,-70.27197000
2.48474121,-77.91124000,-90.74082000,-82.09254000,-70.97412000
2.48535156,-81.36642000,-96.11961000,-72.82700000,-71.50511000
2.48596191,-80.46052000,-98.57978000,-71.97171000,-74.18594000
2.48657227,-76.48528000,-102.80220000,-78.15905000,-80.86289000
2.48718262,-72.72472000,-92.93555000,-79.08064000,-72.18507000
2.48779297,-74.68274000,-89.24328000,-69.77539000,-71.81419000
2.48840332,-78.50323000,-90.42094000,-68.65448000,-70.01630000
2.48901367,-83.18770000,-94.79377000,-70.02305000,-76.88741000
2.48962402,-80.62972000,-84.95483000,-66.57487000,-75.88739000
2.49023438,-73.28317000,-78.39799000,-72.78139000,-70.31976000
2.49084473,-77.17151000,-80.97058000,-83.58182000,-70.64555000
2.49145508,-82.35932000,-95.61573000,-84.12349000,-72.84249000
2.49206543,-77.31480000,-99.01872000,-76.46058000,-73.24352000
2.49267578,-75.90681000,-95.28469000,-73.39514000,-70.06171000
2.49328613,-73.61957000,-93.76006000,-75.72930000,-69.87039000
2.49389648,-69.21910000,-86.59207000,-72.29094000,-72.12783000
2.49450684,-66.60664000,-80.49939000,-81.60419000,-71.11258000
2.49511719,-71.41899000,-82.86720000,-73.89068000,-68.21823000
2.49572754,-82.36728000,-90.90706000,-69.13200000,-68.58404000
2.49633789,-89.67238000,-97.71471000,-67.70341000,-76.48412000
2.49694824,-79.49809000,-94.25690000,-69.45528000,-77.07778000
2.49755859,-75.28586000,-88.75787000,-71.08024000,-71.50461000
2.49816895,-79.33785000,-86.67042000,-70.28140000,-74.72186000
2.49877930,-77.29308000,-88.83041000,-67.79190000,-83.20912000
2.49938965,-73.64830000,-90.97877000,-66.91354000,-82.25450000
2.50000000,-96.39845000,-90.59457000,-68.19362000,-74.42149000
2.50061035,-83.56747000,-91.05125000,-69.74501000,-76.47346000
2.50122070,-84.21779000,-93.65899000,-71.39413000,-89.60320000
2.50183105,-77.21915000,-95.69176000,-71.61214000,-76.35901000
2.50244141,-75.36082000,-96.45878000,-69.65972000,-73.95914000
2.50305176,-77.16269000,-98.39748000,-72.29184000,-78.95255000
2.50366211,-83.13869000,-90.53152000,-78.63651000,-77.30607000
2.50427246,-82.37547000,-91.17609000,-69.31665000,-77.36821000
2.50488281,-76.02391000,-93.15568000,-66.05739000,-77.69753000
2.50549316,-77.64886000,-103.31170000,-69.36763000,-76.70142000
2.50610352,-77.14845000,-96.88776000,-77.68755000,-79.37202000
2.50671387,-79.44728000,-102.53930000,-82.83309000,-88.05717000
2.50732422,-79.93507000,-104.43890000,-75.02768000,-78.31607000
2.50793457,-84.34406000,-94.25961000,-74.82533000,-76.59242000
2.50854492,-81.99540000,-93.75435000,-81.34740000,-79.97000000
2.50915527,-76.06841000,-101.18850000,-75.93887000,-81.12112000
2.50976563,-78.55420000,-98.66893000,-74.62751000,-79.88069000
2.51037598,-87.31017000,-97.62126000,-78.79831000,-73.16639000
2.51098633,-78.67490000,-96.43808000,-70.78796000,-71.38533000
2.51159668,-77.59550000,-93.31636000,-71.05591000,-72.70172000
2.51220703,-77.90813000,-90.15872000,-76.19729000,-70.55605000
2.51281738,-73.95113000,-89.22980000,-79.27787000,-69.87975000
2.51342773,-76.29433000,-88.33398000,-77.12966000,-69.79874000
2.51403809,-80.52493000,-92.48132000,-72.15533000,-69.86346000
2.51464844,-75.90823000,-91.64161000,-80.81075000,-70.46245000
2.51525879,-74.55338000,-89.50776000,-79.46768000,-70.69587000
2.51586914,-74.61583000,-97.18095000,-88.10094000,-72.82677000
2.51647949,-74.12787000,-101.37720000,-74.34520000,-73.50733000
2.51708984,-76.68340000,-92.99286000,-71.52320000,-71.98962000
2.51770020,-96.26449000,-94.29439000,-74.41028000,-69.94418000
2.51831055,-81.63138000,-91.65683000,-75.03665000,-69.68414000
2.51892090,-85.91536000,-88.47383000,-74.89404000,-74.85853000
2.51953125,-78.65556000,-90.45315000,-82.62935000,-74.70434000
2.52014160,-72.45248000,-95.12492000,-74.07600000,-75.15346000
2.52075195,-74.61057000,-96.83173000,-77.15562000,-73.02969000
2.52136230,-83.43788000,-92.51369000,-73.91402000,-68.79226000
2.52197266,-82.49744000,-89.84170000,-72.01297000,-68.49092000
2.52258301,-76.74133000,-90.84354000,-72.78002000,-74.23147000
2.52319336,-74.71716000,-104.12740000,-77.64022000,-77.87113000
2.52380371,-75.76392000,-93.18996000,-94.19168000,-71.79651000
2.52441406,-74.62671000,-95.95352000,-71.64746000,-72.20820000
2.52502441,-77.51906000,-98.27066000,-67.90810000,-75.79403000
2.52563477,-75.61636000,-98.05360000,-69.86101000,-84.29916000
2.52624512,-73.67451000,-93.75350000,-81.76632000,-75.40722000
2.52685547,-80.87205000,-92.94205000,-85.05925000,-73.57729000
2.52746582,-82.08766000,-92.32413000,-73.53036000,-76.29415000
2.52807617,-83.88936000,-96.61262000,-71.05418000,-79.56315000
2.52868652,-83.48338000,-99.27934000,-67.26181000,-76.95590000
2.52929688,-82.25206000,-94.02667000,-66.69035000,-78.06807000
2.52990723,-79.87959000,-96.75612000,-69.74206000,-84.10648000
2.53051758,-78.31990000,-105.59060000,-70.91771000,-78.01981000
2.53112793,-83.89171000,-102.54850000,-71.69975000,-75.79993000
2.53173828,-85.29084000,-98.34654000,-71.43392000,-80.45422000
2.53234863,-86.90575000,-89.25038000,-73.25771000,-76.05142000
2.53295898,-87.27994000,-88.33588000,-86.48412000,-77.39742000
2.53356934,-83.73250000,-91.98434000,-68.18572000,-71.54111000
2.53417969,-87.29126000,-94.47827000,-72.03254000,-72.22153000
2.53479004,-79.27329000,-89.47624000,-72.82661000,-73.69907000
2.53540039,-81.22539000,-87.68196000,-69.22939000,-69.86995000
2.53601074,-89.00870000,-93.43369000,-71.99673000,-69.00968000
2.53662109,-82.39270000,-107.87490000,-68.33897000,-71.69114000
2.53723145,-84.20864000,-107.50540000,-68.22542000,-82.42896000
2.53784180,-84.49738000,-103.81740000,-73.61900000,-77.79948000
2.53845215,-79.69669000,-93.92822000,-73.96555000,-74.67690000
2.53906250,-76.03913000,-96.92909000,-73.06092000,-82.91500000
2.53967285,-81.16441000,-110.17670000,-74.93724000,-72.88585000
2.54028320,-86.34975000,-96.44916000,-79.95641000,-70.31344000
2.54089355,-83.29514000,-97.43874000,-81.54814000,-73.99551000
2.54150391,-86.26797000,-93.03674000,-80.30266000,-88.89249000
2.54211426,-88.50320000,-86.64171000,-73.83234000,-78.30769000
2.54272461,-76.94245000,-84.40410000,-69.00812000,-74.38142000
2.54333496,-75.75974000,-85.52077000,-68.83561000,-72.56473000
2.54394531,-75.79771000,-88.58016000,-67.04649000,-73.63051000
2.54455566,-73.27248000,-93.31041000,-64.00378000,-76.36020000
2.54516602,-76.31947000,-95.19510000,-65.53972000,-78.13176000
2.54577637,-71.92148000,-95.02919000,-74.24639000,-74.27934000
2.54638672,-71.97620000,-92.06235000,-80.88154000,-71.11004000
2.54699707,-74.05204000,-92.74273000,-77.03975000,-71.46797000
2.54760742,-79.15809000,-92.57160000,-75.67597000,-72.32339000
2.54821777,-80.90878000,-97.96930000,-72.36573000,-69.99534000
2.54882813,-73.62115000,-93.42101000,-67.78226000,-75.36051000
2.54943848,-71.59119000,-89.12704000,-70.23894000,-81.59956000
2.55004883,-81.01447000,-88.63391000,-77.35872000,-81.75760000
2.55065918,-76.04317000,-94.91766000,-75.68569000,-83.59200000
2.55126953,-77.19108000,-93.81306000,-75.21841000,-88.17939000
2.55187988,-85.52206000,-90.72699000,-89.05281000,-76.45491000
2.55249023,-79.84975000,-92.11116000,-70.96262000,-72.77650000
2.55310059,-77.06512000,-92.27540000,-68.84103000,-75.63424000
2.55371094,-83.78386000,-91.76804000,-74.14563000,-79.68279000
2.55432129,-81.04728000,-90.63499000,-74.94989000,-73.08849000
2.55493164,-77.07937000,-92.02522000,-70.15144000,-77.34872000
2.55554199,-78.92931000,-90.80997000,-71.55193000,-84.14025000
2.55615234,-72.92413000,-96.19507000,-77.79880000,-75.01620000
2.55676270,-72.10702000,-94.18870000,-86.24982000,-77.26602000
2.55737305,-74.03709000,-92.25546000,-76.48281000,-75.01097000
2.55798340,-74.43436000,-93.33947000,-69.35310000,-70.27584000
2.55859375,-74.90516000,-94.04256000,-71.90902000,-72.54806000
2.55920410,-74.96217000,-90.06397000,-72.88314000,-69.56035000
2.55981445,-73.57766000,-89.70951000,-67.94292000,-70.43334000
2.56042480,-76.09878000,-96.23044000,-82.80658000,-77.16319000
2.56103516,-81.17242000,-103.99620000,-76.74072000,-80.37434000
2.56164551,-81.60667000,-105.57910000,-78.16221000,-80.73602000
2.56225586,-80.11890000,-99.16446000,-84.25462000,-79.29696000
2.56286621,-76.68118000,-95.46777000,-89.97264000,-79.20099000
2.56347656,-77.37173000,-97.22312000,-77.93868000,-80.76611000
2.56408691,-90.33328000,-101.42710000,-72.49170000,-75.73792000
2.56469727,-73.90220000,-93.18938000,-80.90836000,-71.70672000
2.56530762,-72.18056000,-90.22688000,-74.71983000,-71.96466000
2.56591797,-78.53893000,-99.21826000,-78.58001000,-75.39388000
2.56652832,-83.12318000,-112.48550000,-88.65770000,-74.44756000
2.56713867,-81.04837000,-103.88640000,-84.11030000,-73.45338000
2.56774902,-93.50460000,-90.06972000,-77.00014000,-75.64232000
2.56835938,-85.16899000,-86.51428000,-89.69743000,-82.56319000
2.56896973,-82.08748000,-87.70538000,-69.96219000,-84.61404000
2.56958008,-81.90086000,-86.73251000,-65.73041000,-77.60550000
2.57019043,-78.81880000,-89.61415000,-64.99465000,-80.32050000
2.57080078,-81.76743000,-104.46950000,-69.13214000,-78.85376000
2.57141113,-86.98219000,-94.32148000,-72.64732000,-83.81099000
2.57202148,-84.14154000,-95.20631000,-69.44461000,-80.04184000
2.57263184,-77.65865000,-95.52922000,-70.06425000,-89.53616000
2.57324219,-71.34312000,-102.01770000,-67.83658000,-77.57780000
2.57385254,-69.96289000,-100.04910000,-68.61247000,-74.76096000
2.57446289,-75.58817000,-107.44000000,-71.02762000,-74.89299000
2.57507324,-77.84843000,-93.72616000,-68.49090000,-77.48755000
2.57568359,-77.54134000,-95.53468000,-69.79784000,-75.21204000
2.57629395,-85.27893000,-95.92673000,-72.86928000,-76.93245000
2.57690430,-88.91595000,-90.11195000,-76.23941000,-78.74323000
2.57751465,-80.76942000,-89.97966000,-71.96700000,-74.36897000
2.57812500,-75.88248000,-93.26967000,-78.02193000,-71.46084000
2.57873535,-74.04082000,-95.86778000,-76.73862000,-71.81172000
2.57934570,-75.84295000,-97.38434000,-67.97500000,-70.97259000
2.57995605,-81.15658000,-106.05180000,-66.79574000,-67.31576000
2.58056641,-93.64748000,-99.56902000,-66.40967000,-66.77986000
2.58117676,-84.69896000,-99.17870000,-65.70135000,-69.98186000
2.58178711,-78.85448000,-114.00550000,-69.12801000,-73.47808000
2.58239746,-80.11288000,-101.16810000,-75.38787000,-79.44952000
2.58300781,-88.60989000,-94.48876000,-77.98363000,-84.44522000
2.58361816,-81.97341000,-93.26373000,-79.92490000,-80.95538000
2.58422852,-74.14890000,-94.01808000,-76.65672000,-76.75572000
2.58483887,-73.49802000,-98.70083000,-78.80020000,-75.03158000
2.58544922,-75.94488000,-93.57187000,-75.25179000,-75.76224000
2.58605957,-81.34160000,-87.65949000,-67.72749000,-81.46725000
2.58666992,-82.95091000,-89.53003000,-66.15454000,-77.32757000
2.58728027,-80.44940000,-89.57167000,-64.35078000,-71.98543000
2.58789063,-84.69377000,-88.72670000,-68.56480000,-73.86671000
2.58850098,-88.54244000,-89.96284000,-82.62738000,-79.22667000
2.58911133,-78.54244000,-87.89619000,-73.03899000,-74.39469000
2.58972168,-76.13266000,-87.60911000,-79.55484000,-83.62377000
2.59033203,-76.54124000,-87.94481000,-84.42287000,-90.52310000
2.59094238,-77.99156000,-92.02583000,-70.60931000,-75.42256000
2.59155273,-80.58879000,-89.79002000,-68.18565000,-74.10407000
2.59216309,-85.82845000,-88.68195000,-71.99653000,-76.57573000
2.59277344,-80.98662000,-92.60693000,-81.76987000,-88.55867000
2.59338379,-74.10195000,-90.00253000,-75.02574000,-87.48682000
2.59399414,-71.75323000,-88.48214000,-76.33765000,-85.90476000
2.59460449,-70.73175000,-91.00343000,-79.37745000,-84.25323000
2.59521484,-77.77477000,-100.44370000,-77.73639000,-84.40418000
2.59582520,-76.60402000,-92.57130000,-76.95557000,-83.21857000
2.59643555,-72.99097000,-96.44532000,-78.86099000,-79.33781000
2.59704590,-75.47456000,-95.23270000,-73.09334000,-77.16829000
2.59765625,-79.58369000,-97.31281000,-76.26388000,-77.22759000
2.59826660,-83.77315000,-95.24664000,-77.98296000,-89.46375000
2.59887695,-74.80089000,-90.14787000,-75.68299000,-84.01694000
2.59948730,-74.08476000,-88.93940000,-74.38670000,-76.10333000
2.60009766,-77.03864000,-90.27508000,-73.72072000,-68.29411000
2.60070801,-81.93465000,-92.41462000,-71.40309000,-66.87720000
2.60131836,-85.82632000,-94.29568000,-76.19540000,-65.02759000
2.60192871,-77.26044000,-98.43808000,-77.66061000,-64.59825000
2.60253906,-77.14867000,-89.66439000,-71.40244000,-73.38253000
2.60314941,-90.93556000,-87.51385000,-66.16512000,-73.55342000
2.60375977,-83.88382000,-92.16556000,-63.47227000,-70.57030000
2.60437012,-87.06099000,-94.80643000,-66.20827000,-73.00245000
2.60498047,-83.12279000,-92.93853000,-70.64110000,-72.45275000
2.60559082,-85.14190000,-95.89532000,-66.58327000,-77.64258000
2.60620117,-79.89892000,-94.94241000,-70.00182000,-76.53072000
2.60681152,-87.42156000,-94.61115000,-68.35732000,-72.63873000
2.60742188,-85.19348000,-99.80447000,-66.29803000,-72.93487000
2.60803223,-79.60490000,-90.47767000,-68.44363000,-72.06973000
2.60864258,-78.69138000,-89.43559000,-73.92922000,-78.13694000
2.60925293,-80.95673000,-92.72113000,-77.47153000,-73.48038000
2.60986328,-86.98203000,-85.72166000,-82.90701000,-73.63329000
2.61047363,-79.94038000,-88.77492000,-78.91426000,-78.80927000
2.61108398,-78.89960000,-103.90670000,-80.81894000,-77.32912000
2.61169434,-77.11578000,-101.16710000,-85.23468000,-74.80359000
2.61230469,-76.71128000,-106.55510000,-77.43750000,-70.63029000
2.61291504,-76.11708000,-108.75230000,-81.07858000,-71.64405000
2.61352539,-79.08487000,-109.18090000,-68.59943000,-77.03748000
2.61413574,-81.66100000,-96.16302000,-70.16522000,-68.17880000
2.61474609,-77.10572000,-93.20023000,-80.67657000,-69.30142000
2.61535645,-75.63390000,-103.18090000,-75.73900000,-71.73806000
2.61596680,-81.03914000,-88.82237000,-72.18788000,-75.25930000
2.61657715,-79.31156000,-89.53561000,-69.49976000,-75.76952000
2.61718750,-76.44237000,-94.42239000,-67.13826000,-74.61256000
2.61779785,-78.51816000,-94.50390000,-67.53070000,-75.38966000
2.61840820,-78.91953000,-91.74223000,-66.86169000,-70.06361000
2.61901855,-74.41258000,-105.64720000,-64.37127000,-73.17891000
2.61962891,-72.46124000,-97.00648000,-64.57559000,-77.70432000
2.62023926,-72.36883000,-101.36310000,-66.48608000,-73.74932000
2.62084961,-72.69525000,-100.08130000,-70.11469000,-76.26370000
2.62145996,-71.74980000,-104.91420000,-68.89075000,-83.30128000
2.62207031,-70.74099000,-93.88046000,-60.75145000,-86.32801000
2.62268066,-74.23174000,-91.77797000,-63.35098000,-75.09757000
2.62329102,-68.30577000,-90.44173000,-76.12838000,-74.94880000
2.62390137,-70.36535000,-93.39317000,-74.47772000,-84.57809000
2.62451172,-86.20401000,-95.77340000,-85.62356000,-86.04084000
2.62512207,-72.06622000,-95.72209000,-78.28769000,-111.54820000
2.62573242,-75.96533000,-96.56207000,-74.64263000,-79.25647000
2.62634277,-77.03349000,-97.15771000,-69.33845000,-75.76160000
2.62695313,-71.36886000,-111.13040000,-65.44517000,-78.05050000
2.62756348,-70.78760000,-92.83074000,-65.79041000,-78.65892000
2.62817383,-69.23196000,-89.50215000,-72.12728000,-70.54015000
2.62878418,-69.23009000,-93.00372000,-70.53407000,-68.94064000
2.62939453,-72.37434000,-101.04580000,-74.39706000,-76.17649000
2.63000488,-76.36218000,-94.87041000,-76.49634000,-79.34594000
2.63061523,-74.57555000,-93.47273000,-89.79074000,-70.86132000
2.63122559,-75.86639000,-99.30602000,-82.00176000,-71.26532000
2.63183594,-92.61913000,-92.32446000,-80.95819000,-74.13652000
2.63244629,-81.30535000,-92.46586000,-74.51162000,-79.98680000
2.63305664,-80.81750000,-90.78896000,-74.56313000,-83.53642000
2.63366699,-81.56959000,-95.08493000,-79.56129000,-76.10296000
2.63427734,-81.63318000,-96.11762000,-74.06927000,-82.14848000
2.63488770,-78.05903000,-97.97153000,-70.83051000,-78.31750000
2.63549805,-79.43550000,-93.61510000,-67.85615000,-88.77933000
2.63610840,-81.43055000,-88.22305000,-64.52489000,-83.55298000
2.63671875,-76.42326000,-88.95206000,-66.07739000,-78.30814000
2.63732910,-79.36118000,-92.20947000,-73.84400000,-70.14272000
2.63793945,-81.12512000,-99.60657000,-80.64558000,-69.10920000
2.63854980,-73.81116000,-102.68540000,-74.02840000,-73.33414000
2.63916016,-73.43506000,-102.09400000,-72.02569000,-82.27982000
2.63977051,-73.56359000,-100.34410000,-69.18059000,-87.44910000
2.64038086,-78.38001000,-109.32960000,-67.83135000,-71.13797000
2.64099121,-82.15250000,-102.38770000,-72.10922000,-69.55631000
2.64160156,-79.11179000,-94.62348000,-77.17637000,-76.35659000
2.64221191,-89.56077000,-92.23476000,-68.40741000,-81.89750000
2.64282227,-82.67111000,-96.56870000,-69.82298000,-77.29379000
2.64343262,-77.40035000,-97.25972000,-72.39964000,-72.33310000
2.64404297,-86.54301000,-103.94560000,-68.02322000,-71.55110000
2.64465332,-74.21647000,-90.49145000,-66.85961000,-79.81088000
2.64526367,-75.54959000,-86.08741000,-68.87007000,-87.76512000
2.64587402,-78.93027000,-87.44514000,-68.61044000,-89.63460000
2.64648438,-80.70566000,-91.18098000,-68.65973000,-77.85216000
2.64709473,-83.34087000,-94.08288000,-70.43929000,-81.51166000
2.64770508,-85.00337000,-98.08820000,-68.63796000,-91.17703000
2.64831543,-81.93112000,-91.53854000,-66.68460000,-83.64793000
2.64892578,-69.98956000,-92.01163000,-70.08661000,-73.58891000
2.64953613,-69.65405000,-97.92222000,-74.72462000,-75.14706000
2.65014648,-70.48196000,-96.03246000,-67.10725000,-83.46139000
2.65075684,-67.85691000,-95.01849000,-68.24893000,-83.38263000
2.65136719,-69.54216000,-98.39783000,-77.84473000,-74.15301000
2.65197754,-75.41089000,-97.27065000,-84.87209000,-73.44629000
2.65258789,-79.49443000,-90.16679000,-77.27607000,-88.86008000
2.65319824,-82.73622000,-87.31987000,-69.61270000,-75.43887000
2.65380859,-77.56977000,-87.39792000,-68.43432000,-76.81017000
2.65441895,-80.30106000,-92.99847000,-68.37164000,-77.68547000
2.65502930,-77.99287000,-99.83752000,-68.24698000,-69.89992000
2.65563965,-76.79346000,-96.75094000,-66.86514000,-69.59369000
2.65625000,-78.71871000,-94.78725000,-69.93005000,-70.02037000
2.65686035,-86.06183000,-95.88676000,-85.64339000,-69.74040000
2.65747070,-77.30510000,-92.95312000,-74.95713000,-72.46110000
2.65808105,-76.05815000,-90.30312000,-74.84473000,-73.22264000
2.65869141,-75.24154000,-91.48756000,-71.59377000,-72.77648000
2.65930176,-83.05332000,-88.54584000,-70.65025000,-73.37873000
2.65991211,-82.13515000,-88.57636000,-68.61926000,-70.56113000
2.66052246,-76.95497000,-90.95847000,-70.85051000,-68.89295000
2.66113281,-77.87177000,-92.58293000,-83.07464000,-73.47949000
2.66174316,-81.18115000,-98.32894000,-69.88088000,-83.15565000
2.66235352,-78.80742000,-95.17900000,-67.07776000,-74.22829000
2.66296387,-80.30794000,-93.36430000,-69.95962000,-72.07270000
2.66357422,-78.82660000,-93.02606000,-67.92256000,-78.19022000
2.66418457,-76.06282000,-96.18359000,-70.90718000,-77.56292000
2.66479492,-80.35243000,-102.46390000,-68.49847000,-83.26257000
2.66540527,-99.16850000,-108.35520000,-63.81290000,-83.65401000
2.66601563,-93.16074000,-98.77640000,-69.31906000,-77.96427000
2.66662598,-109.82790000,-104.29890000,-72.53738000,-76.48467000
2.66723633,-89.32675000,-97.02027000,-71.37563000,-76.91588000
2.66784668,-80.75462000,-97.16794000,-74.19411000,-69.89098000
2.66845703,-82.26887000,-103.28620000,-78.64555000,-66.76498000
2.66906738,-80.25082000,-103.21160000,-80.12580000,-70.07812000
2.66967773,-80.06504000,-91.60203000,-75.63268000,-73.61367000
2.67028809,-92.35207000,-89.30492000,-81.28117000,-73.76265000
2.67089844,-79.00422000,-90.19894000,-81.15448000,-74.13499000
2.67150879,-79.22166000,-96.37845000,-70.02107000,-76.35238000
2.67211914,-80.26286000,-93.40231000,-65.11974000,-74.65784000
2.67272949,-76.51812000,-90.59770000,-63.87534000,-76.89811000
2.67333984,-75.81355000,-89.40161000,-67.68634000,-86.54247000
2.67395020,-75.03960000,-87.74834000,-75.90241000,-76.47693000
2.67456055,-75.83063000,-88.49516000,-77.92182000,-72.23972000
2.67517090,-79.36771000,-86.77026000,-74.79961000,-71.79285000
2.67578125,-79.20207000,-87.20921000,-70.50060000,-76.70697000
2.67639160,-80.85394000,-93.76656000,-69.49357000,-75.17078000
2.67700195,-85.67802000,-97.08876000,-68.78182000,-74.14421000
2.67761230,-77.78856000,-88.15879000,-66.49740000,-74.23309000
2.67822266,-77.95898000,-90.46932000,-68.59541000,-76.63033000
2.67883301,-83.20464000,-94.75570000,-71.45493000,-84.62831000
2.67944336,-95.77198000,-88.68400000,-67.28870000,-80.39746000
2.68005371,-78.53029000,-88.59531000,-68.28336000,-76.01964000
2.68066406,-77.49277000,-99.60038000,-70.73859000,-76.87185000
2.68127441,-82.78271000,-102.05010000,-70.46620000,-78.63860000
2.68188477,-88.46957000,-98.61552000,-71.58427000,-71.97237000
2.68249512,-89.45599000,-93.96348000,-75.21445000,-71.48840000
2.68310547,-91.51503000,-96.84414000,-74.37826000,-71.46844000
2.68371582,-85.13634000,-98.67947000,-72.08658000,-67.84539000
2.68432617,-75.04831000,-89.29907000,-74.89844000,-69.86556000
2.68493652,-73.40068000,-86.16931000,-72.40874000,-76.33273000
2.68554688,-74.95662000,-85.71100000,-75.57267000,-77.53671000
2.68615723,-83.63715000,-87.83575000,-71.64996000,-75.65400000
2.68676758,-95.73806000,-96.07561000,-70.38279000,-76.74882000
2.68737793,-93.21252000,-102.29340000,-74.20956000,-76.34666000
2.68798828,-78.63692000,-107.40360000,-73.44743000,-75.60121000
2.68859863,-77.07803000,-95.60265000,-82.13604000,-72.48593000
2.68920898,-84.91138000,-93.17077000,-71.24297000,-72.45189000
2.68981934,-80.90707000,-92.89935000,-78.60743000,-87.14713000
2.69042969,-83.58559000,-90.27053000,-73.45578000,-71.40830000
2.69104004,-77.37714000,-101.01540000,-69.29297000,-68.25540000
2.69165039,-80.35710000,-94.01035000,-73.03996000,-69.96724000
2.69226074,-77.98036000,-89.94507000,-85.60741000,-76.62563000
2.69287109,-73.88185000,-88.64755000,-83.88419000,-71.69784000
2.69348145,-75.48721000,-90.87574000,-78.30499000,-68.23455000
2.69409180,-85.15019000,-88.13359000,-75.45779000,-68.98042000
2.69470215,-80.48656000,-88.74162000,-79.23408000,-72.22128000
2.69531250,-78.94779000,-89.89647000,-73.37535000,-82.53701000
2.69592285,-77.59319000,-87.78764000,-71.78392000,-75.91455000
2.69653320,-74.07201000,-91.48682000,-78.54348000,-68.72919000
2.69714355,-73.01707000,-95.80385000,-78.70036000,-70.13609000
2.69775391,-74.32506000,-91.21011000,-73.68060000,-72.57118000
2.69836426,-69.95940000,-84.91745000,-76.38063000,-69.52351000
2.69897461,-64.51144000,-81.24615000,-72.38641000,-71.50990000
2.69958496,-66.00320000,-82.37514000,-71.65042000,-76.73012000
2.70019531,-73.69109000,-89.00855000,-67.89594000,-77.07137000
2.70080566,-75.31738000,-92.24377000,-65.75816000,-72.05259000
2.70141602,-74.26788000,-89.80904000,-64.65338000,-71.32509000
2.70202637,-75.63789000,-89.52763000,-66.50951000,-76.37640000
2.70263672,-77.02636000,-89.82407000,-67.96546000,-71.61386000
2.70324707,-88.28847000,-90.75217000,-73.39074000,-71.72983000
2.70385742,-77.89613000,-93.14410000,-86.39347000,-101.55620000
2.70446777,-73.08792000,-91.52512000,-81.85655000,-76.97041000
2.70507813,-74.04362000,-92.97383000,-76.13502000,-77.22495000
2.70568848,-80.50412000,-93.47487000,-76.11565000,-71.40121000
2.70629883,-87.92812000,-91.16908000,-93.32582000,-72.54961000
2.70690918,-86.95441000,-95.29352000,-71.87064000,-80.79770000
2.70751953,-88.29285000,-106.86910000,-73.38052000,-81.16006000
2.70812988,-84.03212000,-107.98760000,-77.26671000,-78.02347000
2.70874023,-78.56995000,-96.17084000,-79.19974000,-79.39413000
2.70935059,-76.38103000,-97.87322000,-91.27773000,-73.82280000
2.70996094,-75.20773000,-112.74970000,-79.77847000,-71.71034000
2.71057129,-76.21551000,-101.43980000,-80.83717000,-72.10950000
2.71118164,-76.75507000,-95.40605000,-77.31395000,-71.88466000
2.71179199,-77.95005000,-93.11240000,-71.86648000,-72.84055000
2.71240234,-82.62979000,-96.73516000,-68.41135000,-78.25080000
2.71301270,-75.21223000,-100.84770000,-73.04033000,-73.73876000
2.71362305,-72.31197000,-97.41104000,-88.84467000,-74.89005000
2.71423340,-72.95910000,-97.65192000,-73.42931000,-78.19849000
2.71484375,-74.21910000,-91.97276000,-71.35619000,-73.19839000
2.71545410,-76.40744000,-90.42853000,-73.92513000,-67.88876000
2.71606445,-82.13016000,-89.68658000,-69.86016000,-66.64020000
2.71667480,-80.64956000,-90.61423000,-67.55524000,-71.65073000
2.71728516,-87.51955000,-93.16395000,-69.63969000,-72.47817000
2.71789551,-92.43829000,-92.66615000,-72.34985000,-69.25414000
2.71850586,-84.33467000,-91.13731000,-75.96977000,-71.39133000
2.71911621,-77.32608000,-97.11678000,-80.81648000,-74.46756000
2.71972656,-77.09744000,-99.76493000,-80.69339000,-73.56803000
2.72033691,-74.28284000,-90.82825000,-73.69920000,-71.14371000
2.72094727,-79.64818000,-87.61989000,-71.46500000,-68.36356000
2.72155762,-78.26673000,-90.35758000,-72.36057000,-70.16560000
2.72216797,-74.90956000,-94.80831000,-70.86603000,-71.99840000
2.72277832,-78.30352000,-99.23192000,-82.30865000,-69.85589000
2.72338867,-88.96877000,-91.96420000,-74.27905000,-67.75293000
2.72399902,-87.89849000,-93.62057000,-71.26973000,-69.57169000
2.72460938,-83.89495000,-102.51820000,-77.08615000,-75.28763000
2.72521973,-79.25605000,-97.10560000,-76.35967000,-75.77994000
2.72583008,-76.87605000,-102.81240000,-67.52425000,-71.61080000
2.72644043,-80.22487000,-99.86839000,-67.13008000,-73.60216000
2.72705078,-84.18806000,-94.52518000,-74.99185000,-76.19032000
2.72766113,-93.04849000,-94.24455000,-82.82680000,-69.62657000
2.72827148,-79.57407000,-96.96979000,-75.11115000,-76.60641000
2.72888184,-73.81421000,-99.44076000,-69.39681000,-73.43822000
2.72949219,-71.74260000,-92.09931000,-66.25711000,-73.12641000
2.73010254,-73.03709000,-88.75392000,-68.25726000,-83.16375000
2.73071289,-75.63300000,-93.53431000,-71.28536000,-79.34552000
2.73132324,-83.30415000,-94.61708000,-72.74207000,-82.83392000
2.73193359,-79.64430000,-99.67217000,-72.69617000,-78.24875000
2.73254395,-74.36717000,-112.69630000,-68.57028000,-73.64923000
2.73315430,-80.58193000,-92.56870000,-67.98134000,-75.95021000
2.73376465,-69.17921000,-81.29060000,-74.71383000,-73.67532000
2.73437500,-68.13869000,-79.28581000,-72.67435000,-77.29594000
2.73498535,-77.83604000,-85.69810000,-74.39033000,-78.95923000
2.73559570,-89.08211000,-96.65597000,-73.11137000,-91.92062000
2.73620605,-84.44321000,-95.63228000,-65.45567000,-76.02789000
2.73681641,-85.70860000,-91.10703000,-67.64691000,-78.40137000
2.73742676,-86.50657000,-91.39233000,-81.61083000,-84.57620000
2.73803711,-78.41498000,-93.02243000,-69.48100000,-88.59727000
2.73864746,-77.00243000,-94.98915000,-70.61822000,-86.71593000
2.73925781,-81.81336000,-94.82942000,-76.14697000,-89.86546000
2.73986816,-78.37801000,-90.34318000,-67.07507000,-90.43433000
2.74047852,-81.68652000,-79.69553000,-59.09325000,-83.09715000
2.74108887,-80.00359000,-76.97429000,-57.25028000,-80.23030000
2.74169922,-77.87289000,-81.80307000,-62.12188000,-76.15999000
2.74230957,-78.37114000,-88.49824000,-68.14784000,-75.29039000
2.74291992,-85.13818000,-105.49130000,-74.80959000,-81.55277000
2.74353027,-79.06756000,-93.56778000,-76.40416000,-85.48260000
2.74414063,-78.05983000,-90.67247000,-79.95096000,-77.88138000
2.74475098,-81.42464000,-88.01543000,-82.31836000,-85.62289000
2.74536133,-80.98077000,-87.87177000,-72.29329000,-80.38017000
2.74597168,-95.42841000,-92.25361000,-69.63919000,-84.25177000
2.74658203,-77.93880000,-93.62903000,-80.33433000,-84.87462000
2.74719238,-76.20370000,-90.24495000,-66.66314000,-80.86415000
2.74780273,-83.69513000,-90.38628000,-65.29018000,-75.26776000
2.74841309,-80.11417000,-98.41442000,-74.58621000,-80.09495000
2.74902344,-66.63016000,-82.86763000,-77.98895000,-75.46071000
2.74963379,-67.61697000,-82.70557000,-74.15345000,-79.30609000
2.75024414,-82.53819000,-92.93239000,-69.93523000,-79.36269000
2.75085449,-73.66227000,-94.89485000,-69.01656000,-74.50922000
2.75146484,-74.69729000,-92.20241000,-68.37108000,-82.31068000
2.75207520,-73.52963000,-91.31348000,-67.94493000,-80.15247000
2.75268555,-72.25503000,-96.86501000,-73.42847000,-77.30222000
2.75329590,-71.44382000,-98.35464000,-80.55595000,-75.30261000
2.75390625,-71.68178000,-98.00102000,-79.33752000,-71.42777000
2.75451660,-76.46722000,-95.78057000,-70.32451000,-70.31384000
2.75512695,-82.23685000,-90.63425000,-71.89059000,-73.26602000
2.75573730,-80.50066000,-90.97001000,-71.12054000,-74.36806000
2.75634766,-87.96185000,-90.97947000,-67.35043000,-81.53053000
2.75695801,-80.89825000,-88.54199000,-66.01283000,-71.51213000
2.75756836,-76.74616000,-87.27859000,-67.91770000,-68.90748000
2.75817871,-79.08549000,-89.30043000,-72.27441000,-72.71718000
2.75878906,-80.48032000,-93.15399000,-73.38725000,-79.15236000
2.75939941,-76.70610000,-92.51965000,-72.43494000,-76.25703000
2.76000977,-77.23042000,-91.88431000,-73.69138000,-72.68674000
2.76062012,-78.31091000,-91.97835000,-75.42018000,-72.24664000
2.76123047,-78.90063000,-93.63667000,-68.41719000,-84.37354000
2.76184082,-76.86263000,-97.42599000,-68.55833000,-78.27969000
2.76245117,-73.20096000,-98.58926000,-70.87806000,-78.30032000
2.76306152,-74.57173000,-93.77647000,-76.87116000,-80.02464000
2.76367188,-75.31640000,-99.48119000,-86.52005000,-79.38934000
2.76428223,-71.49472000,-92.90668000,-79.01096000,-82.17949000
2.76489258,-71.09776000,-92.07637000,-74.16558000,-82.37052000
2.76550293,-70.06102000,-90.76785000,-73.95483000,-77.88362000
2.76611328,-71.91376000,-88.25580000,-72.00219000,-76.16325000
2.76672363,-81.27930000,-92.07482000,-67.20520000,-77.57056000
2.76733398,-90.62041000,-96.52542000,-65.98026000,-78.06416000
2.76794434,-84.01283000,-96.36188000,-69.91352000,-86.61586000
2.76855469,-78.73183000,-95.20006000,-67.82727000,-74.82240000
2.76916504,-78.74923000,-90.36818000,-67.12152000,-78.01372000
2.76977539,-82.79695000,-90.02113000,-74.80708000,-75.25169000
2.77038574,-81.63271000,-88.28162000,-66.95466000,-71.51315000
2.77099609,-82.79654000,-88.14471000,-66.83286000,-72.47375000
2.77160645,-89.18824000,-96.77615000,-71.79044000,-75.37820000
2.77221680,-71.32312000,-92.86737000,-78.35965000,-88.11003000
2.77282715,-66.78937000,-90.21588000,-74.16213000,-86.96084000
2.77343750,-62.19095000,-83.37228000,-75.42087000,-72.54166000
2.77404785,-62.43937000,-84.62703000,-74.22646000,-68.30222000
2.77465820,-73.69111000,-92.90446000,-78.47926000,-68.46420000
2.77526855,-82.13848000,-101.93030000,-73.95652000,-71.19079000
2.77587891,-83.83075000,-98.52380000,-66.63701000,-77.01732000
2.77648926,-81.80894000,-94.05881000,-63.57995000,-83.32981000
2.77709961,-82.50317000,-106.72950000,-66.84298000,-78.23923000
2.77770996,-74.42935000,-102.16510000,-67.25977000,-76.33733000
2.77832031,-71.02372000,-99.35701000,-66.72018000,-76.62813000
2.77893066,-71.04625000,-90.89583000,-76.58748000,-77.10049000
2.77954102,-71.60285000,-97.65186000,-85.69505000,-78.78518000
2.78015137,-75.36362000,-92.87003000,-75.61426000,-76.04345000
2.78076172,-86.69547000,-88.53726000,-68.97521000,-89.06312000
2.78137207,-89.25381000,-89.24653000,-68.19452000,-81.72057000
2.78198242,-82.13767000,-99.18489000,-67.18463000,-88.24243000
2.78259277,-79.61139000,-91.00089000,-68.21822000,-77.86826000
2.78320313,-78.30968000,-88.50831000,-71.24184000,-71.88618000
2.78381348,-79.00105000,-91.88420000,-66.75627000,-69.93579000
2.78442383,-85.11540000,-91.95784000,-63.85142000,-72.75950000
2.78503418,-85.13367000,-99.19360000,-65.83395000,-84.37859000
2.78564453,-86.57549000,-98.52744000,-65.04556000,-72.72092000
2.78625488,-84.93133000,-106.26030000,-64.79196000,-75.84730000
2.78686523,-84.54591000,-94.20256000,-67.15363000,-85.27696000
2.78747559,-86.97242000,-92.82680000,-74.44587000,-89.83528000
2.78808594,-82.05605000,-97.25926000,-72.04137000,-71.65819000
2.78869629,-78.88448000,-99.54568000,-70.27205000,-71.28013000
2.78930664,-75.64724000,-88.56900000,-85.84756000,-73.40327000
2.78991699,-72.25043000,-82.15614000,-74.34668000,-74.75938000
2.79052734,-70.21460000,-82.47346000,-73.11205000,-90.74579000
2.79113770,-73.24955000,-89.94525000,-73.41541000,-74.90282000
2.79174805,-76.86504000,-88.84792000,-76.39482000,-79.38895000
2.79235840,-83.64999000,-98.82050000,-74.76488000,-81.95344000
2.79296875,-90.27966000,-95.01319000,-70.80184000,-77.51598000
2.79357910,-78.00445000,-93.19569000,-70.05804000,-77.78944000
2.79418945,-71.98114000,-83.08946000,-72.38684000,-74.14536000
2.79479980,-71.17596000,-81.69505000,-75.52194000,-71.45155000
2.79541016,-72.88764000,-86.96301000,-69.41888000,-83.30710000
2.79602051,-73.21130000,-93.08656000,-88.09704000,-70.10143000
2.79663086,-79.17396000,-106.79640000,-70.77496000,-68.75626000
2.79724121,-82.34351000,-110.56580000,-70.20290000,-71.41535000
2.79785156,-72.72852000,-89.83186000,-72.61482000,-74.83951000
2.79846191,-67.75009000,-86.42032000,-79.42442000,-76.61182000
2.79907227,-64.74065000,-87.20344000,-81.77533000,-73.85995000
2.79968262,-69.40053000,-89.08096000,-79.52756000,-72.36971000
2.80029297,-77.67529000,-95.86951000,-73.86578000,-71.94120000
2.80090332,-69.38737000,-99.10364000,-68.32233000,-73.35960000
2.80151367,-69.68912000,-105.85470000,-69.00990000,-80.68961000
2.80212402,-75.51470000,-94.35180000,-72.45591000,-80.67125000
2.80273438,-90.00388000,-95.17961000,-75.08904000,-75.84266000
2.80334473,-82.83292000,-94.55983000,-79.44904000,-83.14343000
2.80395508,-82.14532000,-98.33298000,-80.04264000,-70.70465000
2.80456543,-79.25334000,-105.95410000,-69.67419000,-65.60600000
2.80517578,-74.73363000,-99.89053000,-70.49814000,-67.98553000
2.80578613,-72.91202000,-101.40720000,-81.38485000,-72.91789000
2.80639648,-78.27557000,-91.12861000,-72.17133000,-75.56133000
2.80700684,-79.18468000,-94.86939000,-69.82453000,-70.94421000
2.80761719,-73.96417000,-97.17551000,-70.31802000,-72.83969000
2.80822754,-74.40804000,-93.83251000,-67.79503000,-70.65085000
2.80883789,-71.74303000,-89.67460000,-69.47690000,-70.52128000
2.80944824,-69.04660000,-87.66784000,-74.63271000,-73.39948000
2.81005859,-70.77563000,-89.40807000,-77.00139000,-79.99655000
2.81066895,-77.61176000,-96.06969000,-71.41503000,-82.26671000
2.81127930,-88.13613000,-103.86310000,-67.90713000,-77.26544000
2.81188965,-93.75804000,-90.34088000,-66.91476000,-76.78799000
2.81250000,-92.71367000,-89.25201000,-69.57649000,-75.12189000
2.81311035,-80.84710000,-95.25696000,-71.06345000,-73.53474000
2.81372070,-81.35502000,-107.65490000,-70.68620000,-78.75694000
2.81433105,-82.65779000,-107.36800000,-90.74203000,-93.71046000
2.81494141,-77.47811000,-92.91580000,-77.31984000,-77.72931000
2.81555176,-82.51041000,-88.48463000,-76.26205000,-69.91167000
2.81616211,-86.64394000,-93.02863000,-73.18312000,-70.38863000
2.81677246,-79.59421000,-106.96240000,-70.69036000,-69.51572000
2.81738281,-75.06507000,-97.18597000,-70.94251000,-72.30742000
2.81799316,-72.25463000,-87.98389000,-69.96842000,-75.59513000
2.81860352,-72.45862000,-88.97350000,-69.38345000,-74.13655000
2.81921387,-78.84185000,-93.01433000,-73.64191000,-70.41322000
2.81982422,-85.46245000,-94.43870000,-69.69423000,-74.95340000
2.82043457,-90.61708000,-95.40173000,-65.02229000,-86.97781000
2.82104492,-93.03548000,-98.03677000,-68.29924000,-80.11052000
2.82165527,-92.07295000,-100.70140000,-83.54935000,-73.99085000
2.82226563,-83.85030000,-94.18510000,-87.80580000,-71.90046000
2.82287598,-78.16810000,-91.08009000,-74.10521000,-74.05183000
2.82348633,-75.97102000,-90.33436000,-68.51189000,-70.21205000
2.82409668,-75.05141000,-87.48801000,-67.15092000,-75.07771000
2.82470703,-78.34734000,-88.40388000,-74.31844000,-85.47998000
2.82531738,-80.82057000,-94.27721000,-72.68369000,-82.36752000
2.82592773,-78.84461000,-99.70038000,-69.35278000,-78.54295000
2.82653809,-78.78777000,-92.13908000,-76.67251000,-72.62580000
2.82714844,-79.28727000,-88.77612000,-78.00906000,-75.17997000
2.82775879,-78.20325000,-91.87994000,-68.61703000,-77.09921000
2.82836914,-73.57768000,-105.33010000,-63.66083000,-72.65458000
2.82897949,-72.85249000,-92.31705000,-65.04236000,-75.60724000
2.82958984,-78.34922000,-95.47409000,-74.02915000,-87.13005000
2.83020020,-80.23033000,-92.91871000,-75.23177000,-77.07359000
2.83081055,-76.36398000,-94.13411000,-70.14846000,-74.28143000
2.83142090,-77.48849000,-99.16325000,-71.72715000,-77.10229000
2.83203125,-79.70516000,-91.91695000,-69.03365000,-75.61708000
2.83264160,-77.98578000,-97.32643000,-66.97278000,-74.48598000
2.83325195,-76.72515000,-98.68921000,-67.12809000,-71.85282000
2.83386230,-74.45860000,-97.76874000,-68.13487000,-73.70889000
2.83447266,-72.86201000,-103.86730000,-72.77470000,-80.75036000
2.83508301,-72.97286000,-92.67833000,-78.15546000,-73.07797000
2.83569336,-74.76039000,-91.05994000,-78.15771000,-69.63116000
2.83630371,-83.00880000,-94.91170000,-72.39218000,-69.24892000
2.83691406,-82.26704000,-98.70620000,-68.30100000,-71.71782000
2.83752441,-77.83267000,-94.20921000,-67.90353000,-77.43214000
2.83813477,-75.20047000,-97.34132000,-69.03381000,-86.49612000
2.83874512,-73.77686000,-100.76460000,-72.99157000,-83.81138000
2.83935547,-76.11707000,-97.58637000,-75.49136000,-81.41426000
2.83996582,-81.86182000,-92.50681000,-74.61963000,-71.62341000
2.84057617,-83.92190000,-100.52930000,-70.17184000,-73.93149000
2.84118652,-79.41304000,-102.05590000,-69.08205000,-77.49780000
2.84179688,-74.85490000,-91.71219000,-71.99794000,-84.97189000
2.84240723,-69.58672000,-88.13488000,-76.17403000,-93.24950000
2.84301758,-70.39085000,-90.39743000,-77.64165000,-74.17482000
2.84362793,-69.72602000,-91.51350000,-70.37376000,-70.88847000
2.84423828,-67.90073000,-89.72127000,-64.64758000,-72.44515000
2.84484863,-67.05824000,-95.44488000,-66.43239000,-79.11073000
2.84545898,-67.54041000,-99.76116000,-72.09948000,-87.37283000
2.84606934,-70.48605000,-94.58081000,-90.18928000,-76.04956000
2.84667969,-73.95567000,-97.67256000,-72.09379000,-74.30017000
2.84729004,-74.39360000,-108.14620000,-69.45441000,-82.61353000
2.84790039,-76.95863000,-90.57790000,-74.39059000,-95.79961000
2.84851074,-81.05968000,-84.78107000,-74.24697000,-85.02492000
2.84912109,-80.63239000,-83.84467000,-72.23583000,-79.17613000
2.84973145,-76.35291000,-86.65079000,-74.49143000,-79.70398000
2.85034180,-79.34783000,-89.83418000,-74.82993000,-81.18511000
2.85095215,-78.08244000,-91.78520000,-87.36694000,-77.00487000
2.85156250,-74.89519000,-98.83411000,-73.78678000,-71.31950000
2.85217285,-76.82071000,-91.14355000,-73.61777000,-70.55190000
2.85278320,-83.20216000,-90.33618000,-71.08409000,-72.32522000
2.85339355,-84.20129000,-97.92728000,-73.83846000,-75.21575000
2.85400391,-78.08054000,-89.27016000,-79.27057000,-72.79002000
2.85461426,-74.45637000,-90.21416000,-74.11417000,-79.07415000
2.85522461,-84.57168000,-94.94152000,-68.53486000,-77.45290000
2.85583496,-78.85420000,-92.56062000,-66.72841000,-79.55635000
2.85644531,-83.16883000,-92.80379000,-69.65062000,-72.86720000
2.85705566,-81.67324000,-92.25349000,-73.83164000,-69.23772000
2.85766602,-78.98188000,-93.04806000,-66.22575000,-74.07578000
2.85827637,-76.54431000,-99.16503000,-64.32079000,-85.32520000
2.85888672,-73.78946000,-87.18584000,-65.56879000,-83.62003000
2.85949707,-73.72835000,-87.09035000,-67.11509000,-76.29526000
2.86010742,-80.83854000,-93.97411000,-66.70937000,-70.43262000
2.86071777,-88.88373000,-95.26271000,-65.61931000,-66.15953000
2.86132813,-85.15857000,-91.80760000,-66.14605000,-66.43630000
2.86193848,-80.13083000,-91.02690000,-66.53601000,-71.89856000
2.86254883,-78.41272000,-92.51521000,-67.31660000,-91.45363000
2.86315918,-78.01065000,-91.08594000,-70.51762000,-78.78249000
2.86376953,-82.05322000,-90.23492000,-78.65910000,-83.38228000
2.86437988,-79.82484000,-89.68785000,-79.22846000,-79.15814000
2.86499023,-78.76614000,-91.42113000,-74.50050000,-73.90137000
2.86560059,-79.86469000,-99.37648000,-69.43249000,-74.39590000
2.86621094,-79.00305000,-99.07584000,-66.34956000,-76.98131000
2.86682129,-79.00353000,-102.98450000,-68.41477000,-79.96346000
2.86743164,-84.49780000,-93.25110000,-77.76565000,-85.49352000
2.86804199,-78.72801000,-91.11919000,-78.11746000,-87.23324000
2.86865234,-73.69780000,-89.18942000,-78.43643000,-82.62610000
2.86926270,-72.21414000,-85.39542000,-86.13422000,-76.75630000
2.86987305,-73.23103000,-84.75159000,-71.87792000,-71.27858000
2.87048340,-72.59257000,-88.67688000,-69.10483000,-69.12627000
2.87109375,-74.85213000,-96.88734000,-78.70564000,-73.02354000
2.87170410,-73.48845000,-100.79600000,-71.76148000,-79.09790000
2.87231445,-69.45882000,-87.90351000,-67.69024000,-82.42741000
2.87292480,-69.33434000,-84.23314000,-72.56801000,-85.72229000
2.87353516,-68.86387000,-83.84904000,-93.99369000,-73.51920000
2.87414551,-69.52021000,-87.91116000,-75.58178000,-72.12548000
2.87475586,-73.51131000,-100.38900000,-78.63620000,-72.68088000
2.87536621,-80.19802000,-89.79148000,-72.11993000,-73.26670000
2.87597656,-81.00715000,-92.14058000,-69.34299000,-79.74504000
2.87658691,-83.49811000,-94.86968000,-70.49942000,-80.06481000
2.87719727,-77.06620000,-90.75036000,-70.37807000,-71.86679000
2.87780762,-81.08530000,-86.42452000,-72.06896000,-70.80862000
2.87841797,-82.90189000,-86.03133000,-75.87285000,-72.49480000
2.87902832,-75.88797000,-88.46696000,-80.48962000,-82.05214000
2.87963867,-74.40345000,-90.68347000,-71.48939000,-79.64955000
2.88024902,-77.61373000,-91.28284000,-70.24133000,-73.36057000
2.88085938,-88.92108000,-94.75114000,-73.02776000,-67.35869000
2.88146973,-86.24391000,-104.24460000,-85.84673000,-68.68875000
2.88208008,-80.59779000,-93.34132000,-80.47401000,-73.54714000
2.88269043,-76.97404000,-91.18277000,-72.08961000,-75.86759000
2.88330078,-73.66073000,-95.26401000,-70.11526000,-73.88946000
2.88391113,-71.40256000,-102.25170000,-75.84264000,-72.61819000
2.88452148,-72.96701000,-94.69186000,-72.64227000,-70.88097000
2.88513184,-76.55439000,-94.08221000,-72.37463000,-69.42233000
2.88574219,-72.02403000,-92.73765000,-75.08704000,-77.86238000
2.88635254,-73.80429000,-92.88622000,-72.61774000,-73.47479000
2.88696289,-81.79370000,-88.82404000,-73.95246000,-69.54459000
2.88757324,-81.09471000,-87.44087000,-72.33012000,-72.61504000
2.88818359,-83.52107000,-89.30492000,-70.70141000,-84.17176000
2.88879395,-85.84084000,-90.05121000,-70.05567000,-85.91130000
2.88940430,-73.28008000,-86.75973000,-65.62751000,-80.73180000
2.89001465,-73.44713000,-84.48811000,-65.28366000,-74.23499000
2.89062500,-78.47690000,-86.68999000,-70.96152000,-72.02449000
2.89123535,-88.43880000,-100.08770000,-72.22261000,-69.47658000
2.89184570,-82.32688000,-96.81071000,-75.18912000,-69.77810000
2.89245605,-78.20885000,-92.82257000,-71.88083000,-74.05495000
2.89306641,-74.24310000,-90.70383000,-69.61330000,-78.18878000
2.89367676,-72.31871000,-88.67130000,-69.20213000,-76.96557000
2.89428711,-71.46344000,-87.91995000,-73.18568000,-74.60455000
2.89489746,-73.82823000,-90.48457000,-73.33173000,-77.10549000
2.89550781,-75.12839000,-91.72643000,-71.52142000,-79.88961000
2.89611816,-73.43406000,-90.77527000,-67.33353000,-78.93063000
2.89672852,-74.69370000,-98.82587000,-67.37640000,-76.11639000
2.89733887,-72.57033000,-94.12728000,-71.45561000,-76.38100000
2.89794922,-67.57893000,-85.97572000,-78.13425000,-77.70712000
2.89855957,-73.26109000,-90.41146000,-80.62321000,-79.19714000
2.89916992,-68.72919000,-90.41737000,-68.96712000,-79.96159000
2.89978027,-67.04774000,-88.51821000,-67.69003000,-96.52210000
2.90039063,-76.37593000,-89.93788000,-72.16103000,-77.04372000
2.90100098,-82.79240000,-94.42535000,-70.55396000,-78.79161000
2.90161133,-77.31335000,-116.93210000,-65.87490000,-74.69046000
2.90222168,-78.80191000,-100.26530000,-68.25717000,-71.97665000
2.90283203,-80.74324000,-109.23000000,-68.83405000,-75.60890000
2.90344238,-89.52607000,-101.33440000,-65.55305000,-84.65562000
2.90405273,-88.02560000,-101.55860000,-67.26917000,-74.84559000
2.90466309,-108.58250000,-100.54810000,-72.52652000,-71.18430000
2.90527344,-82.26330000,-103.47550000,-78.33270000,-69.63756000
2.90588379,-79.96274000,-95.10484000,-70.56828000,-71.26350000
2.90649414,-84.04507000,-96.49665000,-66.50278000,-76.65215000
2.90710449,-80.32928000,-97.29148000,-66.24863000,-74.06540000
2.90771484,-79.34785000,-88.36819000,-67.95973000,-72.93459000
2.90832520,-84.18910000,-87.65775000,-72.22978000,-77.10314000
2.90893555,-80.42558000,-91.10607000,-70.24564000,-83.36626000
2.90954590,-87.37541000,-96.80185000,-67.17912000,-81.42365000
2.91015625,-82.88275000,-91.08806000,-67.70071000,-77.36056000
2.91076660,-76.81204000,-91.95108000,-78.03827000,-74.36832000
2.91137695,-80.33001000,-98.89514000,-71.67068000,-73.86216000
2.91198730,-96.80888000,-102.65770000,-80.94107000,-80.45761000
2.91259766,-90.36116000,-95.66264000,-71.12712000,-79.75215000
2.91320801,-79.08049000,-91.02563000,-68.35005000,-78.31756000
2.91381836,-85.45548000,-97.94479000,-69.15426000,-81.22448000
2.91442871,-94.15679000,-98.18573000,-71.76445000,-75.59756000
2.91503906,-85.10606000,-97.51993000,-76.90714000,-70.50748000
2.91564941,-80.90428000,-92.61735000,-75.71571000,-70.63631000
2.91625977,-84.81835000,-90.39482000,-74.88647000,-78.61619000
2.91687012,-88.09215000,-90.19597000,-70.77617000,-73.62111000
2.91748047,-88.71322000,-88.44119000,-69.92516000,-73.27546000
2.91809082,-82.94322000,-90.55257000,-68.06091000,-79.47217000
2.91870117,-88.13461000,-97.15661000,-63.73732000,-75.38155000
2.91931152,-80.81753000,-99.57207000,-63.80134000,-71.30009000
2.91992188,-77.40315000,-97.09029000,-68.56927000,-79.05337000
2.92053223,-76.13344000,-96.52801000,-74.88828000,-97.11143000
2.92114258,-74.20647000,-94.50008000,-87.29371000,-77.38654000
2.92175293,-74.45670000,-98.37361000,-70.53613000,-73.54028000
2.92236328,-74.28677000,-107.99900000,-73.48158000,-74.60497000
2.92297363,-80.94443000,-93.06345000,-77.99107000,-77.48964000
2.92358398,-81.44917000,-90.08075000,-88.54369000,-82.01373000
2.92419434,-80.42476000,-94.81944000,-74.37120000,-76.77220000
2.92480469,-77.44056000,-98.90190000,-69.21025000,-77.12463000
2.92541504,-72.76411000,-98.71899000,-70.53306000,-76.48618000
2.92602539,-71.31315000,-97.64957000,-73.76814000,-75.42170000
2.92663574,-73.82036000,-96.07213000,-78.84961000,-70.26416000
2.92724609,-85.36721000,-90.48471000,-74.92245000,-69.54147000
2.92785645,-77.75307000,-91.01070000,-79.51148000,-68.86773000
2.92846680,-75.03953000,-94.46272000,-83.12626000,-71.52613000
2.92907715,-72.97392000,-104.79630000,-84.20338000,-86.26896000
2.92968750,-72.02140000,-93.70873000,-75.81134000,-84.44958000
2.93029785,-76.25145000,-95.31452000,-67.69190000,-74.14406000
2.93090820,-75.14516000,-91.06628000,-65.67554000,-69.39879000
2.93151855,-68.28850000,-93.51951000,-69.07643000,-71.52728000
2.93212891,-70.86318000,-101.07070000,-70.76583000,-75.92628000
2.93273926,-82.22404000,-95.84552000,-70.26598000,-84.79128000
2.93334961,-86.66772000,-98.04939000,-70.94537000,-86.59686000
2.93395996,-101.06430000,-104.45920000,-73.40047000,-86.41109000
2.93457031,-77.98815000,-93.61015000,-70.87304000,-85.96568000
2.93518066,-70.65476000,-93.00362000,-68.92947000,-89.19290000
2.93579102,-70.83320000,-111.43230000,-69.90775000,-71.08008000
2.93640137,-74.80379000,-92.98334000,-70.35019000,-67.53568000
2.93701172,-77.73705000,-91.44632000,-72.61966000,-74.00903000
2.93762207,-80.59990000,-100.99720000,-79.11053000,-77.03017000
2.93823242,-82.84453000,-107.60710000,-72.98978000,-72.10838000
2.93884277,-85.51309000,-94.32629000,-73.45797000,-70.81649000
2.93945313,-88.86334000,-86.62512000,-69.98681000,-75.91824000
2.94006348,-97.20897000,-86.81329000,-72.38148000,-80.98314000
2.94067383,-84.62884000,-88.96327000,-72.22156000,-72.34628000
2.94128418,-78.27690000,-93.63547000,-70.88398000,-76.61798000
2.94189453,-80.65968000,-94.97680000,-70.31094000,-76.50092000
2.94250488,-83.49382000,-92.90880000,-75.57067000,-74.20245000
2.94311523,-94.45850000,-86.66824000,-80.10574000,-78.36194000
2.94372559,-77.86792000,-87.30898000,-77.61827000,-77.68307000
2.94433594,-73.03970000,-90.52474000,-75.27354000,-73.24832000
2.94494629,-70.81342000,-89.75559000,-75.71463000,-79.58408000
2.94555664,-71.90121000,-91.33736000,-70.90498000,-79.07001000
2.94616699,-74.62386000,-94.90041000,-70.11952000,-72.94041000
2.94677734,-76.57847000,-89.18801000,-71.32379000,-74.44231000
2.94738770,-75.80521000,-87.93725000,-71.12168000,-93.43802000
2.94799805,-81.81227000,-85.94963000,-74.27230000,-78.99623000
2.94860840,-70.67749000,-83.40781000,-75.71989000,-74.53324000
2.94921875,-63.45426000,-83.42083000,-73.34085000,-73.02858000
2.94982910,-66.22371000,-89.83984000,-73.70917000,-75.60836000
2.95043945,-77.51815000,-91.10568000,-79.69771000,-83.43665000
2.95104980,-72.97287000,-89.40953000,-75.38723000,-78.17521000
2.95166016,-74.29689000,-96.21600000,-74.10144000,-71.54208000
2.95227051,-78.70987000,-92.61570000,-80.95543000,-71.14082000
2.95288086,-71.97993000,-91.79408000,-68.87449000,-79.96626000
2.95349121,-70.72708000,-98.25414000,-72.22907000,-77.00210000
2.95410156,-72.88983000,-104.32780000,-78.76029000,-73.94945000
2.95471191,-77.85409000,-96.80382000,-73.37410000,-86.11553000
2.95532227,-83.59766000,-92.02153000,-68.62731000,-87.76364000
2.95593262,-85.73169000,-88.84471000,-69.71768000,-78.42904000
2.95654297,-86.25471000,-89.26265000,-78.75027000,-74.67559000
2.95715332,-80.54928000,-89.04885000,-68.71571000,-73.90959000
2.95776367,-85.40039000,-87.15293000,-71.26286000,-69.28700000
2.95837402,-80.28574000,-89.29618000,-72.72641000,-68.90822000
2.95898438,-76.95068000,-91.94642000,-68.73115000,-74.25155000
2.95959473,-76.05033000,-95.36703000,-68.84483000,-74.32645000
2.96020508,-76.75868000,-98.11220000,-73.92206000,-72.93563000
2.96081543,-82.04117000,-109.70740000,-69.68104000,-83.20754000
2.96142578,-75.03891000,-91.71686000,-71.79790000,-77.14249000
2.96203613,-73.97056000,-95.04723000,-71.68270000,-72.45923000
2.96264648,-76.29996000,-96.53868000,-71.50471000,-74.26727000
2.96325684,-78.50861000,-99.69132000,-72.37979000,-82.92115000
2.96386719,-77.60882000,-95.13676000,-70.88277000,-74.60238000
2.96447754,-77.57616000,-94.89998000,-75.08115000,-72.97777000
2.96508789,-77.88100000,-100.88900000,-82.94304000,-73.03522000
2.96569824,-77.18274000,-91.96712000,-72.61794000,-72.30127000
2.96630859,-81.26526000,-90.20821000,-66.46963000,-73.26404000
2.96691895,-76.59832000,-93.58941000,-65.57915000,-76.27707000
2.96752930,-74.68531000,-94.03314000,-66.58832000,-73.86073000
2.96813965,-84.63161000,-92.06158000,-65.91760000,-68.39147000
2.96875000,-74.74483000,-91.27155000,-66.51952000,-69.29169000
2.96936035,-72.19897000,-91.25876000,-69.30457000,-76.65664000
2.96997070,-72.05522000,-91.90556000,-73.04533000,-84.95238000
2.97058105,-71.86017000,-93.12769000,-77.65571000,-83.88359000
2.97119141,-74.74238000,-100.40980000,-83.79482000,-74.00739000
2.97180176,-79.24338000,-89.13031000,-86.48079000,-73.33960000
2.97241211,-77.30220000,-84.97699000,-83.78852000,-80.19569000
2.97302246,-72.85509000,-87.21852000,-73.53635000,-88.10449000
2.97363281,-79.34307000,-85.23880000,-77.04642000,-81.34262000
2.97424316,-79.91075000,-83.00757000,-75.34682000,-82.31877000
2.97485352,-82.87074000,-84.44328000,-74.56199000,-75.90402000
2.97546387,-92.45881000,-87.20918000,-75.21346000,-76.94835000
2.97607422,-79.70039000,-88.93050000,-69.59879000,-73.32299000
2.97668457,-91.40468000,-93.36340000,-67.02882000,-69.48685000
2.97729492,-74.90023000,-103.96280000,-66.88973000,-75.73951000
2.97790527,-76.33335000,-98.71532000,-71.71809000,-82.18349000
2.97851563,-72.22560000,-96.72298000,-78.86629000,-79.31525000
2.97912598,-65.45409000,-88.22285000,-87.81496000,-84.08276000
2.97973633,-66.01859000,-89.33264000,-77.26647000,-79.13254000
2.98034668,-69.33819000,-95.66405000,-74.74789000,-86.59570000
2.98095703,-66.74512000,-90.78622000,-79.27234000,-86.79329000
2.98156738,-67.45433000,-90.94635000,-73.54859000,-82.15057000
2.98217773,-75.82309000,-94.23882000,-67.41002000,-76.45255000
2.98278809,-77.47586000,-97.14531000,-72.19171000,-68.22293000
2.98339844,-80.54176000,-90.39772000,-73.85177000,-67.59385000
2.98400879,-77.25525000,-88.58669000,-74.36915000,-77.07899000
2.98461914,-68.59712000,-95.29400000,-76.33035000,-81.48612000
2.98522949,-68.52764000,-93.26009000,-76.72644000,-74.54909000
2.98583984,-69.30878000,-88.39095000,-73.23813000,-76.07240000
2.98645020,-69.10818000,-91.46925000,-77.72375000,-89.50268000
2.98706055,-72.34018000,-100.12190000,-73.13347000,-90.66151000
2.98767090,-79.98730000,-97.60571000,-69.20128000,-73.82418000
2.98828125,-82.25629000,-96.83220000,-69.03545000,-74.20076000
2.98889160,-84.62365000,-106.51580000,-71.24612000,-77.26247000
2.98950195,-81.92821000,-94.95857000,-75.35849000,-81.77957000
2.99011230,-78.53840000,-88.17191000,-70.73335000,-83.96229000
2.99072266,-76.74589000,-86.83051000,-70.64798000,-80.33449000
2.99133301,-76.19851000,-89.93205000,-88.79604000,-79.54685000
2.99194336,-80.34543000,-91.19611000,-72.96220000,-75.49638000
2.99255371,-100.84430000,-94.73317000,-73.25534000,-81.11098000
2.99316406,-81.61746000,-97.79222000,-87.12022000,-92.08858000
2.99377441,-78.61545000,-94.71679000,-72.78841000,-85.00340000
2.99438477,-80.44231000,-91.21827000,-73.54695000,-72.71703000
2.99499512,-79.79031000,-95.51220000,-72.01334000,-70.16340000
2.99560547,-80.84954000,-88.30262000,-72.37108000,-74.53829000
2.99621582,-82.59296000,-87.84286000,-78.79205000,-87.71370000
2.99682617,-84.02174000,-94.70480000,-74.82112000,-79.09980000
2.99743652,-74.11491000,-101.00210000,-86.56393000,-107.21540000
2.99804688,-68.46428000,-96.70968000,-76.90736000,-78.40524000
2.99865723,-65.74765000,-87.29911000,-75.94359000,-74.08003000
2.99926758,-65.65562000,-82.81539000,-68.93600000,-75.87962000
2.99987793,-71.41098000,-87.90546000,-67.03420000,-78.45866000
3.00048828,-82.99831000,-98.53768000,-67.33626000,-70.42821000
3.00109863,-75.62099000,-90.68719000,-70.84523000,-73.55888000
3.00170898,-74.32338000,-88.66583000,-76.24276000,-71.90749000
3.00231934,-73.95550000,-90.59117000,-68.97215000,-71.50896000
3.00292969,-75.90507000,-99.02971000,-69.14059000,-72.85121000
3.00354004,-78.40152000,-96.17443000,-72.45250000,-78.31651000
3.00415039,-70.59634000,-105.79360000,-79.68034000,-78.44197000
3.00476074,-71.33000000,-91.50063000,-68.82840000,-71.79020000
3.00537109,-76.33008000,-91.23242000,-70.74956000,-67.18797000
3.00598145,-80.76904000,-94.78970000,-75.58315000,-68.27972000
3.00659180,-86.41829000,-94.61705000,-69.21799000,-73.12836000
3.00720215,-88.55231000,-93.90328000,-66.43076000,-81.38088000
3.00781250,-79.86320000,-91.82497000,-72.82066000,-85.15776000
3.00842285,-76.35091000,-91.30606000,-86.71204000,-76.97836000
3.00903320,-78.91675000,-93.60483000,-73.67746000,-73.29568000
3.00964355,-85.63389000,-93.96941000,-67.26038000,-68.95164000
3.01025391,-83.84185000,-89.04752000,-68.70027000,-69.32976000
3.01086426,-89.74403000,-87.68958000,-71.74429000,-72.76548000
3.01147461,-80.21819000,-89.46923000,-73.03565000,-76.34381000
3.01208496,-75.22368000,-89.60625000,-69.07747000,-77.04690000
3.01269531,-76.60507000,-88.70270000,-73.06291000,-75.51344000
3.01330566,-77.94859000,-88.02235000,-82.46185000,-85.04352000
3.01391602,-74.06706000,-92.61804000,-73.74327000,-73.79147000
3.01452637,-72.99824000,-96.98914000,-69.75896000,-77.90894000
3.01513672,-79.82574000,-97.05952000,-69.18723000,-80.57190000
3.01574707,-87.23998000,-96.18837000,-72.48677000,-76.02354000
3.01635742,-92.03266000,-92.66507000,-83.49553000,-75.47872000
3.01696777,-80.91840000,-90.41263000,-83.96781000,-71.53936000
3.01757813,-78.61340000,-93.03093000,-79.82486000,-69.76728000
3.01818848,-88.72768000,-98.56606000,-67.79216000,-68.88515000
3.01879883,-79.43095000,-90.88580000,-68.75390000,-74.87299000
3.01940918,-75.03819000,-89.43095000,-75.55624000,-77.22729000
3.02001953,-75.24865000,-93.65141000,-75.60306000,-77.58495000
3.02062988,-74.97168000,-97.73398000,-75.07261000,-75.76854000
3.02124023,-79.96210000,-99.56992000,-69.14513000,-83.08508000
3.02185059,-81.24757000,-93.84294000,-72.98581000,-77.10162000
3.02246094,-78.15349000,-93.75215000,-76.76591000,-76.10024000
3.02307129,-80.50622000,-90.93124000,-67.23197000,-92.57756000
3.02368164,-80.00365000,-100.41080000,-64.87080000,-81.14813000
3.02429199,-77.84131000,-96.48206000,-64.68723000,-87.67473000
3.02490234,-75.80369000,-94.87016000,-69.30190000,-81.92365000
3.02551270,-79.46670000,-92.11529000,-74.06890000,-79.44337000
3.02612305,-79.96922000,-99.25786000,-68.11918000,-71.96604000
3.02673340,-81.32938000,-94.09146000,-69.77563000,-75.22919000
3.02734375,-84.72719000,-96.30942000,-80.69608000,-77.42366000
3.02795410,-79.60704000,-104.85390000,-84.14321000,-76.09763000
3.02856445,-84.18938000,-98.07211000,-75.52693000,-75.00186000
3.02917480,-86.79135000,-96.78063000,-71.27483000,-73.95963000
3.02978516,-83.21986000,-85.77614000,-70.37639000,-73.73382000
3.03039551,-86.50955000,-83.94556000,-67.65988000,-74.35117000
3.03100586,-77.75941000,-87.07813000,-75.37774000,-91.48358000
3.03161621,-75.68598000,-90.60265000,-80.08801000,-74.97156000
3.03222656,-82.11504000,-92.98254000,-76.33554000,-74.87674000
3.03283691,-76.12983000,-109.84390000,-69.11618000,-78.85700000
3.03344727,-67.54317000,-84.69493000,-66.30699000,-94.13274000
3.03405762,-62.48318000,-76.23033000,-68.62059000,-79.95352000
3.03466797,-63.68258000,-77.40949000,-74.49967000,-78.22453000
3.03527832,-70.83141000,-89.58358000,-74.92112000,-72.48223000
3.03588867,-81.06693000,-120.67350000,-67.52952000,-80.61000000
3.03649902,-95.15778000,-92.51733000,-77.69467000,-77.23732000
3.03710938,-82.95245000,-89.11774000,-74.17512000,-80.88632000
3.03771973,-80.77074000,-90.53983000,-73.19066000,-82.14278000
3.03833008,-82.84967000,-94.53009000,-79.00333000,-76.98197000
3.03894043,-84.77043000,-95.28568000,-76.17101000,-89.58672000
3.03955078,-85.94157000,-96.10674000,-71.84334000,-74.43191000
3.04016113,-89.55162000,-99.00960000,-71.07537000,-70.01352000
3.04077148,-79.68169000,-101.16980000,-70.79955000,-68.29688000
3.04138184,-86.17275000,-99.57716000,-79.13821000,-68.04301000
3.04199219,-80.67448000,-92.72811000,-78.98673000,-72.51161000
3.04260254,-78.42681000,-105.31680000,-70.51369000,-69.37483000
3.04321289,-81.87672000,-94.44164000,-67.56615000,-65.94957000
3.04382324,-87.73505000,-94.76160000,-66.91488000,-70.38252000
3.04443359,-82.39000000,-91.83723000,-67.45618000,-76.02782000
3.04504395,-75.36710000,-97.38544000,-66.17633000,-71.44869000
3.04565430,-74.40682000,-94.23991000,-67.46217000,-80.18187000
3.04626465,-76.26324000,-92.12306000,-71.64693000,-74.87984000
3.04687500,-90.64612000,-95.58579000,-75.94691000,-71.18806000
3.04748535,-74.72048000,-96.33653000,-75.72488000,-68.26600000
3.04809570,-70.12506000,-86.57378000,-77.42699000,-71.15585000
3.04870605,-63.21076000,-81.31608000,-69.68063000,-70.30608000
3.04931641,-60.19508000,-78.31534000,-67.34746000,-67.25190000
3.04992676,-63.85848000,-81.45698000,-69.93800000,-71.25170000
3.05053711,-68.81274000,-91.84592000,-71.68186000,-76.43553000
3.05114746,-69.88071000,-92.33672000,-71.12730000,-74.23283000
3.05175781,-73.33324000,-88.74850000,-73.06292000,-76.44584000
3.05236816,-79.73454000,-90.53421000,-69.17740000,-79.57374000
3.05297852,-87.06004000,-88.03409000,-66.88187000,-79.74368000
3.05358887,-90.21532000,-87.04784000,-72.24072000,-71.24722000
3.05419922,-78.30501000,-92.67751000,-71.51493000,-66.78918000
3.05480957,-74.21846000,-94.09386000,-66.77233000,-70.98047000
3.05541992,-79.48651000,-91.00391000,-73.05321000,-86.95418000
3.05603027,-85.92226000,-91.08260000,-70.66512000,-79.09867000
3.05664063,-85.85303000,-90.95875000,-70.62195000,-76.31346000
3.05725098,-78.32756000,-106.55970000,-82.43121000,-73.75212000
3.05786133,-83.56683000,-90.16496000,-74.95500000,-73.95652000
3.05847168,-78.29401000,-89.60539000,-76.21664000,-79.61816000
3.05908203,-74.16260000,-93.21028000,-71.33179000,-74.88171000
3.05969238,-75.79925000,-95.63541000,-65.38666000,-71.40279000
3.06030273,-82.00349000,-90.98568000,-65.84606000,-73.18581000
3.06091309,-82.89415000,-92.05497000,-68.06947000,-79.82996000
3.06152344,-78.27673000,-104.84170000,-68.97997000,-74.99517000
3.06213379,-73.88085000,-93.85167000,-72.74146000,-74.73734000
3.06274414,-73.17982000,-93.25987000,-90.59188000,-80.42743000
3.06335449,-79.73148000,-94.10968000,-74.36682000,-74.86390000
3.06396484,-90.80405000,-97.37718000,-69.10651000,-74.91612000
3.06457520,-84.48268000,-95.84094000,-66.38636000,-79.88290000
3.06518555,-80.98019000,-90.90847000,-66.79294000,-75.48287000
3.06579590,-80.62766000,-92.35310000,-70.69843000,-70.29702000
3.06640625,-83.89960000,-91.02665000,-77.98221000,-71.72728000
3.06701660,-83.88970000,-92.02022000,-75.92110000,-76.48873000
3.06762695,-90.33090000,-119.25540000,-79.22150000,-79.26617000
3.06823730,-87.34160000,-92.43172000,-76.27853000,-73.16541000
3.06884766,-89.26643000,-96.02455000,-71.78910000,-68.84705000
3.06945801,-82.92821000,-100.21650000,-70.56403000,-68.31004000
3.07006836,-78.86893000,-98.56546000,-69.54900000,-69.99958000
3.07067871,-84.94717000,-101.15460000,-68.62891000,-73.19833000
3.07128906,-84.60068000,-96.98297000,-67.82285000,-89.57588000
3.07189941,-80.78266000,-114.01380000,-68.25639000,-72.16069000
3.07250977,-74.97102000,-101.22780000,-68.48450000,-71.29655000
3.07312012,-71.02650000,-91.85406000,-73.94904000,-71.10928000
3.07373047,-61.07851000,-82.50780000,-78.85168000,-68.81339000
3.07434082,-62.59460000,-84.13456000,-75.78046000,-69.95724000
3.07495117,-74.25178000,-93.16589000,-69.49865000,-71.62013000
3.07556152,-74.38554000,-101.20930000,-67.03090000,-70.19724000
3.07617188,-75.03405000,-111.79330000,-66.99032000,-70.20068000
3.07678223,-79.32099000,-102.29320000,-68.90849000,-72.74400000
3.07739258,-82.38127000,-91.42891000,-71.57684000,-76.12479000
3.07800293,-84.16618000,-87.48257000,-69.87094000,-78.94450000
3.07861328,-83.86520000,-92.67037000,-74.53022000,-76.60533000
3.07922363,-87.21600000,-93.60417000,-74.38728000,-77.83089000
3.07983398,-80.73189000,-88.33148000,-79.97591000,-76.96616000
3.08044434,-75.33508000,-86.62698000,-73.87839000,-74.00761000
3.08105469,-73.84336000,-89.84325000,-68.88702000,-76.06091000
3.08166504,-76.22121000,-95.72687000,-70.08887000,-73.28249000
3.08227539,-86.91117000,-103.67320000,-76.45480000,-71.88934000
3.08288574,-88.02049000,-101.07200000,-81.63906000,-71.60059000
3.08349609,-84.71471000,-97.20248000,-80.51050000,-70.81319000
3.08410645,-95.68626000,-96.31768000,-73.28821000,-67.38197000
3.08471680,-81.15074000,-99.48867000,-80.70759000,-65.69738000
3.08532715,-80.03388000,-104.36740000,-74.61801000,-68.44545000
3.08593750,-75.17239000,-104.74910000,-77.98016000,-71.36996000
3.08654785,-83.55717000,-98.76148000,-72.00379000,-74.13256000
3.08715820,-75.67690000,-95.90125000,-77.13492000,-83.82447000
3.08776855,-75.90381000,-96.01124000,-70.26263000,-80.57949000
3.08837891,-80.62489000,-97.50272000,-67.88297000,-73.99316000
3.08898926,-77.40310000,-98.36380000,-71.52789000,-71.27065000
3.08959961,-82.29843000,-94.39159000,-75.43403000,-73.09538000
3.09020996,-71.21970000,-83.06641000,-74.46512000,-78.43516000
3.09082031,-73.48922000,-83.98851000,-77.01711000,-76.73341000
3.09143066,-70.93925000,-92.22874000,-75.41615000,-82.84314000
3.09204102,-62.43774000,-97.49702000,-70.40289000,-79.75453000
3.09265137,-63.56894000,-101.51530000,-78.36836000,-73.38202000
3.09326172,-68.71285000,-101.26290000,-81.11642000,-71.92846000
3.09387207,-65.72575000,-91.44505000,-72.32796000,-72.06201000
3.09448242,-65.51065000,-83.01466000,-66.33507000,-73.43877000
3.09509277,-70.43156000,-85.22327000,-67.80095000,-75.72610000
3.09570313,-77.57175000,-95.47363000,-76.81779000,-80.48962000
3.09631348,-81.00522000,-94.39439000,-79.63559000,-77.85854000
3.09692383,-76.68739000,-98.06906000,-72.59438000,-73.66125000
3.09753418,-73.23676000,-97.49413000,-81.03450000,-70.47469000
3.09814453,-65.70111000,-92.21062000,-78.60656000,-73.53573000
3.09875488,-58.47199000,-80.58845000,-69.68861000,-74.71133000
3.09936523,-56.41430000,-76.94907000,-68.16748000,-70.04572000
3.09997559,-60.69067000,-82.27625000,-79.97878000,-81.74452000
3.10058594,-70.54628000,-98.05299000,-75.86218000,-73.31152000
3.10119629,-95.53395000,-88.14286000,-79.71236000,-72.34338000
3.10180664,-78.30351000,-90.02457000,-85.02883000,-70.62634000
3.10241699,-80.17334000,-98.15132000,-72.78414000,-72.24964000
3.10302734,-81.53868000,-99.43600000,-75.53992000,-72.17829000
3.10363770,-82.03172000,-100.03880000,-79.93878000,-67.98796000
3.10424805,-85.36382000,-111.22200000,-76.72255000,-67.70040000
3.10485840,-81.34399000,-93.07475000,-77.94235000,-69.04339000
3.10546875,-73.31316000,-88.12672000,-73.82964000,-67.34877000
3.10607910,-71.31504000,-89.38569000,-73.52672000,-65.58747000
3.10668945,-76.34459000,-91.71255000,-75.78206000,-66.16977000
3.10729980,-84.10377000,-87.84753000,-79.50105000,-68.90665000
3.10791016,-83.37802000,-93.50439000,-66.92738000,-72.02493000
3.10852051,-76.33013000,-96.02447000,-66.34328000,-74.35821000
3.10913086,-78.52432000,-90.64400000,-70.46054000,-73.67734000
3.10974121,-84.89590000,-92.33765000,-69.37946000,-78.15678000
3.11035156,-87.69171000,-99.78014000,-73.54707000,-82.70760000
3.11096191,-96.71266000,-97.95609000,-74.01198000,-80.05489000
3.11157227,-91.50353000,-100.83260000,-75.31826000,-89.71841000
3.11218262,-76.60691000,-97.42046000,-86.46280000,-79.89030000
3.11279297,-75.17036000,-89.57217000,-70.98326000,-79.44215000
3.11340332,-86.47782000,-92.78899000,-68.01720000,-75.20212000
3.11401367,-75.89165000,-107.48230000,-64.95627000,-72.41408000
3.11462402,-74.17698000,-96.77898000,-70.64671000,-72.78550000
3.11523438,-86.29408000,-99.89994000,-76.77021000,-72.94990000
3.11584473,-82.88045000,-100.70240000,-74.24030000,-85.91750000
3.11645508,-95.41934000,-96.32207000,-79.14185000,-71.98472000
3.11706543,-88.21262000,-99.00505000,-76.53948000,-69.11771000
3.11767578,-88.16344000,-99.27113000,-69.15385000,-73.47452000
3.11828613,-82.37687000,-105.25240000,-66.40761000,-77.25356000
3.11889648,-80.97635000,-94.49561000,-67.90615000,-79.23366000
3.11950684,-83.07127000,-96.64870000,-71.23069000,-74.06179000
3.12011719,-89.76978000,-92.57494000,-70.20461000,-80.09712000
3.12072754,-91.14605000,-90.70618000,-73.38844000,-73.61560000
3.12133789,-90.48106000,-95.25356000,-76.46926000,-69.63988000
3.12194824,-79.73416000,-99.80779000,-76.55002000,-70.10108000
3.12255859,-80.50645000,-88.79607000,-72.80370000,-74.45808000
3.12316895,-93.14126000,-87.41413000,-66.91924000,-72.76933000
3.12377930,-90.40594000,-91.48357000,-64.39040000,-71.17627000
3.12438965,-89.67484000,-101.08640000,-63.98384000,-75.22484000
3.12500000,-87.26956000,-103.23100000,-67.36644000,-80.95036000
3.12561035,-79.33122000,-97.51088000,-81.28823000,-77.21651000
3.12622070,-79.21500000,-92.78487000,-71.87524000,-75.77010000
3.12683105,-78.38762000,-92.93388000,-68.25654000,-73.64227000
3.12744141,-73.73022000,-98.09540000,-70.30639000,-73.31989000
3.12805176,-74.66246000,-91.50313000,-89.26259000,-75.34444000
3.12866211,-75.31683000,-90.01565000,-75.17297000,-75.68660000
3.12927246,-78.52245000,-92.29681000,-67.80192000,-96.51245000
3.12988281,-77.43990000,-96.22673000,-68.54852000,-72.46149000
3.13049316,-77.42847000,-93.38406000,-76.74403000,-73.32593000
3.13110352,-81.96158000,-103.00730000,-73.84772000,-74.75608000
3.13171387,-81.71004000,-101.34980000,-69.68048000,-78.09873000
3.13232422,-90.75896000,-92.86557000,-73.56730000,-96.65180000
3.13293457,-78.24924000,-90.50945000,-65.97139000,-72.70119000
3.13354492,-74.76909000,-92.91457000,-66.66018000,-72.89198000
3.13415527,-81.24342000,-95.73193000,-68.85545000,-76.31602000
3.13476563,-83.45231000,-99.84843000,-63.04348000,-69.67645000
3.13537598,-83.35412000,-96.32169000,-62.41302000,-71.22536000
3.13598633,-78.73437000,-92.93678000,-66.38625000,-74.43353000
3.13659668,-79.88061000,-94.85045000,-74.57571000,-75.80313000
3.13720703,-79.84782000,-96.90721000,-72.45693000,-84.29251000
3.13781738,-73.82867000,-91.09041000,-73.91641000,-78.65622000
3.13842773,-70.81908000,-92.39140000,-73.78952000,-73.79887000
3.13903809,-70.55576000,-97.94154000,-72.70611000,-74.02982000
3.13964844,-73.31076000,-96.28506000,-73.01126000,-75.12218000
3.14025879,-79.90810000,-89.07137000,-65.46607000,-75.26565000
3.14086914,-114.24350000,-92.45446000,-64.52729000,-80.90439000
3.14147949,-85.28489000,-94.38664000,-68.85533000,-87.08594000
3.14208984,-89.15198000,-91.70313000,-73.82382000,-83.68144000
3.14270020,-79.43268000,-97.66214000,-77.63920000,-95.47713000
3.14331055,-71.71285000,-113.12640000,-87.99343000,-76.14589000
3.14392090,-70.97615000,-98.12486000,-83.69324000,-72.70145000
3.14453125,-71.45877000,-96.63387000,-78.35509000,-82.18391000
3.14514160,-71.15643000,-102.16260000,-77.79482000,-74.17528000
3.14575195,-71.87121000,-89.33495000,-81.77303000,-77.65971000
3.14636230,-73.95238000,-76.71050000,-72.93024000,-75.63972000
3.14697266,-77.83804000,-70.67405000,-63.74004000,-67.25323000
3.14758301,-103.04190000,-72.67823000,-64.18403000,-67.09776000
3.14819336,-78.81319000,-82.35886000,-69.79697000,-74.83382000
3.14880371,-78.32272000,-90.32352000,-68.38594000,-82.14509000
3.14941406,-80.65749000,-93.43004000,-66.43314000,-79.24592000
3.15002441,-83.97712000,-90.79770000,-71.57700000,-77.07511000
3.15063477,-82.82104000,-88.96305000,-71.92185000,-73.16313000
3.15124512,-76.20586000,-105.42130000,-66.21898000,-76.71731000
3.15185547,-81.93268000,-93.66962000,-66.10008000,-79.20581000
3.15246582,-72.79544000,-92.54671000,-69.88594000,-71.08405000
3.15307617,-69.88155000,-89.03476000,-68.90736000,-68.23640000
3.15368652,-71.00276000,-87.74640000,-69.39748000,-70.90900000
3.15429688,-74.00842000,-87.74489000,-71.67226000,-74.94139000
3.15490723,-79.18723000,-90.44669000,-84.68803000,-83.62253000
3.15551758,-88.93433000,-106.38440000,-68.73697000,-74.27597000
3.15612793,-93.64825000,-89.47226000,-67.64383000,-77.18538000
3.15673828,-86.87583000,-88.64412000,-70.33070000,-76.14320000
3.15734863,-79.53571000,-98.65022000,-76.00139000,-76.82504000
3.15795898,-85.98561000,-91.91479000,-75.48982000,-71.32687000
3.15856934,-95.05299000,-96.76011000,-70.45113000,-68.44691000
3.15917969,-84.86392000,-97.44991000,-66.87122000,-71.42886000
3.15979004,-89.28986000,-105.49740000,-68.01651000,-70.70856000
3.16040039,-76.68919000,-93.97088000,-66.06699000,-69.82858000
3.16101074,-72.19250000,-89.07322000,-68.47408000,-78.68087000
3.16162109,-72.88812000,-90.02246000,-65.74350000,-77.50211000
3.16223145,-76.45538000,-86.92461000,-64.03870000,-73.40685000
3.16284180,-78.32520000,-86.14035000,-67.56934000,-76.85237000
3.16345215,-82.00657000,-89.85923000,-74.07401000,-80.09831000
3.16406250,-83.65319000,-96.47340000,-72.62004000,-81.37135000
3.16467285,-86.16153000,-106.82620000,-77.30289000,-72.80119000
3.16528320,-80.35468000,-96.05102000,-74.48326000,-75.25821000
3.16589355,-79.53688000,-104.31670000,-65.21334000,-74.09888000
3.16650391,-88.20128000,-92.78160000,-64.50499000,-69.23666000
3.16711426,-84.00401000,-90.28026000,-68.11136000,-68.28069000
3.16772461,-81.06065000,-89.93065000,-69.69781000,-70.28865000
3.16833496,-76.51830000,-90.45752000,-74.46602000,-71.56408000
3.16894531,-79.63723000,-92.65899000,-71.85479000,-72.36752000
3.16955566,-80.47780000,-89.88847000,-68.48311000,-76.14506000
3.17016602,-75.21474000,-89.69398000,-71.21638000,-78.73618000
3.17077637,-80.12761000,-107.84600000,-78.12250000,-75.82823000
3.17138672,-75.16466000,-97.56158000,-129.18170000,-81.71851000
3.17199707,-79.55663000,-99.39789000,-79.84022000,-80.15184000
3.17260742,-80.75413000,-112.92760000,-68.25896000,-76.14099000
3.17321777,-104.93780000,-92.46671000,-67.04556000,-74.72560000
3.17382813,-71.97616000,-86.71501000,-72.95168000,-92.06442000
3.17443848,-75.12138000,-88.31310000,-86.58245000,-80.42583000
3.17504883,-81.75763000,-93.51656000,-69.92179000,-77.24921000
3.17565918,-73.49539000,-104.19430000,-71.02999000,-79.11879000
3.17626953,-74.04555000,-93.00874000,-78.64783000,-81.25844000
3.17687988,-76.83890000,-90.70107000,-66.99207000,-76.70351000
3.17749023,-80.03654000,-93.07823000,-65.93940000,-79.37856000
3.17810059,-73.05253000,-101.04260000,-71.50206000,-81.44620000
3.17871094,-71.70168000,-101.76160000,-74.71034000,-75.94502000
3.17932129,-74.03711000,-98.12126000,-84.27670000,-84.14771000
3.17993164,-73.15942000,-101.38140000,-72.25935000,-87.55347000
3.18054199,-81.11012000,-98.29543000,-75.74142000,-78.39558000
3.18115234,-91.89268000,-89.59354000,-74.56168000,-72.77829000
3.18176270,-90.04619000,-87.49831000,-68.64402000,-80.09651000
3.18237305,-88.33020000,-90.33313000,-72.76740000,-79.21120000
3.18298340,-79.31836000,-93.48663000,-85.17104000,-75.31644000
3.18359375,-79.17002000,-92.22233000,-95.46870000,-74.99110000
3.18420410,-78.83784000,-93.11501000,-79.81492000,-81.84744000
3.18481445,-78.48345000,-99.82729000,-72.95142000,-83.20479000
3.18542480,-87.02644000,-97.83023000,-70.31770000,-85.88666000
3.18603516,-80.62598000,-93.26350000,-68.86239000,-79.04588000
3.18664551,-84.17999000,-94.82533000,-67.43658000,-74.14249000
3.18725586,-82.20341000,-89.48535000,-67.66296000,-83.43855000
3.18786621,-78.04899000,-85.92265000,-70.30852000,-77.54034000
3.18847656,-80.63756000,-87.74826000,-67.00838000,-74.76370000
3.18908691,-88.19938000,-92.13397000,-66.45330000,-83.04639000
3.18969727,-93.33595000,-96.23210000,-66.57273000,-74.11542000
3.19030762,-82.39786000,-95.57656000,-66.79710000,-73.23406000
3.19091797,-83.12686000,-95.18794000,-70.22455000,-72.19238000
3.19152832,-85.26988000,-92.28103000,-80.20535000,-70.75186000
3.19213867,-96.53877000,-91.58726000,-73.17506000,-71.42409000
3.19274902,-76.26665000,-90.67102000,-74.26953000,-73.88251000
3.19335938,-71.31890000,-91.55872000,-69.71970000,-75.57403000
3.19396973,-73.41008000,-92.13419000,-67.60997000,-74.25022000
3.19458008,-91.52388000,-97.06452000,-66.64157000,-75.27597000
3.19519043,-79.76487000,-101.55570000,-69.47724000,-78.67018000
3.19580078,-77.48439000,-95.13382000,-74.17725000,-79.26097000
3.19641113,-77.46186000,-93.13705000,-77.14894000,-77.85426000
3.19702148,-82.51524000,-100.27880000,-71.01540000,-81.42971000
3.19763184,-81.82339000,-102.04860000,-75.34232000,-78.47498000
3.19824219,-66.63860000,-94.68077000,-72.38377000,-82.79330000
3.19885254,-63.97270000,-91.82423000,-68.46131000,-80.00314000
3.19946289,-67.19895000,-93.62321000,-79.71568000,-83.65169000
3.20007324,-76.17165000,-94.23653000,-69.81225000,-86.85360000
3.20068359,-81.72416000,-94.10201000,-67.23400000,-83.60328000
3.20129395,-73.28569000,-96.56104000,-69.55327000,-70.31909000
3.20190430,-71.06927000,-93.66904000,-73.83644000,-67.19245000
3.20251465,-74.53745000,-96.31950000,-71.47714000,-71.24849000
3.20312500,-80.13625000,-99.33144000,-65.20850000,-82.65280000
3.20373535,-88.38883000,-102.66290000,-65.65408000,-79.14331000
3.20434570,-81.14967000,-89.14188000,-68.96258000,-87.24013000
3.20495605,-83.69876000,-88.04512000,-66.40387000,-75.50596000
3.20556641,-90.05103000,-89.44881000,-62.29986000,-71.43565000
3.20617676,-82.22252000,-92.06532000,-62.80632000,-75.36446000
3.20678711,-77.79525000,-93.86970000,-66.53522000,-85.23007000
3.20739746,-77.92281000,-93.91365000,-73.20952000,-82.34806000
3.20800781,-80.99028000,-94.48415000,-76.33893000,-71.38129000
3.20861816,-83.74348000,-94.41209000,-75.04118000,-70.70994000
3.20922852,-84.37056000,-105.97230000,-70.27689000,-81.73859000
3.20983887,-79.07989000,-94.12292000,-78.14630000,-73.71364000
3.21044922,-76.99887000,-94.66301000,-68.03099000,-78.12264000
3.21105957,-78.44633000,-95.78577000,-63.07820000,-80.03564000
3.21166992,-79.84191000,-88.08542000,-64.54040000,-77.97946000
3.21228027,-91.28278000,-90.82281000,-66.08057000,-73.25749000
3.21289063,-75.51659000,-109.63870000,-67.43558000,-67.01377000
3.21350098,-75.13704000,-87.87833000,-67.93483000,-67.32069000
3.21411133,-86.79697000,-87.10610000,-69.52780000,-70.67859000
3.21472168,-93.12264000,-95.39664000,-72.82486000,-71.67638000
3.21533203,-76.80125000,-91.66416000,-74.64214000,-71.89687000
3.21594238,-74.42405000,-91.12080000,-85.20697000,-75.20871000
3.21655273,-76.47206000,-97.47269000,-65.69441000,-76.72734000
3.21716309,-76.67374000,-89.41720000,-62.15955000,-77.78831000
3.21777344,-72.92355000,-90.47745000,-66.90067000,-77.82007000
3.21838379,-71.57816000,-94.27807000,-72.56891000,-70.32561000
3.21899414,-76.97957000,-94.74152000,-72.69406000,-68.77966000
3.21960449,-90.78897000,-93.86876000,-72.50185000,-70.34178000
3.22021484,-82.12129000,-90.95447000,-75.17873000,-72.02089000
3.22082520,-76.98891000,-92.07507000,-68.31129000,-74.38674000
3.22143555,-77.56955000,-92.53150000,-73.87351000,-85.00542000
3.22204590,-89.16022000,-91.03178000,-71.35995000,-78.33013000
3.22265625,-92.92569000,-90.55769000,-69.58445000,-81.48590000
3.22326660,-79.76828000,-92.85873000,-66.16510000,-75.53629000
3.22387695,-76.56918000,-88.18406000,-64.79209000,-78.86374000
3.22448730,-74.62273000,-86.42437000,-65.63111000,-84.49860000
3.22509766,-76.29639000,-88.43947000,-68.76991000,-79.55703000
3.22570801,-80.98244000,-92.66541000,-70.64640000,-75.86749000
3.22631836,-87.91418000,-89.99138000,-73.00079000,-84.19890000
3.22692871,-86.50138000,-89.81146000,-73.47461000,-73.54488000
3.22753906,-79.10677000,-98.55045000,-65.78271000,-73.10252000
3.22814941,-74.53600000,-106.45450000,-64.27141000,-71.34240000
3.22875977,-74.27618000,-99.17877000,-65.27837000,-71.28927000
3.22937012,-76.13152000,-100.74290000,-71.38232000,-71.95982000
3.22998047,-80.40027000,-111.63210000,-74.28831000,-69.39929000
3.23059082,-78.24494000,-99.12263000,-75.53942000,-71.86380000
3.23120117,-74.15030000,-96.17446000,-72.26626000,-79.20523000
3.23181152,-75.02139000,-97.62962000,-72.45981000,-80.24286000
3.23242188,-79.13360000,-87.83804000,-70.61027000,-75.07306000
3.23303223,-80.09213000,-87.48108000,-73.28595000,-73.34945000
3.23364258,-80.11923000,-90.87349000,-70.68391000,-80.76160000
3.23425293,-79.00094000,-93.30768000,-67.37627000,-70.64368000
3.23486328,-78.21646000,-98.10716000,-70.24190000,-70.12164000
3.23547363,-77.69881000,-94.96159000,-87.62093000,-72.28297000
3.23608398,-79.84502000,-91.48927000,-77.99201000,-73.85041000
3.23669434,-77.04316000,-91.26373000,-66.05534000,-79.71966000
3.23730469,-87.63857000,-94.65236000,-65.47229000,-75.76562000
3.23791504,-77.66846000,-104.32400000,-70.22005000,-77.64825000
3.23852539,-74.24641000,-97.46323000,-75.49683000,-79.96384000
3.23913574,-76.90984000,-91.74401000,-80.98158000,-81.54774000
3.23974609,-86.58916000,-98.04472000,-72.09418000,-81.29554000
3.24035645,-93.55476000,-91.57422000,-65.71343000,-78.13806000
3.24096680,-89.90701000,-94.05448000,-65.19865000,-79.17519000
3.24157715,-82.87029000,-91.69994000,-68.68887000,-75.96621000
3.24218750,-79.85159000,-90.61555000,-69.38730000,-72.15110000
3.24279785,-87.79692000,-101.56030000,-78.52158000,-70.94651000
3.24340820,-87.67003000,-97.28093000,-66.47118000,-70.33477000
3.24401855,-79.43730000,-92.30150000,-65.12783000,-71.26080000
3.24462891,-75.26634000,-90.21752000,-74.44211000,-75.78268000
3.24523926,-74.05370000,-90.13763000,-79.18349000,-78.55482000
3.24584961,-79.31361000,-104.79940000,-75.28262000,-75.63196000
3.24645996,-78.29642000,-91.63098000,-75.44181000,-77.15192000
3.24707031,-74.16190000,-93.61691000,-80.20763000,-83.85902000
3.24768066,-84.08394000,-92.54205000,-78.32042000,-82.71831000
3.24829102,-72.02050000,-86.14971000,-84.11683000,-74.06167000
3.24890137,-61.81007000,-77.89455000,-74.89284000,-68.22374000
3.24951172,-59.60433000,-77.39696000,-71.29272000,-68.27765000
3.25012207,-64.89281000,-86.35735000,-70.48091000,-73.09001000
3.25073242,-76.67677000,-93.29025000,-81.08720000,-72.35936000
3.25134277,-80.53181000,-94.00787000,-71.78483000,-69.72720000
3.25195313,-78.67809000,-99.10284000,-68.08311000,-67.54911000
3.25256348,-78.23360000,-96.02226000,-71.29207000,-68.83700000
3.25317383,-81.86538000,-91.12128000,-74.81206000,-74.78310000
3.25378418,-87.53203000,-93.36323000,-81.17815000,-81.26518000
3.25439453,-80.42078000,-106.53090000,-76.21049000,-84.51836000
3.25500488,-79.73829000,-95.00719000,-70.22358000,-82.01419000
3.25561523,-76.36320000,-91.96083000,-68.79878000,-72.64793000
3.25622559,-73.82491000,-91.77048000,-64.99603000,-71.12091000
3.25683594,-74.61423000,-95.88123000,-69.12778000,-82.31372000
3.25744629,-75.77924000,-99.95927000,-78.95949000,-79.80346000
3.25805664,-75.18656000,-93.50182000,-74.61575000,-82.21863000
3.25866699,-73.45736000,-91.32985000,-78.97778000,-84.29735000
3.25927734,-72.88647000,-97.76595000,-74.93096000,-75.34550000
3.25988770,-79.01819000,-92.41507000,-79.24169000,-71.30995000
3.26049805,-89.46927000,-96.89182000,-73.65366000,-75.43761000
3.26110840,-76.79292000,-94.41722000,-71.88618000,-69.72591000
3.26171875,-73.78022000,-93.19261000,-83.44314000,-71.56715000
3.26232910,-76.02110000,-91.83738000,-74.15873000,-76.31118000
3.26293945,-82.22813000,-93.26104000,-74.25201000,-75.54887000
3.26354980,-93.93388000,-97.02866000,-82.56558000,-73.36213000
3.26416016,-86.29715000,-104.03090000,-73.62256000,-77.72693000
3.26477051,-80.02929000,-99.24462000,-75.21291000,-82.18169000
3.26538086,-74.04415000,-97.51613000,-78.63876000,-74.35527000
3.26599121,-76.34974000,-94.18457000,-76.00021000,-71.91754000
3.26660156,-82.66710000,-91.06327000,-65.22494000,-71.56854000
3.26721191,-86.09250000,-91.87181000,-65.86033000,-76.92805000
3.26782227,-77.39719000,-94.86612000,-71.61215000,-79.14044000
3.26843262,-74.53890000,-100.41460000,-72.90399000,-76.56645000
3.26904297,-77.25827000,-95.07378000,-70.00638000,-77.99808000
3.26965332,-75.07037000,-93.30196000,-65.71015000,-74.46308000
3.27026367,-72.19104000,-93.96911000,-68.06091000,-68.73536000
3.27087402,-73.99409000,-105.25450000,-71.51206000,-71.94441000
3.27148438,-85.42654000,-90.75349000,-71.61046000,-74.67566000
3.27209473,-91.97278000,-89.69022000,-77.99891000,-69.80513000
3.27270508,-76.70380000,-89.72847000,-75.90132000,-70.37935000
3.27331543,-63.55014000,-81.78646000,-72.71906000,-68.80721000
3.27392578,-58.87260000,-77.74447000,-78.18324000,-64.44980000
3.27453613,-62.82467000,-81.68616000,-72.79578000,-66.56144000
3.27514648,-73.30037000,-87.00752000,-69.38913000,-74.60780000
3.27575684,-82.84970000,-87.40027000,-70.45329000,-76.46249000
3.27636719,-90.59367000,-90.84776000,-73.94038000,-74.45064000
3.27697754,-79.50854000,-89.77258000,-74.64876000,-75.87862000
3.27758789,-76.26517000,-84.02036000,-69.57790000,-76.24963000
3.27819824,-78.49758000,-90.16025000,-73.72659000,-70.51583000
3.27880859,-84.04921000,-93.59074000,-79.40508000,-68.62344000
3.27941895,-85.69093000,-97.57303000,-75.26252000,-77.03407000
3.28002930,-74.71879000,-92.15477000,-66.17753000,-80.71820000
3.28063965,-72.71315000,-89.61481000,-62.34615000,-79.58194000
3.28125000,-77.37845000,-95.11996000,-65.97720000,-80.98756000
3.28186035,-94.03107000,-106.38320000,-74.47321000,-74.06416000
3.28247070,-92.13470000,-100.86850000,-72.33543000,-73.60006000
3.28308105,-89.15189000,-93.02026000,-71.36082000,-68.36185000
3.28369141,-87.31636000,-102.66390000,-70.45851000,-67.54447000
3.28430176,-84.68385000,-94.81019000,-71.56863000,-76.79083000
3.28491211,-75.11042000,-90.18792000,-70.69794000,-70.78217000
3.28552246,-69.83798000,-91.84598000,-68.92426000,-68.53033000
3.28613281,-68.64327000,-95.80899000,-71.21082000,-74.30981000
3.28674316,-72.09896000,-93.44581000,-77.23660000,-76.21327000
3.28735352,-86.73653000,-88.26006000,-75.61150000,-75.66739000
3.28796387,-83.81493000,-85.09444000,-75.64575000,-77.74657000
3.28857422,-100.13590000,-89.07144000,-69.10419000,-78.19232000
3.28918457,-80.32859000,-95.90178000,-64.39159000,-74.63493000
3.28979492,-77.41321000,-93.26643000,-64.36555000,-72.86932000
3.29040527,-78.61652000,-90.29202000,-67.57021000,-71.59415000
3.29101563,-83.89536000,-90.97665000,-69.88494000,-69.62039000
3.29162598,-86.90619000,-92.76921000,-73.06350000,-72.03558000
3.29223633,-81.01274000,-94.08825000,-70.58936000,-81.68425000
3.29284668,-76.59616000,-101.29680000,-69.90709000,-77.20490000
3.29345703,-80.39886000,-99.49512000,-67.94288000,-72.82286000
3.29406738,-82.79618000,-90.31704000,-66.52312000,-74.83327000
3.29467773,-78.43922000,-84.72304000,-70.31384000,-73.76261000
3.29528809,-78.85966000,-85.94540000,-74.19806000,-74.16370000
3.29589844,-87.72690000,-96.38449000,-80.33788000,-80.08420000
3.29650879,-78.76232000,-96.63066000,-78.88910000,-72.46027000
3.29711914,-76.57774000,-102.71550000,-80.39157000,-70.90194000
3.29772949,-75.98133000,-91.88060000,-79.34702000,-70.75286000
3.29833984,-71.77966000,-84.95792000,-79.03617000,-71.86816000
3.29895020,-71.65079000,-82.49535000,-83.60210000,-72.47525000
3.29956055,-73.82262000,-88.08593000,-71.83251000,-80.97693000
3.30017090,-79.74985000,-96.64226000,-67.24071000,-73.70167000
3.30078125,-83.06258000,-90.81474000,-70.00210000,-69.54675000
3.30139160,-79.88807000,-90.04390000,-73.30878000,-69.68578000
3.30200195,-87.27364000,-90.62228000,-67.64961000,-72.36750000
3.30261230,-83.83810000,-92.82442000,-69.05196000,-76.90000000
3.30322266,-99.50322000,-90.53664000,-74.26723000,-94.86028000
3.30383301,-78.67097000,-88.58624000,-78.61039000,-72.77347000
3.30444336,-76.74937000,-88.57406000,-78.57519000,-72.77605000
3.30505371,-79.71201000,-90.88821000,-74.50280000,-81.61747000
3.30566406,-82.48413000,-99.88811000,-66.87343000,-67.62045000
3.30627441,-82.22006000,-94.97725000,-65.03677000,-68.88612000
3.30688477,-89.36134000,-96.22631000,-66.81192000,-78.79111000
3.30749512,-79.94548000,-94.20764000,-70.50566000,-79.88359000
3.30810547,-73.63759000,-95.64346000,-78.67715000,-73.07295000
3.30871582,-74.55573000,-89.34270000,-80.87611000,-75.83979000
3.30932617,-85.20084000,-87.56238000,-69.67292000,-89.73643000
3.30993652,-93.78273000,-94.57072000,-68.29395000,-77.95966000
3.31054688,-83.44127000,-90.23546000,-77.75504000,-74.50610000
3.31115723,-86.19836000,-94.11673000,-67.80196000,-73.26994000
3.31176758,-90.66206000,-97.84664000,-66.02201000,-73.95590000
3.31237793,-80.30206000,-93.14927000,-70.19729000,-79.34364000
3.31298828,-74.97211000,-90.28662000,-75.28832000,-75.76675000
3.31359863,-77.84154000,-97.24307000,-75.47179000,-70.26212000
3.31420898,-96.23360000,-99.39141000,-84.35513000,-67.42159000
3.31481934,-86.01469000,-97.71202000,-73.81976000,-68.10899000
3.31542969,-77.96323000,-107.22170000,-67.91223000,-71.35732000
3.31604004,-75.95298000,-94.27579000,-67.70864000,-77.42615000
3.31665039,-80.17345000,-92.31380000,-68.58041000,-77.56662000
3.31726074,-80.58350000,-94.44444000,-70.70274000,-75.11107000
3.31787109,-85.84888000,-89.03658000,-87.64447000,-76.55121000
3.31848145,-99.61274000,-90.04718000,-69.84659000,-72.48018000
3.31909180,-89.11299000,-101.49020000,-67.44208000,-75.22464000
3.31970215,-87.84402000,-94.63802000,-67.69859000,-83.38412000
3.32031250,-86.03737000,-96.80820000,-69.29595000,-74.97491000
3.32092285,-83.15643000,-102.84120000,-74.50285000,-72.69624000
3.32153320,-83.24945000,-101.33280000,-74.13983000,-72.89619000
3.32214355,-80.72692000,-100.09250000,-71.01704000,-70.98544000
3.32275391,-76.96983000,-100.29250000,-68.84439000,-69.82236000
3.32336426,-76.41222000,-96.69250000,-67.23737000,-74.48036000
3.32397461,-75.28324000,-91.95772000,-69.33621000,-91.74539000
3.32458496,-79.20668000,-96.58698000,-76.07841000,-82.68755000
3.32519531,-79.65263000,-98.08513000,-75.22626000,-77.43302000
3.32580566,-88.65178000,-104.72980000,-69.91589000,-70.82037000
3.32641602,-79.48112000,-103.29880000,-71.87946000,-69.29574000
3.32702637,-77.57360000,-96.66417000,-82.54958000,-75.62731000
3.32763672,-82.37275000,-96.76744000,-82.60793000,-81.99612000
3.32824707,-95.32588000,-98.30547000,-75.70048000,-81.75528000
3.32885742,-84.04663000,-95.49686000,-68.45742000,-80.01384000
3.32946777,-79.89671000,-90.05813000,-68.17216000,-79.60124000
3.33007813,-82.55149000,-94.43428000,-74.19456000,-75.46500000
3.33068848,-71.35474000,-99.29749000,-77.43581000,-74.37666000
3.33129883,-71.13092000,-100.12390000,-73.21329000,-73.88179000
3.33190918,-77.90488000,-97.93053000,-69.82327000,-71.43901000
3.33251953,-82.33488000,-95.20988000,-68.57650000,-72.67275000
3.33312988,-81.74148000,-88.16132000,-68.21258000,-100.60100000
3.33374023,-76.26229000,-82.24525000,-72.73698000,-74.88338000
3.33435059,-72.61840000,-78.29130000,-82.44102000,-75.03780000
3.33496094,-72.87505000,-80.90541000,-74.40108000,-77.15417000
3.33557129,-70.69339000,-89.98868000,-77.12717000,-83.91494000
3.33618164,-72.16113000,-97.26801000,-74.01364000,-73.93884000
3.33679199,-69.07114000,-102.32950000,-73.21019000,-69.69398000
3.33740234,-68.49329000,-95.04739000,-71.62584000,-72.27925000
3.33801270,-76.73718000,-89.79405000,-71.48432000,-75.53749000
3.33862305,-85.50620000,-88.66118000,-75.96339000,-77.79826000
3.33923340,-79.49931000,-88.96121000,-83.38469000,-71.61941000
3.33984375,-78.31670000,-94.86739000,-74.32685000,-66.35291000
3.34045410,-74.73148000,-96.61868000,-69.59525000,-67.36511000
3.34106445,-79.61555000,-89.26629000,-70.72440000,-75.23129000
3.34167480,-75.57356000,-91.01424000,-74.08279000,-82.94033000
3.34228516,-75.67294000,-97.11871000,-68.60398000,-83.89045000
3.34289551,-79.35554000,-99.52197000,-72.09664000,-86.89095000
3.34350586,-80.57021000,-101.43980000,-73.36665000,-77.26604000
3.34411621,-77.04523000,-94.60846000,-73.30310000,-72.49293000
3.34472656,-82.43947000,-94.47797000,-71.33965000,-68.25873000
3.34533691,-95.06052000,-89.76862000,-69.84053000,-68.00018000
3.34594727,-86.23000000,-89.27501000,-68.97859000,-71.86815000
3.34655762,-82.02715000,-94.89055000,-68.66136000,-76.65148000
3.34716797,-74.43883000,-92.82124000,-72.59927000,-81.12245000
3.34777832,-75.34521000,-90.80075000,-74.11587000,-73.94508000
3.34838867,-73.93588000,-85.47524000,-69.18959000,-69.52073000
3.34899902,-64.70948000,-82.01717000,-70.01904000,-69.69434000
3.34960938,-63.14170000,-83.83812000,-70.67739000,-69.26972000
3.35021973,-70.10693000,-94.84748000,-74.51692000,-68.51145000
3.35083008,-76.85947000,-94.63245000,-78.30522000,-69.51621000
3.35144043,-76.14880000,-98.45978000,-74.37787000,-79.83387000
3.35205078,-85.96236000,-97.50784000,-72.67229000,-75.21690000
3.35266113,-91.37621000,-92.28357000,-70.24628000,-77.24323000
3.35327148,-81.46401000,-95.36002000,-69.45930000,-85.42337000
3.35388184,-80.11781000,-97.49142000,-69.08027000,-76.72301000
3.35449219,-79.53897000,-95.13403000,-69.96207000,-78.63660000
3.35510254,-82.58019000,-103.36220000,-71.49019000,-78.69209000
3.35571289,-82.25012000,-112.05410000,-77.40784000,-76.00745000
3.35632324,-79.71431000,-100.66390000,-85.80251000,-75.69186000
3.35693359,-82.43906000,-95.88136000,-74.91509000,-81.35959000
3.35754395,-77.32552000,-95.40372000,-79.09882000,-71.45438000
3.35815430,-79.54700000,-95.23370000,-77.87854000,-72.29790000
3.35876465,-81.94368000,-95.60976000,-72.18445000,-76.90578000
3.35937500,-80.22696000,-99.48574000,-77.10019000,-82.92748000
3.35998535,-84.77211000,-97.52602000,-75.42947000,-82.75619000
3.36059570,-81.22736000,-103.22320000,-68.87278000,-80.46812000
3.36120605,-76.69613000,-102.51800000,-68.97492000,-89.82068000
3.36181641,-75.03875000,-102.02970000,-70.55614000,-82.34959000
3.36242676,-73.32894000,-96.50047000,-74.04797000,-74.20676000
3.36303711,-73.18205000,-87.97441000,-73.24977000,-68.85861000
3.36364746,-74.46876000,-84.45502000,-72.38213000,-67.71761000
3.36425781,-78.73792000,-83.79429000,-72.97927000,-70.74859000
3.36486816,-90.16000000,-86.10928000,-76.73192000,-76.15065000
3.36547852,-78.74528000,-93.14851000,-89.97939000,-79.62950000
3.36608887,-74.43468000,-101.30220000,-70.24066000,-81.25821000
3.36669922,-84.26440000,-98.49477000,-67.14516000,-81.67152000
3.36730957,-78.54660000,-94.41212000,-73.93634000,-73.70884000
3.36791992,-77.98685000,-93.99674000,-80.19162000,-72.84463000
3.36853027,-82.88776000,-91.88481000,-78.18300000,-81.24069000
3.36914063,-91.27105000,-91.94551000,-70.68581000,-89.32008000
3.36975098,-89.42161000,-98.22531000,-68.28078000,-78.40622000
3.37036133,-85.81218000,-96.06400000,-70.17004000,-79.94839000
3.37097168,-90.12213000,-92.30928000,-70.41194000,-85.14484000
3.37158203,-87.12983000,-89.32098000,-73.87497000,-75.97724000
3.37219238,-98.61861000,-93.32848000,-79.02728000,-76.09406000
3.37280273,-78.34319000,-98.57536000,-67.32774000,-77.77325000
3.37341309,-66.23946000,-86.59933000,-65.48779000,-76.09217000
3.37402344,-61.88840000,-80.88338000,-65.93690000,-73.18091000
3.37463379,-66.93731000,-82.95471000,-71.60181000,-70.69074000
3.37524414,-76.81444000,-87.00989000,-85.30296000,-70.32973000
3.37585449,-71.18205000,-85.64772000,-69.65262000,-68.66303000
3.37646484,-70.21735000,-89.02416000,-64.83563000,-69.22336000
3.37707520,-78.18296000,-101.73210000,-68.32851000,-87.94254000
3.37768555,-91.07159000,-97.17625000,-87.70067000,-75.64875000
3.37829590,-90.30212000,-96.36359000,-76.74123000,-74.16755000
3.37890625,-83.80248000,-94.14368000,-75.43787000,-69.43907000
3.37951660,-77.61644000,-91.36719000,-77.68806000,-71.90070000
3.38012695,-77.80997000,-91.53146000,-70.21748000,-70.53853000
3.38073730,-78.19151000,-95.40196000,-74.36505000,-72.76733000
3.38134766,-77.31661000,-95.32072000,-84.86555000,-80.47092000
3.38195801,-85.30157000,-97.77280000,-79.46412000,-75.79604000
3.38256836,-76.68169000,-95.58374000,-79.24892000,-80.25224000
3.38317871,-74.41501000,-89.77439000,-71.27252000,-76.78473000
3.38378906,-76.42404000,-91.56399000,-65.54376000,-72.20158000
3.38439941,-81.77953000,-95.59702000,-64.43170000,-71.89376000
3.38500977,-88.57438000,-96.15578000,-67.61422000,-75.24963000
3.38562012,-82.44536000,-94.18374000,-70.78606000,-87.32983000
3.38623047,-79.12119000,-96.91817000,-68.56324000,-76.94041000
3.38684082,-76.05231000,-119.75130000,-71.67670000,-71.62826000
3.38745117,-79.61452000,-98.75029000,-79.01857000,-71.69046000
3.38806152,-79.91962000,-95.51861000,-70.68804000,-75.42418000
3.38867188,-80.66180000,-95.14156000,-69.88019000,-72.06441000
3.38928223,-75.43817000,-104.17920000,-72.70129000,-77.26839000
3.38989258,-71.57439000,-99.61269000,-70.85941000,-75.46359000
3.39050293,-67.79603000,-87.60139000,-70.29542000,-75.18739000
3.39111328,-69.59798000,-86.70853000,-73.74463000,-79.33611000
3.39172363,-78.28203000,-94.70008000,-72.91928000,-79.13496000
3.39233398,-86.01759000,-96.51808000,-69.48325000,-83.99693000
3.39294434,-81.62124000,-95.71072000,-67.25099000,-82.52661000
3.39355469,-87.67838000,-106.71860000,-64.27847000,-75.31561000
3.39416504,-75.42442000,-89.78677000,-68.06717000,-73.61389000
3.39477539,-77.36642000,-85.47380000,-67.06408000,-72.41308000
3.39538574,-83.19057000,-88.81859000,-64.24694000,-69.89831000
3.39599609,-79.57526000,-97.74625000,-67.67447000,-73.36249000
3.39660645,-73.54423000,-91.96049000,-72.71069000,-82.12302000
3.39721680,-71.28934000,-95.40735000,-71.93172000,-78.12772000
3.39782715,-76.41972000,-110.97340000,-73.16705000,-74.43969000
3.39843750,-78.67729000,-92.02779000,-74.21156000,-76.86484000
3.39904785,-69.39162000,-83.75301000,-71.63270000,-79.09152000
3.39965820,-68.06922000,-84.17823000,-70.23039000,-79.46210000
3.40026855,-75.89049000,-96.05745000,-73.56627000,-82.83357000
3.40087891,-83.73068000,-90.13859000,-80.55739000,-80.14194000
3.40148926,-82.64423000,-92.19321000,-80.55245000,-72.67387000
3.40209961,-79.94704000,-92.69882000,-67.35124000,-73.15482000
3.40270996,-82.42691000,-98.91830000,-70.58114000,-81.95390000
3.40332031,-93.67114000,-93.14233000,-79.40585000,-80.24104000
3.40393066,-81.21894000,-89.77111000,-76.10158000,-74.69886000
3.40454102,-83.88793000,-91.68259000,-80.65385000,-80.77075000
3.40515137,-77.89363000,-91.68628000,-86.26495000,-76.80791000
3.40576172,-77.13799000,-90.49992000,-77.35088000,-73.47046000
3.40637207,-76.98295000,-92.39967000,-72.90732000,-74.62907000
3.40698242,-77.21754000,-115.85820000,-83.41355000,-82.08782000
3.40759277,-78.71958000,-92.82475000,-68.53299000,-76.74081000
3.40820313,-83.99772000,-91.93869000,-65.92764000,-70.48949000
3.40881348,-85.72296000,-103.00460000,-68.53702000,-69.88794000
3.40942383,-74.84608000,-90.75653000,-75.03444000,-74.65499000
3.41003418,-73.12106000,-92.11061000,-86.83311000,-89.36497000
3.41064453,-75.01556000,-94.90948000,-75.92512000,-83.00645000
3.41125488,-75.77006000,-90.58326000,-83.25520000,-79.49307000
3.41186523,-75.61691000,-92.62354000,-71.18613000,-77.83782000
3.41247559,-79.69082000,-91.85847000,-67.28715000,-86.05676000
3.41308594,-78.46710000,-89.08891000,-70.22112000,-76.42229000
3.41369629,-74.14056000,-90.18037000,-89.85292000,-72.36634000
3.41430664,-78.64474000,-97.80386000,-75.56091000,-78.77188000
3.41491699,-85.56529000,-106.02160000,-73.76501000,-87.77625000
3.41552734,-85.14838000,-101.75250000,-71.37282000,-79.49923000
3.41613770,-80.01137000,-102.29920000,-75.37662000,-74.65491000
3.41674805,-76.62196000,-103.06260000,-70.72264000,-72.71998000
3.41735840,-80.05260000,-93.07416000,-63.51723000,-69.53897000
3.41796875,-77.16108000,-88.30399000,-64.19635000,-65.74131000
3.41857910,-74.86093000,-90.29665000,-67.94346000,-65.77230000
3.41918945,-77.34247000,-92.31948000,-73.68632000,-70.18474000
3.41979980,-76.41362000,-105.53270000,-76.66879000,-76.34391000
3.42041016,-73.56980000,-93.17020000,-75.01127000,-77.57039000
3.42102051,-72.79733000,-101.39880000,-82.88806000,-77.29465000
3.42163086,-73.10698000,-97.54768000,-81.86546000,-77.99909000
3.42224121,-76.36393000,-101.74750000,-71.04442000,-73.81480000
3.42285156,-88.86118000,-93.67165000,-68.17139000,-73.88802000
3.42346191,-72.07060000,-87.52951000,-68.26474000,-81.07261000
3.42407227,-69.01498000,-86.34544000,-68.74952000,-79.35157000
3.42468262,-72.75025000,-92.78589000,-68.69621000,-74.02009000
3.42529297,-81.83704000,-104.81120000,-67.13204000,-74.75297000
3.42590332,-82.91035000,-111.67920000,-74.60462000,-73.95935000
3.42651367,-74.10523000,-104.81240000,-76.87398000,-70.38670000
3.42712402,-73.82996000,-101.44650000,-70.39116000,-69.11816000
3.42773438,-78.18076000,-95.31107000,-71.81790000,-76.01449000
3.42834473,-79.25276000,-97.15546000,-66.28580000,-73.04944000
3.42895508,-77.16653000,-93.67285000,-66.57003000,-68.39333000
3.42956543,-77.06654000,-90.43748000,-70.21149000,-69.39164000
3.43017578,-77.60991000,-97.08885000,-67.43349000,-74.52517000
3.43078613,-74.10693000,-114.40780000,-73.01318000,-86.69836000
3.43139648,-76.47334000,-104.17160000,-72.12495000,-72.34499000
3.43200684,-79.68327000,-104.94710000,-73.69775000,-73.59783000
3.43261719,-73.75691000,-93.57222000,-76.17406000,-73.71336000
3.43322754,-79.71229000,-93.73621000,-84.71176000,-70.57062000
3.43383789,-76.47171000,-92.91945000,-72.84219000,-74.32059000
3.43444824,-77.04322000,-93.29787000,-69.74963000,-81.24612000
3.43505859,-71.16791000,-94.09685000,-74.27470000,-75.37025000
3.43566895,-71.63242000,-94.31180000,-73.75398000,-73.91103000
3.43627930,-78.86764000,-96.31393000,-71.56506000,-70.20930000
3.43688965,-82.92149000,-91.55157000,-72.88420000,-69.49126000
3.43750000,-73.04368000,-92.18822000,-71.17583000,-70.39247000
3.43811035,-70.27121000,-95.91161000,-70.99382000,-71.12758000
3.43872070,-73.01280000,-94.62174000,-70.56055000,-78.54406000
3.43933105,-76.43208000,-99.26230000,-72.99678000,-85.83001000
3.43994141,-86.34408000,-96.56178000,-72.97775000,-82.81441000
3.44055176,-85.94253000,-94.81406000,-71.57125000,-91.45199000
3.44116211,-80.34346000,-96.59137000,-77.93725000,-79.47589000
3.44177246,-85.02046000,-95.47157000,-70.49119000,-74.66836000
3.44238281,-77.44732000,-94.42809000,-69.66003000,-74.80974000
3.44299316,-74.10397000,-91.89485000,-70.10665000,-71.00777000
3.44360352,-82.00192000,-90.03223000,-74.80502000,-70.23701000
3.44421387,-73.27480000,-96.13028000,-76.97457000,-71.76577000
3.44482422,-70.18736000,-116.96580000,-70.02663000,-78.98593000
3.44543457,-74.73692000,-96.15482000,-65.80632000,-74.94621000
3.44604492,-71.49125000,-92.58424000,-65.06232000,-71.76547000
3.44665527,-70.12199000,-92.65926000,-68.43793000,-75.63336000
3.44726563,-72.38555000,-89.53261000,-71.73014000,-76.06611000
3.44787598,-65.36399000,-88.71970000,-73.70264000,-73.45731000
3.44848633,-64.05151000,-92.87164000,-78.99775000,-70.87724000
3.44909668,-67.83700000,-94.52100000,-79.17436000,-71.89577000
3.44970703,-69.49274000,-87.27744000,-72.72225000,-76.55280000
3.45031738,-70.85754000,-92.86543000,-69.18378000,-74.13947000
3.45092773,-99.81467000,-103.49250000,-74.58909000,-68.24094000
3.45153809,-74.62815000,-95.68501000,-71.09023000,-67.84291000
3.45214844,-73.11024000,-98.13507000,-73.49445000,-71.30864000
3.45275879,-74.63747000,-94.18471000,-73.23095000,-71.76050000
3.45336914,-74.31670000,-90.80235000,-75.94188000,-74.02116000
3.45397949,-77.98341000,-91.70104000,-74.46642000,-76.93524000
3.45458984,-73.56322000,-89.62093000,-73.22509000,-76.88354000
3.45520020,-65.08882000,-93.75716000,-69.45680000,-76.27567000
3.45581055,-64.09912000,-102.16650000,-67.79284000,-93.42820000
3.45642090,-72.60784000,-96.31929000,-65.83391000,-78.05233000
3.45703125,-87.60239000,-92.83501000,-70.56986000,-76.17731000
3.45764160,-76.55130000,-91.10947000,-77.98930000,-80.60378000
3.45825195,-75.38323000,-94.08756000,-76.58917000,-73.37849000
3.45886230,-83.52199000,-99.14398000,-83.58961000,-75.11819000
3.45947266,-82.88910000,-93.70625000,-78.84823000,-78.41042000
3.46008301,-74.55493000,-88.92702000,-73.59283000,-72.79174000
3.46069336,-70.70850000,-90.79146000,-79.12643000,-72.49416000
3.46130371,-71.22124000,-93.79335000,-74.06958000,-75.66512000
3.46191406,-75.31239000,-92.68790000,-72.22466000,-81.26181000
3.46252441,-80.40323000,-87.93858000,-72.09660000,-78.16285000
3.46313477,-79.65672000,-86.82303000,-72.07645000,-79.71712000
3.46374512,-80.08415000,-90.41039000,-74.53033000,-76.65472000
3.46435547,-107.58690000,-92.71946000,-73.38849000,-79.68233000
3.46496582,-90.19645000,-92.52306000,-74.00984000,-75.05782000
3.46557617,-83.85007000,-93.15727000,-73.55177000,-71.79483000
3.46618652,-80.03887000,-97.23228000,-78.12142000,-70.79987000
3.46679688,-85.42778000,-97.11798000,-76.31247000,-74.51596000
3.46740723,-79.84579000,-90.23303000,-69.05122000,-78.85144000
3.46801758,-74.02296000,-89.46451000,-68.52145000,-80.09308000
3.46862793,-77.43135000,-97.47339000,-71.67378000,-92.93524000
3.46923828,-82.66328000,-100.83790000,-74.45975000,-77.54858000
3.46984863,-103.59330000,-96.16543000,-76.63976000,-71.38828000
3.47045898,-89.09235000,-96.49136000,-73.01844000,-69.85468000
3.47106934,-87.29134000,-95.93031000,-80.56557000,-72.70302000
3.47167969,-77.82842000,-98.24217000,-94.27200000,-72.95669000
3.47229004,-72.65627000,-95.14891000,-83.36865000,-71.15990000
3.47290039,-77.72299000,-86.18987000,-80.01189000,-76.51488000
3.47351074,-68.21707000,-80.30011000,-77.03725000,-72.33980000
3.47412109,-64.44635000,-79.06857000,-72.46724000,-70.65131000
3.47473145,-70.18689000,-84.31477000,-75.86282000,-69.95147000
3.47534180,-79.41031000,-103.05200000,-71.70556000,-68.50916000
3.47595215,-84.58183000,-89.44607000,-67.10069000,-70.95832000
3.47656250,-81.25146000,-93.55243000,-67.90458000,-77.29365000
3.47717285,-79.68861000,-92.61641000,-72.26704000,-90.40466000
3.47778320,-79.52979000,-88.04863000,-77.27217000,-76.68922000
3.47839355,-78.57668000,-89.73586000,-76.48954000,-70.65158000
3.47900391,-78.53624000,-91.14659000,-73.04797000,-71.43779000
3.47961426,-85.20750000,-97.26017000,-69.59541000,-76.57133000
3.48022461,-89.09720000,-103.91790000,-69.20422000,-82.15473000
3.48083496,-78.29950000,-98.19756000,-70.12330000,-75.59552000
3.48144531,-75.84030000,-92.18515000,-81.88586000,-74.26228000
3.48205566,-77.68011000,-90.83787000,-80.65535000,-79.26548000
3.48266602,-80.31029000,-91.91189000,-85.73726000,-79.27239000
3.48327637,-87.02960000,-97.47775000,-80.74085000,-70.28897000
3.48388672,-76.50031000,-108.60920000,-76.50527000,-69.09820000
3.48449707,-74.60505000,-114.17920000,-73.52462000,-76.34070000
3.48510742,-76.89351000,-97.02878000,-68.39679000,-80.66212000
3.48571777,-79.43656000,-86.91653000,-71.31416000,-94.71291000
3.48632813,-75.82567000,-85.36769000,-75.85550000,-72.89813000
3.48693848,-75.25945000,-86.47778000,-73.71619000,-70.67601000
3.48754883,-85.01572000,-87.59689000,-73.85289000,-80.86651000
3.48815918,-81.98659000,-89.31850000,-75.98819000,-71.20873000
3.48876953,-79.95437000,-90.56067000,-74.94870000,-71.51940000
3.48937988,-81.96849000,-87.53005000,-71.28746000,-79.12854000
3.48999023,-82.88707000,-86.78076000,-70.30524000,-77.66496000
3.49060059,-97.34351000,-86.63551000,-74.52914000,-69.46610000
3.49121094,-82.81194000,-88.11971000,-71.93820000,-71.41398000
3.49182129,-75.25763000,-98.31635000,-74.84595000,-79.23671000
3.49243164,-73.07710000,-93.24919000,-82.17670000,-82.77763000
3.49304199,-76.71124000,-90.53666000,-73.62071000,-86.29642000
3.49365234,-75.82404000,-88.90538000,-71.43712000,-82.07399000
3.49426270,-78.89597000,-86.53194000,-70.90636000,-74.15557000
3.49487305,-81.66320000,-87.34703000,-71.82539000,-74.68456000
3.49548340,-77.46802000,-92.19174000,-72.97524000,-79.90933000
3.49609375,-81.86630000,-86.85687000,-68.21990000,-73.64269000
3.49670410,-90.75298000,-84.38972000,-67.69205000,-69.81606000
3.49731445,-84.57973000,-87.07457000,-76.93948000,-71.65233000
3.49792480,-73.23041000,-87.99661000,-89.09001000,-82.09344000
3.49853516,-66.21435000,-86.66499000,-90.29250000,-79.00174000
3.49914551,-65.43727000,-85.24420000,-75.23602000,-77.83481000
3.49975586,-70.94923000,-88.42508000,-67.31000000,-78.91732000
3.50036621,-83.05657000,-109.12950000,-64.27718000,-70.87801000
3.50097656,-72.86783000,-99.04382000,-63.92891000,-72.61142000
3.50158691,-65.97327000,-87.11152000,-65.73288000,-75.23036000
3.50219727,-68.55411000,-86.51162000,-70.76632000,-77.14191000
3.50280762,-77.87589000,-89.44144000,-78.22189000,-74.32875000
3.50341797,-75.97495000,-93.83811000,-73.19061000,-85.26051000
3.50402832,-75.86072000,-107.27790000,-69.07657000,-73.98323000
3.50463867,-77.82310000,-90.69406000,-71.05231000,-71.81449000
3.50524902,-80.58278000,-86.64276000,-71.20761000,-80.40862000
3.50585938,-88.54309000,-93.77887000,-66.05023000,-79.06751000
3.50646973,-91.84670000,-98.53180000,-66.66427000,-72.92958000
3.50708008,-82.03554000,-92.13314000,-66.48059000,-70.68033000
3.50769043,-75.36819000,-90.84868000,-73.80550000,-73.82212000
3.50830078,-76.30604000,-92.35717000,-72.08466000,-83.99840000
3.50891113,-88.54247000,-96.07105000,-69.90720000,-72.99930000
3.50952148,-78.33150000,-91.03568000,-72.50032000,-71.18142000
3.51013184,-74.66362000,-90.96043000,-71.63243000,-70.63934000
3.51074219,-75.39568000,-90.45480000,-70.79437000,-71.03601000
3.51135254,-80.13588000,-91.05121000,-72.19894000,-74.55247000
3.51196289,-84.84689000,-94.26454000,-74.34026000,-77.78319000
3.51257324,-80.16982000,-83.99500000,-84.76730000,-72.87883000
3.51318359,-71.25652000,-79.89120000,-74.57486000,-71.72923000
3.51379395,-67.45961000,-79.34188000,-74.53453000,-70.03888000
3.51440430,-72.27908000,-82.47367000,-74.30002000,-72.96965000
3.51501465,-84.72720000,-90.48776000,-72.06145000,-78.91095000
3.51562500,-91.57055000,-105.90790000,-74.50561000,-74.64201000
3.51623535,-88.85942000,-96.71799000,-75.05148000,-70.55767000
3.51684570,-86.47685000,-90.52094000,-76.07921000,-69.45369000
3.51745605,-80.92534000,-89.33112000,-79.41769000,-72.17040000
3.51806641,-77.93166000,-92.30428000,-73.37023000,-76.40981000
3.51867676,-82.33037000,-87.72418000,-66.17626000,-72.51076000
3.51928711,-75.94685000,-85.94580000,-64.92156000,-75.47485000
3.51989746,-74.28924000,-90.33746000,-68.54840000,-80.41340000
3.52050781,-78.77489000,-99.92825000,-68.64513000,-71.11222000
3.52111816,-81.27762000,-98.67484000,-67.69653000,-67.28350000
3.52172852,-83.80073000,-94.82733000,-72.02847000,-66.86771000
3.52233887,-99.60494000,-95.16647000,-78.88146000,-67.96458000
3.52294922,-78.15616000,-94.03123000,-91.02299000,-77.05538000
3.52355957,-76.35298000,-89.58080000,-81.64796000,-79.56741000
3.52416992,-76.12996000,-88.02136000,-72.42789000,-76.37721000
3.52478027,-78.19550000,-90.99179000,-67.08749000,-75.26447000
3.52539063,-93.19864000,-107.87880000,-68.93228000,-72.84816000
3.52600098,-82.05833000,-96.00369000,-74.05515000,-77.27048000
3.52661133,-81.67773000,-94.17456000,-79.88895000,-92.66692000
3.52722168,-90.19463000,-98.83942000,-79.22828000,-86.18277000
3.52783203,-92.00715000,-94.87061000,-74.87691000,-82.35427000
3.52844238,-79.60744000,-111.02110000,-72.42282000,-75.15958000
3.52905273,-73.75546000,-90.60558000,-72.29564000,-74.51067000
3.52966309,-74.38908000,-93.61337000,-78.07848000,-77.61221000
3.53027344,-81.64593000,-99.10160000,-73.32889000,-77.58134000
3.53088379,-75.65734000,-101.90230000,-70.36610000,-75.57378000
3.53149414,-74.43275000,-112.43960000,-68.53858000,-79.51812000
3.53210449,-80.67192000,-92.13271000,-76.64148000,-80.69319000
3.53271484,-82.63760000,-89.49119000,-74.58363000,-76.99538000
3.53332520,-76.08295000,-90.11557000,-74.54135000,-77.14932000
3.53393555,-78.46175000,-88.44517000,-88.23880000,-72.94035000
3.53454590,-84.79675000,-89.38216000,-77.91912000,-79.61347000
3.53515625,-86.45919000,-90.18652000,-73.49364000,-78.22975000
3.53576660,-82.23076000,-100.61360000,-79.86478000,-77.70599000
3.53637695,-84.54156000,-89.44585000,-67.83906000,-80.75288000
3.53698730,-78.69999000,-86.32266000,-72.75380000,-77.93801000
3.53759766,-80.38357000,-89.74287000,-91.09686000,-73.61628000
3.53820801,-90.86791000,-90.79898000,-83.03558000,-74.76711000
3.53881836,-79.63916000,-92.27860000,-81.43716000,-76.06677000
3.53942871,-75.83681000,-105.06500000,-73.13386000,-75.69628000
3.54003906,-77.48012000,-97.98920000,-71.13361000,-71.94784000
3.54064941,-79.06319000,-93.63153000,-69.71911000,-75.49487000
3.54125977,-78.08219000,-98.07602000,-70.46861000,-83.96104000
3.54187012,-78.58289000,-99.52852000,-74.98444000,-75.45506000
3.54248047,-75.21386000,-96.47084000,-74.39628000,-75.55592000
3.54309082,-73.33566000,-95.55334000,-67.58991000,-72.44324000
3.54370117,-74.21279000,-96.59528000,-70.71475000,-70.90260000
3.54431152,-80.04513000,-107.52510000,-85.00519000,-81.19891000
3.54492188,-77.60844000,-100.35160000,-81.01154000,-80.36072000
3.54553223,-74.72369000,-95.65789000,-75.89783000,-84.37772000
3.54614258,-74.30561000,-99.81665000,-72.62812000,-78.20781000
3.54675293,-76.74724000,-95.30106000,-77.05245000,-76.68939000
3.54736328,-77.48008000,-93.90546000,-67.18593000,-83.51276000
3.54797363,-75.76785000,-91.05048000,-64.60950000,-73.56757000
3.54858398,-73.47585000,-86.94817000,-65.60992000,-69.08766000
3.54919434,-68.84724000,-83.96278000,-66.98315000,-70.34095000
3.54980469,-67.84171000,-85.77983000,-67.03198000,-75.21760000
3.55041504,-71.55251000,-97.45358000,-67.17542000,-86.04119000
3.55102539,-78.19232000,-105.43740000,-66.42464000,-75.16723000
3.55163574,-79.68811000,-107.19840000,-64.16792000,-71.98540000
3.55224609,-75.10862000,-94.88963000,-63.79008000,-74.33348000
3.55285645,-77.66254000,-90.44765000,-64.66916000,-84.82522000
3.55346680,-79.77887000,-92.21393000,-65.63836000,-79.76408000
3.55407715,-75.29164000,-91.95731000,-69.17529000,-91.41153000
3.55468750,-75.04984000,-91.54857000,-72.13297000,-79.47838000
3.55529785,-89.50865000,-92.55760000,-69.93166000,-78.90143000
3.55590820,-80.37518000,-93.61492000,-75.10800000,-81.79922000
3.55651855,-77.43992000,-96.79004000,-77.78666000,-80.59413000
3.55712891,-75.87241000,-94.14163000,-71.08654000,-74.96175000
3.55773926,-78.78807000,-99.35948000,-76.14738000,-74.75066000
3.55834961,-81.05249000,-113.09250000,-65.22191000,-84.99255000
3.55895996,-79.79594000,-98.75539000,-65.09659000,-77.48865000
3.55957031,-83.68730000,-100.62720000,-72.42683000,-80.41510000
3.56018066,-90.33570000,-105.29430000,-68.56133000,-72.91635000
3.56079102,-84.22720000,-97.91772000,-65.14567000,-69.71930000
3.56140137,-80.43549000,-100.50890000,-65.26357000,-71.84050000
3.56201172,-80.23180000,-97.63293000,-66.72133000,-80.93929000
3.56262207,-83.33411000,-108.82790000,-67.09830000,-94.36050000
3.56323242,-84.50142000,-88.38699000,-68.78753000,-87.37492000
3.56384277,-76.77105000,-86.37173000,-67.02052000,-74.11043000
3.56445313,-76.52741000,-89.10495000,-68.23477000,-69.54734000
3.56506348,-77.83823000,-91.48654000,-73.81004000,-72.29161000
3.56567383,-78.44351000,-90.57603000,-78.09553000,-73.19941000
3.56628418,-84.37926000,-93.71131000,-85.84992000,-83.00354000
3.56689453,-85.55147000,-91.82636000,-83.32272000,-78.24992000
3.56750488,-77.44032000,-95.14573000,-74.94514000,-77.96257000
3.56811523,-77.12735000,-107.29040000,-76.93420000,-73.80418000
3.56872559,-75.98674000,-96.77705000,-74.13721000,-75.53522000
3.56933594,-74.08179000,-101.30880000,-65.39596000,-77.40998000
3.56994629,-75.46840000,-94.54439000,-66.32565000,-81.93411000
3.57055664,-74.09250000,-92.59205000,-80.88919000,-76.91413000
3.57116699,-72.51731000,-88.95614000,-68.57878000,-72.51428000
3.57177734,-74.16448000,-88.79288000,-73.55824000,-73.08183000
3.57238770,-75.42700000,-90.50677000,-76.76962000,-73.54909000
3.57299805,-66.98479000,-104.42000000,-79.11749000,-73.43515000
3.57360840,-56.28796000,-78.87353000,-69.68780000,-69.33588000
3.57421875,-54.69530000,-75.45319000,-67.14964000,-67.84892000
3.57482910,-61.54934000,-83.71242000,-72.09830000,-68.34096000
3.57543945,-73.77164000,-104.20470000,-73.86427000,-71.87688000
3.57604980,-75.35819000,-95.47168000,-74.42579000,-83.81612000
3.57666016,-76.96883000,-95.67088000,-73.11020000,-85.10280000
3.57727051,-76.11851000,-102.45570000,-71.99919000,-86.81270000
3.57788086,-70.91770000,-101.79240000,-69.23254000,-76.16710000
3.57849121,-70.86732000,-94.51648000,-66.00901000,-73.30270000
3.57910156,-71.07987000,-92.02930000,-65.98293000,-75.64935000
3.57971191,-69.61513000,-103.67460000,-67.50665000,-80.25437000
3.58032227,-70.37404000,-91.57347000,-66.50897000,-80.17107000
3.58093262,-73.88356000,-91.02954000,-68.51365000,-78.62510000
3.58154297,-76.18777000,-98.06958000,-79.09576000,-86.56291000
3.58215332,-81.91978000,-99.88491000,-69.94397000,-70.94829000
3.58276367,-83.04399000,-91.33360000,-63.64031000,-69.08176000
3.58337402,-99.58810000,-89.15126000,-63.59630000,-71.51434000
3.58398438,-77.74876000,-88.99415000,-67.55611000,-72.07307000
3.58459473,-76.70849000,-91.11908000,-69.16327000,-70.52782000
3.58520508,-77.31030000,-92.96321000,-72.54769000,-71.24421000
3.58581543,-72.21413000,-90.23355000,-72.46838000,-74.48917000
3.58642578,-80.10902000,-92.82774000,-71.84174000,-81.29198000
3.58703613,-84.04171000,-96.92717000,-75.99439000,-83.31623000
3.58764648,-79.27098000,-102.15250000,-73.37042000,-79.15595000
3.58825684,-76.58788000,-95.37659000,-69.43450000,-78.40103000
3.58886719,-89.18708000,-89.66597000,-68.61574000,-73.67123000
3.58947754,-75.53137000,-87.87709000,-66.76514000,-80.30690000
3.59008789,-75.02104000,-94.29347000,-62.84436000,-91.51740000
3.59069824,-84.30054000,-92.78209000,-63.88862000,-86.19587000
3.59130859,-84.03011000,-92.29323000,-76.95882000,-75.21868000
3.59191895,-74.31111000,-90.09823000,-70.59869000,-73.07803000
3.59252930,-77.37357000,-87.33604000,-68.44196000,-80.14671000
3.59313965,-95.71280000,-87.19264000,-66.89792000,-79.88492000
3.59375000,-98.17088000,-89.82736000,-67.44855000,-78.20206000
3.59436035,-80.58804000,-100.07220000,-74.21317000,-79.92067000
3.59497070,-82.44527000,-99.56348000,-75.52472000,-73.82071000
3.59558105,-88.44431000,-89.37512000,-79.02118000,-71.98747000
3.59619141,-87.27332000,-87.71617000,-75.08330000,-73.30360000
3.59680176,-96.19157000,-89.64499000,-80.18639000,-83.52322000
3.59741211,-90.25342000,-91.10593000,-70.91508000,-90.55441000
3.59802246,-76.61478000,-89.25503000,-68.64532000,-91.34496000
3.59863281,-68.31352000,-94.20353000,-70.35622000,-77.10825000
3.59924316,-62.21656000,-87.34824000,-74.34007000,-71.00087000
3.59985352,-64.81748000,-92.05283000,-74.63268000,-69.06252000
3.60046387,-74.64145000,-91.30398000,-73.89732000,-74.98963000
3.60107422,-72.76088000,-93.73488000,-80.05003000,-77.02643000
3.60168457,-76.03996000,-85.54179000,-79.68942000,-76.81661000
3.60229492,-77.24520000,-85.14803000,-93.68202000,-72.61330000
3.60290527,-92.81593000,-87.34380000,-73.38161000,-68.68190000
3.60351563,-87.09954000,-86.97872000,-64.93834000,-70.40669000
3.60412598,-85.88151000,-87.71923000,-64.18063000,-78.73776000
3.60473633,-85.98144000,-98.21364000,-65.67559000,-82.07401000
3.60534668,-92.00732000,-94.95847000,-67.97076000,-75.57375000
3.60595703,-79.62152000,-103.87420000,-77.85631000,-72.96470000
3.60656738,-73.83706000,-95.45686000,-77.63387000,-78.52155000
3.60717773,-74.39685000,-99.13571000,-72.37367000,-77.75885000
3.60778809,-81.54052000,-95.07602000,-76.30765000,-74.75079000
3.60839844,-87.38094000,-93.16861000,-73.13465000,-73.93111000
3.60900879,-86.05048000,-94.53660000,-71.65446000,-71.32689000
3.60961914,-88.77419000,-91.14182000,-67.01794000,-74.23374000
3.61022949,-95.54662000,-96.32745000,-67.08190000,-79.74054000
3.61083984,-85.04508000,-91.68449000,-69.78365000,-77.09666000
3.61145020,-83.62006000,-94.40368000,-74.18405000,-81.37178000
3.61206055,-88.15898000,-93.75060000,-75.21012000,-74.76138000
3.61267090,-84.71851000,-91.09862000,-92.41906000,-80.09026000
3.61328125,-77.79065000,-96.41491000,-76.55031000,-77.05118000
3.61389160,-74.68606000,-95.81905000,-74.62043000,-70.78141000
3.61450195,-77.00563000,-94.03744000,-75.70733000,-69.74173000
3.61511230,-79.87634000,-99.80913000,-82.67911000,-72.89003000
3.61572266,-77.85186000,-107.19200000,-87.92648000,-69.69706000
3.61633301,-78.72893000,-101.95180000,-78.47894000,-68.26299000
3.61694336,-95.13184000,-98.82240000,-68.42545000,-71.84367000
3.61755371,-79.90736000,-93.92204000,-67.74837000,-83.71891000
3.61816406,-79.52516000,-90.59450000,-69.99403000,-76.91408000
3.61877441,-77.22709000,-89.99355000,-69.73486000,-72.95581000
3.61938477,-74.55219000,-90.26474000,-72.74483000,-72.47583000
3.61999512,-75.73853000,-94.67126000,-73.69025000,-75.39592000
3.62060547,-77.86359000,-104.33120000,-67.30912000,-86.39900000
3.62121582,-82.55972000,-101.55500000,-66.83293000,-75.26343000
3.62182617,-85.54920000,-97.82558000,-68.64191000,-74.50343000
3.62243652,-87.57115000,-97.94026000,-72.49057000,-74.02204000
3.62304688,-81.24608000,-102.99810000,-71.68921000,-72.84640000
3.62365723,-79.98727000,-104.15650000,-67.77827000,-81.55911000
3.62426758,-87.72897000,-95.97623000,-69.15727000,-79.84059000
3.62487793,-80.86325000,-92.49984000,-84.07233000,-74.32843000
3.62548828,-77.10541000,-89.47722000,-67.54704000,-72.17906000
3.62609863,-76.87330000,-87.75481000,-64.40907000,-70.42375000
3.62670898,-84.37649000,-89.42677000,-68.40430000,-70.32510000
3.62731934,-88.15065000,-94.58293000,-69.28277000,-72.99523000
3.62792969,-81.72081000,-94.48811000,-68.88772000,-75.19665000
3.62854004,-89.37140000,-94.43584000,-79.26744000,-71.91479000
3.62915039,-88.35710000,-99.38348000,-77.30497000,-71.93270000
3.62976074,-83.24828000,-95.50709000,-73.66964000,-75.16939000
3.63037109,-82.01656000,-95.96585000,-69.59976000,-69.36267000
3.63098145,-83.71501000,-93.32527000,-67.35284000,-73.31531000
3.63159180,-84.06285000,-92.29260000,-65.43803000,-97.40070000
3.63220215,-79.27939000,-93.74641000,-64.96927000,-90.98190000
3.63281250,-74.44572000,-97.60738000,-67.58904000,-86.48184000
3.63342285,-75.55639000,-94.94221000,-71.08405000,-92.01374000
3.63403320,-75.75357000,-89.79762000,-72.71748000,-79.52048000
3.63464355,-80.55986000,-91.92841000,-70.80558000,-75.37293000
3.63525391,-90.91775000,-100.27770000,-71.24664000,-70.37813000
3.63586426,-88.60467000,-100.95890000,-75.20058000,-73.63496000
3.63647461,-95.37685000,-93.55457000,-77.63194000,-88.18877000
3.63708496,-80.67914000,-89.58917000,-81.32198000,-77.76870000
3.63769531,-83.78158000,-96.19537000,-81.68949000,-75.10758000
3.63830566,-84.34975000,-97.66252000,-69.61141000,-78.41233000
3.63891602,-83.94658000,-93.32650000,-67.77251000,-87.05142000
3.63952637,-81.39931000,-92.79137000,-68.24767000,-74.84101000
3.64013672,-79.00563000,-101.18200000,-65.51627000,-78.36684000
3.64074707,-79.72124000,-88.34799000,-63.31533000,-72.41187000
3.64135742,-78.74644000,-88.24396000,-63.83507000,-69.08453000
3.64196777,-77.22092000,-87.20380000,-67.47209000,-67.20380000
3.64257813,-79.37415000,-89.09943000,-77.49836000,-67.31448000
3.64318848,-105.51860000,-94.62492000,-74.24127000,-70.32585000
3.64379883,-96.00385000,-96.62594000,-70.40099000,-75.09842000
3.64440918,-83.01723000,-97.86418000,-75.71178000,-95.06816000
3.64501953,-79.26942000,-92.59264000,-68.11417000,-72.99707000
3.64562988,-81.44685000,-93.85212000,-64.15744000,-73.91006000
3.64624023,-78.66554000,-97.54222000,-62.82560000,-81.14113000
3.64685059,-76.35424000,-92.12447000,-63.42736000,-78.93768000
3.64746094,-77.28839000,-91.28232000,-69.47887000,-76.47475000
3.64807129,-73.22667000,-89.18924000,-76.83396000,-85.74639000
3.64868164,-72.62773000,-92.81084000,-72.54127000,-87.28413000
3.64929199,-74.55848000,-93.41129000,-70.34808000,-89.97005000
3.64990234,-79.33451000,-90.04325000,-69.17099000,-78.37022000
3.65051270,-77.30077000,-101.62050000,-73.64917000,-73.20854000
3.65112305,-82.16649000,-91.29592000,-85.80238000,-73.61633000
3.65173340,-83.30822000,-100.39340000,-75.92050000,-74.30825000
3.65234375,-79.57828000,-94.88289000,-66.19559000,-71.66011000
3.65295410,-78.68375000,-90.77618000,-64.39372000,-71.06931000
3.65356445,-79.55127000,-92.49330000,-67.07190000,-71.68509000
3.65417480,-85.68646000,-95.52217000,-77.11342000,-75.37000000
3.65478516,-78.20830000,-89.44420000,-69.13421000,-74.54101000
3.65539551,-79.57759000,-87.63690000,-68.60177000,-72.92422000
3.65600586,-87.01791000,-87.46566000,-72.06823000,-73.58195000
3.65661621,-85.44120000,-86.34642000,-70.80413000,-77.63610000
3.65722656,-83.91608000,-88.91199000,-68.76402000,-77.02410000
3.65783691,-77.69707000,-89.12440000,-70.15131000,-82.99251000
3.65844727,-77.44103000,-87.79807000,-70.78452000,-74.41599000
3.65905762,-78.51270000,-89.56345000,-72.87511000,-70.61084000
3.65966797,-75.68527000,-95.25749000,-76.20383000,-72.97878000
3.66027832,-77.86742000,-112.47840000,-70.66254000,-76.03249000
3.66088867,-84.01047000,-103.54000000,-79.66341000,-80.13770000
3.66149902,-80.25200000,-92.95948000,-76.18758000,-79.05420000
3.66210938,-75.35287000,-90.19791000,-71.11671000,-78.47946000
3.66271973,-76.41687000,-89.46038000,-71.06875000,-78.37051000
3.66333008,-81.91311000,-87.34002000,-82.93929000,-74.92461000
3.66394043,-73.69365000,-88.61745000,-78.45131000,-73.41711000
3.66455078,-72.85484000,-94.46600000,-75.99760000,-77.12421000
3.66516113,-71.05159000,-99.77673000,-74.97670000,-84.67715000
3.66577148,-69.95315000,-102.16390000,-80.52940000,-77.40720000
3.66638184,-74.67019000,-92.17006000,-82.33955000,-84.74542000
3.66699219,-74.65218000,-90.49728000,-69.67101000,-79.47325000
3.66760254,-71.35477000,-91.57345000,-67.69275000,-78.14799000
3.66821289,-74.10552000,-92.02653000,-73.71179000,-86.91602000
3.66882324,-77.22011000,-95.23344000,-78.73776000,-79.97136000
3.66943359,-72.56713000,-102.64990000,-72.77885000,-76.95294000
3.67004395,-76.29973000,-95.06581000,-71.87746000,-75.73262000
3.67065430,-85.44737000,-93.39069000,-79.20007000,-74.94646000
3.67126465,-79.63586000,-101.40450000,-89.35925000,-76.60442000
3.67187500,-79.90231000,-101.93640000,-79.93677000,-80.84556000
3.67248535,-75.44664000,-96.73663000,-68.49914000,-73.68440000
3.67309570,-72.03361000,-93.22028000,-65.94577000,-69.15223000
3.67370605,-69.09158000,-88.13252000,-67.81939000,-69.59907000
3.67431641,-69.90846000,-86.81726000,-69.28536000,-75.06005000
3.67492676,-72.95557000,-88.08391000,-70.07359000,-69.29912000
3.67553711,-74.47409000,-90.08582000,-69.67868000,-67.61705000
3.67614746,-77.91747000,-99.14056000,-67.50454000,-73.61758000
3.67675781,-79.77730000,-90.93774000,-69.51705000,-78.58700000
3.67736816,-75.95452000,-88.09686000,-67.87381000,-77.00571000
3.67797852,-77.41463000,-89.06388000,-73.80080000,-72.39069000
3.67858887,-92.27937000,-92.81025000,-71.45192000,-75.57967000
3.67919922,-85.25916000,-95.91418000,-67.42883000,-76.30928000
3.67980957,-85.73653000,-109.24190000,-77.60576000,-73.62262000
3.68041992,-80.16335000,-93.63895000,-78.36012000,-74.56817000
3.68103027,-85.35023000,-89.28112000,-75.88416000,-79.00507000
3.68164063,-76.60710000,-88.45468000,-72.16232000,-76.94611000
3.68225098,-73.06834000,-92.64691000,-70.59149000,-76.37337000
3.68286133,-81.66267000,-108.08110000,-73.24912000,-74.76080000
3.68347168,-84.90363000,-92.22578000,-77.19656000,-78.17297000
3.68408203,-88.27407000,-85.42787000,-83.91844000,-73.36671000
3.68469238,-84.19450000,-84.23912000,-82.06204000,-66.20294000
3.68530273,-78.38784000,-89.15493000,-73.07489000,-66.67785000
3.68591309,-75.34377000,-94.95499000,-70.21658000,-73.41454000
3.68652344,-78.84719000,-99.83488000,-71.30669000,-78.87258000
3.68713379,-82.84949000,-104.84580000,-74.72034000,-79.16887000
3.68774414,-85.22343000,-98.45564000,-80.57153000,-87.26569000
3.68835449,-79.89427000,-91.88168000,-74.60034000,-81.34030000
3.68896484,-74.00861000,-90.24276000,-74.55782000,-76.83149000
3.68957520,-70.77194000,-99.03773000,-79.41711000,-82.89833000
3.69018555,-71.23813000,-91.77632000,-86.75278000,-85.83589000
3.69079590,-70.26185000,-87.57825000,-79.85217000,-78.35838000
3.69140625,-72.05385000,-94.08122000,-73.05365000,-75.43060000
3.69201660,-79.12818000,-99.10809000,-75.94873000,-71.47637000
3.69262695,-73.93642000,-89.60431000,-82.25456000,-68.64662000
3.69323730,-70.06676000,-90.23774000,-76.38649000,-68.88862000
3.69384766,-76.98695000,-93.54930000,-71.49911000,-68.31695000
3.69445801,-79.60808000,-90.18413000,-70.51728000,-70.30807000
3.69506836,-75.98389000,-89.20544000,-67.95030000,-74.27255000
3.69567871,-85.20698000,-91.78178000,-69.37912000,-78.50240000
3.69628906,-94.29745000,-89.87163000,-76.43147000,-88.37466000
3.69689941,-89.90926000,-89.43878000,-75.71582000,-86.09839000
3.69750977,-78.72881000,-93.89922000,-70.25362000,-91.17934000
3.69812012,-69.16427000,-85.49236000,-69.86076000,-80.74760000
3.69873047,-61.15005000,-80.25291000,-67.63573000,-70.04652000
3.69934082,-57.94497000,-79.85368000,-68.68669000,-68.37831000
3.69995117,-61.94069000,-85.24652000,-75.47569000,-71.49937000
3.70056152,-72.45049000,-100.01240000,-81.64298000,-76.55103000
3.70117188,-73.31213000,-95.58633000,-79.81107000,-87.12450000
3.70178223,-87.98530000,-92.50924000,-78.07738000,-81.65749000
3.70239258,-76.79604000,-96.50893000,-79.23272000,-85.21534000
3.70300293,-75.32534000,-104.84350000,-76.60681000,-80.22442000
3.70361328,-76.48927000,-99.63713000,-72.39177000,-72.86134000
3.70422363,-76.66747000,-91.62861000,-75.93148000,-71.90408000
3.70483398,-89.30898000,-90.11135000,-74.75648000,-70.38177000
3.70544434,-82.43304000,-88.77162000,-74.98666000,-74.80790000
3.70605469,-84.02336000,-89.59802000,-74.79192000,-84.02617000
3.70666504,-82.14252000,-89.23035000,-73.70787000,-80.69192000
3.70727539,-76.29616000,-87.87143000,-71.52213000,-76.27396000
3.70788574,-74.76701000,-89.40741000,-74.28387000,-72.62657000
3.70849609,-75.69583000,-95.36295000,-83.28308000,-74.34345000
3.70910645,-93.04058000,-102.33170000,-93.51115000,-74.40781000
3.70971680,-74.94697000,-99.53526000,-70.32417000,-73.28703000
3.71032715,-73.68673000,-101.58340000,-68.41550000,-75.00621000
3.71093750,-82.12482000,-94.01132000,-79.62474000,-80.80430000
3.71154785,-89.30473000,-92.79355000,-71.67081000,-94.95590000
3.71215820,-87.34021000,-99.88533000,-69.06010000,-86.61156000
3.71276855,-76.54851000,-96.26314000,-70.38239000,-79.13622000
3.71337891,-83.49547000,-97.83942000,-73.04930000,-74.90945000
3.71398926,-74.50476000,-104.60680000,-70.85600000,-80.13724000
3.71459961,-74.46429000,-95.42110000,-74.07610000,-70.04157000
3.71520996,-77.42705000,-90.79041000,-77.03830000,-68.34735000
3.71582031,-77.48734000,-87.95071000,-69.67508000,-75.70288000
3.71643066,-79.20764000,-91.24165000,-67.17836000,-71.82992000
3.71704102,-89.32380000,-94.26787000,-66.90701000,-77.46837000
3.71765137,-75.31118000,-92.63492000,-73.28786000,-77.02123000
3.71826172,-75.23740000,-91.94293000,-71.76302000,-71.57738000
3.71887207,-78.39967000,-93.70540000,-67.74753000,-70.47204000
3.71948242,-86.70671000,-94.80675000,-71.20432000,-75.55769000
3.72009277,-87.23718000,-94.80573000,-71.70306000,-74.47940000
3.72070313,-80.90437000,-99.27428000,-68.63531000,-75.55078000
3.72131348,-75.61565000,-93.58016000,-69.39470000,-74.34752000
3.72192383,-78.78281000,-92.64899000,-78.21296000,-71.89015000
3.72253418,-93.94510000,-92.72691000,-76.06619000,-75.28468000
3.72314453,-80.54982000,-111.63290000,-73.26276000,-81.71868000
3.72375488,-69.12992000,-86.40648000,-90.13291000,-75.98119000
3.72436523,-67.46736000,-84.01912000,-71.24905000,-78.36694000
3.72497559,-73.28751000,-91.23962000,-70.09347000,-79.89052000
3.72558594,-82.29214000,-94.67508000,-71.78831000,-98.88071000
3.72619629,-89.06602000,-96.14021000,-69.26568000,-79.49820000
3.72680664,-87.13611000,-113.86040000,-64.16518000,-87.15002000
3.72741699,-78.80592000,-100.79490000,-62.98875000,-75.68862000
3.72802734,-78.10923000,-103.18510000,-62.84347000,-73.95406000
3.72863770,-81.80910000,-93.15513000,-63.27663000,-85.27670000
3.72924805,-85.90486000,-94.44995000,-67.46722000,-73.99797000
3.72985840,-76.02616000,-96.96031000,-70.01907000,-81.70337000
3.73046875,-70.27908000,-88.94314000,-70.67117000,-76.20617000
3.73107910,-70.45303000,-90.74715000,-74.75392000,-75.88503000
3.73168945,-76.50124000,-93.91937000,-70.96605000,-85.25985000
3.73229980,-81.03691000,-92.25214000,-68.75419000,-91.22440000
3.73291016,-75.79301000,-91.99492000,-72.74781000,-77.23415000
3.73352051,-76.54235000,-90.66400000,-72.28233000,-77.82666000
3.73413086,-75.23753000,-90.09531000,-73.96075000,-84.45966000
3.73474121,-74.55470000,-90.43149000,-73.38160000,-76.06937000
3.73535156,-83.07190000,-87.47990000,-80.63634000,-87.66631000
3.73596191,-85.80441000,-87.81349000,-73.40826000,-81.87816000
3.73657227,-86.10050000,-91.71490000,-68.95613000,-75.07490000
3.73718262,-92.13769000,-95.41975000,-71.47224000,-70.94591000
3.73779297,-81.91789000,-96.26276000,-75.08350000,-72.99670000
3.73840332,-92.46199000,-90.50278000,-74.79057000,-75.06496000
3.73901367,-79.01868000,-88.35051000,-74.94309000,-73.41743000
3.73962402,-75.30035000,-93.40253000,-74.72907000,-76.06906000
3.74023438,-74.02319000,-92.22260000,-73.49656000,-86.78719000
3.74084473,-78.88451000,-97.58366000,-74.32984000,-75.58285000
3.74145508,-87.88468000,-97.11981000,-74.83173000,-73.47864000
3.74206543,-87.88911000,-99.29521000,-73.91978000,-82.84816000
3.74267578,-81.01333000,-92.09528000,-77.19665000,-75.25006000
3.74328613,-77.58929000,-88.41391000,-79.99561000,-71.11932000
3.74389648,-77.27039000,-91.15020000,-72.10937000,-74.29916000
3.74450684,-77.92687000,-92.98682000,-69.96580000,-73.41590000
3.74511719,-81.20821000,-100.91660000,-71.17291000,-69.97326000
3.74572754,-85.71442000,-96.74138000,-76.86579000,-73.80188000
3.74633789,-85.35811000,-89.31761000,-71.67213000,-81.65177000
3.74694824,-81.41278000,-85.99117000,-71.13376000,-78.61423000
3.74755859,-92.27979000,-89.00485000,-69.04335000,-77.60383000
3.74816895,-90.89639000,-97.78946000,-74.04639000,-69.01533000
3.74877930,-70.06906000,-86.16130000,-85.70595000,-64.65167000
3.74938965,-61.91319000,-80.59293000,-79.93519000,-64.20982000
3.75000000,-63.87267000,-84.35037000,-77.59137000,-70.55734000
3.75061035,-81.70052000,-91.08184000,-74.53554000,-78.23602000
3.75122070,-79.57612000,-90.74353000,-79.89958000,-73.53490000
3.75183105,-78.96681000,-92.69978000,-79.54952000,-74.17600000
3.75244141,-73.46412000,-95.53571000,-76.10370000,-82.35081000
3.75305176,-74.88427000,-121.45920000,-90.11461000,-83.32344000
3.75366211,-77.39070000,-93.55727000,-71.01397000,-74.49353000
3.75427246,-81.75491000,-100.24780000,-68.65742000,-72.60102000
3.75488281,-80.80266000,-91.58316000,-76.65931000,-72.80493000
3.75549316,-75.24024000,-93.17734000,-90.91346000,-74.67023000
3.75610352,-74.11584000,-103.70820000,-81.76698000,-74.10056000
3.75671387,-78.27236000,-96.25039000,-84.29050000,-78.41470000
3.75732422,-87.92007000,-96.81431000,-77.14213000,-79.91352000
3.75793457,-83.27036000,-91.18331000,-70.63392000,-73.59284000
3.75854492,-75.84628000,-89.74076000,-74.91571000,-72.93583000
3.75915527,-75.75194000,-91.66988000,-70.73361000,-72.68685000
3.75976563,-74.82080000,-97.26482000,-67.70072000,-73.49283000
3.76037598,-74.70147000,-100.72060000,-67.26965000,-70.86375000
3.76098633,-80.80125000,-96.09572000,-66.85943000,-72.85609000
3.76159668,-80.39626000,-106.07050000,-65.55556000,-78.59360000
3.76220703,-78.18614000,-91.50713000,-66.20699000,-76.84292000
3.76281738,-76.29472000,-90.19928000,-73.01463000,-74.31578000
3.76342773,-79.74427000,-92.24979000,-75.03829000,-84.47720000
3.76403809,-82.25209000,-90.56575000,-69.14674000,-82.93357000
3.76464844,-81.50197000,-92.11035000,-71.30103000,-73.94151000
3.76525879,-80.04134000,-88.90965000,-84.23256000,-72.33497000
3.76586914,-75.60770000,-87.31895000,-78.05695000,-78.15353000
3.76647949,-75.14307000,-89.27504000,-78.66224000,-80.76765000
3.76708984,-73.94172000,-91.21194000,-81.84772000,-78.04990000
3.76770020,-72.58578000,-88.73529000,-72.67932000,-78.18416000
3.76831055,-76.58958000,-88.84204000,-77.24908000,-77.31197000
3.76892090,-75.61539000,-90.74124000,-71.42487000,-75.25717000
3.76953125,-73.92103000,-94.76221000,-67.88001000,-74.34022000
3.77014160,-74.10361000,-92.71458000,-71.01656000,-75.16816000
3.77075195,-77.09841000,-90.27581000,-74.76626000,-77.80544000
3.77136230,-89.98105000,-97.99519000,-67.22716000,-76.80785000
3.77197266,-79.75407000,-94.50169000,-66.01237000,-79.82694000
3.77258301,-77.37852000,-96.86980000,-69.38285000,-75.25479000
3.77319336,-70.07879000,-88.60423000,-93.14601000,-71.78781000
3.77380371,-60.85621000,-81.04613000,-66.83927000,-67.71240000
3.77441406,-60.50074000,-82.44571000,-64.58647000,-66.74185000
3.77502441,-68.64983000,-90.90814000,-64.85429000,-74.79318000
3.77563477,-81.85057000,-87.59071000,-69.56123000,-80.65154000
3.77624512,-78.74002000,-87.45813000,-83.64078000,-72.10168000
3.77685547,-78.29543000,-91.90083000,-74.25711000,-69.74030000
3.77746582,-82.67577000,-96.69160000,-77.72195000,-74.25071000
3.77807617,-75.92513000,-94.12592000,-72.78979000,-83.54060000
3.77868652,-73.57430000,-88.07014000,-72.86293000,-82.96138000
3.77929688,-73.05709000,-88.42507000,-72.94506000,-76.64594000
3.77990723,-73.21276000,-95.76118000,-67.56618000,-76.55389000
3.78051758,-80.40313000,-95.25674000,-67.50877000,-73.73181000
3.78112793,-88.87595000,-89.29265000,-72.03114000,-69.25503000
3.78173828,-76.63390000,-91.50646000,-67.98568000,-71.43933000
3.78234863,-74.36494000,-100.54420000,-82.82487000,-74.73257000
3.78295898,-76.32596000,-92.44750000,-69.52219000,-80.85159000
3.78356934,-78.82535000,-86.50188000,-71.05790000,-77.24260000
3.78417969,-77.11403000,-85.56342000,-71.33794000,-76.41127000
3.78479004,-75.80095000,-88.52059000,-67.26350000,-79.50748000
3.78540039,-78.60544000,-93.30171000,-67.04197000,-77.64354000
3.78601074,-83.80624000,-97.91816000,-72.48116000,-74.30684000
3.78662109,-86.51077000,-92.64537000,-70.19073000,-67.41898000
3.78723145,-83.46213000,-97.22218000,-71.28987000,-69.69003000
3.78784180,-77.09321000,-98.41228000,-94.93333000,-77.81225000
3.78845215,-77.99159000,-94.38702000,-73.66370000,-73.33899000
3.78906250,-88.87649000,-89.11444000,-64.52761000,-72.51517000
3.78967285,-78.59811000,-87.58650000,-64.87672000,-78.11462000
3.79028320,-77.36956000,-90.89713000,-70.88877000,-100.08220000
3.79089355,-80.76906000,-101.50920000,-76.19277000,-77.78609000
3.79150391,-91.80141000,-94.31355000,-73.77837000,-79.12861000
3.79211426,-76.12763000,-92.39872000,-69.19493000,-77.99544000
3.79272461,-74.32256000,-92.32524000,-68.24603000,-70.79420000
3.79333496,-83.04295000,-96.62860000,-70.84685000,-69.68657000
3.79394531,-72.80898000,-98.29925000,-73.89342000,-68.17112000
3.79455566,-70.50822000,-101.89080000,-70.31339000,-70.99976000
3.79516602,-75.71796000,-96.87565000,-66.78632000,-88.46396000
3.79577637,-82.42139000,-103.92870000,-68.27452000,-75.84739000
3.79638672,-89.04915000,-110.86880000,-70.98792000,-90.15041000
3.79699707,-80.29758000,-95.09774000,-72.89780000,-74.49293000
3.79760742,-72.33949000,-95.50301000,-72.70396000,-70.64429000
3.79821777,-66.57651000,-99.04829000,-70.54890000,-69.80385000
3.79882813,-66.98882000,-80.01826000,-64.65982000,-74.36843000
3.79943848,-56.68754000,-73.51320000,-62.33757000,-67.21614000
3.80004883,-57.74839000,-75.56853000,-63.79707000,-69.46122000
3.80065918,-66.49781000,-84.77258000,-68.87383000,-74.09728000
3.80126953,-70.16029000,-93.50005000,-81.97662000,-70.10506000
3.80187988,-69.65218000,-94.16831000,-77.71817000,-78.75266000
3.80249023,-70.25279000,-91.88599000,-77.42400000,-74.19006000
3.80310059,-73.86784000,-93.39077000,-74.57359000,-72.39080000
3.80371094,-68.96149000,-89.58081000,-75.46825000,-80.68417000
3.80432129,-68.02268000,-90.94533000,-76.35283000,-78.32274000
3.80493164,-67.90921000,-90.33224000,-68.11320000,-75.42027000
3.80554199,-64.09081000,-90.73624000,-70.70307000,-75.32737000
3.80615234,-64.39412000,-95.65927000,-68.84325000,-73.75842000
3.80676270,-70.16006000,-93.17320000,-67.90491000,-77.62149000
3.80737305,-79.32501000,-93.78229000,-74.02152000,-77.96047000
3.80798340,-87.02451000,-105.53790000,-90.38094000,-75.45684000
3.80859375,-80.50940000,-89.95185000,-78.61640000,-73.02068000
3.80920410,-77.65788000,-90.68497000,-76.88758000,-70.41483000
3.80981445,-76.74948000,-89.57088000,-81.24635000,-67.28163000
3.81042480,-75.56605000,-93.86730000,-80.23835000,-66.41455000
3.81103516,-74.42693000,-93.18748000,-81.95184000,-67.40051000
3.81164551,-79.34303000,-88.42897000,-75.78851000,-70.81831000
3.81225586,-79.20921000,-92.57472000,-75.49731000,-74.41282000
3.81286621,-75.38353000,-98.98595000,-77.25632000,-79.39843000
3.81347656,-74.92013000,-84.43002000,-73.13771000,-80.08796000
3.81408691,-89.93254000,-83.11128000,-75.05289000,-81.94856000
3.81469727,-73.33304000,-91.50305000,-79.02151000,-75.74533000
3.81530762,-72.20122000,-102.98000000,-80.82394000,-77.44091000
3.81591797,-78.56523000,-95.53651000,-74.05181000,-78.37089000
3.81652832,-82.38762000,-97.94976000,-76.37626000,-72.33565000
3.81713867,-87.69665000,-103.18440000,-83.38786000,-70.27112000
3.81774902,-77.10067000,-98.28663000,-75.43066000,-73.93457000
3.81835938,-73.38323000,-93.00477000,-71.92735000,-86.59341000
3.81896973,-71.54286000,-96.95450000,-69.65583000,-75.60434000
3.81958008,-73.10719000,-105.50280000,-69.27393000,-75.17338000
3.82019043,-79.74987000,-112.12960000,-72.44478000,-86.46754000
3.82080078,-87.98109000,-91.55484000,-73.75603000,-76.52668000
3.82141113,-84.27213000,-86.02896000,-77.91718000,-82.48013000
3.82202148,-78.11622000,-88.19705000,-77.51935000,-80.30183000
3.82263184,-78.09669000,-92.06160000,-72.38760000,-84.71366000
3.82324219,-79.69899000,-92.31187000,-73.41325000,-86.92200000
3.82385254,-73.11517000,-87.95528000,-72.58688000,-81.34009000
3.82446289,-73.20592000,-85.77328000,-71.64282000,-79.82844000
3.82507324,-79.86477000,-92.78854000,-76.00944000,-81.16700000
3.82568359,-89.40497000,-95.08881000,-74.55669000,-74.77460000
3.82629395,-85.66190000,-95.98441000,-63.58201000,-71.12016000
3.82690430,-80.23485000,-102.34490000,-62.75578000,-70.82208000
3.82751465,-79.39494000,-100.40230000,-66.03665000,-71.90425000
3.82812500,-76.48775000,-92.37766000,-69.30353000,-77.53753000
3.82873535,-74.77751000,-90.19144000,-69.09808000,-78.33773000
3.82934570,-75.50284000,-95.39977000,-69.29230000,-78.61597000
3.82995605,-78.39529000,-95.94830000,-64.71198000,-82.03519000
3.83056641,-85.18604000,-91.88162000,-61.97363000,-87.26803000
3.83117676,-79.75883000,-89.09712000,-64.21699000,-78.04029000
3.83178711,-77.30548000,-87.69124000,-67.88829000,-81.73286000
3.83239746,-80.34955000,-86.34720000,-68.16038000,-86.14690000
3.83300781,-78.44245000,-85.05921000,-67.37836000,-80.74725000
3.83361816,-73.63956000,-87.49615000,-67.12645000,-85.50076000
3.83422852,-73.12476000,-89.90269000,-67.68935000,-78.35725000
3.83483887,-78.72459000,-88.43448000,-72.95401000,-72.62626000
3.83544922,-77.12821000,-91.90144000,-75.84122000,-80.94799000
3.83605957,-78.80688000,-94.52125000,-81.50522000,-74.79011000
3.83666992,-81.38857000,-97.25951000,-75.85257000,-73.79514000
3.83728027,-78.05705000,-93.06557000,-72.53683000,-76.24569000
3.83789063,-80.91145000,-92.70852000,-75.63696000,-89.23931000
3.83850098,-74.35384000,-113.31920000,-73.04307000,-79.22050000
3.83911133,-75.05323000,-92.04253000,-71.99452000,-74.47375000
3.83972168,-76.78748000,-89.54025000,-85.06471000,-73.66033000
3.84033203,-78.34177000,-92.32030000,-86.98243000,-81.26957000
3.84094238,-85.53746000,-94.09829000,-76.85060000,-78.85017000
3.84155273,-88.92239000,-91.12958000,-73.69380000,-72.58337000
3.84216309,-79.91424000,-91.07550000,-69.58865000,-72.26080000
3.84277344,-79.16875000,-98.36436000,-68.45464000,-71.86390000
3.84338379,-85.24158000,-91.77977000,-70.07885000,-75.28458000
3.84399414,-96.83205000,-84.78503000,-71.92343000,-73.38429000
3.84460449,-85.00047000,-86.01985000,-87.89491000,-83.73611000
3.84521484,-82.74850000,-100.67380000,-70.80192000,-77.63902000
3.84582520,-81.51699000,-91.12092000,-68.43390000,-73.98553000
3.84643555,-82.43767000,-89.63569000,-68.87335000,-77.97076000
3.84704590,-82.16017000,-94.50212000,-69.24070000,-90.24924000
3.84765625,-76.94409000,-96.02027000,-72.98081000,-83.50101000
3.84826660,-71.48820000,-103.66020000,-73.91103000,-76.86340000
3.84887695,-68.52094000,-91.78329000,-73.27974000,-70.81262000
3.84948730,-64.19769000,-83.93111000,-72.45963000,-70.27641000
3.85009766,-65.26382000,-85.51704000,-72.18157000,-72.86297000
3.85070801,-71.57729000,-89.85397000,-72.18216000,-72.25867000
3.85131836,-78.00636000,-93.78951000,-74.46539000,-70.45299000
3.85192871,-74.56596000,-99.65475000,-72.72043000,-69.77097000
3.85253906,-76.90849000,-94.17879000,-67.40517000,-70.09387000
3.85314941,-78.07657000,-89.15279000,-66.23531000,-74.93110000
3.85375977,-74.29523000,-87.90336000,-75.11121000,-81.41161000
3.85437012,-74.55452000,-89.77538000,-75.49454000,-82.29699000
3.85498047,-77.51338000,-89.05442000,-73.26707000,-77.89718000
3.85559082,-89.59110000,-89.59978000,-76.92275000,-80.80614000
3.85620117,-90.54332000,-99.83661000,-72.13927000,-82.56602000
3.85681152,-83.66623000,-90.69027000,-75.52985000,-82.88010000
3.85742188,-88.95120000,-84.59872000,-71.47128000,-81.73776000
3.85803223,-75.03711000,-85.02072000,-73.48524000,-84.03136000
3.85864258,-72.26949000,-91.59300000,-71.41724000,-96.86450000
3.85925293,-72.59135000,-87.43438000,-66.78198000,-76.82379000
3.85986328,-74.72842000,-88.06198000,-70.86417000,-70.69504000
3.86047363,-75.86360000,-89.97123000,-75.15495000,-73.72975000
3.86108398,-76.07150000,-88.96667000,-78.01249000,-79.00758000
3.86169434,-80.94284000,-90.52058000,-80.92160000,-89.40726000
3.86230469,-80.81089000,-94.28844000,-70.30584000,-77.47163000
3.86291504,-79.05028000,-95.91942000,-67.83627000,-73.94084000
3.86352539,-84.29673000,-99.06525000,-73.47535000,-75.12180000
3.86413574,-86.93557000,-104.81270000,-84.49570000,-73.88750000
3.86474609,-79.36934000,-95.78560000,-72.76338000,-72.27993000
3.86535645,-74.19585000,-87.81220000,-68.06709000,-76.88666000
3.86596680,-72.48771000,-85.11018000,-66.39039000,-85.12772000
3.86657715,-79.91907000,-88.00165000,-67.71639000,-77.79378000
3.86718750,-78.38841000,-93.02979000,-70.06055000,-81.54268000
3.86779785,-78.56451000,-100.07330000,-74.21858000,-78.37148000
3.86840820,-76.95883000,-95.41216000,-82.24113000,-78.36898000
3.86901855,-84.32102000,-90.44595000,-72.45007000,-86.75673000
3.86962891,-90.07674000,-92.17621000,-74.25111000,-84.44382000
3.87023926,-85.58490000,-94.41330000,-81.35123000,-74.59856000
3.87084961,-78.03372000,-111.30810000,-78.40721000,-79.15449000
3.87145996,-77.58963000,-100.92470000,-71.95826000,-94.18979000
3.87207031,-78.84199000,-96.16647000,-79.15319000,-84.09084000
3.87268066,-99.41154000,-92.62588000,-69.50177000,-72.11423000
3.87329102,-62.85569000,-85.44476000,-66.79501000,-68.39223000
3.87390137,-54.60017000,-76.12477000,-68.05473000,-64.43680000
3.87451172,-55.67894000,-76.04162000,-69.77370000,-64.66608000
3.87512207,-65.50516000,-85.15581000,-72.54240000,-68.84648000
3.87573242,-80.60715000,-102.73010000,-86.83826000,-74.30359000
3.87634277,-77.41632000,-94.46333000,-74.12651000,-85.63580000
3.87695313,-74.59755000,-93.32076000,-73.23540000,-72.09103000
3.87756348,-77.94143000,-95.97970000,-75.70093000,-67.90984000
3.87817383,-76.80110000,-99.21828000,-70.51579000,-70.01449000
3.87878418,-71.88481000,-95.88028000,-68.56602000,-77.33943000
3.87939453,-71.59373000,-98.85303000,-70.75338000,-74.49256000
3.88000488,-73.13466000,-98.38632000,-73.62069000,-71.37433000
3.88061523,-75.55349000,-95.82906000,-75.31291000,-68.89192000
3.88122559,-75.55068000,-93.74825000,-69.59956000,-75.50637000
3.88183594,-77.60822000,-93.80652000,-67.43549000,-85.95692000
3.88244629,-82.62453000,-92.31071000,-67.23878000,-77.48162000
3.88305664,-82.06213000,-100.64040000,-69.39828000,-74.01241000
3.88366699,-80.56962000,-94.06973000,-71.75496000,-78.76037000
3.88427734,-81.23022000,-93.22066000,-68.62996000,-81.69791000
3.88488770,-79.85459000,-98.29342000,-66.76604000,-83.74490000
3.88549805,-78.00624000,-102.95440000,-69.17079000,-81.72034000
3.88610840,-71.12193000,-94.88319000,-69.16729000,-85.56916000
3.88671875,-70.99570000,-98.58276000,-68.99392000,-76.13124000
3.88732910,-76.31955000,-100.04320000,-77.19594000,-81.09082000
3.88793945,-81.47820000,-104.01520000,-75.91540000,-85.55614000
3.88854980,-77.50911000,-105.94790000,-71.39558000,-78.28368000
3.88916016,-76.51474000,-93.69498000,-67.82368000,-70.26594000
3.88977051,-77.25485000,-94.65591000,-68.18068000,-68.56731000
3.89038086,-73.99403000,-100.41210000,-68.06258000,-69.94059000
3.89099121,-75.30759000,-97.18726000,-70.56398000,-73.96955000
3.89160156,-78.18382000,-98.02725000,-74.72213000,-89.90987000
3.89221191,-76.94219000,-101.84250000,-78.40192000,-78.89151000
3.89282227,-78.75436000,-96.52744000,-74.94366000,-73.58497000
3.89343262,-122.21130000,-92.96505000,-79.07803000,-71.58281000
3.89404297,-80.93092000,-93.36106000,-68.53167000,-73.13141000
3.89465332,-81.10966000,-104.00080000,-68.37110000,-72.90460000
3.89526367,-81.22568000,-100.22190000,-73.86470000,-72.65890000
3.89587402,-77.23262000,-102.88270000,-69.50143000,-80.18427000
3.89648438,-81.02080000,-94.44182000,-68.51040000,-80.06340000
3.89709473,-91.69330000,-95.87840000,-70.76091000,-77.81963000
3.89770508,-81.98540000,-92.32803000,-75.86784000,-80.54123000
3.89831543,-86.52286000,-95.80821000,-79.13589000,-73.13498000
3.89892578,-61.73056000,-81.42025000,-77.19283000,-67.91660000
3.89953613,-56.64582000,-75.83263000,-67.35022000,-68.83651000
3.90014648,-60.58733000,-81.12355000,-66.76408000,-71.89384000
3.90075684,-70.31562000,-99.76506000,-70.39092000,-68.40766000
3.90136719,-74.67709000,-92.64227000,-70.40250000,-67.63811000
3.90197754,-83.79078000,-90.57463000,-68.62849000,-67.95556000
3.90258789,-73.65816000,-87.31161000,-75.75493000,-68.72156000
3.90319824,-73.06777000,-88.33078000,-72.83493000,-72.09319000
3.90380859,-83.01891000,-94.25880000,-75.04245000,-78.37872000
3.90441895,-79.85591000,-99.52203000,-72.33536000,-82.58942000
3.90502930,-79.66055000,-90.75746000,-74.54506000,-94.81828000
3.90563965,-87.60883000,-94.25401000,-77.21877000,-78.18643000
3.90625000,-94.43007000,-101.96050000,-75.61692000,-84.24547000
3.90686035,-83.90839000,-91.80054000,-86.32038000,-77.10854000
3.90747070,-74.60019000,-86.93449000,-76.08677000,-73.97227000
3.90808105,-73.44318000,-84.94385000,-73.64462000,-74.22011000
3.90869141,-79.03896000,-90.19479000,-66.72937000,-73.94509000
3.90930176,-78.43572000,-92.00538000,-64.72293000,-73.52573000
3.90991211,-73.57220000,-92.79465000,-69.58980000,-74.34720000
3.91052246,-74.99007000,-92.54586000,-71.11198000,-82.06322000
3.91113281,-79.23581000,-93.77595000,-68.00301000,-74.38060000
3.91174316,-87.15205000,-90.02707000,-72.65019000,-77.07661000
3.91235352,-93.10459000,-90.13627000,-79.58062000,-73.94199000
3.91296387,-88.19408000,-88.28839000,-71.90408000,-70.01463000
3.91357422,-78.39780000,-84.39835000,-71.45953000,-73.04168000
3.91418457,-76.97337000,-85.17654000,-78.02879000,-76.81054000
3.91479492,-81.42365000,-91.84167000,-69.31111000,-73.13814000
3.91540527,-78.10962000,-98.66394000,-67.90572000,-70.88976000
3.91601563,-77.49588000,-90.14828000,-75.21815000,-75.25766000
3.91662598,-82.02655000,-88.40665000,-89.73748000,-74.44329000
3.91723633,-79.45325000,-92.54922000,-80.87802000,-67.60565000
3.91784668,-80.91949000,-101.86620000,-68.57987000,-67.28960000
3.91845703,-79.33860000,-95.79430000,-66.10390000,-69.40775000
3.91906738,-82.73015000,-87.16615000,-66.24147000,-68.90574000
3.91967773,-82.52280000,-85.77946000,-68.96106000,-69.00138000
3.92028809,-79.35706000,-88.02745000,-75.61116000,-74.53410000
3.92089844,-88.38775000,-86.46214000,-73.92211000,-82.33339000
3.92150879,-80.54842000,-92.32777000,-73.27272000,-80.92641000
3.92211914,-75.12653000,-87.80424000,-77.26051000,-74.44711000
3.92272949,-76.24383000,-96.53794000,-73.77071000,-75.57010000
3.92333984,-84.28911000,-104.53740000,-67.93707000,-80.86516000
3.92395020,-85.90150000,-107.04880000,-70.92823000,-77.36976000
3.92456055,-79.61842000,-89.77409000,-73.20440000,-75.10854000
3.92517090,-80.43708000,-85.58684000,-75.75408000,-71.35282000
3.92578125,-89.53056000,-88.90202000,-77.71443000,-71.57930000
3.92639160,-90.69798000,-103.38920000,-73.76360000,-73.08938000
3.92700195,-78.54459000,-101.15640000,-68.68290000,-74.51405000
3.92761230,-73.19444000,-94.11175000,-67.72353000,-78.65366000
3.92822266,-76.08585000,-93.36310000,-67.36251000,-71.51421000
3.92883301,-80.67124000,-99.26559000,-73.95900000,-78.58779000
3.92944336,-78.96290000,-95.54974000,-98.56836000,-74.53318000
3.93005371,-77.86507000,-89.34330000,-77.40250000,-74.28441000
3.93066406,-77.08302000,-89.29386000,-72.01437000,-74.59019000
3.93127441,-77.20718000,-94.42677000,-67.60520000,-73.62237000
3.93188477,-78.02580000,-102.58230000,-64.82639000,-68.61967000
3.93249512,-76.26682000,-95.13530000,-65.36056000,-70.13589000
3.93310547,-74.00548000,-88.25616000,-67.99792000,-74.22081000
3.93371582,-71.60999000,-80.13428000,-69.95372000,-72.92847000
3.93432617,-70.08591000,-79.49509000,-65.43625000,-73.48248000
3.93493652,-72.17696000,-85.57243000,-68.45616000,-75.91444000
3.93554688,-67.08272000,-97.64098000,-69.73921000,-83.67965000
3.93615723,-65.29494000,-89.53555000,-67.11524000,-76.23557000
3.93676758,-72.58550000,-89.69307000,-77.73412000,-74.21034000
3.93737793,-75.07646000,-88.95942000,-72.90262000,-68.32887000
3.93798828,-72.49456000,-89.84483000,-66.88773000,-74.71683000
3.93859863,-71.02563000,-99.29943000,-68.17606000,-77.68159000
3.93920898,-70.16875000,-92.81697000,-69.62363000,-73.21591000
3.93981934,-72.60567000,-90.49057000,-65.60243000,-76.22752000
3.94042969,-79.80939000,-98.56844000,-63.46471000,-80.27382000
3.94104004,-82.75272000,-94.18179000,-66.21072000,-75.68999000
3.94165039,-92.32301000,-93.12949000,-68.27447000,-75.38536000
3.94226074,-80.69591000,-103.38650000,-65.47120000,-82.13947000
3.94287109,-77.05431000,-91.41608000,-66.13564000,-71.18085000
3.94348145,-80.37487000,-89.31145000,-69.97718000,-72.79250000
3.94409180,-83.31926000,-99.36034000,-74.74313000,-78.58485000
3.94470215,-76.10646000,-87.40668000,-74.54946000,-72.56731000
3.94531250,-78.55399000,-87.57160000,-71.41013000,-70.50319000
3.94592285,-80.08041000,-91.00162000,-71.45104000,-71.98586000
3.94653320,-78.08247000,-95.11674000,-71.25426000,-82.24818000
3.94714355,-78.93600000,-89.24203000,-68.11932000,-76.83890000
3.94775391,-72.72315000,-91.95982000,-65.22540000,-73.61289000
3.94836426,-65.86433000,-90.21422000,-67.80190000,-71.04250000
3.94897461,-59.73858000,-79.03396000,-73.28241000,-67.27850000
3.94958496,-58.10511000,-76.12958000,-75.22828000,-69.11762000
3.95019531,-63.00258000,-79.39300000,-68.70693000,-79.87916000
3.95080566,-72.96001000,-86.63992000,-72.55519000,-73.41483000
3.95141602,-74.94415000,-89.79620000,-80.68753000,-73.75548000
3.95202637,-76.22585000,-90.68879000,-83.57799000,-95.29510000
3.95263672,-75.81697000,-95.36976000,-74.27289000,-78.08323000
3.95324707,-76.43680000,-100.64780000,-76.24953000,-73.18861000
3.95385742,-78.86348000,-102.57440000,-88.82721000,-71.73508000
3.95446777,-78.92450000,-94.92706000,-84.37267000,-76.97542000
3.95507813,-84.70844000,-95.19418000,-71.89666000,-73.24017000
3.95568848,-88.30750000,-92.58350000,-79.34515000,-70.83292000
3.95629883,-86.02329000,-93.75499000,-68.67980000,-66.90647000
3.95690918,-84.58130000,-104.64610000,-71.00034000,-70.67853000
3.95751953,-76.08353000,-100.99860000,-80.85178000,-95.86831000
3.95812988,-74.65536000,-90.44469000,-73.95184000,-80.83640000
3.95874023,-77.55949000,-87.35737000,-75.91115000,-78.06554000
3.95935059,-84.71848000,-89.00679000,-74.37451000,-73.27000000
3.95996094,-79.92882000,-93.03569000,-72.57564000,-71.25032000
3.96057129,-84.62792000,-93.82430000,-75.82265000,-71.41973000
3.96118164,-73.91798000,-93.76900000,-70.10673000,-70.46713000
3.96179199,-72.93721000,-96.21594000,-69.38597000,-78.49280000
3.96240234,-78.67933000,-100.91410000,-75.05875000,-73.68272000
3.96301270,-79.47331000,-93.31879000,-77.13412000,-75.21298000
3.96362305,-76.80144000,-94.01361000,-67.84505000,-73.56663000
3.96423340,-90.77638000,-94.32169000,-67.97379000,-72.28099000
3.96484375,-88.43391000,-87.69859000,-67.55937000,-72.67558000
3.96545410,-74.86887000,-90.00756000,-69.47519000,-71.57807000
3.96606445,-68.78097000,-89.10343000,-71.99149000,-74.62966000
3.96667480,-73.13531000,-88.45832000,-75.17903000,-80.94558000
3.96728516,-74.29198000,-88.40252000,-78.36837000,-85.18468000
3.96789551,-72.48082000,-87.25346000,-79.21258000,-82.59222000
3.96850586,-74.17388000,-93.81241000,-76.97507000,-78.88848000
3.96911621,-79.32604000,-100.34660000,-71.18983000,-79.98769000
3.96972656,-88.40460000,-102.48740000,-68.24593000,-78.38995000
3.97033691,-89.56145000,-93.18734000,-67.75226000,-72.85886000
3.97094727,-79.74632000,-87.44333000,-71.19824000,-74.29561000
3.97155762,-75.11667000,-89.39946000,-70.86898000,-72.41114000
3.97216797,-80.41332000,-88.54776000,-65.51271000,-69.31544000
3.97277832,-83.81012000,-90.30136000,-68.99696000,-70.44477000
3.97338867,-74.61714000,-97.09930000,-73.28507000,-73.52578000
3.97399902,-65.40956000,-89.53903000,-67.96525000,-74.50626000
3.97460938,-66.94129000,-90.65156000,-68.72459000,-71.02036000
3.97521973,-74.14020000,-111.85670000,-72.19527000,-69.17893000
3.97583008,-77.42766000,-95.13211000,-78.45048000,-69.59641000
3.97644043,-73.58850000,-89.55853000,-83.32591000,-71.74761000
3.97705078,-72.69921000,-87.93435000,-96.20053000,-77.38480000
3.97766113,-78.25145000,-87.71625000,-75.29744000,-71.77424000
3.97827148,-83.82195000,-88.21262000,-71.24036000,-75.40976000
3.97888184,-74.45383000,-89.60475000,-71.34315000,-80.42366000
3.97949219,-72.34198000,-93.67383000,-76.77297000,-76.67942000
3.98010254,-72.93855000,-102.26620000,-71.82061000,-71.72289000
3.98071289,-74.20661000,-99.16521000,-72.11865000,-71.89790000
3.98132324,-73.47197000,-96.53062000,-69.26860000,-75.40315000
3.98193359,-73.22288000,-88.78239000,-68.03827000,-77.37101000
3.98254395,-74.79131000,-88.67642000,-67.98574000,-84.94068000
3.98315430,-77.40971000,-90.81161000,-69.40537000,-101.38330000
3.98376465,-78.81452000,-91.88290000,-69.23813000,-80.96841000
3.98437500,-77.38850000,-97.53438000,-68.72788000,-74.72988000
3.98498535,-77.82874000,-103.66120000,-68.27557000,-71.16975000
3.98559570,-71.42638000,-91.97773000,-65.99062000,-72.05081000
3.98620605,-66.25534000,-87.68993000,-68.38866000,-80.33952000
3.98681641,-67.95579000,-90.41933000,-67.92743000,-87.70274000
3.98742676,-77.28040000,-93.67260000,-68.79573000,-82.77337000
3.98803711,-88.97661000,-90.22495000,-73.52116000,-80.07539000
3.98864746,-84.75426000,-91.76175000,-67.69238000,-78.12778000
3.98925781,-75.23160000,-89.10862000,-68.13068000,-76.67181000
3.98986816,-80.00408000,-90.02104000,-70.26447000,-81.62235000
3.99047852,-87.18588000,-102.22660000,-66.28656000,-88.81032000
3.99108887,-84.08990000,-89.46973000,-64.75150000,-78.57370000
3.99169922,-80.03157000,-88.81699000,-65.76097000,-70.94501000
3.99230957,-81.80049000,-95.22348000,-66.75360000,-70.27645000
3.99291992,-86.59114000,-89.44566000,-70.25179000,-74.88579000
3.99353027,-75.53113000,-80.39082000,-72.77757000,-89.27266000
3.99414063,-72.30290000,-80.84341000,-69.33475000,-78.19068000
3.99475098,-74.32639000,-88.82954000,-73.71481000,-97.21643000
3.99536133,-92.40517000,-95.37883000,-77.58586000,-73.92738000
3.99597168,-80.73116000,-95.18632000,-74.11353000,-70.87968000
3.99658203,-80.07980000,-93.95171000,-71.68914000,-71.37396000
3.99719238,-78.68159000,-96.81393000,-71.86628000,-71.90399000
3.99780273,-72.08520000,-89.80438000,-73.67671000,-80.53372000
3.99841309,-63.13024000,-79.91176000,-75.56258000,-71.32568000
3.99902344,-61.48184000,-80.37926000,-70.50985000,-69.84340000
3.99963379,-60.15260000,-81.93710000,-68.63689000,-75.18747000
4.00024414,-63.24052000,-83.36555000,-68.89001000,-73.71278000
4.00085449,-78.51360000,-88.81393000,-69.83516000,-72.39917000
4.00146484,-74.06666000,-93.64587000,-70.21021000,-73.54148000
4.00207520,-72.43640000,-91.45489000,-87.48793000,-83.60465000
4.00268555,-71.49767000,-96.99253000,-74.42403000,-82.30597000
4.00329590,-73.75566000,-88.68081000,-69.33853000,-76.21458000
4.00390625,-83.80115000,-88.17925000,-66.78037000,-75.62776000
4.00451660,-72.58955000,-88.39923000,-70.45552000,-72.87661000
4.00512695,-73.58765000,-91.15059000,-84.78465000,-74.76466000
4.00573730,-78.93694000,-98.07898000,-71.97227000,-79.74754000
4.00634766,-81.12212000,-100.85390000,-72.98605000,-77.37783000
4.00695801,-82.76028000,-91.17265000,-90.31705000,-72.03132000
4.00756836,-87.56480000,-88.58578000,-69.65051000,-71.97750000
4.00817871,-77.31135000,-91.24593000,-67.71610000,-75.75291000
4.00878906,-74.44156000,-94.70898000,-72.68282000,-97.34126000
4.00939941,-76.99374000,-91.00275000,-69.29902000,-76.15813000
4.01000977,-89.55156000,-89.25141000,-71.01389000,-72.06901000
4.01062012,-84.88232000,-91.94591000,-75.92590000,-71.98790000
4.01123047,-83.99846000,-95.09835000,-71.65776000,-82.66316000
4.01184082,-80.20531000,-100.09720000,-73.14928000,-83.31676000
4.01245117,-75.35629000,-103.36640000,-73.20090000,-76.73786000
4.01306152,-72.05954000,-93.94485000,-68.17235000,-73.25354000
4.01367188,-70.42271000,-93.57640000,-71.22789000,-74.35416000
4.01428223,-74.45042000,-110.78430000,-66.14148000,-82.38326000
4.01489258,-86.35718000,-100.30250000,-66.84346000,-74.70342000
4.01550293,-82.62089000,-104.30010000,-77.71259000,-69.40800000
4.01611328,-74.35237000,-108.31310000,-69.29512000,-70.78082000
4.01672363,-72.16237000,-97.59231000,-68.55193000,-76.15201000
4.01733398,-81.01840000,-110.99410000,-67.21046000,-80.60403000
4.01794434,-83.15111000,-97.29572000,-63.29545000,-71.15237000
4.01855469,-78.16062000,-96.31361000,-64.37282000,-70.20661000
4.01916504,-76.79164000,-94.68132000,-67.85832000,-69.83497000
4.01977539,-81.48091000,-91.65338000,-68.38784000,-69.33890000
4.02038574,-84.77585000,-82.81265000,-65.05156000,-75.07146000
4.02099609,-83.23189000,-82.49787000,-65.84144000,-73.60113000
4.02160645,-100.02650000,-95.97927000,-73.80412000,-74.16804000
4.02221680,-84.28596000,-89.23234000,-74.01285000,-73.18123000
4.02282715,-81.64127000,-97.30689000,-73.37741000,-70.64919000
4.02343750,-79.13457000,-100.65370000,-68.16763000,-82.40917000
4.02404785,-69.77014000,-104.41630000,-66.05800000,-72.71785000
4.02465820,-70.49211000,-90.38628000,-69.91454000,-72.68397000
4.02526855,-75.28708000,-88.30486000,-73.28940000,-75.90755000
4.02587891,-82.04445000,-95.44246000,-67.71877000,-80.71199000
4.02648926,-78.92165000,-95.50296000,-67.72933000,-85.32226000
4.02709961,-79.13251000,-91.66547000,-70.19557000,-84.11836000
4.02770996,-91.26355000,-93.01572000,-72.30692000,-82.18688000
4.02832031,-82.92525000,-100.54620000,-87.60376000,-88.86732000
4.02893066,-87.12579000,-110.34300000,-72.61094000,-81.14577000
4.02954102,-82.06829000,-92.25287000,-70.14363000,-79.45825000
4.03015137,-78.87835000,-90.41418000,-69.13210000,-77.08433000
4.03076172,-79.09679000,-96.13137000,-68.03494000,-74.74104000
4.03137207,-78.86050000,-96.96173000,-69.17037000,-77.36993000
4.03198242,-85.20746000,-92.98026000,-71.43967000,-74.30005000
4.03259277,-91.21148000,-95.09431000,-72.48658000,-75.94762000
4.03320313,-81.53371000,-92.71310000,-100.18720000,-78.28889000
4.03381348,-75.65957000,-88.00632000,-73.90421000,-77.06212000
4.03442383,-76.99803000,-93.00580000,-72.18684000,-70.89690000
4.03503418,-81.26593000,-104.77480000,-77.56278000,-67.94578000
4.03564453,-85.81997000,-98.06776000,-78.99397000,-73.03159000
4.03625488,-77.02634000,-91.48436000,-72.86310000,-73.27090000
4.03686523,-78.22882000,-90.24020000,-68.41508000,-70.26981000
4.03747559,-82.29095000,-92.69113000,-66.34145000,-73.98229000
4.03808594,-81.51074000,-96.59270000,-67.09648000,-83.91045000
4.03869629,-88.07487000,-95.98080000,-69.36266000,-73.29558000
4.03930664,-82.10374000,-95.67461000,-70.80168000,-70.85384000
4.03991699,-86.23860000,-91.36863000,-65.95588000,-74.55733000
4.04052734,-82.85858000,-86.65518000,-62.42546000,-78.91619000
4.04113770,-91.36034000,-87.01860000,-65.20982000,-71.34780000
4.04174805,-78.52739000,-90.35084000,-73.81499000,-70.99760000
4.04235840,-80.64230000,-90.82551000,-72.24763000,-75.54415000
4.04296875,-88.44269000,-97.98309000,-84.65970000,-76.53104000
4.04357910,-75.63677000,-94.14217000,-70.85044000,-80.09347000
4.04418945,-72.33643000,-92.09891000,-68.94194000,-78.09474000
4.04479980,-77.99995000,-101.28320000,-76.92679000,-76.11507000
4.04541016,-85.98380000,-98.36502000,-71.17677000,-73.90257000
4.04602051,-79.86368000,-97.28931000,-66.79998000,-74.16453000
4.04663086,-79.12795000,-97.76678000,-70.60422000,-74.98237000
4.04724121,-79.44653000,-95.09177000,-72.77605000,-81.42395000
4.04785156,-79.89902000,-94.25579000,-71.00894000,-87.86384000
4.04846191,-63.05109000,-95.23637000,-74.28825000,-80.45651000
4.04907227,-55.76911000,-83.21581000,-73.62405000,-80.10559000
4.04968262,-55.25466000,-78.80629000,-71.39166000,-83.61490000
4.05029297,-61.72720000,-84.27624000,-73.68697000,-80.19692000
4.05090332,-73.80999000,-102.18090000,-76.01943000,-76.43723000
4.05151367,-78.55478000,-94.45528000,-71.91857000,-76.48321000
4.05212402,-75.91855000,-96.50997000,-72.64117000,-73.49199000
4.05273438,-73.31882000,-93.40310000,-74.03390000,-76.26687000
4.05334473,-75.56757000,-78.19971000,-77.70021000,-75.27296000
4.05395508,-80.87109000,-75.27876000,-84.52628000,-72.01030000
4.05456543,-77.16294000,-80.45372000,-78.03543000,-76.40961000
4.05517578,-76.07623000,-96.92494000,-83.44038000,-92.46120000
4.05578613,-85.75792000,-92.07893000,-74.45676000,-88.69711000
4.05639648,-81.29707000,-90.78001000,-70.02972000,-76.19521000
4.05700684,-83.44817000,-95.31113000,-65.74223000,-77.25814000
4.05761719,-81.78128000,-91.76949000,-64.71840000,-82.20898000
4.05822754,-77.04691000,-88.65866000,-70.96515000,-72.64655000
4.05883789,-73.95871000,-90.36735000,-77.83382000,-75.09091000
4.05944824,-70.84232000,-93.45280000,-75.61120000,-75.88057000
4.06005859,-72.68916000,-98.58483000,-76.55433000,-71.77392000
4.06066895,-75.79312000,-103.67280000,-78.83712000,-71.00516000
4.06127930,-70.58778000,-102.73860000,-84.06374000,-71.49603000
4.06188965,-72.53679000,-97.75123000,-69.64630000,-72.41279000
4.06250000,-78.45304000,-96.18666000,-67.39628000,-71.61571000
4.06311035,-75.14007000,-89.79697000,-71.30920000,-76.22005000
4.06372070,-85.00408000,-87.35668000,-83.26191000,-76.43505000
4.06433105,-84.18689000,-90.81360000,-72.24852000,-78.20398000
4.06494141,-77.64611000,-98.75169000,-72.72169000,-82.27031000
4.06555176,-75.58083000,-102.35380000,-72.25936000,-81.39191000
4.06616211,-76.02511000,-90.00284000,-69.22829000,-72.78858000
4.06677246,-83.07684000,-86.88295000,-71.51881000,-72.90314000
4.06738281,-77.65520000,-89.69764000,-67.89331000,-79.79949000
4.06799316,-76.19794000,-89.54960000,-66.95811000,-69.58339000
4.06860352,-81.94727000,-91.54561000,-69.83112000,-66.76543000
4.06921387,-87.16075000,-95.06622000,-73.96523000,-67.04548000
4.06982422,-85.33659000,-96.58041000,-74.15738000,-70.52425000
4.07043457,-78.42159000,-103.59940000,-72.37122000,-71.46181000
4.07104492,-78.60856000,-97.32861000,-69.71023000,-80.52082000
4.07165527,-80.13027000,-92.43198000,-70.82617000,-76.12135000
4.07226563,-78.06219000,-100.25600000,-75.99512000,-73.07866000
4.07287598,-75.03428000,-99.10849000,-77.51405000,-73.93234000
4.07348633,-69.06646000,-94.07756000,-74.78978000,-73.25272000
4.07409668,-66.76544000,-84.95826000,-73.29565000,-72.19635000
4.07470703,-73.99400000,-84.53055000,-67.12975000,-75.19233000
4.07531738,-93.68600000,-87.77423000,-64.00212000,-82.67088000
4.07592773,-77.68588000,-91.60031000,-64.19966000,-71.52914000
4.07653809,-74.67749000,-94.79056000,-71.43068000,-65.49805000
4.07714844,-76.23664000,-94.65763000,-71.94405000,-67.27624000
4.07775879,-76.57351000,-89.24788000,-68.43513000,-78.18684000
4.07836914,-79.84270000,-92.81510000,-97.47162000,-68.70230000
4.07897949,-78.12678000,-100.77890000,-67.97535000,-68.13522000
4.07958984,-71.33417000,-100.17720000,-67.63785000,-68.52205000
4.08020020,-73.05753000,-100.38610000,-70.18552000,-70.18832000
4.08081055,-83.38718000,-101.28300000,-72.26035000,-74.02711000
4.08142090,-75.61806000,-95.16312000,-77.72862000,-77.02553000
4.08203125,-75.15833000,-92.01576000,-75.74397000,-74.46494000
4.08264160,-75.62785000,-95.30325000,-78.08920000,-72.58372000
4.08325195,-74.50336000,-95.67146000,-78.10604000,-75.43460000
4.08386230,-73.28596000,-91.34448000,-79.89269000,-79.25256000
4.08447266,-76.25708000,-94.92394000,-71.43109000,-83.54485000
4.08508301,-84.63997000,-100.02960000,-68.91034000,-81.72261000
4.08569336,-89.03987000,-98.18729000,-73.07583000,-88.13315000
4.08630371,-91.75834000,-95.23134000,-72.64386000,-78.83454000
4.08691406,-79.60835000,-94.79272000,-69.72086000,-91.24726000
4.08752441,-75.12920000,-105.36910000,-67.99096000,-83.72215000
4.08813477,-73.76987000,-93.30708000,-70.13885000,-72.96815000
4.08874512,-70.84586000,-93.35419000,-82.14751000,-73.41156000
4.08935547,-72.24670000,-95.79987000,-83.57498000,-74.05278000
4.08996582,-83.69338000,-90.07532000,-75.81628000,-72.22021000
4.09057617,-78.06989000,-87.06219000,-72.36572000,-74.68523000
4.09118652,-78.07340000,-87.60310000,-71.10764000,-83.08201000
4.09179688,-80.47646000,-91.36322000,-68.93024000,-72.76566000
4.09240723,-79.41344000,-97.34092000,-74.01268000,-69.53407000
4.09301758,-73.88937000,-93.02081000,-83.92196000,-68.30219000
4.09362793,-73.73522000,-88.96221000,-74.25012000,-68.04234000
4.09423828,-80.20721000,-87.52297000,-69.87822000,-69.82421000
4.09484863,-75.45818000,-90.16770000,-75.62272000,-71.20187000
4.09545898,-76.36359000,-92.17410000,-71.36778000,-72.32415000
4.09606934,-74.37883000,-90.87437000,-71.08672000,-73.59081000
4.09667969,-80.84427000,-90.24002000,-71.40934000,-73.95999000
4.09729004,-78.36436000,-91.93367000,-71.94025000,-76.00442000
4.09790039,-74.63767000,-89.60960000,-76.79834000,-74.75165000
4.09851074,-74.63386000,-93.92883000,-81.55846000,-73.98676000
4.09912109,-56.52226000,-75.56816000,-67.00137000,-65.95010000
4.09973145,-51.73898000,-71.28826000,-63.53148000,-61.52285000
4.10034180,-57.15305000,-76.11301000,-65.19789000,-65.73006000
4.10095215,-74.42396000,-88.74283000,-65.35296000,-82.50691000
4.10156250,-75.66626000,-91.96706000,-66.80745000,-107.02200000
4.10217285,-78.85557000,-94.71917000,-80.84179000,-77.60692000
4.10278320,-99.54826000,-97.53831000,-76.17601000,-73.40800000
4.10339355,-81.08039000,-95.22499000,-85.82581000,-69.08006000
4.10400391,-77.26305000,-95.62270000,-69.56448000,-68.34857000
4.10461426,-74.17049000,-98.75490000,-66.87811000,-68.93136000
4.10522461,-80.02415000,-95.63546000,-66.85482000,-77.27808000
4.10583496,-96.81557000,-89.85619000,-69.81613000,-82.77851000
4.10644531,-79.58129000,-89.95842000,-75.27728000,-74.01536000
4.10705566,-76.08248000,-95.26325000,-82.17908000,-70.46086000
4.10766602,-77.53388000,-90.48659000,-73.67973000,-70.00113000
4.10827637,-78.08462000,-89.81665000,-70.42518000,-67.75033000
4.10888672,-78.47305000,-91.08765000,-73.47123000,-65.65408000
4.10949707,-79.38686000,-90.33218000,-72.64059000,-66.45778000
4.11010742,-83.08460000,-92.61269000,-71.70388000,-68.91371000
4.11071777,-85.76862000,-97.28665000,-69.28848000,-72.07230000
4.11132813,-85.13200000,-91.24252000,-74.53776000,-79.00290000
4.11193848,-89.03011000,-90.36576000,-70.20522000,-75.79837000
4.11254883,-81.38169000,-85.30713000,-68.50691000,-68.21928000
4.11315918,-60.97109000,-73.62010000,-66.35054000,-69.59769000
4.11376953,-55.57648000,-69.15855000,-67.06447000,-77.96281000
4.11437988,-59.31818000,-73.85220000,-75.14735000,-81.90479000
4.11499023,-71.82756000,-91.34472000,-88.95222000,-78.06508000
4.11560059,-84.35747000,-96.03473000,-93.49809000,-78.46902000
4.11621094,-80.77941000,-90.91252000,-94.60004000,-72.09555000
4.11682129,-72.64171000,-89.90433000,-75.50777000,-73.24789000
4.11743164,-73.42014000,-88.22659000,-68.87511000,-75.94827000
4.11804199,-78.70062000,-86.97540000,-67.32540000,-74.35593000
4.11865234,-78.90483000,-92.10185000,-67.45081000,-72.91670000
4.11926270,-78.80209000,-89.87003000,-74.18561000,-73.23756000
4.11987305,-78.31899000,-91.54697000,-74.14247000,-72.87435000
4.12048340,-83.07552000,-91.88719000,-70.34859000,-73.84110000
4.12109375,-91.81626000,-89.51622000,-84.50433000,-73.30650000
4.12170410,-84.00719000,-94.58511000,-80.78034000,-73.88443000
4.12231445,-89.22756000,-98.15956000,-90.35039000,-82.13464000
4.12292480,-78.53860000,-88.46755000,-82.52631000,-74.52953000
4.12353516,-75.80671000,-84.49379000,-71.74035000,-67.73563000
4.12414551,-75.31760000,-86.04500000,-69.38923000,-71.16598000
4.12475586,-86.38195000,-97.50165000,-69.26589000,-81.48835000
4.12536621,-93.68834000,-96.18930000,-69.28513000,-80.35417000
4.12597656,-76.86457000,-98.44781000,-68.36919000,-77.06083000
4.12658691,-74.43386000,-100.23900000,-68.20486000,-77.71836000
4.12719727,-78.68518000,-91.18011000,-72.60102000,-85.44638000
4.12780762,-78.70593000,-86.47472000,-80.95677000,-78.09075000
4.12841797,-75.96381000,-90.16928000,-75.16374000,-80.86549000
4.12902832,-79.62439000,-95.67422000,-77.09425000,-98.15331000
4.12963867,-79.82345000,-89.28149000,-88.73928000,-75.54311000
4.13024902,-70.56749000,-91.31141000,-71.74191000,-73.68302000
4.13085938,-70.06954000,-98.08257000,-70.15557000,-80.36632000
4.13146973,-76.24370000,-94.23804000,-73.64015000,-79.06793000
4.13208008,-88.60049000,-87.44221000,-77.13136000,-84.40646000
4.13269043,-85.26376000,-85.01308000,-79.51115000,-80.60217000
4.13330078,-80.52536000,-87.22045000,-75.54398000,-72.04825000
4.13391113,-76.74491000,-93.97484000,-72.19689000,-73.45361000
4.13452148,-76.19107000,-95.51339000,-68.49489000,-83.97205000
4.13513184,-73.86235000,-94.37992000,-75.74590000,-78.20113000
4.13574219,-74.74811000,-97.46202000,-79.16286000,-77.02974000
4.13635254,-81.80229000,-93.65302000,-75.23507000,-81.42284000
4.13696289,-82.17385000,-91.66136000,-70.70873000,-76.79533000
4.13757324,-76.52660000,-96.27254000,-72.24665000,-69.49548000
4.13818359,-73.87402000,-101.32810000,-73.46648000,-69.15634000
4.13879395,-72.61439000,-94.78403000,-69.53815000,-79.67200000
4.13940430,-73.81561000,-93.58329000,-70.49335000,-80.99724000
4.14001465,-78.71432000,-90.82978000,-70.18466000,-80.97092000
4.14062500,-81.81525000,-89.96494000,-69.43651000,-75.70428000
4.14123535,-78.82844000,-91.11495000,-69.12636000,-72.89189000
4.14184570,-76.48907000,-90.71980000,-73.15023000,-70.21819000
4.14245605,-74.92103000,-91.99180000,-74.17116000,-71.18787000
4.14306641,-73.75956000,-84.63715000,-69.08188000,-76.94373000
4.14367676,-73.12215000,-79.67451000,-65.86647000,-90.39005000
4.14428711,-77.59352000,-84.93980000,-71.22942000,-77.70839000
4.14489746,-81.03996000,-98.69992000,-75.79968000,-71.96685000
4.14550781,-72.03076000,-92.76836000,-89.81040000,-77.13484000
4.14611816,-73.20862000,-95.65157000,-70.39595000,-74.14561000
4.14672852,-83.22839000,-97.15229000,-68.40417000,-69.69370000
4.14733887,-81.31951000,-103.06060000,-68.40342000,-69.30513000
4.14794922,-79.44901000,-96.25888000,-69.39234000,-74.53046000
4.14855957,-69.68730000,-99.55300000,-71.55848000,-76.90102000
4.14916992,-61.95187000,-83.80181000,-72.88441000,-76.32468000
4.14978027,-61.05128000,-80.13803000,-69.04446000,-68.12898000
4.15039063,-69.98986000,-84.67088000,-72.66957000,-72.66589000
4.15100098,-75.00238000,-88.82983000,-74.17722000,-78.36714000
4.15161133,-74.60838000,-88.67061000,-81.69592000,-75.20805000
4.15222168,-72.52818000,-92.24033000,-70.20882000,-71.78727000
4.15283203,-71.12439000,-105.86360000,-74.43856000,-82.33469000
4.15344238,-75.28776000,-95.56854000,-76.35485000,-79.24666000
4.15405273,-74.45370000,-92.76951000,-75.11194000,-74.75331000
4.15466309,-66.30331000,-93.55118000,-74.49812000,-77.40620000
4.15527344,-68.37486000,-92.66042000,-70.10320000,-75.64215000
4.15588379,-70.53338000,-94.28871000,-69.83422000,-68.86417000
4.15649414,-64.78027000,-95.15434000,-71.79111000,-70.77248000
4.15710449,-66.45232000,-90.49305000,-75.54604000,-81.82498000
4.15771484,-73.01593000,-87.28514000,-77.57616000,-74.87697000
4.15832520,-70.81740000,-85.70866000,-70.32580000,-69.70647000
4.15893555,-69.01955000,-90.13108000,-75.05280000,-71.01534000
4.15954590,-68.00105000,-90.68108000,-73.22502000,-78.34279000
4.16015625,-67.21921000,-86.50481000,-69.74846000,-73.78755000
4.16076660,-70.49780000,-90.61413000,-68.25603000,-69.18394000
4.16137695,-62.76764000,-96.95074000,-66.69553000,-68.73505000
4.16198730,-60.25694000,-97.08957000,-65.98400000,-72.61892000
4.16259766,-65.53361000,-98.90351000,-66.54150000,-77.14238000
4.16320801,-80.00682000,-100.35710000,-68.23396000,-73.95985000
4.16381836,-73.39400000,-109.14710000,-78.92722000,-79.68169000
4.16442871,-75.05119000,-94.02261000,-80.25952000,-82.32689000
4.16503906,-70.70924000,-91.59898000,-71.67832000,-83.84281000
4.16564941,-63.25175000,-83.36896000,-64.81077000,-74.81039000
4.16625977,-63.33843000,-80.57675000,-65.51619000,-73.69773000
4.16687012,-72.53163000,-86.54269000,-73.57585000,-70.09498000
4.16748047,-79.04319000,-111.28900000,-77.45586000,-69.92283000
4.16809082,-78.41249000,-92.47486000,-72.02129000,-76.46738000
4.16870117,-81.59167000,-91.82694000,-76.57877000,-80.90477000
4.16931152,-77.71119000,-96.05803000,-78.05560000,-73.55334000
4.16992188,-79.55772000,-92.90613000,-80.51285000,-72.09725000
4.17053223,-96.41735000,-94.87601000,-72.42152000,-77.45399000
4.17114258,-87.83196000,-94.13525000,-70.27100000,-83.18424000
4.17175293,-77.86574000,-94.17178000,-82.07127000,-84.81594000
4.17236328,-76.92599000,-97.02179000,-77.28280000,-78.94088000
4.17297363,-79.70858000,-90.68401000,-83.56081000,-80.61054000
4.17358398,-64.48180000,-80.37080000,-67.98235000,-74.48549000
4.17419434,-59.56703000,-78.35214000,-66.76078000,-66.36375000
4.17480469,-63.23414000,-83.83447000,-72.29630000,-65.75194000
4.17541504,-79.18871000,-103.67290000,-75.22306000,-68.74041000
4.17602539,-80.81943000,-93.35270000,-71.42188000,-70.61433000
4.17663574,-75.34505000,-90.77086000,-72.64482000,-71.61718000
4.17724609,-77.48122000,-89.57632000,-69.62157000,-69.55223000
4.17785645,-77.55578000,-86.91508000,-66.59621000,-66.52255000
4.17846680,-67.95777000,-86.90103000,-73.87696000,-65.24911000
4.17907715,-64.97665000,-83.45543000,-75.12988000,-68.54031000
4.17968750,-66.54494000,-83.05827000,-74.70030000,-73.32712000
4.18029785,-68.10878000,-86.53755000,-74.45827000,-78.02026000
4.18090820,-76.16651000,-94.80621000,-66.48375000,-77.96271000
4.18151855,-80.12741000,-100.86810000,-68.95775000,-77.56166000
4.18212891,-79.99730000,-103.57270000,-80.36846000,-92.59425000
4.18273926,-81.71593000,-103.17060000,-77.17481000,-84.08073000
4.18334961,-78.85802000,-94.56842000,-69.41558000,-81.56395000
4.18395996,-78.29682000,-91.14068000,-64.13983000,-71.98734000
4.18457031,-81.19689000,-92.29485000,-64.79527000,-72.17027000
4.18518066,-74.15862000,-94.80318000,-76.09905000,-79.84490000
4.18579102,-65.05073000,-89.10182000,-73.38930000,-74.78517000
4.18640137,-62.76631000,-85.62871000,-69.40758000,-68.53235000
4.18701172,-67.07594000,-90.33440000,-69.71128000,-68.69191000
4.18762207,-78.17429000,-92.37500000,-74.17446000,-72.61939000
4.18823242,-78.30193000,-95.68320000,-73.45267000,-81.58025000
4.18884277,-71.94456000,-89.46532000,-71.11470000,-74.81398000
4.18945313,-69.32852000,-84.86153000,-72.14650000,-72.06013000
4.19006348,-72.62085000,-88.10417000,-87.66515000,-71.27556000
4.19067383,-76.53510000,-91.63071000,-73.07040000,-72.80963000
4.19128418,-74.04764000,-96.51879000,-71.13924000,-79.60068000
4.19189453,-75.98527000,-93.19467000,-70.08422000,-79.10926000
4.19250488,-80.43813000,-87.77683000,-66.25462000,-76.69478000
4.19311523,-83.43528000,-95.59689000,-67.61700000,-68.77569000
4.19372559,-74.72900000,-92.66036000,-76.89456000,-65.97841000
4.19433594,-71.84658000,-93.85696000,-77.09122000,-67.90409000
4.19494629,-77.27945000,-98.60640000,-71.88316000,-74.80140000
4.19555664,-75.75520000,-103.58100000,-75.98146000,-78.73369000
4.19616699,-85.63547000,-94.62470000,-83.37019000,-69.85665000
4.19677734,-74.84546000,-89.95309000,-76.27160000,-68.82250000
4.19738770,-76.70987000,-89.53909000,-71.24953000,-73.92139000
4.19799805,-81.16679000,-90.42770000,-75.55788000,-78.83192000
4.19860840,-70.32850000,-84.90039000,-76.53169000,-83.75404000
4.19921875,-57.98378000,-78.44111000,-66.17503000,-76.58934000
4.19982910,-56.64795000,-77.06911000,-64.06266000,-75.00268000
4.20043945,-65.31089000,-83.60126000,-68.49069000,-79.06586000
4.20104980,-79.24702000,-108.45330000,-73.87393000,-78.12979000
4.20166016,-71.62775000,-99.70661000,-69.45242000,-81.89447000
4.20227051,-74.35470000,-103.56090000,-66.66596000,-70.79404000
4.20288086,-82.66499000,-92.96785000,-65.58729000,-68.61270000
4.20349121,-82.95206000,-80.13405000,-66.24542000,-71.46146000
4.20410156,-80.22689000,-79.48842000,-71.89658000,-71.50739000
4.20471191,-76.79941000,-86.59373000,-75.39666000,-73.72111000
4.20532227,-73.41998000,-90.67020000,-76.53261000,-82.03831000
4.20593262,-75.15564000,-89.41840000,-86.53638000,-79.36533000
4.20654297,-80.80267000,-94.33675000,-82.39993000,-78.24303000
4.20715332,-82.28260000,-102.33170000,-80.45890000,-72.07848000
4.20776367,-75.64256000,-95.57786000,-85.08002000,-69.67041000
4.20837402,-73.34934000,-88.60458000,-90.21664000,-69.95985000
4.20898438,-75.95538000,-86.54350000,-77.03666000,-74.32504000
4.20959473,-83.79574000,-92.85725000,-70.95451000,-72.46014000
4.21020508,-85.12368000,-90.54185000,-68.98234000,-75.26343000
4.21081543,-88.78684000,-87.57316000,-69.48364000,-74.66155000
4.21142578,-83.00552000,-90.99145000,-73.31030000,-71.03825000
4.21203613,-76.18573000,-102.92790000,-72.97205000,-72.70165000
4.21264648,-77.73868000,-96.51920000,-74.08025000,-75.31339000
4.21325684,-89.97714000,-93.03720000,-72.25415000,-73.24014000
4.21386719,-77.20062000,-86.37587000,-67.91058000,-79.10132000
4.21447754,-80.48215000,-86.34540000,-64.76778000,-81.72189000
4.21508789,-88.61902000,-88.62181000,-66.81405000,-77.03576000
4.21569824,-79.76717000,-94.96747000,-86.59386000,-70.64667000
4.21630859,-76.51270000,-91.71113000,-68.17561000,-77.22688000
4.21691895,-78.69263000,-87.34969000,-67.27079000,-77.87556000
4.21752930,-81.97119000,-88.80676000,-69.36085000,-82.70177000
4.21813965,-77.73744000,-92.37601000,-70.81116000,-83.16608000
4.21875000,-74.81362000,-98.39896000,-70.15401000,-93.50365000
4.21936035,-76.80694000,-96.22392000,-68.69630000,-86.72386000
4.21997070,-84.40629000,-93.04391000,-70.74477000,-73.50191000
4.22058105,-82.77946000,-110.35780000,-80.09995000,-70.74021000
4.22119141,-84.58125000,-93.10326000,-77.70391000,-74.45829000
4.22180176,-93.64516000,-90.16757000,-78.33438000,-81.63731000
4.22241211,-83.17436000,-93.93428000,-82.21059000,-75.51889000
4.22302246,-81.66747000,-101.81710000,-76.18135000,-72.65347000
4.22363281,-88.53929000,-107.74650000,-80.26100000,-71.83934000
4.22424316,-88.66835000,-97.73774000,-80.91180000,-72.82433000
4.22485352,-80.21000000,-95.73083000,-79.51827000,-78.37927000
4.22546387,-73.40128000,-98.38825000,-72.07215000,-75.65697000
4.22607422,-73.15171000,-104.49770000,-66.50307000,-71.64973000
4.22668457,-84.57214000,-93.48936000,-64.36814000,-71.47215000
4.22729492,-77.43898000,-89.83849000,-68.48930000,-77.68607000
4.22790527,-76.38043000,-94.88849000,-67.21498000,-83.87045000
4.22851563,-82.70302000,-115.09220000,-69.70793000,-78.21731000
4.22912598,-85.00772000,-94.34204000,-71.57843000,-70.66997000
4.22973633,-74.47820000,-86.72952000,-75.65818000,-69.45069000
4.23034668,-74.93127000,-94.31290000,-80.33810000,-71.85741000
4.23095703,-80.04903000,-91.98803000,-68.90309000,-72.76712000
4.23156738,-79.11584000,-101.15440000,-64.33049000,-75.33723000
4.23217773,-80.45757000,-95.89754000,-66.83620000,-74.70332000
4.23278809,-93.22499000,-90.37251000,-72.10329000,-75.60724000
4.23339844,-76.29391000,-89.34409000,-72.32487000,-87.21126000
4.23400879,-73.56126000,-84.77982000,-72.49686000,-71.37357000
4.23461914,-75.30157000,-85.31731000,-71.38854000,-68.60241000
4.23522949,-79.30366000,-90.61405000,-73.34762000,-70.48973000
4.23583984,-82.75081000,-92.67398000,-75.11862000,-76.89795000
4.23645020,-75.64902000,-91.58217000,-72.85284000,-81.20079000
4.23706055,-71.55943000,-94.74090000,-72.59502000,-74.13419000
4.23767090,-70.99622000,-94.93144000,-84.74658000,-83.32768000
4.23828125,-73.57510000,-92.34442000,-74.30632000,-76.38159000
4.23889160,-75.94727000,-93.69804000,-67.78603000,-71.79061000
4.23950195,-76.57741000,-90.31693000,-66.54698000,-74.70744000
4.24011230,-75.59300000,-88.88031000,-68.15550000,-79.41756000
4.24072266,-77.16662000,-91.55589000,-69.84593000,-79.54980000
4.24133301,-97.10046000,-97.15778000,-74.86401000,-76.58777000
4.24194336,-82.83124000,-113.40190000,-86.93213000,-73.15323000
4.24255371,-83.97930000,-94.55360000,-82.33698000,-77.98758000
4.24316406,-81.55511000,-88.61409000,-79.69917000,-77.96777000
4.24377441,-83.68305000,-88.84634000,-72.33850000,-70.21082000
4.24438477,-76.49726000,-89.46193000,-75.82803000,-67.36469000
4.24499512,-76.11587000,-86.44708000,-78.73690000,-67.86378000
4.24560547,-77.41641000,-83.94469000,-70.55956000,-73.77835000
4.24621582,-77.32516000,-85.10519000,-69.46410000,-79.53557000
4.24682617,-77.92265000,-86.61057000,-75.11711000,-70.17200000
4.24743652,-80.41106000,-92.21643000,-73.60236000,-64.65944000
4.24804688,-86.86182000,-109.39220000,-71.37296000,-68.86803000
4.24865723,-59.82172000,-79.89291000,-75.60797000,-74.85520000
4.24926758,-48.26291000,-68.28757000,-63.18405000,-62.08424000
4.24987793,-46.75634000,-66.77034000,-59.05720000,-60.48189000
4.25048828,-54.37931000,-74.57250000,-62.25296000,-67.06915000
4.25109863,-73.05856000,-96.59657000,-64.16539000,-74.45149000
4.25170898,-76.47431000,-109.84430000,-65.30357000,-91.73225000
4.25231934,-80.95058000,-95.89827000,-66.49846000,-73.51323000
4.25292969,-81.59160000,-89.14838000,-64.48581000,-71.94274000
4.25354004,-85.59915000,-93.62875000,-68.59314000,-75.97885000
4.25415039,-89.92931000,-95.63567000,-69.86537000,-80.13816000
4.25476074,-89.04117000,-98.04976000,-67.83687000,-79.33372000
4.25537109,-85.73101000,-92.82845000,-76.96349000,-82.22299000
4.25598145,-83.80997000,-97.21329000,-80.38039000,-84.23346000
4.25659180,-85.79694000,-92.53331000,-77.06980000,-74.51097000
4.25720215,-78.87148000,-91.94126000,-72.27822000,-69.41553000
4.25781250,-74.89558000,-91.42731000,-71.29832000,-68.31839000
4.25842285,-76.30387000,-91.19122000,-73.72191000,-72.14763000
4.25903320,-81.35303000,-104.18780000,-73.60555000,-76.04916000
4.25964355,-85.01846000,-102.57280000,-66.95057000,-74.47128000
4.26025391,-75.12941000,-98.01166000,-64.92210000,-73.84190000
4.26086426,-74.72891000,-90.00320000,-69.64261000,-74.16240000
4.26147461,-78.78610000,-91.06700000,-77.38960000,-68.21567000
4.26208496,-77.69014000,-94.43191000,-78.81623000,-65.42992000
4.26269531,-83.04566000,-96.44206000,-76.64768000,-69.06720000
4.26330566,-78.10579000,-81.29016000,-74.81948000,-79.42200000
4.26391602,-74.71062000,-78.94976000,-79.36920000,-73.93978000
4.26452637,-76.90472000,-83.79572000,-72.79239000,-74.09695000
4.26513672,-82.20406000,-89.19494000,-69.87827000,-70.85103000
4.26574707,-70.24106000,-87.93221000,-69.62780000,-72.97672000
4.26635742,-66.66885000,-85.85178000,-67.83328000,-80.00968000
4.26696777,-69.66564000,-88.95316000,-66.25429000,-82.06363000
4.26757813,-72.07433000,-112.73660000,-67.83473000,-82.87720000
4.26818848,-74.64271000,-92.40543000,-72.89239000,-84.07870000
4.26879883,-75.50378000,-93.53237000,-73.73670000,-87.97321000
4.26940918,-74.42373000,-94.52112000,-76.90588000,-73.05080000
4.27001953,-74.51270000,-94.35154000,-70.66695000,-69.86527000
4.27062988,-78.55505000,-92.87349000,-69.70116000,-73.95250000
4.27124023,-81.79280000,-93.46062000,-65.05162000,-72.37990000
4.27185059,-88.98326000,-94.27399000,-67.16937000,-71.42873000
4.27246094,-86.82365000,-85.06821000,-74.13419000,-74.32981000
4.27307129,-90.40420000,-87.12749000,-71.52956000,-76.82398000
4.27368164,-77.12924000,-96.86578000,-70.76546000,-81.20960000
4.27429199,-71.99818000,-92.74848000,-69.11506000,-80.40237000
4.27490234,-73.83655000,-103.08490000,-71.23803000,-76.25892000
4.27551270,-74.54879000,-104.85390000,-71.37547000,-75.12000000
4.27612305,-78.28178000,-109.05270000,-69.94852000,-77.38264000
4.27673340,-92.81096000,-103.13190000,-70.72873000,-76.93955000
4.27734375,-78.52182000,-104.25180000,-68.74902000,-73.30173000
4.27795410,-77.01959000,-95.50175000,-71.01212000,-76.21301000
4.27856445,-76.07516000,-91.01620000,-70.22346000,-76.02191000
4.27917480,-76.05088000,-87.41861000,-69.59854000,-82.44398000
4.27978516,-70.10766000,-90.06354000,-75.27042000,-81.96217000
4.28039551,-70.84293000,-102.97970000,-74.57915000,-85.61187000
4.28100586,-80.40849000,-92.99096000,-69.27356000,-85.06639000
4.28161621,-82.61835000,-103.05340000,-69.55844000,-77.35503000
4.28222656,-83.42586000,-94.46616000,-69.99806000,-77.26273000
4.28283691,-75.61878000,-89.51969000,-71.54664000,-77.79200000
4.28344727,-78.44691000,-92.06235000,-74.17096000,-71.29744000
4.28405762,-76.74410000,-107.25180000,-67.67228000,-66.65333000
4.28466797,-72.91772000,-90.56261000,-70.18616000,-69.82694000
4.28527832,-73.89317000,-89.39519000,-73.62909000,-87.09473000
4.28588867,-70.43024000,-96.65067000,-68.78709000,-75.14933000
4.28649902,-71.86073000,-104.91260000,-67.60670000,-72.93739000
4.28710938,-80.52214000,-100.78920000,-74.22711000,-76.84931000
4.28771973,-76.57237000,-87.79269000,-77.47050000,-76.32287000
4.28833008,-68.49614000,-83.40092000,-76.25174000,-72.23708000
4.28894043,-67.69545000,-83.48465000,-76.99401000,-71.00432000
4.28955078,-69.32002000,-84.88136000,-73.52409000,-75.28762000
4.29016113,-71.68073000,-83.77103000,-75.10198000,-76.32521000
4.29077148,-70.72420000,-83.47047000,-76.42722000,-77.14538000
4.29138184,-65.33415000,-87.10107000,-78.15930000,-76.74641000
4.29199219,-62.68140000,-86.17815000,-81.18317000,-76.91350000
4.29260254,-67.19529000,-88.96701000,-69.84015000,-76.17021000
4.29321289,-88.06550000,-83.67032000,-70.30592000,-75.46851000
4.29382324,-76.45850000,-76.25652000,-69.13431000,-74.97531000
4.29443359,-74.99139000,-78.45422000,-72.24622000,-79.35546000
4.29504395,-78.23103000,-88.58346000,-87.87827000,-90.04379000
4.29565430,-77.81805000,-98.47845000,-71.33426000,-89.95674000
4.29626465,-77.30162000,-101.48990000,-68.51478000,-76.30536000
4.29687500,-70.24805000,-96.85085000,-77.57872000,-74.26324000
4.29748535,-68.76463000,-92.74239000,-74.01316000,-80.55511000
4.29809570,-74.89392000,-88.92706000,-70.55385000,-77.26408000
4.29870605,-69.81973000,-86.06300000,-68.25504000,-76.17242000
4.29931641,-63.69912000,-84.08363000,-71.16909000,-75.43591000
4.29992676,-64.80490000,-81.59225000,-75.17039000,-67.74818000
4.30053711,-78.86108000,-91.55712000,-72.59406000,-71.83175000
4.30114746,-73.96148000,-90.69225000,-76.82813000,-83.23167000
4.30175781,-78.50359000,-90.04887000,-77.85570000,-80.22831000
4.30236816,-74.99060000,-89.40987000,-73.28468000,-78.20554000
4.30297852,-72.94917000,-90.70869000,-70.70365000,-82.31558000
4.30358887,-69.51310000,-92.26586000,-73.89819000,-72.05632000
4.30419922,-71.01003000,-92.66236000,-75.18645000,-75.47127000
4.30480957,-74.61928000,-100.23090000,-73.45166000,-85.37818000
4.30541992,-75.51692000,-100.85010000,-75.96600000,-71.90925000
4.30603027,-75.89969000,-96.52237000,-75.24217000,-70.81912000
4.30664063,-81.79130000,-86.77766000,-63.32419000,-71.43724000
4.30725098,-87.22332000,-85.38628000,-62.10617000,-70.50219000
4.30786133,-79.67899000,-91.19684000,-67.39855000,-75.18472000
4.30847168,-77.95039000,-111.27980000,-80.56693000,-79.15982000
4.30908203,-76.69678000,-92.90460000,-82.54820000,-83.13951000
4.30969238,-78.11996000,-88.12108000,-74.76150000,-83.82021000
4.31030273,-76.86705000,-94.86327000,-70.32022000,-77.92912000
4.31091309,-77.53049000,-97.45255000,-71.53018000,-78.03310000
4.31152344,-79.36852000,-88.98017000,-73.47676000,-76.07741000
4.31213379,-94.70119000,-88.89601000,-69.32382000,-72.63136000
4.31274414,-81.43832000,-91.33976000,-67.18031000,-71.82260000
4.31335449,-77.25529000,-90.29305000,-63.66042000,-76.13588000
4.31396484,-71.62559000,-90.60423000,-64.36688000,-83.88330000
4.31457520,-72.90487000,-95.67334000,-67.81849000,-82.32535000
4.31518555,-77.27338000,-100.00180000,-71.49097000,-79.97639000
4.31579590,-82.44946000,-96.44375000,-76.13322000,-71.01773000
4.31640625,-98.73031000,-92.23908000,-71.07217000,-71.74545000
4.31701660,-82.08504000,-91.29053000,-78.36736000,-73.04149000
4.31762695,-79.25933000,-93.72077000,-77.48018000,-69.10433000
4.31823730,-83.22528000,-106.18730000,-71.54666000,-66.91618000
4.31884766,-81.21719000,-91.16799000,-73.73183000,-67.25671000
4.31945801,-85.44049000,-88.19429000,-71.66640000,-72.83924000
4.32006836,-74.88017000,-90.64076000,-68.36557000,-86.38139000
4.32067871,-73.79895000,-96.30843000,-67.71954000,-79.94836000
4.32128906,-73.82010000,-93.15307000,-72.90958000,-70.92336000
4.32189941,-74.36684000,-91.15610000,-67.94000000,-72.87473000
4.32250977,-75.45714000,-90.68656000,-68.97551000,-80.74825000
4.32312012,-75.29108000,-84.79079000,-74.65079000,-76.87202000
4.32373047,-79.50972000,-80.02904000,-72.63346000,-76.99229000
4.32434082,-81.33964000,-82.41174000,-73.24959000,-78.59335000
4.32495117,-79.85236000,-93.65538000,-76.94716000,-72.00243000
4.32556152,-82.23378000,-101.95510000,-86.15657000,-73.20678000
4.32617188,-90.89987000,-94.14523000,-74.01283000,-83.23512000
4.32678223,-83.33595000,-94.92195000,-76.99585000,-88.45837000
4.32739258,-80.01076000,-95.11197000,-87.87231000,-78.75238000
4.32800293,-83.02084000,-89.57637000,-76.04423000,-70.86302000
4.32861328,-82.63708000,-86.84438000,-68.40051000,-70.01271000
4.32922363,-78.40627000,-88.55987000,-68.20995000,-83.38840000
4.32983398,-81.65585000,-97.35847000,-72.05474000,-72.01199000
4.33044434,-83.81195000,-95.67076000,-65.05447000,-70.58020000
4.33105469,-78.81867000,-95.58601000,-61.72179000,-75.81122000
4.33166504,-77.57107000,-92.92688000,-62.59055000,-82.47975000
4.33227539,-79.13030000,-102.23010000,-67.82613000,-78.67797000
4.33288574,-84.27415000,-97.22040000,-75.12576000,-78.20586000
4.33349609,-79.60303000,-98.26038000,-74.05322000,-75.90114000
4.33410645,-76.05382000,-92.98441000,-71.00804000,-73.27176000
4.33471680,-76.87118000,-92.51174000,-72.33249000,-73.51894000
4.33532715,-80.02715000,-97.25303000,-76.83995000,-73.05833000
4.33593750,-78.76131000,-106.55120000,-85.40575000,-71.46060000
4.33654785,-81.95739000,-94.75106000,-76.13689000,-72.69723000
4.33715820,-75.28114000,-90.76855000,-78.78918000,-74.23891000
4.33776855,-80.04680000,-90.02197000,-78.60889000,-74.99259000
4.33837891,-76.69139000,-95.88142000,-70.29416000,-75.46884000
4.33898926,-72.28625000,-99.36835000,-71.01920000,-77.34158000
4.33959961,-73.26805000,-91.70849000,-78.07805000,-71.43493000
4.34020996,-73.88732000,-90.28960000,-74.12709000,-72.19620000
4.34082031,-72.41367000,-94.81807000,-73.24380000,-74.66554000
4.34143066,-70.90779000,-95.41711000,-87.92474000,-73.33522000
4.34204102,-72.97649000,-89.55702000,-84.17368000,-71.34297000
4.34265137,-76.68018000,-98.80473000,-79.32938000,-75.45546000
4.34326172,-77.13593000,-105.69010000,-69.77531000,-85.36337000
4.34387207,-77.53296000,-99.58968000,-75.14833000,-76.35760000
4.34448242,-83.77461000,-92.60105000,-79.30457000,-76.63838000
4.34509277,-83.57782000,-93.43133000,-78.85333000,-82.34028000
4.34570313,-78.41302000,-95.32490000,-71.04341000,-81.82886000
4.34631348,-94.79665000,-99.36677000,-74.25588000,-79.46568000
4.34692383,-80.46673000,-97.47391000,-69.83989000,-75.57365000
4.34753418,-78.00034000,-93.79730000,-65.55875000,-79.88894000
4.34814453,-72.04338000,-94.88174000,-69.70191000,-86.84562000
4.34875488,-63.69623000,-88.52462000,-66.57870000,-78.72626000
4.34936523,-56.33055000,-76.61912000,-61.80950000,-69.70443000
4.34997559,-56.42561000,-76.36279000,-65.65379000,-67.44196000
4.35058594,-65.81989000,-86.99727000,-80.51369000,-72.58782000
4.35119629,-79.54557000,-91.35754000,-81.07449000,-84.78204000
4.35180664,-71.92165000,-86.56772000,-75.51778000,-88.70598000
4.35241699,-69.36189000,-92.04121000,-70.55244000,-77.52348000
4.35302734,-72.41985000,-80.57411000,-66.18629000,-70.26856000
4.35363770,-85.27193000,-71.07397000,-66.82004000,-65.05337000
4.35424805,-86.19964000,-71.19445000,-69.18151000,-65.21190000
4.35485840,-82.37519000,-79.83018000,-81.98155000,-71.12327000
4.35546875,-80.92957000,-91.83364000,-74.15173000,-73.83539000
4.35607910,-76.33041000,-100.77400000,-72.59705000,-75.58777000
4.35668945,-75.23256000,-106.21120000,-69.14388000,-95.27357000
4.35729980,-77.60106000,-100.82450000,-69.83555000,-74.91081000
4.35791016,-77.78741000,-90.19250000,-74.49314000,-77.62035000
4.35852051,-82.05432000,-90.80336000,-70.33399000,-78.20092000
4.35913086,-82.34315000,-95.18601000,-70.76787000,-80.58961000
4.35974121,-73.90575000,-95.82312000,-96.65226000,-74.02319000
4.36035156,-75.51448000,-101.20450000,-71.32776000,-68.24281000
4.36096191,-94.93033000,-104.62880000,-71.72202000,-73.72002000
4.36157227,-86.35871000,-100.69720000,-92.29343000,-81.20406000
4.36218262,-80.52379000,-91.89070000,-75.75726000,-86.18135000
4.36279297,-77.94804000,-88.96984000,-79.41770000,-79.01211000
4.36340332,-79.58556000,-90.62171000,-76.37279000,-70.63988000
4.36401367,-74.81036000,-96.04735000,-77.47408000,-69.23019000
4.36462402,-73.21408000,-104.84150000,-69.35216000,-71.39617000
4.36523438,-77.59850000,-102.13310000,-64.80507000,-72.40800000
4.36584473,-78.02872000,-91.55771000,-65.85392000,-72.35957000
4.36645508,-75.47179000,-88.09189000,-72.59760000,-71.16401000
4.36706543,-82.52444000,-90.06786000,-70.99244000,-72.48966000
4.36767578,-81.72288000,-89.35408000,-68.46301000,-76.77988000
4.36828613,-74.37889000,-88.53324000,-72.48540000,-84.81447000
4.36889648,-71.61584000,-90.08360000,-80.39340000,-82.45122000
4.36950684,-71.90885000,-88.06688000,-70.81612000,-81.17670000
4.37011719,-74.63173000,-86.90110000,-70.92078000,-75.40183000
4.37072754,-75.42926000,-88.74977000,-68.23615000,-75.65889000
4.37133789,-86.89477000,-92.41937000,-67.13739000,-82.02157000
4.37194824,-82.13947000,-107.60600000,-68.26854000,-75.39400000
4.37255859,-87.52260000,-90.18596000,-72.50177000,-73.61877000
4.37316895,-90.12451000,-89.69957000,-82.52036000,-83.55107000
4.37377930,-66.06752000,-83.79821000,-86.51875000,-75.70692000
4.37438965,-62.69396000,-79.73687000,-73.87218000,-69.72894000
4.37500000,-69.88246000,-83.84378000,-71.62629000,-68.35117000
4.37561035,-86.27075000,-92.47385000,-74.32918000,-72.82430000
4.37622070,-81.10123000,-96.96288000,-73.56528000,-83.49227000
4.37683105,-74.10859000,-100.29440000,-70.32821000,-75.17754000
4.37744141,-74.07193000,-100.10720000,-66.88783000,-72.44557000
4.37805176,-85.99368000,-96.09425000,-64.58955000,-71.15975000
4.37866211,-81.13598000,-90.08511000,-68.33089000,-75.74935000
4.37927246,-76.90849000,-88.89980000,-73.08453000,-74.02425000
4.37988281,-81.68590000,-87.15701000,-82.38043000,-71.85966000
4.38049316,-81.60862000,-94.08781000,-70.99680000,-72.49281000
4.38110352,-79.08978000,-99.75693000,-69.01017000,-70.30340000
4.38171387,-76.12530000,-93.93488000,-81.29393000,-74.12953000
4.38232422,-86.93596000,-93.04424000,-72.82640000,-80.15858000
4.38293457,-77.80020000,-88.92754000,-95.90636000,-77.19044000
4.38354492,-75.38976000,-81.23587000,-75.56667000,-71.48568000
4.38415527,-75.96900000,-82.89108000,-70.99019000,-78.00250000
4.38476563,-80.98354000,-93.34023000,-72.33529000,-75.16082000
4.38537598,-85.63809000,-102.31650000,-84.99051000,-76.10973000
4.38598633,-79.87588000,-99.79720000,-75.04749000,-77.95716000
4.38659668,-80.48522000,-97.02293000,-73.18179000,-90.67036000
4.38720703,-92.15064000,-111.98690000,-65.57285000,-84.69055000
4.38781738,-89.36214000,-98.98988000,-62.81718000,-98.04068000
4.38842773,-78.76823000,-103.59250000,-62.78031000,-79.58411000
4.38903809,-75.20673000,-100.87050000,-65.02729000,-75.51218000
4.38964844,-75.61197000,-90.64267000,-68.27921000,-71.04465000
4.39025879,-83.76504000,-92.57253000,-69.47473000,-69.04076000
4.39086914,-80.87137000,-108.07740000,-73.00513000,-69.36555000
4.39147949,-72.61449000,-93.22648000,-78.73888000,-71.21409000
4.39208984,-69.04505000,-88.53404000,-82.60520000,-73.89867000
4.39270020,-68.78914000,-89.95976000,-76.21735000,-77.56346000
4.39331055,-71.07182000,-103.69980000,-75.09866000,-75.14066000
4.39392090,-80.17821000,-96.43480000,-70.44897000,-73.50153000
4.39453125,-79.86864000,-90.27368000,-68.73338000,-72.34096000
4.39514160,-76.68357000,-90.24635000,-75.38255000,-71.08076000
4.39575195,-77.99584000,-88.39164000,-78.52016000,-70.49420000
4.39636230,-73.12938000,-85.80931000,-72.59251000,-75.14912000
4.39697266,-75.41477000,-86.68094000,-77.89674000,-84.29992000
4.39758301,-87.18021000,-91.27502000,-77.74243000,-76.86639000
4.39819336,-77.16345000,-98.90291000,-73.90886000,-81.97760000
4.39880371,-61.04649000,-81.79871000,-69.45086000,-71.67290000
4.39941406,-52.55632000,-72.25222000,-63.96637000,-63.31958000
4.40002441,-53.01815000,-71.85017000,-64.70015000,-63.11531000
4.40063477,-63.21045000,-80.36206000,-73.96998000,-69.44086000
4.40124512,-89.66959000,-87.08432000,-74.09696000,-77.38649000
4.40185547,-83.78692000,-89.09570000,-78.10572000,-81.87209000
4.40246582,-82.79549000,-98.14454000,-89.99748000,-79.96354000
4.40307617,-96.97575000,-102.93150000,-85.32022000,-73.21029000
4.40368652,-75.96453000,-90.06943000,-74.83362000,-72.39800000
4.40429688,-68.96060000,-81.89253000,-66.28495000,-74.56712000
4.40490723,-67.60679000,-78.21298000,-62.29712000,-74.24273000
4.40551758,-74.16768000,-81.51511000,-66.65395000,-73.16783000
4.40612793,-81.58301000,-93.20752000,-68.32070000,-74.68920000
4.40673828,-73.90319000,-102.73980000,-67.68747000,-75.73683000
4.40734863,-75.10728000,-98.93052000,-71.15739000,-73.60883000
4.40795898,-86.26308000,-94.38191000,-71.27781000,-78.81659000
4.40856934,-77.33203000,-91.74613000,-71.27394000,-80.25039000
4.40917969,-80.14136000,-89.90541000,-78.41270000,-70.57450000
4.40979004,-81.03165000,-95.28479000,-72.89327000,-72.02451000
4.41040039,-74.87919000,-97.15700000,-73.47407000,-71.96280000
4.41101074,-71.99128000,-100.75770000,-80.36979000,-70.20686000
4.41162109,-73.70213000,-94.89767000,-73.41280000,-72.81881000
4.41223145,-82.32520000,-121.83880000,-71.83325000,-71.72029000
4.41284180,-65.92617000,-75.40608000,-72.70309000,-74.90720000
4.41345215,-53.38616000,-64.02055000,-66.64211000,-66.32994000
4.41406250,-51.51931000,-62.44078000,-66.14980000,-65.83527000
4.41467285,-58.76171000,-69.85459000,-73.20014000,-76.36954000
4.41528320,-78.36607000,-89.40517000,-75.67329000,-77.03006000
4.41589355,-90.46375000,-106.03030000,-74.10474000,-70.17499000
4.41650391,-83.08133000,-98.07613000,-75.42175000,-73.69778000
4.41711426,-81.20033000,-90.18269000,-81.06352000,-96.49306000
4.41772461,-90.55864000,-89.12982000,-77.01569000,-81.76571000
4.41833496,-85.12251000,-93.20605000,-71.69657000,-76.03159000
4.41894531,-93.14645000,-98.48175000,-67.58274000,-74.11323000
4.41955566,-79.67269000,-98.43548000,-68.66573000,-70.08890000
4.42016602,-76.98547000,-100.49520000,-73.79373000,-67.67887000
4.42077637,-81.75778000,-101.40480000,-73.28179000,-68.96601000
4.42138672,-82.51451000,-89.84213000,-75.66277000,-72.67236000
4.42199707,-74.37938000,-90.61653000,-73.17567000,-75.54572000
4.42260742,-72.55070000,-91.91377000,-66.08415000,-80.45526000
4.42321777,-73.00543000,-93.41653000,-69.74702000,-87.09515000
4.42382813,-74.04897000,-89.22762000,-70.49043000,-71.14877000
4.42443848,-74.27079000,-89.02435000,-67.39909000,-70.68684000
4.42504883,-71.11576000,-94.87835000,-68.24731000,-78.52876000
4.42565918,-66.64386000,-104.30370000,-76.20380000,-69.89375000
4.42626953,-66.62844000,-90.16789000,-85.68755000,-72.24754000
4.42687988,-69.85530000,-95.15679000,-72.42524000,-72.45776000
4.42749023,-71.75813000,-90.27518000,-67.98654000,-76.07146000
4.42810059,-70.56748000,-88.14175000,-70.99608000,-74.88486000
4.42871094,-71.15340000,-90.99977000,-88.44791000,-67.95473000
4.42932129,-74.44453000,-90.58987000,-72.44292000,-69.03976000
4.42993164,-79.94133000,-86.30611000,-68.84422000,-77.78828000
4.43054199,-76.65099000,-89.33685000,-68.79784000,-85.69147000
4.43115234,-73.71397000,-94.41541000,-65.32098000,-75.40295000
4.43176270,-78.43070000,-90.66211000,-67.19193000,-74.49632000
4.43237305,-78.03760000,-89.82773000,-70.78531000,-71.03603000
4.43298340,-73.82119000,-100.99490000,-66.66960000,-69.30141000
4.43359375,-74.42752000,-96.84918000,-62.90730000,-76.95248000
4.43420410,-76.74396000,-91.00713000,-62.82790000,-76.41810000
4.43481445,-78.84818000,-90.38031000,-66.23499000,-76.42000000
4.43542480,-82.38364000,-91.92174000,-71.74339000,-84.18448000
4.43603516,-80.79391000,-92.41302000,-77.39263000,-78.01339000
4.43664551,-81.58227000,-94.22906000,-70.20951000,-74.53343000
4.43725586,-83.45863000,-110.50390000,-64.27033000,-70.14353000
4.43786621,-82.93202000,-100.35350000,-65.17530000,-69.94849000
4.43847656,-84.03056000,-97.25705000,-73.44963000,-76.97580000
4.43908691,-78.00740000,-102.54650000,-73.89055000,-75.04766000
4.43969727,-72.71751000,-99.96719000,-76.33871000,-73.55129000
4.44030762,-75.51110000,-103.24190000,-75.16982000,-81.81314000
4.44091797,-82.63037000,-94.67697000,-75.05218000,-90.27213000
4.44152832,-79.96692000,-92.85671000,-69.31973000,-82.56527000
4.44213867,-88.18463000,-96.21280000,-68.84139000,-82.81502000
4.44274902,-95.98505000,-89.97508000,-71.37997000,-74.52881000
4.44335938,-82.44198000,-79.19246000,-79.75726000,-73.89989000
4.44396973,-76.86321000,-75.49585000,-76.05733000,-72.13030000
4.44458008,-76.05088000,-79.99988000,-71.80140000,-73.66914000
4.44519043,-78.12554000,-92.12961000,-89.67307000,-76.05324000
4.44580078,-92.93486000,-95.56779000,-73.69846000,-78.58055000
4.44641113,-79.88192000,-93.10744000,-72.11899000,-83.23834000
4.44702148,-81.76851000,-91.44019000,-72.79413000,-76.11790000
4.44763184,-88.90900000,-90.16468000,-83.64717000,-75.55260000
4.44824219,-91.42289000,-91.94206000,-81.18785000,-79.93295000
4.44885254,-74.16624000,-91.89960000,-74.60303000,-80.89623000
4.44946289,-66.05234000,-85.83884000,-68.24896000,-79.16547000
4.45007324,-68.05485000,-85.39123000,-69.14837000,-75.16513000
4.45068359,-101.36330000,-92.20750000,-68.76871000,-73.74995000
4.45129395,-74.52958000,-92.49361000,-76.28192000,-74.43600000
4.45190430,-69.29610000,-96.89227000,-63.98293000,-79.87157000
4.45251465,-64.74500000,-93.99672000,-60.52169000,-71.27109000
4.45312500,-67.76142000,-93.97665000,-66.79559000,-75.48519000
4.45373535,-76.52477000,-96.05729000,-70.19403000,-73.31073000
4.45434570,-80.39232000,-91.11012000,-68.98476000,-68.85036000
4.45495605,-79.51807000,-94.79806000,-65.88879000,-69.81546000
4.45556641,-81.40301000,-98.50025000,-67.87872000,-69.75572000
4.45617676,-84.94977000,-96.26894000,-83.18314000,-69.13720000
4.45678711,-77.71712000,-92.84199000,-68.77998000,-70.46246000
4.45739746,-82.49309000,-92.11163000,-68.83501000,-71.46584000
4.45800781,-91.10454000,-93.81865000,-68.03813000,-68.80871000
4.45861816,-81.34529000,-98.56327000,-73.43809000,-67.08020000
4.45922852,-77.78099000,-99.91604000,-69.00651000,-71.52387000
4.45983887,-79.63089000,-95.48354000,-66.68881000,-76.74688000
4.46044922,-85.42042000,-96.22677000,-67.76809000,-77.42193000
4.46105957,-86.09737000,-102.75670000,-70.59096000,-76.32159000
4.46166992,-90.83372000,-110.45900000,-70.07391000,-80.12870000
4.46228027,-82.25732000,-92.72847000,-70.78554000,-77.82619000
4.46289063,-77.93710000,-89.62915000,-74.61152000,-78.33175000
4.46350098,-79.56722000,-94.03007000,-75.71409000,-76.80098000
4.46411133,-82.47242000,-92.23351000,-77.81493000,-75.36864000
4.46472168,-78.45695000,-91.62041000,-74.29325000,-75.48135000
4.46533203,-77.31791000,-91.69483000,-73.83552000,-71.51276000
4.46594238,-73.11713000,-93.80962000,-73.25904000,-69.56770000
4.46655273,-73.63555000,-92.84699000,-73.92944000,-70.98395000
4.46716309,-80.95918000,-111.47220000,-70.78790000,-76.74698000
4.46777344,-96.39345000,-95.01418000,-67.37917000,-76.50367000
4.46838379,-79.95668000,-99.47049000,-65.61613000,-71.85007000
4.46899414,-78.54005000,-114.48780000,-69.48243000,-72.82863000
4.46960449,-80.75641000,-99.08704000,-78.26471000,-77.34978000
4.47021484,-76.03062000,-90.10566000,-78.85564000,-84.84515000
4.47082520,-73.92943000,-90.82058000,-75.92307000,-74.91155000
4.47143555,-77.64157000,-94.57617000,-86.98737000,-72.68245000
4.47204590,-87.56820000,-94.57428000,-73.58198000,-71.01418000
4.47265625,-79.19676000,-91.75989000,-72.00762000,-70.54557000
4.47326660,-80.39792000,-75.42798000,-73.87821000,-78.89511000
4.47387695,-64.58147000,-72.09697000,-72.36067000,-77.59023000
4.47448730,-63.31204000,-78.69964000,-74.92741000,-77.66185000
4.47509766,-76.19765000,-91.96560000,-75.11433000,-74.71845000
4.47570801,-77.96915000,-95.56766000,-67.16891000,-71.54595000
4.47631836,-84.15246000,-108.14580000,-70.83385000,-75.09929000
4.47692871,-80.50441000,-96.15838000,-79.96767000,-76.45264000
4.47753906,-82.28474000,-93.19781000,-70.29876000,-74.36314000
4.47814941,-85.42636000,-93.77585000,-70.02997000,-74.33602000
4.47875977,-80.00136000,-100.91870000,-71.12771000,-76.14323000
4.47937012,-76.68277000,-97.85054000,-70.99050000,-74.16891000
4.47998047,-76.58677000,-92.52850000,-72.56316000,-70.24310000
4.48059082,-79.70158000,-90.96475000,-78.92017000,-73.36874000
4.48120117,-96.55908000,-95.18868000,-75.91451000,-75.86650000
4.48181152,-78.42783000,-88.79566000,-80.88531000,-71.19750000
4.48242188,-79.95863000,-90.68264000,-83.37928000,-68.54605000
4.48303223,-83.15456000,-104.19770000,-72.71827000,-71.56100000
4.48364258,-76.45830000,-101.87950000,-67.23250000,-75.42514000
4.48425293,-81.47872000,-97.35603000,-67.62518000,-77.95667000
4.48486328,-87.06151000,-93.23972000,-71.36180000,-85.15463000
4.48547363,-84.21295000,-94.17104000,-74.55960000,-72.42075000
4.48608398,-77.23926000,-92.06078000,-77.52334000,-74.60770000
4.48669434,-76.93797000,-92.35775000,-78.12575000,-75.38647000
4.48730469,-78.01152000,-97.43315000,-74.58405000,-79.16846000
4.48791504,-75.62998000,-93.68826000,-72.49394000,-79.29238000
4.48852539,-74.67073000,-92.02209000,-74.60463000,-80.51079000
4.48913574,-76.20367000,-100.13840000,-75.14579000,-75.94864000
4.48974609,-78.59161000,-96.61950000,-77.39503000,-77.87103000
4.49035645,-76.20836000,-93.59696000,-66.43989000,-79.94910000
4.49096680,-73.98921000,-95.11359000,-67.63968000,-77.47588000
4.49157715,-79.52638000,-114.16520000,-73.92569000,-71.45479000
4.49218750,-78.68855000,-95.74080000,-78.39452000,-74.38847000
4.49279785,-84.71379000,-94.54523000,-76.42062000,-78.94141000
4.49340820,-93.09162000,-96.17829000,-79.62800000,-80.27932000
4.49401855,-85.46146000,-90.50346000,-73.10640000,-76.13988000
4.49462891,-84.24466000,-88.67398000,-70.06889000,-80.10959000
4.49523926,-77.74895000,-89.14574000,-71.21457000,-86.46144000
4.49584961,-77.11786000,-88.75121000,-74.31251000,-75.22012000
4.49645996,-78.86064000,-89.72474000,-67.78136000,-71.44214000
4.49707031,-77.03259000,-91.26095000,-70.25946000,-75.71613000
4.49768066,-74.75491000,-93.93642000,-73.95656000,-79.79449000
4.49829102,-79.13757000,-104.23920000,-67.10855000,-79.20283000
4.49890137,-67.01944000,-84.80590000,-67.76064000,-69.63599000
4.49951172,-60.56062000,-77.79073000,-65.62661000,-67.52427000
4.50012207,-63.18880000,-78.79389000,-70.48148000,-70.04246000
4.50073242,-76.63000000,-86.70107000,-74.23309000,-78.75981000
4.50134277,-65.46523000,-97.09626000,-81.56792000,-74.79234000
4.50195313,-65.97126000,-105.00590000,-89.32984000,-73.26711000
4.50256348,-71.45348000,-96.88948000,-75.75418000,-75.41535000
4.50317383,-91.42701000,-80.95876000,-69.10085000,-73.18475000
4.50378418,-77.54161000,-74.76464000,-67.79511000,-73.99396000
4.50439453,-79.26398000,-77.44912000,-65.82462000,-82.72923000
4.50500488,-73.49864000,-92.86078000,-64.37417000,-75.17773000
4.50561523,-70.22655000,-98.62572000,-65.92960000,-71.88661000
4.50622559,-70.60651000,-100.46170000,-66.89507000,-74.19483000
4.50683594,-73.40205000,-95.01664000,-68.92355000,-72.10410000
4.50744629,-75.78968000,-90.63484000,-71.55981000,-71.66402000
4.50805664,-78.94627000,-88.84157000,-72.37291000,-85.36848000
4.50866699,-73.21573000,-88.35283000,-68.42897000,-73.81349000
4.50927734,-71.14717000,-90.87838000,-61.56540000,-73.24886000
4.50988770,-84.24172000,-93.76759000,-62.80083000,-73.85201000
4.51049805,-71.63189000,-92.57592000,-70.88050000,-73.66353000
4.51110840,-69.53040000,-92.48985000,-77.43018000,-80.14011000
4.51171875,-73.17152000,-97.46723000,-75.75923000,-74.41283000
4.51232910,-74.64245000,-102.89840000,-80.54105000,-75.61817000
4.51293945,-78.98605000,-91.12935000,-80.10487000,-87.73511000
4.51354980,-71.67752000,-92.91451000,-71.00450000,-90.55276000
4.51416016,-69.33228000,-104.68790000,-68.23705000,-78.10535000
4.51477051,-75.92941000,-92.76618000,-68.35899000,-68.66519000
4.51538086,-75.87209000,-92.63602000,-69.85600000,-66.73692000
4.51599121,-76.80618000,-104.92170000,-77.10590000,-68.08627000
4.51660156,-73.64188000,-93.11813000,-77.62234000,-68.49133000
4.51721191,-64.32898000,-89.77246000,-95.01957000,-72.93526000
4.51782227,-62.29078000,-92.70817000,-82.33013000,-74.56195000
4.51843262,-66.13789000,-105.45420000,-77.67569000,-71.64379000
4.51904297,-74.40793000,-91.71632000,-80.99278000,-70.05079000
4.51965332,-75.45567000,-92.82760000,-71.28102000,-70.88458000
4.52026367,-80.45475000,-91.02994000,-67.55864000,-68.01186000
4.52087402,-72.60234000,-88.36560000,-68.02751000,-67.72356000
4.52148438,-70.27768000,-89.78225000,-78.57980000,-76.41782000
4.52209473,-74.87692000,-94.76035000,-85.67428000,-74.23029000
4.52270508,-77.54928000,-98.14769000,-74.86771000,-72.98673000
4.52331543,-73.97385000,-96.29182000,-66.41737000,-75.23751000
4.52392578,-68.27251000,-106.37210000,-67.62552000,-74.54681000
4.52453613,-67.80342000,-98.75843000,-71.71263000,-79.59525000
4.52514648,-70.77515000,-103.52980000,-65.58195000,-73.19669000
4.52575684,-73.63003000,-93.19138000,-64.51450000,-77.37872000
4.52636719,-76.60091000,-90.11259000,-67.76756000,-75.42779000
4.52697754,-83.41635000,-91.50803000,-72.68370000,-69.09247000
4.52758789,-87.24754000,-91.05079000,-72.14890000,-68.98523000
4.52819824,-83.67997000,-94.04956000,-72.90383000,-76.42143000
4.52880859,-77.37245000,-97.99820000,-72.29140000,-89.28526000
4.52941895,-74.86337000,-91.56037000,-70.71500000,-91.88027000
4.53002930,-74.28042000,-95.88486000,-70.35062000,-79.01102000
4.53063965,-75.59029000,-88.27462000,-75.35949000,-75.44874000
4.53125000,-78.90437000,-91.55302000,-72.04579000,-78.87872000
4.53186035,-78.80600000,-97.75483000,-71.05859000,-83.17012000
4.53247070,-75.45450000,-104.04980000,-69.13722000,-75.15907000
4.53308105,-74.32890000,-82.66044000,-65.56989000,-71.23015000
4.53369141,-76.55170000,-76.27287000,-66.43403000,-67.73843000
4.53430176,-82.28252000,-79.19154000,-68.33045000,-68.82785000
4.53491211,-93.67757000,-92.95703000,-68.59720000,-71.56966000
4.53552246,-89.78107000,-102.46270000,-71.98342000,-87.05990000
4.53613281,-87.19123000,-95.03188000,-71.48270000,-83.31618000
4.53674316,-83.14666000,-92.84901000,-67.12435000,-90.24608000
4.53735352,-83.18382000,-90.76823000,-66.48916000,-82.69698000
4.53796387,-91.96885000,-93.79903000,-68.92102000,-80.78663000
4.53857422,-88.57762000,-103.66740000,-73.66949000,-79.05032000
4.53918457,-79.70415000,-98.99315000,-73.53398000,-79.98754000
4.53979492,-75.48285000,-91.96761000,-77.68611000,-86.13895000
4.54040527,-74.01458000,-87.37379000,-80.00462000,-79.16522000
4.54101563,-77.54758000,-84.26295000,-77.63754000,-78.37408000
4.54162598,-89.43262000,-84.35263000,-77.71228000,-79.80404000
4.54223633,-82.93546000,-90.37395000,-77.45331000,-77.46003000
4.54284668,-77.36573000,-98.04242000,-76.36626000,-82.69028000
4.54345703,-77.56755000,-100.31140000,-73.80737000,-76.16806000
4.54406738,-79.93309000,-98.70141000,-73.73568000,-78.16471000
4.54467773,-83.13837000,-97.00896000,-76.03529000,-74.73907000
4.54528809,-92.31821000,-92.66847000,-79.94691000,-71.79599000
4.54589844,-79.03910000,-93.90269000,-70.81969000,-71.58772000
4.54650879,-75.96188000,-93.75032000,-70.82918000,-78.85124000
4.54711914,-80.64536000,-94.26366000,-72.36444000,-80.83267000
4.54772949,-89.05338000,-91.32122000,-76.66714000,-92.87352000
4.54833984,-79.45782000,-92.46417000,-72.49194000,-84.99738000
4.54895020,-69.92513000,-87.95243000,-68.90725000,-79.54768000
4.54956055,-62.17377000,-80.87715000,-69.70070000,-72.72749000
4.55017090,-63.42286000,-82.75793000,-77.64612000,-75.86367000
4.55078125,-78.17393000,-101.36230000,-73.79238000,-79.80997000
4.55139160,-73.55787000,-93.48129000,-68.35999000,-76.41776000
4.55200195,-75.76042000,-97.96058000,-72.04755000,-75.02959000
4.55261230,-77.32330000,-102.57520000,-73.76926000,-68.59435000
4.55322266,-85.96799000,-94.47185000,-67.78210000,-67.46336000
4.55383301,-79.91088000,-92.02847000,-66.97147000,-73.00916000
4.55444336,-81.19210000,-94.43265000,-68.58271000,-81.10332000
4.55505371,-87.29900000,-100.42550000,-74.90849000,-83.26691000
4.55566406,-88.16774000,-96.79449000,-75.04750000,-78.13905000
4.55627441,-79.65460000,-96.10110000,-75.70834000,-84.19676000
4.55688477,-77.28900000,-94.85923000,-81.44748000,-74.60045000
4.55749512,-79.27422000,-92.81000000,-74.57384000,-72.94881000
4.55810547,-91.27282000,-92.68426000,-75.58631000,-80.52518000
4.55871582,-78.05098000,-97.91778000,-77.55098000,-69.46862000
4.55932617,-79.27627000,-95.39745000,-79.16245000,-71.37280000
4.55993652,-76.83895000,-98.41270000,-78.61815000,-78.48470000
4.56054688,-77.24318000,-102.23250000,-77.23203000,-76.92633000
4.56115723,-77.25859000,-95.57969000,-72.86414000,-74.47189000
4.56176758,-77.12025000,-95.23258000,-77.71735000,-76.49651000
4.56237793,-78.90137000,-103.94910000,-67.24088000,-77.01233000
4.56298828,-83.01911000,-86.18953000,-65.07343000,-82.08981000
4.56359863,-86.09481000,-76.81432000,-70.25800000,-76.55807000
4.56420898,-74.08307000,-76.56319000,-84.87938000,-85.37109000
4.56481934,-72.34441000,-85.32609000,-65.10606000,-98.04230000
4.56542969,-74.48196000,-100.67820000,-65.80254000,-76.03524000
4.56604004,-73.86643000,-91.47826000,-78.30692000,-70.66420000
4.56665039,-74.28713000,-89.16606000,-77.57030000,-71.62321000
4.56726074,-75.59369000,-89.74621000,-70.16315000,-79.05221000
4.56787109,-83.08229000,-92.19402000,-71.94693000,-75.66911000
4.56848145,-86.03307000,-93.32870000,-76.51608000,-71.17184000
4.56909180,-82.66216000,-93.64828000,-77.64484000,-69.77559000
4.56970215,-89.93251000,-93.64555000,-84.53905000,-70.04037000
4.57031250,-84.17855000,-93.53016000,-81.78692000,-69.52715000
4.57092285,-79.16869000,-92.32822000,-84.15038000,-74.25731000
4.57153320,-80.26230000,-92.00539000,-78.26423000,-75.88419000
4.57214355,-77.19544000,-90.83167000,-72.17313000,-73.03633000
4.57275391,-77.19088000,-92.45860000,-73.87273000,-72.23584000
4.57336426,-87.49279000,-87.61514000,-80.11817000,-68.85616000
4.57397461,-74.22607000,-86.01271000,-78.46140000,-70.36467000
4.57458496,-73.52799000,-93.68964000,-70.05531000,-73.27956000
4.57519531,-81.06036000,-100.43610000,-68.63962000,-71.75970000
4.57580566,-86.72122000,-95.71284000,-81.15938000,-71.23130000
4.57641602,-89.08443000,-99.39284000,-71.73163000,-71.09701000
4.57702637,-102.78910000,-118.11120000,-72.10260000,-71.72606000
4.57763672,-99.83192000,-106.26160000,-68.04453000,-72.00262000
4.57824707,-83.67774000,-94.29387000,-71.54275000,-73.75244000
4.57885742,-77.09428000,-92.63039000,-80.55652000,-79.01302000
4.57946777,-74.20816000,-100.54160000,-71.17088000,-96.45806000
4.58007813,-73.07031000,-97.84393000,-68.78309000,-76.92175000
4.58068848,-74.51551000,-99.71266000,-69.16931000,-69.82748000
4.58129883,-76.12598000,-98.84037000,-69.74758000,-71.49930000
4.58190918,-81.66234000,-92.79842000,-74.12666000,-83.21130000
4.58251953,-87.09550000,-90.82939000,-75.12794000,-80.35858000
4.58312988,-86.21819000,-94.86148000,-82.00188000,-77.99112000
4.58374023,-81.94951000,-99.03842000,-71.46420000,-97.19432000
4.58435059,-77.62884000,-89.17790000,-68.04257000,-77.97784000
4.58496094,-79.33465000,-89.14182000,-75.96663000,-77.25274000
4.58557129,-75.43995000,-89.32700000,-71.17951000,-77.41503000
4.58618164,-73.77419000,-91.24939000,-73.46154000,-77.96851000
4.58679199,-78.60795000,-95.01799000,-75.78841000,-75.03060000
4.58740234,-83.11654000,-93.74828000,-66.96507000,-78.51905000
4.58801270,-80.25704000,-92.95276000,-67.41985000,-74.05524000
4.58862305,-82.24934000,-93.20675000,-71.60620000,-71.07755000
4.58923340,-78.79699000,-93.69556000,-70.65424000,-72.72770000
4.58984375,-81.49615000,-88.87262000,-65.36501000,-75.88919000
4.59045410,-78.34688000,-84.25327000,-64.36208000,-80.19388000
4.59106445,-79.01754000,-84.69642000,-69.03670000,-78.71220000
4.59167480,-81.42975000,-93.44531000,-90.22765000,-72.50348000
4.59228516,-77.80905000,-99.31963000,-79.32092000,-68.62539000
4.59289551,-74.62590000,-89.40537000,-87.83794000,-72.07829000
4.59350586,-75.88592000,-80.27859000,-71.07774000,-90.37948000
4.59411621,-82.99348000,-79.57521000,-68.53061000,-77.36624000
4.59472656,-73.08959000,-88.87830000,-72.18303000,-77.59277000
4.59533691,-74.00376000,-91.57777000,-67.74314000,-79.65513000
4.59594727,-77.70601000,-88.77246000,-67.11649000,-77.73149000
4.59655762,-76.02664000,-86.65345000,-72.07091000,-69.01112000
4.59716797,-76.46935000,-89.06512000,-76.57742000,-68.59798000
4.59777832,-88.56367000,-94.87774000,-73.79417000,-77.61113000
4.59838867,-83.29652000,-88.28285000,-65.85738000,-83.27061000
4.59899902,-76.72064000,-85.24295000,-65.38820000,-85.23895000
4.59960938,-65.70639000,-83.55401000,-72.64163000,-77.35309000
4.60021973,-68.89383000,-85.66688000,-76.75695000,-76.30018000
4.60083008,-75.82441000,-87.34360000,-71.84193000,-78.53807000
4.60144043,-72.79311000,-84.68316000,-72.27244000,-73.33499000
4.60205078,-74.38809000,-86.36890000,-80.41565000,-73.71736000
4.60266113,-76.54967000,-92.42435000,-79.33864000,-76.41346000
4.60327148,-82.13588000,-101.66890000,-73.04720000,-83.05557000
4.60388184,-78.87341000,-101.13250000,-65.62854000,-102.37530000
4.60449219,-74.41594000,-94.49043000,-63.78011000,-84.17688000
4.60510254,-71.95123000,-94.20925000,-66.00795000,-77.84545000
4.60571289,-72.77414000,-99.80140000,-69.52921000,-77.74467000
4.60632324,-80.02370000,-100.55440000,-76.67798000,-78.69720000
4.60693359,-85.79179000,-90.20775000,-75.24886000,-70.98662000
4.60754395,-88.79298000,-89.02080000,-72.43883000,-71.34700000
4.60815430,-77.44035000,-92.72081000,-87.83593000,-70.84779000
4.60876465,-75.63894000,-96.89429000,-75.32253000,-69.44796000
4.60937500,-79.69019000,-101.95270000,-73.50346000,-72.09351000
4.60998535,-80.27184000,-103.48910000,-76.74322000,-75.20145000
4.61059570,-83.12347000,-89.42117000,-87.90218000,-69.81367000
4.61120605,-89.85974000,-86.63602000,-72.56864000,-73.59660000
4.61181641,-82.55058000,-91.43269000,-66.69986000,-82.04945000
4.61242676,-79.32755000,-92.07763000,-64.88702000,-74.61822000
4.61303711,-79.95626000,-87.17045000,-68.05965000,-74.18075000
4.61364746,-82.27113000,-84.15558000,-77.47024000,-73.39796000
4.61425781,-83.68122000,-85.12832000,-82.29404000,-71.59297000
4.61486816,-93.77271000,-90.89928000,-76.77588000,-72.74390000
4.61547852,-85.62976000,-92.79949000,-79.38444000,-86.77067000
4.61608887,-80.24173000,-91.49297000,-75.45243000,-74.82014000
4.61669922,-79.87621000,-95.32637000,-72.61745000,-72.72829000
4.61730957,-83.57178000,-97.03034000,-75.42677000,-77.48532000
4.61791992,-78.05180000,-92.06803000,-73.19736000,-83.50239000
4.61853027,-72.49019000,-93.84032000,-74.69402000,-78.12641000
4.61914063,-73.03448000,-88.46333000,-69.15919000,-77.60567000
4.61975098,-73.52012000,-84.58197000,-66.65063000,-82.13593000
4.62036133,-71.42937000,-87.31657000,-71.94376000,-82.88338000
4.62097168,-70.83128000,-99.33648000,-66.46612000,-88.94661000
4.62158203,-73.01050000,-91.57654000,-63.74048000,-75.32178000
4.62219238,-79.06962000,-88.29533000,-66.49326000,-72.60030000
4.62280273,-79.57416000,-97.43024000,-77.74580000,-77.01695000
4.62341309,-84.38046000,-78.52808000,-76.05077000,-84.52930000
4.62402344,-75.53251000,-74.87962000,-75.59640000,-72.35486000
4.62463379,-73.91457000,-80.59124000,-77.64685000,-69.21578000
4.62524414,-76.08218000,-107.11050000,-76.53326000,-69.45805000
4.62585449,-82.08836000,-98.54216000,-84.18258000,-72.29688000
4.62646484,-81.27763000,-101.64440000,-73.16604000,-73.18229000
4.62707520,-78.67744000,-104.86610000,-70.05894000,-73.95570000
4.62768555,-76.41196000,-104.03810000,-68.68519000,-74.18592000
4.62829590,-76.35217000,-95.61313000,-66.87957000,-73.82661000
4.62890625,-77.80283000,-88.96875000,-68.37852000,-74.67787000
4.62951660,-80.62290000,-88.11049000,-67.23608000,-72.26644000
4.63012695,-81.46863000,-96.20235000,-74.72302000,-74.42284000
4.63073730,-77.91215000,-105.97090000,-70.90530000,-80.09407000
4.63134766,-77.61898000,-121.05470000,-68.48025000,-74.61584000
4.63195801,-78.00643000,-96.97562000,-72.26306000,-87.10281000
4.63256836,-77.85340000,-92.72099000,-76.65157000,-80.90694000
4.63317871,-77.79313000,-101.80830000,-76.41147000,-80.97234000
4.63378906,-81.33438000,-89.62408000,-78.48308000,-81.14884000
4.63439941,-97.26816000,-87.84833000,-79.18290000,-78.21876000
4.63500977,-84.93811000,-93.13285000,-73.18913000,-80.39816000
4.63562012,-84.92395000,-95.19186000,-85.96422000,-79.41713000
4.63623047,-82.63408000,-98.13739000,-70.59625000,-80.94341000
4.63684082,-79.87524000,-104.77860000,-64.54564000,-73.28215000
4.63745117,-78.47392000,-101.19100000,-63.73129000,-71.58614000
4.63806152,-81.46550000,-98.18311000,-66.30576000,-74.02642000
4.63867188,-83.33046000,-96.43394000,-67.16100000,-79.77385000
4.63928223,-74.35136000,-96.17088000,-65.51535000,-76.68843000
4.63989258,-71.27830000,-93.48481000,-67.41097000,-72.96897000
4.64050293,-73.58205000,-92.30577000,-72.33242000,-74.40491000
4.64111328,-79.35532000,-102.60400000,-80.11150000,-82.80731000
4.64172363,-72.66618000,-92.82944000,-76.32076000,-74.30695000
4.64233398,-69.91655000,-92.76882000,-78.12420000,-73.75205000
4.64294434,-72.58360000,-92.54182000,-69.82166000,-81.09501000
4.64355469,-73.60314000,-94.11485000,-65.23059000,-83.12503000
4.64416504,-71.24983000,-93.27300000,-68.20439000,-75.15067000
4.64477539,-73.13253000,-96.68655000,-71.81413000,-79.45992000
4.64538574,-80.01141000,-96.57143000,-69.24475000,-84.79996000
4.64599609,-81.21631000,-92.23739000,-68.90570000,-74.33099000
4.64660645,-78.99213000,-102.72370000,-75.50606000,-77.19658000
4.64721680,-68.41977000,-94.75975000,-73.56765000,-86.52701000
4.64782715,-64.19678000,-91.57289000,-71.44512000,-78.64635000
4.64843750,-70.17062000,-91.82800000,-77.01197000,-78.33140000
4.64904785,-71.30100000,-97.63567000,-76.85798000,-79.77176000
4.64965820,-65.17924000,-85.83908000,-73.73324000,-80.93613000
4.65026855,-67.26621000,-89.08805000,-68.33823000,-84.75504000
4.65087891,-80.88372000,-94.54975000,-63.49926000,-77.30398000
4.65148926,-85.44807000,-93.17235000,-63.66649000,-72.56439000
4.65209961,-81.17616000,-96.60257000,-66.63215000,-76.39423000
4.65270996,-70.96373000,-86.44912000,-72.13666000,-75.26044000
4.65332031,-70.22020000,-75.60115000,-71.79788000,-70.32893000
4.65393066,-78.56282000,-71.34721000,-74.39503000,-71.08057000
4.65454102,-73.08644000,-74.76930000,-79.64646000,-79.27897000
4.65515137,-71.81642000,-87.06405000,-70.85828000,-81.38206000
4.65576172,-72.28629000,-100.69280000,-67.09439000,-75.01332000
4.65637207,-76.75043000,-91.51436000,-66.71059000,-74.96191000
4.65698242,-73.50439000,-93.39096000,-64.36513000,-81.82548000
4.65759277,-71.39767000,-99.87235000,-66.15195000,-80.51744000
4.65820313,-72.41138000,-92.24368000,-79.30242000,-74.88559000
4.65881348,-71.28738000,-88.32274000,-68.49409000,-74.92262000
4.65942383,-71.92295000,-90.26135000,-69.09267000,-72.69650000
4.66003418,-70.90115000,-98.98448000,-66.22450000,-74.00794000
4.66064453,-77.30383000,-92.44051000,-72.77456000,-76.32837000
4.66125488,-88.14714000,-88.12648000,-88.60137000,-72.07605000
4.66186523,-98.22430000,-90.76173000,-70.25098000,-71.72146000
4.66247559,-90.36037000,-92.04935000,-69.34621000,-69.35775000
4.66308594,-82.52206000,-88.89352000,-76.45248000,-69.47130000
4.66369629,-83.96661000,-89.00257000,-77.36278000,-70.02866000
4.66430664,-82.23357000,-91.47505000,-73.34586000,-71.26158000
4.66491699,-78.45686000,-92.83822000,-69.12743000,-74.06129000
4.66552734,-78.73044000,-95.61964000,-70.52084000,-79.41344000
4.66613770,-80.26112000,-100.84080000,-70.86773000,-84.08493000
4.66674805,-80.62006000,-92.57953000,-68.01355000,-80.11300000
4.66735840,-79.16669000,-90.61824000,-71.39420000,-71.15369000
4.66796875,-84.38947000,-116.34920000,-70.04769000,-67.70117000
4.66857910,-94.27296000,-103.18100000,-74.31672000,-70.74043000
4.66918945,-86.16278000,-92.36914000,-74.97565000,-81.36176000
4.66979980,-77.17799000,-92.55592000,-73.34972000,-71.02514000
4.67041016,-76.15652000,-104.17520000,-74.74389000,-71.05542000
4.67102051,-78.05231000,-94.26724000,-74.36026000,-77.13309000
4.67163086,-80.18045000,-98.28159000,-69.31020000,-82.56805000
4.67224121,-81.12439000,-89.80691000,-69.11895000,-78.55506000
4.67285156,-79.76981000,-86.77626000,-76.71215000,-79.74435000
4.67346191,-76.77927000,-93.92534000,-73.98917000,-81.57088000
4.67407227,-71.10757000,-91.76582000,-70.76936000,-80.21991000
4.67468262,-71.69131000,-91.08082000,-85.49611000,-79.59865000
4.67529297,-76.79989000,-88.81445000,-76.64078000,-79.35159000
4.67590332,-79.80785000,-90.37696000,-74.60204000,-80.06644000
4.67651367,-78.18496000,-93.11018000,-75.37296000,-82.21323000
4.67712402,-76.36956000,-100.83870000,-69.20782000,-90.28966000
4.67773438,-79.40723000,-98.21043000,-64.67728000,-77.73608000
4.67834473,-81.92647000,-94.73484000,-66.10383000,-72.21948000
4.67895508,-82.01705000,-98.89354000,-71.70763000,-68.65813000
4.67956543,-79.49255000,-95.73288000,-68.97504000,-67.19154000
4.68017578,-76.15732000,-102.71270000,-63.55145000,-68.37193000
4.68078613,-75.50935000,-105.68880000,-63.20142000,-69.97823000
4.68139648,-77.71738000,-107.73800000,-66.64575000,-69.14647000
4.68200684,-78.22699000,-102.95960000,-67.70956000,-68.42861000
4.68261719,-84.14528000,-98.00264000,-64.77965000,-72.62962000
4.68322754,-77.14369000,-83.61961000,-65.52252000,-82.53583000
4.68383789,-75.34702000,-76.82021000,-73.96007000,-89.52078000
4.68444824,-79.75725000,-79.92067000,-82.91882000,-92.13687000
4.68505859,-93.28694000,-93.09185000,-75.12238000,-87.39630000
4.68566895,-78.56242000,-96.52734000,-72.40273000,-90.10677000
4.68627930,-75.45080000,-100.91130000,-68.47934000,-86.11584000
4.68688965,-81.28581000,-95.01329000,-67.86866000,-86.10281000
4.68750000,-88.86316000,-92.95727000,-72.18507000,-74.62750000
4.68811035,-85.77188000,-93.41061000,-73.08249000,-76.59380000
4.68872070,-80.96954000,-95.09316000,-72.58801000,-73.61945000
4.68933105,-76.83323000,-100.85900000,-70.95084000,-69.52197000
4.68994141,-80.73798000,-94.50526000,-67.58368000,-69.52611000
4.69055176,-81.64880000,-94.95528000,-75.36142000,-71.53480000
4.69116211,-80.55167000,-93.48647000,-73.10817000,-77.93812000
4.69177246,-79.29865000,-93.62656000,-73.40230000,-94.22607000
4.69238281,-77.89494000,-94.62086000,-79.59228000,-77.17605000
4.69299316,-86.62230000,-94.37161000,-76.47247000,-76.53738000
4.69360352,-74.08425000,-102.39440000,-72.14066000,-78.06204000
4.69421387,-70.50221000,-90.03954000,-71.88516000,-91.95152000
4.69482422,-76.13612000,-86.20634000,-65.66061000,-77.52125000
4.69543457,-85.16196000,-85.25529000,-63.08727000,-76.51261000
4.69604492,-80.24486000,-85.68948000,-66.66319000,-83.17796000
4.69665527,-79.17212000,-86.48022000,-74.95898000,-68.35397000
4.69726563,-81.24650000,-91.10973000,-72.07648000,-67.85284000
4.69787598,-86.72828000,-100.77870000,-65.08661000,-68.51683000
4.69848633,-78.17094000,-104.56950000,-67.97674000,-68.16824000
4.69909668,-64.31727000,-87.78576000,-75.04924000,-71.39619000
4.69970703,-58.92477000,-79.72977000,-66.34934000,-71.36383000
4.70031738,-61.91650000,-80.18315000,-68.28078000,-72.36434000
4.70092773,-76.04031000,-85.59521000,-80.45508000,-81.45156000
4.70153809,-93.40912000,-94.99482000,-68.81971000,-82.40904000
4.70214844,-82.62933000,-89.64801000,-70.67527000,-76.21075000
4.70275879,-81.34606000,-84.66130000,-72.07287000,-78.19579000
4.70336914,-88.85853000,-83.62830000,-67.68176000,-87.38911000
4.70397949,-76.68588000,-84.66239000,-66.27325000,-89.96573000
4.70458984,-74.63142000,-87.35065000,-65.39983000,-77.20649000
4.70520020,-77.13503000,-85.10154000,-65.80066000,-74.99630000
4.70581055,-80.91692000,-83.36265000,-70.50240000,-85.57839000
4.70642090,-85.31200000,-84.23042000,-69.58892000,-78.53007000
4.70703125,-77.71087000,-87.03055000,-74.07782000,-73.40346000
4.70764160,-78.00771000,-87.48939000,-72.88668000,-76.84073000
4.70825195,-81.38035000,-87.62291000,-67.30600000,-90.54849000
4.70886230,-80.73742000,-92.42975000,-68.88108000,-81.00150000
4.70947266,-84.10850000,-96.82987000,-73.03397000,-71.95815000
4.71008301,-85.94341000,-101.91210000,-78.88551000,-70.69198000
4.71069336,-105.03630000,-91.10093000,-72.54742000,-75.54364000
4.71130371,-80.45661000,-90.04813000,-73.61572000,-76.61477000
4.71191406,-73.88957000,-99.25763000,-75.30776000,-79.12579000
4.71252441,-74.83495000,-92.83390000,-71.70226000,-78.51375000
4.71313477,-63.82739000,-73.18361000,-68.32022000,-69.99741000
4.71374512,-54.70830000,-64.92880000,-68.91391000,-62.91977000
4.71435547,-55.39425000,-65.87937000,-73.28658000,-65.26897000
4.71496582,-65.01008000,-75.98723000,-89.21021000,-76.49778000
4.71557617,-80.99521000,-93.50961000,-71.55032000,-74.65813000
4.71618652,-83.66010000,-92.34424000,-68.39317000,-74.80613000
4.71679688,-95.03757000,-92.27558000,-72.86280000,-74.12555000
4.71740723,-89.49536000,-106.18750000,-79.70867000,-80.05569000
4.71801758,-82.80956000,-96.40510000,-77.16965000,-79.38098000
4.71862793,-76.54258000,-105.08080000,-77.83218000,-83.99245000
4.71923828,-76.03326000,-95.78044000,-86.11839000,-80.24594000
4.71984863,-76.74796000,-98.54886000,-78.27766000,-73.50194000
4.72045898,-78.16364000,-89.59824000,-76.21573000,-73.98329000
4.72106934,-77.98370000,-93.90018000,-74.19114000,-76.50871000
4.72167969,-87.15954000,-95.77768000,-71.05839000,-76.74322000
4.72229004,-78.96915000,-89.79890000,-77.86037000,-86.10992000
4.72290039,-87.99622000,-92.06056000,-94.25686000,-84.50479000
4.72351074,-78.68970000,-95.44349000,-80.69524000,-80.19283000
4.72412109,-79.46118000,-94.58829000,-71.56737000,-80.94383000
4.72473145,-81.47377000,-94.23891000,-72.75018000,-73.69079000
4.72534180,-81.32591000,-93.94401000,-79.75015000,-68.95432000
4.72595215,-75.01926000,-92.66710000,-73.81030000,-72.41466000
4.72656250,-76.23823000,-94.69168000,-70.21497000,-79.25269000
4.72717285,-83.98621000,-97.67490000,-66.78793000,-76.59486000
4.72778320,-88.02638000,-90.92879000,-65.43553000,-90.82584000
4.72839355,-76.26434000,-94.64557000,-65.00007000,-79.56145000
4.72900391,-76.94336000,-93.43927000,-67.41727000,-77.62955000
4.72961426,-81.40916000,-91.34776000,-79.06516000,-87.68472000
4.73022461,-78.15515000,-87.66884000,-77.75692000,-78.60727000
4.73083496,-75.86304000,-89.46400000,-74.90399000,-76.91786000
4.73144531,-89.58749000,-98.77283000,-74.41024000,-72.70694000
4.73205566,-74.64281000,-111.52820000,-68.37155000,-70.06084000
4.73266602,-75.47914000,-99.24661000,-65.56962000,-68.14803000
4.73327637,-87.30940000,-96.19140000,-70.19511000,-69.14688000
4.73388672,-97.96898000,-91.21461000,-81.42551000,-70.10825000
4.73449707,-80.57099000,-96.92681000,-77.05827000,-69.33414000
4.73510742,-80.65166000,-108.12050000,-81.41875000,-71.00008000
4.73571777,-81.91121000,-93.01205000,-76.21169000,-70.73953000
4.73632813,-85.36325000,-91.18877000,-73.50681000,-73.77864000
4.73693848,-79.57858000,-89.81390000,-70.35722000,-102.41480000
4.73754883,-75.90533000,-91.07341000,-69.83942000,-84.53203000
4.73815918,-75.11504000,-99.65826000,-73.78681000,-89.59808000
4.73876953,-77.42289000,-97.51695000,-63.27953000,-89.36075000
4.73937988,-86.85611000,-96.87023000,-64.83294000,-97.03906000
4.73999023,-86.96083000,-125.41570000,-72.14354000,-75.47575000
4.74060059,-78.56512000,-96.35787000,-73.41228000,-71.40702000
4.74121094,-77.67883000,-91.60141000,-67.12325000,-74.34682000
4.74182129,-81.99641000,-100.29160000,-69.38747000,-74.10610000
4.74243164,-79.99967000,-97.14184000,-77.82281000,-76.85765000
4.74304199,-76.44311000,-91.83692000,-70.18462000,-73.28454000
4.74365234,-76.47252000,-80.22250000,-66.55954000,-69.83102000
4.74426270,-75.64602000,-80.00580000,-68.92412000,-70.90607000
4.74487305,-73.14417000,-92.04529000,-76.21145000,-74.56557000
4.74548340,-74.52058000,-92.75879000,-77.46766000,-82.08980000
4.74609375,-77.07304000,-92.78748000,-67.00854000,-82.47391000
4.74670410,-76.35892000,-93.66993000,-66.51411000,-79.72833000
4.74731445,-72.88188000,-92.78984000,-69.31579000,-84.72000000
4.74792480,-75.73468000,-101.06720000,-72.21065000,-82.27072000
4.74853516,-77.66302000,-96.59937000,-80.10906000,-73.45145000
4.74914551,-72.47169000,-103.26060000,-68.45093000,-71.59764000
4.74975586,-70.94138000,-88.03142000,-70.29477000,-74.36537000
4.75036621,-76.61053000,-87.68547000,-75.95106000,-73.85043000
4.75097656,-87.27789000,-91.54072000,-74.63628000,-73.48462000
4.75158691,-80.51064000,-99.49747000,-83.54361000,-79.11330000
4.75219727,-78.14565000,-99.65018000,-86.42740000,-82.78003000
4.75280762,-84.63445000,-90.96343000,-74.94035000,-81.93629000
4.75341797,-77.76118000,-87.62494000,-69.80208000,-81.03980000
4.75402832,-91.89449000,-89.53979000,-67.24263000,-77.78402000
4.75463867,-78.41622000,-98.28553000,-70.09676000,-76.51590000
4.75524902,-76.57104000,-95.24479000,-70.80502000,-78.21008000
4.75585938,-78.96622000,-97.89087000,-69.33590000,-73.50373000
4.75646973,-81.97342000,-102.60540000,-73.87534000,-73.26484000
4.75708008,-82.61700000,-101.05780000,-82.04408000,-86.44932000
4.75769043,-82.08157000,-103.15650000,-78.76493000,-72.30514000
4.75830078,-84.80620000,-100.21350000,-83.20308000,-73.43391000
4.75891113,-78.70981000,-94.68071000,-77.94432000,-79.54166000
4.75952148,-78.76279000,-92.52684000,-78.17615000,-69.01416000
4.76013184,-85.76108000,-95.82669000,-81.10347000,-66.43457000
4.76074219,-77.39755000,-120.84240000,-81.59248000,-67.52146000
4.76135254,-74.88075000,-98.62555000,-70.96394000,-67.74150000
4.76196289,-81.25879000,-86.87706000,-71.25928000,-68.18720000
4.76257324,-88.78305000,-84.09714000,-82.14438000,-68.84474000
4.76318359,-82.61033000,-85.18932000,-79.86002000,-68.16191000
4.76379395,-89.50594000,-89.75916000,-85.95114000,-69.43280000
4.76440430,-91.37927000,-91.43642000,-77.92433000,-75.36858000
4.76501465,-82.95322000,-87.82176000,-80.92096000,-74.82847000
4.76562500,-75.57784000,-87.26640000,-79.98116000,-71.70632000
4.76623535,-76.04440000,-92.14603000,-90.69676000,-73.74942000
4.76684570,-82.70439000,-94.50771000,-70.77679000,-82.20116000
4.76745605,-77.43121000,-93.12010000,-72.03287000,-77.46076000
4.76806641,-75.52072000,-89.12927000,-71.53956000,-73.80896000
4.76867676,-82.36266000,-91.58995000,-66.74058000,-74.62974000
4.76928711,-85.97523000,-96.12972000,-71.53120000,-74.70698000
4.76989746,-76.85867000,-96.95634000,-92.49935000,-77.25826000
4.77050781,-75.17226000,-92.06546000,-78.42226000,-89.18173000
4.77111816,-75.15314000,-89.94431000,-74.62729000,-82.20676000
4.77172852,-81.43253000,-95.86600000,-70.87028000,-94.96616000
4.77233887,-86.74162000,-94.82049000,-71.27478000,-79.65781000
4.77294922,-87.70393000,-82.15739000,-74.66144000,-73.33868000
4.77355957,-80.07362000,-72.01364000,-79.54586000,-65.19058000
4.77416992,-75.20345000,-71.23313000,-90.64082000,-68.46740000
4.77478027,-78.08701000,-80.34807000,-76.34454000,-84.27865000
4.77539063,-78.31419000,-98.69487000,-69.93268000,-75.50153000
4.77600098,-76.57656000,-96.93582000,-71.38007000,-78.41712000
4.77661133,-80.90706000,-104.19850000,-76.78918000,-74.96060000
4.77722168,-82.00307000,-94.04832000,-72.84185000,-74.50759000
4.77783203,-81.62146000,-89.69360000,-83.07220000,-76.53721000
4.77844238,-82.36794000,-89.35225000,-74.18399000,-79.33272000
4.77905273,-75.86348000,-90.49874000,-77.40810000,-80.14205000
4.77966309,-75.99501000,-90.11776000,-72.00803000,-80.70799000
4.78027344,-77.68948000,-95.88974000,-73.66013000,-74.97946000
4.78088379,-78.37083000,-103.56500000,-78.45175000,-75.80437000
4.78149414,-78.98333000,-93.75981000,-71.28403000,-77.07561000
4.78210449,-81.56532000,-94.21094000,-67.93234000,-75.68507000
4.78271484,-75.79590000,-98.87918000,-66.84357000,-75.88020000
4.78332520,-74.32809000,-106.85350000,-68.10728000,-75.69459000
4.78393555,-76.08440000,-98.57011000,-74.78334000,-74.95319000
4.78454590,-79.66100000,-96.15157000,-84.68586000,-85.76389000
4.78515625,-76.48930000,-102.34190000,-74.64686000,-76.34061000
4.78576660,-74.59357000,-95.60439000,-77.98962000,-70.98132000
4.78637695,-79.73000000,-93.68871000,-68.10817000,-68.74789000
4.78698730,-78.64373000,-100.55150000,-66.03951000,-70.38130000
4.78759766,-73.14132000,-103.83740000,-72.12657000,-80.57892000
4.78820801,-73.36946000,-98.79033000,-77.80747000,-78.70143000
4.78881836,-81.07304000,-110.77710000,-72.70120000,-79.94828000
4.78942871,-89.88213000,-97.55634000,-66.13660000,-73.40791000
4.79003906,-77.89452000,-89.11164000,-64.78918000,-73.45712000
4.79064941,-73.26351000,-87.91711000,-69.90619000,-80.04295000
4.79125977,-72.06841000,-91.69984000,-82.97246000,-84.83020000
4.79187012,-78.06880000,-100.61580000,-75.56907000,-89.73957000
4.79248047,-80.51381000,-97.76214000,-68.67960000,-78.21844000
4.79309082,-80.29099000,-89.53893000,-68.64223000,-73.35330000
4.79370117,-89.45487000,-85.91621000,-75.14688000,-76.53563000
4.79431152,-81.75650000,-87.83833000,-77.07159000,-86.09359000
4.79492188,-89.16014000,-99.68827000,-72.29813000,-74.40350000
4.79553223,-80.38219000,-95.15732000,-75.48904000,-75.91852000
4.79614258,-77.09475000,-110.31740000,-68.62102000,-85.26714000
4.79675293,-78.85947000,-96.25996000,-68.96928000,-72.90180000
4.79736328,-80.06740000,-96.12858000,-67.96454000,-70.60291000
4.79797363,-74.16942000,-99.99511000,-68.76258000,-72.67789000
4.79858398,-77.84438000,-92.80110000,-75.69380000,-85.53916000
4.79919434,-72.49921000,-86.88742000,-76.11105000,-73.97344000
4.79980469,-64.35160000,-84.34631000,-72.57803000,-72.72919000
4.80041504,-66.16719000,-90.29015000,-68.47612000,-82.51501000
4.80102539,-72.52274000,-107.21030000,-68.70865000,-78.72578000
4.80163574,-78.60210000,-92.65388000,-70.31541000,-74.33221000
4.80224609,-81.58565000,-89.85075000,-70.71787000,-69.87006000
4.80285645,-85.75661000,-90.75717000,-69.49557000,-71.86169000
4.80346680,-73.60202000,-82.34685000,-65.77781000,-74.01996000
4.80407715,-70.34814000,-79.57007000,-65.09381000,-72.96937000
4.80468750,-73.62627000,-84.79865000,-71.46867000,-73.99855000
4.80529785,-84.09776000,-97.41787000,-70.82539000,-90.55537000
4.80590820,-85.49135000,-104.48360000,-65.63830000,-73.17330000
4.80651855,-83.03571000,-95.35872000,-65.25037000,-74.14947000
4.80712891,-85.22629000,-97.12671000,-65.85089000,-75.50143000
4.80773926,-81.78110000,-89.37202000,-66.76865000,-69.14705000
4.80834961,-88.16241000,-91.43376000,-72.47802000,-67.32767000
4.80895996,-75.59864000,-112.97180000,-78.57553000,-67.70931000
4.80957031,-73.99422000,-95.09911000,-74.33570000,-68.70084000
4.81018066,-74.27484000,-97.66446000,-72.04526000,-72.48142000
4.81079102,-79.57703000,-94.59349000,-69.82699000,-71.55635000
4.81140137,-84.39816000,-92.69073000,-71.90948000,-68.43093000
4.81201172,-77.45370000,-89.71066000,-76.73528000,-69.31757000
4.81262207,-84.36697000,-89.19957000,-78.06615000,-79.72825000
4.81323242,-82.42786000,-96.98569000,-84.15199000,-78.20882000
4.81384277,-86.69326000,-92.87645000,-78.70451000,-73.05594000
4.81445313,-79.62225000,-88.36338000,-88.17696000,-79.20115000
4.81506348,-74.75688000,-87.09754000,-67.29900000,-86.07700000
4.81567383,-77.45015000,-86.36475000,-65.92279000,-92.14654000
4.81628418,-83.10619000,-88.22887000,-67.70303000,-91.36476000
4.81689453,-80.13086000,-90.52103000,-68.74387000,-74.13685000
4.81750488,-78.74095000,-97.04418000,-72.62527000,-70.18857000
4.81811523,-77.57838000,-105.32750000,-78.38057000,-71.67617000
4.81872559,-95.78526000,-99.10583000,-82.93684000,-83.73493000
4.81933594,-78.78748000,-92.20641000,-82.80534000,-70.94701000
4.81994629,-76.32089000,-89.16302000,-71.15213000,-69.51057000
4.82055664,-79.40742000,-89.86424000,-69.37450000,-73.95525000
4.82116699,-82.18074000,-96.14204000,-70.84042000,-76.29448000
4.82177734,-89.60503000,-99.78267000,-68.53521000,-72.15283000
4.82238770,-82.99381000,-96.08628000,-68.38660000,-68.01465000
4.82299805,-74.67415000,-92.90083000,-68.48953000,-67.95245000
4.82360840,-73.17084000,-93.22672000,-70.23113000,-66.53744000
4.82421875,-73.51970000,-103.22910000,-71.62428000,-66.76122000
4.82482910,-74.34089000,-104.37570000,-77.32431000,-70.72015000
4.82543945,-76.94592000,-92.10228000,-74.91631000,-78.50299000
4.82604980,-74.11234000,-88.54347000,-73.05154000,-78.07368000
4.82666016,-70.79243000,-87.82477000,-73.82921000,-72.44928000
4.82727051,-76.62082000,-88.54453000,-72.63843000,-68.98257000
4.82788086,-81.47228000,-90.44402000,-72.57310000,-70.33256000
4.82849121,-84.34602000,-91.16718000,-71.93192000,-79.76813000
4.82910156,-96.00658000,-90.29262000,-68.44625000,-76.73521000
4.82971191,-83.24744000,-93.20135000,-68.40849000,-71.53129000
4.83032227,-74.92762000,-92.66516000,-71.05849000,-73.85018000
4.83093262,-72.70354000,-91.59486000,-79.88995000,-75.87405000
4.83154297,-73.73761000,-97.49553000,-69.11252000,-74.50189000
4.83215332,-76.43067000,-96.48884000,-71.35926000,-74.78004000
4.83276367,-75.74772000,-91.19814000,-79.41766000,-77.00162000
4.83337402,-76.25863000,-77.83710000,-71.34239000,-76.88489000
4.83398438,-83.55523000,-73.45786000,-67.57557000,-75.59995000
4.83459473,-79.59476000,-78.79987000,-67.12823000,-77.46106000
4.83520508,-78.25324000,-96.77759000,-71.57553000,-77.75502000
4.83581543,-87.05951000,-96.88504000,-74.37198000,-75.85357000
4.83642578,-86.20147000,-96.94106000,-66.22975000,-76.41386000
4.83703613,-78.36250000,-96.21403000,-65.66537000,-78.83771000
4.83764648,-74.94994000,-97.46197000,-66.66252000,-99.45321000
4.83825684,-78.60923000,-97.08002000,-70.25999000,-89.27675000
4.83886719,-81.79807000,-90.20339000,-72.02754000,-80.88775000
4.83947754,-77.82816000,-87.89610000,-69.77943000,-92.89708000
4.84008789,-74.33797000,-90.74691000,-70.68841000,-77.76775000
4.84069824,-75.04758000,-93.42171000,-74.79518000,-82.48737000
4.84130859,-82.36745000,-97.77360000,-70.30589000,-72.83905000
4.84191895,-81.59454000,-89.36677000,-76.00320000,-72.16458000
4.84252930,-85.55876000,-85.78721000,-73.49226000,-70.15921000
4.84313965,-96.48024000,-87.80853000,-71.32227000,-71.64013000
4.84375000,-84.33171000,-93.87127000,-70.68883000,-74.40331000
4.84436035,-85.24977000,-99.85118000,-72.06290000,-84.11487000
4.84497070,-91.33212000,-99.36552000,-78.96567000,-68.99564000
4.84558105,-80.49544000,-108.67090000,-74.00336000,-68.73333000
4.84619141,-82.99495000,-95.42096000,-75.66466000,-76.91314000
4.84680176,-79.88106000,-95.15616000,-73.98695000,-84.71063000
4.84741211,-81.71121000,-97.82327000,-84.36127000,-90.28787000
4.84802246,-84.03006000,-96.79244000,-76.36612000,-76.93842000
4.84863281,-77.36118000,-99.71511000,-71.57464000,-73.71310000
4.84924316,-79.44491000,-95.36930000,-72.21579000,-82.89120000
4.84985352,-100.09310000,-91.43005000,-77.23222000,-78.48406000
4.85046387,-81.23925000,-94.00853000,-74.49420000,-78.79803000
4.85107422,-76.47050000,-93.44431000,-80.19594000,-69.73249000
4.85168457,-73.99141000,-94.57301000,-79.31336000,-69.22478000
4.85229492,-74.65684000,-100.25040000,-78.17091000,-76.54581000
4.85290527,-77.98087000,-98.61168000,-74.21053000,-76.61884000
4.85351563,-84.82045000,-95.15678000,-72.79046000,-77.26717000
4.85412598,-98.32466000,-105.04470000,-73.94840000,-84.07814000
4.85473633,-87.08068000,-90.84595000,-73.34636000,-77.47149000
4.85534668,-102.23680000,-86.05241000,-65.66100000,-69.23482000
4.85595703,-80.42546000,-85.50724000,-62.60948000,-68.24393000
4.85656738,-80.98228000,-92.80807000,-68.48080000,-72.80278000
4.85717773,-81.43190000,-88.59332000,-70.40984000,-79.74984000
4.85778809,-80.43670000,-94.07484000,-68.12168000,-85.40157000
4.85839844,-77.78802000,-97.11898000,-69.36536000,-76.85465000
4.85900879,-75.41063000,-95.92385000,-68.58947000,-79.60516000
4.85961914,-72.75915000,-93.55220000,-72.15455000,-80.23571000
4.86022949,-72.67455000,-91.65801000,-75.07919000,-80.94521000
4.86083984,-72.91553000,-99.39629000,-70.70823000,-79.45365000
4.86145020,-73.05908000,-99.30447000,-71.63891000,-80.11832000
4.86206055,-73.86897000,-100.64230000,-78.07143000,-82.56030000
4.86267090,-74.60097000,-93.00574000,-72.29057000,-86.98708000
4.86328125,-78.89138000,-85.66632000,-66.00853000,-80.48912000
4.86389160,-84.88434000,-81.52567000,-71.06367000,-76.63913000
4.86450195,-75.68780000,-85.36713000,-68.82233000,-72.70801000
4.86511230,-73.61932000,-92.99031000,-66.28226000,-70.74809000
4.86572266,-74.62016000,-92.66325000,-67.22996000,-74.09000000
4.86633301,-75.13178000,-91.44728000,-67.64253000,-77.49366000
4.86694336,-70.86575000,-96.46587000,-69.92635000,-81.03864000
4.86755371,-72.04194000,-92.11040000,-71.31175000,-97.68978000
4.86816406,-72.44935000,-93.95523000,-68.25032000,-98.97615000
4.86877441,-79.13809000,-100.61040000,-71.10628000,-77.66320000
4.86938477,-83.74110000,-99.60335000,-84.96034000,-81.22125000
4.86999512,-83.97948000,-91.21871000,-72.05225000,-82.29549000
4.87060547,-76.85815000,-99.05022000,-66.33510000,-75.23687000
4.87121582,-76.38677000,-106.85330000,-67.54539000,-75.31523000
4.87182617,-81.52089000,-96.31752000,-67.30566000,-70.29784000
4.87243652,-78.40709000,-90.79708000,-64.20257000,-69.48878000
4.87304688,-69.66833000,-89.31500000,-66.70348000,-71.31952000
4.87365723,-67.26875000,-96.58974000,-74.44436000,-77.07884000
4.87426758,-72.11436000,-97.82785000,-75.27060000,-77.54795000
4.87487793,-74.38240000,-99.96955000,-80.60098000,-72.80063000
4.87548828,-71.90155000,-102.39810000,-77.19589000,-72.69327000
4.87609863,-76.28082000,-91.22699000,-73.77655000,-73.03366000
4.87670898,-80.64827000,-86.91502000,-70.69434000,-71.66359000
4.87731934,-74.24094000,-86.95354000,-70.30846000,-76.10972000
4.87792969,-78.10783000,-90.21468000,-68.83031000,-80.27847000
4.87854004,-80.94566000,-96.01976000,-70.24604000,-80.97076000
4.87915039,-77.57832000,-102.42090000,-75.03560000,-83.84373000
4.87976074,-73.79281000,-93.87869000,-74.46920000,-75.95068000
4.88037109,-69.86414000,-94.96243000,-77.01885000,-74.92848000
4.88098145,-69.46358000,-99.84574000,-85.21285000,-74.99002000
4.88159180,-69.39585000,-94.80695000,-83.23312000,-75.34114000
4.88220215,-69.80371000,-92.12730000,-82.94778000,-85.56199000
4.88281250,-72.56116000,-103.98440000,-77.66486000,-78.27634000
4.88342285,-76.76433000,-93.43586000,-68.94826000,-79.73869000
4.88403320,-79.44862000,-90.19937000,-69.70009000,-78.19371000
4.88464355,-74.85393000,-90.87042000,-77.02035000,-76.64094000
4.88525391,-74.48503000,-95.43237000,-73.01984000,-78.01814000
4.88586426,-77.92549000,-94.26968000,-79.84310000,-69.58876000
4.88647461,-83.32536000,-90.23537000,-73.81171000,-71.57185000
4.88708496,-77.98597000,-90.67339000,-72.56961000,-81.60498000
4.88769531,-78.34351000,-86.65099000,-76.22420000,-90.99055000
4.88830566,-79.65760000,-87.05092000,-87.46671000,-82.84192000
4.88891602,-77.63045000,-98.94359000,-72.66926000,-82.12083000
4.88952637,-76.40638000,-89.37061000,-74.17809000,-81.53387000
4.89013672,-74.87315000,-87.75533000,-71.07219000,-72.30111000
4.89074707,-76.28680000,-89.43498000,-68.59814000,-69.58314000
4.89135742,-83.35194000,-95.63873000,-67.82581000,-69.55711000
4.89196777,-85.85420000,-101.81110000,-65.45468000,-73.22484000
4.89257813,-84.14130000,-99.83013000,-65.70811000,-73.82384000
4.89318848,-75.99657000,-85.52000000,-77.83478000,-72.13321000
4.89379883,-74.41976000,-76.57063000,-72.29324000,-83.30049000
4.89440918,-76.37223000,-78.99523000,-91.32735000,-80.55659000
4.89501953,-83.01101000,-108.38750000,-66.13309000,-75.81628000
4.89562988,-84.18388000,-88.06308000,-62.73547000,-71.48625000
4.89624023,-88.93152000,-86.98577000,-65.82661000,-72.84363000
4.89685059,-82.39514000,-87.70801000,-73.87841000,-81.30608000
4.89746094,-81.98952000,-90.09642000,-77.75710000,-79.19547000
4.89807129,-78.69884000,-93.67665000,-71.48199000,-79.48268000
4.89868164,-77.08596000,-93.01090000,-70.96442000,-81.49299000
4.89929199,-79.94464000,-91.64183000,-95.31068000,-73.11861000
4.89990234,-71.41080000,-88.44302000,-69.31548000,-67.83779000
4.90051270,-77.19560000,-87.73984000,-68.47560000,-70.15737000
4.90112305,-87.84074000,-89.16341000,-75.12305000,-76.78035000
4.90173340,-82.45132000,-89.34876000,-69.37955000,-70.94818000
4.90234375,-85.00639000,-91.14920000,-67.16745000,-73.13168000
4.90295410,-87.11536000,-91.08717000,-70.84339000,-68.57841000
4.90356445,-82.41665000,-95.23828000,-77.74102000,-71.67697000
4.90417480,-90.14999000,-99.70515000,-73.08266000,-76.59299000
4.90478516,-79.26042000,-90.68336000,-70.18319000,-72.88412000
4.90539551,-74.37717000,-86.47220000,-80.61024000,-70.67061000
4.90600586,-72.03342000,-84.98356000,-71.02373000,-68.63929000
4.90661621,-73.15211000,-84.66319000,-70.21624000,-71.59561000
4.90722656,-78.59998000,-87.04195000,-74.18550000,-76.63848000
4.90783691,-88.80919000,-90.28629000,-76.38206000,-69.74140000
4.90844727,-82.82815000,-90.87760000,-73.82890000,-70.36315000
4.90905762,-80.32703000,-90.57582000,-68.77828000,-72.96255000
4.90966797,-84.18169000,-92.97126000,-75.19906000,-78.12892000
4.91027832,-85.03041000,-94.22609000,-77.18198000,-76.53550000
4.91088867,-75.52682000,-111.64000000,-66.67960000,-72.56834000
4.91149902,-75.73225000,-99.36317000,-66.55026000,-72.52055000
4.91210938,-76.49007000,-100.06550000,-75.06810000,-75.89573000
4.91271973,-79.46397000,-96.29425000,-66.68504000,-68.88246000
4.91333008,-84.15144000,-93.93215000,-69.05215000,-67.37652000
4.91394043,-81.69168000,-94.91151000,-67.95358000,-70.38269000
4.91455078,-78.78871000,-97.55779000,-67.92708000,-78.64789000
4.91516113,-76.55592000,-92.09657000,-75.72852000,-80.94531000
4.91577148,-75.89600000,-90.51788000,-80.44890000,-76.14612000
4.91638184,-75.71533000,-97.59341000,-75.85061000,-79.41122000
4.91699219,-79.64133000,-102.57070000,-71.00376000,-73.42922000
4.91760254,-90.00027000,-100.09740000,-71.85654000,-72.57742000
4.91821289,-85.41341000,-101.86660000,-69.19248000,-75.57720000
4.91882324,-81.28037000,-99.74938000,-67.37573000,-72.15131000
4.91943359,-79.37331000,-90.17918000,-70.76788000,-70.79128000
4.92004395,-84.40686000,-87.61317000,-70.74178000,-72.50340000
4.92065430,-76.18898000,-88.40191000,-74.82611000,-78.11515000
4.92126465,-77.29433000,-92.99549000,-88.50735000,-78.08776000
4.92187500,-83.72093000,-114.08210000,-72.14492000,-71.65384000
4.92248535,-80.62469000,-104.30080000,-68.78355000,-73.09940000
4.92309570,-84.41960000,-88.97189000,-67.85466000,-73.30112000
4.92370605,-87.66975000,-81.28429000,-69.41721000,-74.54581000
4.92431641,-77.77776000,-81.84150000,-78.80456000,-87.94498000
4.92492676,-75.53392000,-89.54083000,-71.63389000,-81.78178000
4.92553711,-78.68438000,-95.33866000,-78.65334000,-75.87971000
4.92614746,-85.43102000,-96.15535000,-82.64594000,-76.05252000
4.92675781,-81.49591000,-97.73709000,-73.04261000,-80.54101000
4.92736816,-81.99837000,-93.77309000,-82.24381000,-78.78500000
4.92797852,-84.31527000,-90.53806000,-72.48350000,-73.45838000
4.92858887,-84.39988000,-93.50227000,-72.73886000,-69.94753000
4.92919922,-82.26892000,-99.05083000,-73.08939000,-70.79581000
4.92980957,-82.51402000,-106.58060000,-71.12696000,-73.79382000
4.93041992,-83.74884000,-99.07105000,-75.36852000,-76.04535000
4.93103027,-78.00426000,-93.95340000,-77.34707000,-81.83178000
4.93164063,-77.91730000,-95.55243000,-70.70637000,-78.74126000
4.93225098,-88.04058000,-115.24550000,-72.74868000,-75.69050000
4.93286133,-91.51306000,-99.69272000,-85.17293000,-67.47712000
4.93347168,-85.95886000,-94.44514000,-81.77170000,-67.49679000
4.93408203,-83.98459000,-85.62316000,-91.37460000,-73.12654000
4.93469238,-79.21581000,-87.16369000,-81.71670000,-76.66074000
4.93530273,-75.37357000,-93.73512000,-75.08558000,-69.96906000
4.93591309,-78.33973000,-100.02510000,-68.06366000,-70.66173000
4.93652344,-94.14841000,-107.41790000,-67.28521000,-84.90566000
4.93713379,-77.67132000,-103.18520000,-66.53225000,-81.15701000
4.93774414,-75.78208000,-96.52483000,-63.40917000,-82.38719000
4.93835449,-79.06322000,-92.29720000,-62.78705000,-72.86890000
4.93896484,-73.48833000,-95.55096000,-66.71262000,-74.42532000
4.93957520,-76.24722000,-98.04591000,-79.15343000,-73.40340000
4.94018555,-82.39091000,-102.19310000,-75.73032000,-70.97469000
4.94079590,-92.84599000,-89.03995000,-72.91203000,-73.79078000
4.94140625,-79.29093000,-87.11494000,-68.84790000,-78.02029000
4.94201660,-74.34327000,-93.08418000,-70.44974000,-88.50374000
4.94262695,-71.46439000,-95.64579000,-83.75484000,-85.11238000
4.94323730,-72.51246000,-101.11230000,-76.00362000,-71.40969000
4.94384766,-76.30708000,-90.87619000,-79.87123000,-69.34489000
4.94445801,-86.05820000,-91.86520000,-74.40390000,-74.21888000
4.94506836,-79.49223000,-96.62674000,-75.96340000,-71.12135000
4.94567871,-77.27405000,-93.04656000,-92.14360000,-73.42365000
4.94628906,-84.28699000,-87.11227000,-72.86488000,-78.41359000
4.94689941,-77.62051000,-86.89359000,-69.73714000,-80.69173000
4.94750977,-76.65574000,-89.58180000,-79.63783000,-85.93510000
4.94812012,-82.08931000,-93.42300000,-80.25642000,-73.98740000
4.94873047,-82.88128000,-95.11139000,-74.86700000,-70.02491000
4.94934082,-81.91376000,-99.65862000,-79.18616000,-68.86749000
4.94995117,-82.71584000,-97.43423000,-90.90060000,-73.64902000
4.95056152,-79.25894000,-91.11565000,-85.98428000,-88.79055000
4.95117188,-79.72571000,-88.58852000,-75.08127000,-88.60957000
4.95178223,-80.94398000,-89.94135000,-69.05995000,-91.35101000
4.95239258,-86.01532000,-112.43520000,-79.37928000,-88.09804000
4.95300293,-76.60869000,-88.16737000,-73.63773000,-77.66904000
4.95361328,-71.19992000,-76.95274000,-71.53791000,-68.82206000
4.95422363,-71.14989000,-75.76471000,-70.30797000,-68.56031000
4.95483398,-76.48568000,-83.37668000,-73.80969000,-71.41167000
4.95544434,-71.57873000,-88.77709000,-67.45946000,-75.05896000
4.95605469,-68.04585000,-90.79390000,-65.72354000,-75.60774000
4.95666504,-71.30068000,-98.86718000,-77.70547000,-70.19327000
4.95727539,-74.20943000,-90.97327000,-70.18991000,-72.88815000
4.95788574,-73.94710000,-89.66508000,-72.03099000,-78.42063000
4.95849609,-77.03323000,-93.56143000,-76.67930000,-68.14895000
4.95910645,-77.79868000,-99.27842000,-68.31286000,-69.79715000
4.95971680,-77.04881000,-96.65103000,-64.96018000,-77.63782000
4.96032715,-81.59592000,-96.14772000,-64.33726000,-81.21271000
4.96093750,-90.99934000,-95.90549000,-65.15874000,-75.80664000
4.96154785,-87.41388000,-91.34797000,-66.90836000,-77.24282000
4.96215820,-78.59214000,-98.10774000,-73.22015000,-77.65796000
4.96276855,-74.08443000,-104.96990000,-84.82228000,-82.57878000
4.96337891,-72.55897000,-96.57481000,-84.44289000,-79.05701000
4.96398926,-74.91914000,-97.35367000,-72.69564000,-75.01144000
4.96459961,-76.48723000,-95.21048000,-72.28403000,-80.74858000
4.96520996,-77.86626000,-90.52574000,-69.99832000,-74.36458000
4.96582031,-77.70972000,-90.58224000,-67.07686000,-68.61487000
4.96643066,-77.25185000,-93.51761000,-70.86583000,-71.22540000
4.96704102,-78.29530000,-104.69380000,-66.02411000,-76.11538000
4.96765137,-77.47203000,-118.75360000,-63.39010000,-79.37878000
4.96826172,-77.03691000,-120.13050000,-64.45108000,-76.76620000
4.96887207,-80.90175000,-94.20503000,-68.58707000,-76.27321000
4.96948242,-83.66301000,-96.28219000,-79.13469000,-75.05365000
4.97009277,-78.30492000,-97.36428000,-80.82526000,-73.37795000
4.97070313,-77.21198000,-92.75555000,-75.16553000,-76.37082000
4.97131348,-75.27572000,-93.09332000,-70.30505000,-78.39154000
4.97192383,-81.13477000,-100.70780000,-72.82333000,-76.87096000
4.97253418,-81.52236000,-92.14079000,-84.95446000,-75.39501000
4.97314453,-77.29589000,-90.08071000,-70.44331000,-73.14242000
4.97375488,-82.70957000,-89.14088000,-67.55023000,-74.50249000
4.97436523,-85.88785000,-89.55421000,-67.64909000,-77.56102000
4.97497559,-78.69922000,-94.35917000,-68.76403000,-78.01524000
4.97558594,-76.60005000,-97.71002000,-68.86201000,-80.30196000
4.97619629,-78.48723000,-94.75510000,-68.92137000,-82.12989000
4.97680664,-84.52145000,-92.74113000,-66.85366000,-76.87152000
4.97741699,-88.45596000,-93.35315000,-67.73509000,-72.10667000
4.97802734,-77.91660000,-92.15030000,-72.72334000,-72.05476000
4.97863770,-74.12637000,-92.17146000,-73.33279000,-83.77879000
4.97924805,-75.92021000,-92.88225000,-76.76307000,-76.99672000
4.97985840,-80.91231000,-93.96565000,-81.17030000,-71.80770000
4.98046875,-84.63820000,-95.84576000,-78.61782000,-73.54005000
4.98107910,-79.65829000,-93.69397000,-73.36913000,-86.48134000
4.98168945,-83.88961000,-91.32108000,-73.63477000,-75.78083000
4.98229980,-84.40612000,-90.35835000,-73.82592000,-72.69297000
4.98291016,-78.87247000,-92.22977000,-69.88062000,-76.09058000
4.98352051,-74.91301000,-87.81310000,-71.07532000,-82.97009000
4.98413086,-74.84917000,-85.75116000,-74.65528000,-81.83357000
4.98474121,-75.63971000,-89.78397000,-73.80121000,-71.03951000
4.98535156,-77.61407000,-95.81641000,-83.06520000,-66.69516000
4.98596191,-92.98482000,-91.02235000,-78.86052000,-68.73611000
4.98657227,-84.56725000,-90.53796000,-70.57785000,-79.04568000
4.98718262,-96.72391000,-96.51623000,-65.87394000,-84.58604000
4.98779297,-89.87715000,-93.09964000,-66.49885000,-73.69386000
4.98840332,-84.35294000,-92.21352000,-74.43228000,-70.11217000
4.98901367,-84.31006000,-93.10915000,-73.85530000,-71.86246000
4.98962402,-85.95702000,-95.62745000,-71.02963000,-73.13090000
4.99023438,-93.88342000,-89.03304000,-69.71881000,-72.26367000
4.99084473,-80.98845000,-87.19331000,-68.48113000,-84.27453000
4.99145508,-74.25241000,-87.66850000,-70.46532000,-76.59728000
4.99206543,-75.55602000,-92.43829000,-74.91550000,-74.52442000
4.99267578,-78.99622000,-103.12960000,-78.55193000,-71.80753000
4.99328613,-73.95005000,-93.96783000,-68.63190000,-75.51943000
4.99389648,-72.46552000,-96.58028000,-68.07255000,-81.43762000
4.99450684,-76.13146000,-101.71050000,-68.04124000,-80.56628000
4.99511719,-74.72192000,-99.78625000,-71.73573000,-72.99124000
4.99572754,-78.25922000,-93.54935000,-73.59934000,-74.86700000
4.99633789,-96.61124000,-92.28618000,-69.82844000,-83.53100000
4.99694824,-78.35173000,-99.88919000,-70.85162000,-71.95775000
4.99755859,-73.51302000,-92.48200000,-68.94917000,-71.52194000
4.99816895,-73.00993000,-97.23507000,-71.30763000,-71.28222000
4.99877930,-73.70095000,-100.96390000,-76.29767000,-72.16189000
4.99938965,-73.77710000,-96.49170000,-78.12062000,-76.86011000
5.00000000,-73.36839000,-91.88048000,-76.07858000,-71.10806000
5.00061035,-73.03004000,-86.74596000,-68.00159000,-73.87344000
5.00122070,-78.77582000,-86.91975000,-67.13611000,-79.60703000
5.00183105,-75.31931000,-97.57523000,-71.51710000,-73.63208000
5.00244141,-75.87442000,-96.00467000,-75.45806000,-72.19520000
5.00305176,-68.07892000,-93.85200000,-76.80010000,-76.00097000
5.00366211,-62.89714000,-90.20476000,-90.56215000,-71.99222000
5.00427246,-64.18351000,-89.97540000,-78.85949000,-76.31255000
5.00488281,-69.23892000,-97.73962000,-72.52797000,-74.29656000
5.00549316,-66.28570000,-97.30225000,-82.84690000,-74.03844000
5.00610352,-67.90170000,-93.58804000,-72.14050000,-73.50450000
5.00671387,-75.86447000,-93.96340000,-75.51047000,-76.17975000
5.00732422,-75.15430000,-89.15904000,-74.74742000,-93.40913000
5.00793457,-82.26883000,-86.60266000,-71.58435000,-76.56834000
5.00854492,-73.11317000,-86.40804000,-76.73339000,-72.24361000
5.00915527,-71.20332000,-89.53059000,-74.68922000,-76.97699000
5.00976563,-78.83955000,-96.81641000,-69.81169000,-95.25436000
5.01037598,-78.53802000,-88.56943000,-78.73383000,-84.51408000
5.01098633,-73.95758000,-88.49976000,-73.76917000,-79.90482000
5.01159668,-82.48364000,-91.61775000,-79.18735000,-76.79256000
5.01220703,-83.38594000,-92.19452000,-84.49252000,-71.02447000
5.01281738,-75.38145000,-91.93668000,-79.27185000,-71.07250000
5.01342773,-72.25341000,-78.06674000,-70.34763000,-74.65834000
5.01403809,-65.30055000,-73.50865000,-70.99608000,-68.79766000
5.01464844,-70.16828000,-78.00989000,-75.59301000,-68.95537000
5.01525879,-77.61641000,-84.66023000,-68.01569000,-84.97669000
5.01586914,-72.76106000,-88.19267000,-74.27309000,-71.18304000
5.01647949,-74.71719000,-103.36580000,-82.91192000,-70.09888000
5.01708984,-75.01089000,-89.47572000,-73.17441000,-74.65660000
5.01770020,-76.35588000,-90.24323000,-68.15421000,-70.83054000
5.01831055,-77.56309000,-94.76810000,-68.44508000,-70.76616000
5.01892090,-81.92238000,-92.45793000,-64.48043000,-73.57345000
5.01953125,-86.42062000,-90.94052000,-67.63676000,-78.45293000
5.02014160,-74.28728000,-92.09998000,-75.46662000,-82.33532000
5.02075195,-72.92915000,-93.90988000,-68.55956000,-78.63952000
5.02136230,-77.90920000,-104.11860000,-68.21443000,-74.51311000
5.02197266,-78.98620000,-103.07150000,-74.11773000,-73.19666000
5.02258301,-76.14201000,-101.85230000,-76.79301000,-75.13828000
5.02319336,-73.36984000,-107.81940000,-66.74831000,-79.44859000
5.02380371,-72.27541000,-98.62572000,-65.12437000,-76.60748000
5.02441406,-73.67353000,-90.77496000,-70.41376000,-72.30941000
5.02502441,-78.81612000,-87.76372000,-74.74577000,-72.26395000
5.02563477,-86.15373000,-88.39970000,-68.74690000,-76.18668000
5.02624512,-82.57748000,-93.70773000,-69.48409000,-80.80932000
5.02685547,-82.10004000,-85.94461000,-76.48647000,-81.02637000
5.02746582,-79.46976000,-86.97720000,-75.75908000,-76.79671000
5.02807617,-78.84853000,-93.30913000,-67.40922000,-73.20179000
5.02868652,-81.67741000,-96.65627000,-66.57684000,-76.25732000
5.02929688,-90.73125000,-92.53868000,-75.34341000,-77.38382000
5.02990723,-79.56712000,-93.23753000,-68.66739000,-76.73020000
5.03051758,-77.52531000,-99.09636000,-69.26486000,-75.99689000
5.03112793,-75.77555000,-115.55340000,-77.84295000,-79.39353000
5.03173828,-80.77420000,-111.41990000,-71.28079000,-73.69447000
5.03234863,-81.03283000,-99.12624000,-77.81223000,-68.97346000
5.03295898,-79.03810000,-116.48090000,-85.73845000,-70.96705000
5.03356934,-85.74426000,-93.37017000,-82.10065000,-72.36481000
5.03417969,-95.28271000,-93.88923000,-76.53023000,-70.80872000
5.03479004,-81.99833000,-100.42730000,-66.80968000,-71.03174000
5.03540039,-76.47947000,-97.93120000,-65.96449000,-72.54142000
5.03601074,-76.68303000,-90.05810000,-70.48013000,-78.51012000
5.03662109,-82.37564000,-86.08020000,-73.07925000,-81.10402000
5.03723145,-82.50197000,-88.55254000,-70.56296000,-75.13118000
5.03784180,-81.93777000,-92.26655000,-71.64184000,-73.64822000
5.03845215,-83.84644000,-96.29075000,-70.71513000,-76.17255000
5.03906250,-83.32813000,-98.51775000,-70.58754000,-89.17972000
5.03967285,-78.69124000,-93.95227000,-83.77789000,-76.41125000
5.04028320,-77.84909000,-96.34530000,-74.02785000,-77.97686000
5.04089355,-86.32326000,-101.23740000,-70.00283000,-79.27985000
5.04150391,-85.11862000,-111.10760000,-69.25218000,-76.52757000
5.04211426,-80.32378000,-107.60300000,-73.41503000,-78.35593000
5.04272461,-83.08265000,-97.72172000,-88.71237000,-84.48707000
5.04333496,-90.44543000,-86.62378000,-72.93526000,-81.31458000
5.04394531,-93.88444000,-81.25171000,-70.67023000,-70.31013000
5.04455566,-78.59805000,-85.75847000,-73.71786000,-69.45682000
5.04516602,-74.24780000,-99.17992000,-78.42414000,-75.15733000
5.04577637,-72.56853000,-93.34275000,-72.22400000,-71.72823000
5.04638672,-76.31833000,-95.80713000,-69.11827000,-68.35201000
5.04699707,-80.79970000,-91.72618000,-72.68417000,-67.54414000
5.04760742,-78.31175000,-90.16502000,-82.05333000,-70.81118000
5.04821777,-80.52280000,-89.03846000,-78.70061000,-75.74517000
5.04882813,-79.20206000,-89.02551000,-82.98492000,-79.86878000
5.04943848,-75.76785000,-91.31171000,-77.98326000,-77.53181000
5.05004883,-72.59000000,-93.57693000,-80.13798000,-69.47300000
5.05065918,-73.43142000,-93.07191000,-73.17944000,-71.61443000
5.05126953,-73.26221000,-91.42278000,-76.42923000,-80.43034000
5.05187988,-74.66430000,-93.76636000,-71.16980000,-87.70988000
5.05249023,-79.91307000,-106.99680000,-68.44103000,-75.08591000
5.05310059,-80.25177000,-105.50480000,-68.50455000,-74.74475000
5.05371094,-78.56109000,-95.26041000,-70.18059000,-74.07386000
5.05432129,-77.45052000,-99.26131000,-78.87937000,-77.14056000
5.05493164,-79.65686000,-104.88620000,-77.61161000,-83.10719000
5.05554199,-78.69096000,-96.68370000,-77.18411000,-82.87691000
5.05615234,-77.81603000,-90.23724000,-68.20441000,-72.92569000
5.05676270,-76.64439000,-86.50781000,-65.03493000,-72.14866000
5.05737305,-74.82419000,-87.08981000,-68.65462000,-72.66631000
5.05798340,-76.86843000,-91.69547000,-84.50792000,-67.16322000
5.05859375,-79.66019000,-106.14280000,-74.87735000,-69.31287000
5.05920410,-75.07661000,-104.39930000,-68.69315000,-82.83787000
5.05981445,-78.61076000,-98.68724000,-71.02838000,-81.05576000
5.06042480,-81.80898000,-90.91814000,-85.19784000,-94.61154000
5.06103516,-78.89286000,-94.66541000,-71.55244000,-80.51199000
5.06164551,-90.60733000,-99.13246000,-69.28101000,-75.11568000
5.06225586,-80.86257000,-99.24490000,-78.45617000,-69.76003000
5.06286621,-77.05132000,-95.78324000,-73.60436000,-69.94427000
5.06347656,-80.07574000,-94.51016000,-69.63702000,-74.12761000
5.06408691,-80.09669000,-94.93877000,-74.37016000,-73.23823000
5.06469727,-87.61143000,-101.27790000,-79.04580000,-76.99799000
5.06530762,-86.57383000,-92.78096000,-75.53924000,-88.80582000
5.06591797,-83.02460000,-97.80227000,-73.58055000,-73.82043000
5.06652832,-78.52311000,-94.34566000,-78.76421000,-67.87088000
5.06713867,-82.33730000,-90.50060000,-85.05952000,-68.13211000
5.06774902,-78.29739000,-91.74533000,-77.68700000,-74.20523000
5.06835938,-83.28084000,-95.83673000,-68.05799000,-81.57958000
5.06896973,-79.98795000,-93.96491000,-66.04175000,-77.12221000
5.06958008,-75.42647000,-90.63004000,-68.25090000,-75.72283000
5.07019043,-73.72178000,-87.46047000,-78.53472000,-72.71796000
5.07080078,-75.65222000,-92.75436000,-82.36098000,-84.56783000
5.07141113,-86.11433000,-94.92023000,-78.06853000,-80.96339000
5.07202148,-83.07526000,-96.53981000,-72.22581000,-79.33644000
5.07263184,-78.21664000,-98.23239000,-71.77583000,-70.19700000
5.07324219,-80.38443000,-88.85873000,-72.42120000,-69.05145000
5.07385254,-85.00149000,-79.65682000,-78.02622000,-71.90830000
5.07446289,-83.64620000,-81.29277000,-69.24953000,-75.39099000
5.07507324,-85.20609000,-88.06698000,-67.42909000,-69.81482000
5.07568359,-84.06544000,-87.37378000,-75.67048000,-69.38046000
5.07629395,-78.62504000,-89.07818000,-73.60799000,-79.57333000
5.07690430,-77.19404000,-97.51000000,-69.14303000,-74.76987000
5.07751465,-72.49861000,-94.77752000,-68.67282000,-77.60535000
5.07812500,-77.49543000,-90.68567000,-76.28423000,-75.39907000
5.07873535,-76.35606000,-88.71469000,-69.52955000,-75.60944000
5.07934570,-75.44350000,-89.14081000,-67.78745000,-86.98253000
5.07995605,-85.70192000,-93.48299000,-70.33083000,-78.52042000
5.08056641,-90.80809000,-96.75607000,-72.11013000,-72.15778000
5.08117676,-98.73177000,-94.81361000,-72.07551000,-70.51926000
5.08178711,-91.15732000,-91.44328000,-69.72755000,-92.24885000
5.08239746,-84.60593000,-93.15963000,-70.39572000,-68.86557000
5.08300781,-82.37910000,-90.95259000,-78.97803000,-68.27500000
5.08361816,-77.88373000,-90.02593000,-90.24965000,-70.77851000
5.08422852,-79.62254000,-90.18882000,-79.41142000,-73.63027000
5.08483887,-81.05815000,-90.18396000,-84.73652000,-77.79161000
5.08544922,-83.79943000,-89.38435000,-73.66037000,-82.04318000
5.08605957,-80.66048000,-89.25416000,-68.49033000,-97.67081000
5.08666992,-79.54157000,-96.15157000,-69.87353000,-80.11621000
5.08728027,-82.41513000,-95.40154000,-76.57299000,-76.71191000
5.08789063,-83.48560000,-90.61845000,-73.16040000,-81.26894000
5.08850098,-75.52848000,-94.28837000,-67.11777000,-88.71495000
5.08911133,-75.75005000,-99.03322000,-67.33394000,-86.02525000
5.08972168,-82.96162000,-99.08362000,-83.92280000,-78.58881000
5.09033203,-79.69461000,-91.06670000,-70.50525000,-74.94939000
5.09094238,-90.52061000,-91.40512000,-69.28224000,-77.00700000
5.09155273,-72.16759000,-96.91841000,-71.18329000,-72.83953000
5.09216309,-71.56812000,-95.26907000,-67.42198000,-76.87057000
5.09277344,-83.39738000,-94.97102000,-72.96086000,-77.98511000
5.09338379,-79.90083000,-103.74660000,-73.48396000,-75.16509000
5.09399414,-82.88888000,-99.93007000,-71.09702000,-76.27570000
5.09460449,-81.65894000,-109.73000000,-68.70794000,-84.16862000
5.09521484,-77.37675000,-94.66487000,-74.12381000,-73.03658000
5.09582520,-77.26562000,-93.81054000,-74.33000000,-75.11260000
5.09643555,-76.85127000,-92.13274000,-81.25881000,-76.38175000
5.09704590,-73.32277000,-90.92243000,-79.92255000,-77.06274000
5.09765625,-74.65163000,-97.36639000,-82.39320000,-80.98083000
5.09826660,-83.89774000,-95.11102000,-73.35278000,-76.14700000
5.09887695,-79.59495000,-91.17464000,-64.88640000,-74.67248000
5.09948730,-74.58161000,-85.53166000,-64.18275000,-75.69572000
5.10009766,-74.79590000,-85.58761000,-68.79679000,-71.32089000
5.10070801,-81.55878000,-107.50430000,-72.93143000,-70.57329000
5.10131836,-98.11944000,-88.62456000,-80.04589000,-79.32435000
5.10192871,-83.67781000,-87.27460000,-81.03697000,-72.28944000
5.10253906,-89.26064000,-89.57027000,-73.91454000,-73.53222000
5.10314941,-82.01163000,-90.11798000,-71.31794000,-85.83222000
5.10375977,-78.97984000,-86.36330000,-74.43835000,-78.85620000
5.10437012,-92.83276000,-88.43105000,-75.11644000,-87.50691000
5.10498047,-83.53648000,-106.14340000,-68.44661000,-78.83907000
5.10559082,-78.85614000,-106.85620000,-64.65631000,-78.25446000
5.10620117,-76.87629000,-94.49551000,-64.17503000,-80.14024000
5.10681152,-73.50822000,-97.82713000,-64.46578000,-74.33128000
5.10742188,-74.02437000,-93.50134000,-66.89919000,-79.38474000
5.10803223,-76.94205000,-89.17314000,-74.87682000,-72.68184000
5.10864258,-74.30109000,-91.44519000,-73.51646000,-71.04276000
5.10925293,-77.71434000,-94.75208000,-73.75484000,-80.39091000
5.10986328,-84.27454000,-90.15758000,-77.03008000,-78.43596000
5.11047363,-83.92997000,-89.70573000,-81.70230000,-79.25254000
5.11108398,-83.85201000,-97.83545000,-78.08395000,-78.83286000
5.11169434,-75.64680000,-90.72765000,-70.72781000,-83.60463000
5.11230469,-74.50851000,-90.75928000,-69.25002000,-74.48291000
5.11291504,-82.10265000,-93.97430000,-79.49443000,-70.67485000
5.11352539,-82.62241000,-95.07750000,-78.94982000,-73.56671000
5.11413574,-75.46746000,-101.03860000,-74.29486000,-74.39761000
5.11474609,-74.12365000,-98.17261000,-68.43211000,-76.61829000
5.11535645,-74.09550000,-102.79290000,-75.28490000,-81.47849000
5.11596680,-74.42869000,-107.49260000,-74.96253000,-74.00351000
5.11657715,-74.23886000,-102.44310000,-66.93843000,-72.70608000
5.11718750,-77.87387000,-98.11021000,-65.04358000,-79.95732000
5.11779785,-86.98604000,-95.68558000,-69.93640000,-82.43686000
5.11840820,-79.51814000,-98.58182000,-81.83473000,-82.45243000
5.11901855,-81.41176000,-92.48819000,-73.89695000,-81.82442000
5.11962891,-78.75980000,-91.93646000,-83.16445000,-83.95811000
5.12023926,-75.02723000,-92.49864000,-74.30884000,-83.88927000
5.12084961,-74.77280000,-88.52322000,-76.76978000,-82.43492000
5.12145996,-80.33884000,-90.44620000,-75.81702000,-75.63077000
5.12207031,-81.85304000,-92.72884000,-77.40047000,-72.32818000
5.12268066,-88.39305000,-92.71651000,-71.18559000,-76.07025000
5.12329102,-79.93718000,-90.85100000,-67.53986000,-84.54246000
5.12390137,-80.18612000,-89.65550000,-69.97346000,-85.86084000
5.12451172,-87.49132000,-89.01435000,-74.14320000,-78.14954000
5.12512207,-91.07850000,-88.64098000,-77.39417000,-73.47763000
5.12573242,-87.16052000,-89.06831000,-90.14177000,-71.62984000
5.12634277,-78.58083000,-93.81889000,-74.93140000,-73.06290000
5.12695313,-76.16826000,-94.58852000,-69.95409000,-73.39223000
5.12756348,-83.93296000,-91.27071000,-70.27001000,-76.18645000
5.12817383,-87.53143000,-89.94209000,-72.77464000,-86.37102000
5.12878418,-100.32110000,-88.53928000,-73.67290000,-101.84510000
5.12939453,-87.96153000,-91.64020000,-71.20828000,-78.84403000
5.13000488,-91.07768000,-92.37804000,-69.70957000,-79.49689000
5.13061523,-80.35225000,-93.71201000,-74.18633000,-75.60364000
5.13122559,-79.47245000,-112.03160000,-72.48701000,-70.59020000
5.13183594,-82.43351000,-98.53577000,-73.58405000,-70.85081000
5.13244629,-86.69215000,-93.66074000,-76.94805000,-71.74709000
5.13305664,-84.06007000,-87.97120000,-76.86827000,-69.45894000
5.13366699,-79.10445000,-80.54887000,-76.18764000,-68.04750000
5.13427734,-76.35201000,-80.05533000,-73.68466000,-73.70190000
5.13488770,-75.46349000,-85.98332000,-71.33515000,-82.70751000
5.13549805,-76.65931000,-95.67318000,-69.16948000,-71.28563000
5.13610840,-77.06496000,-99.26040000,-70.45564000,-72.29163000
5.13671875,-80.66666000,-95.18053000,-86.44380000,-80.31287000
5.13732910,-79.55383000,-94.40996000,-71.61139000,-96.14903000
5.13793945,-76.63989000,-94.62693000,-74.46359000,-76.42389000
5.13854980,-77.13452000,-98.83179000,-90.38760000,-72.71667000
5.13916016,-75.28299000,-104.87310000,-74.16573000,-78.11271000
5.13977051,-73.33243000,-94.29591000,-70.98949000,-88.04616000
5.14038086,-75.39306000,-93.54725000,-82.05014000,-81.79066000
5.14099121,-75.29032000,-97.82752000,-78.92889000,-74.48206000
5.14160156,-77.56576000,-94.03186000,-75.89284000,-73.63136000
5.14221191,-81.15967000,-94.37018000,-72.66102000,-68.63771000
5.14282227,-80.56434000,-98.91554000,-76.10239000,-65.12508000
5.14343262,-84.18048000,-102.94290000,-73.11221000,-65.90930000
5.14404297,-85.76019000,-98.20701000,-70.78021000,-70.57727000
5.14465332,-80.81195000,-102.37590000,-69.39365000,-75.93688000
5.14526367,-74.50567000,-91.94099000,-68.89244000,-78.70676000
5.14587402,-69.82882000,-88.05536000,-66.31280000,-76.37312000
5.14648438,-71.65536000,-94.18145000,-66.91266000,-76.91547000
5.14709473,-80.34172000,-95.25954000,-68.89971000,-73.23736000
5.14770508,-79.53915000,-95.92311000,-70.12687000,-80.79589000
5.14831543,-76.45374000,-98.75943000,-68.50969000,-74.28323000
5.14892578,-90.82266000,-90.74084000,-65.28519000,-73.92492000
5.14953613,-76.99818000,-85.26534000,-64.62271000,-78.00169000
5.15014648,-72.57257000,-85.47678000,-63.19458000,-74.59666000
5.15075684,-76.22564000,-91.06918000,-63.17331000,-71.88491000
5.15136719,-86.12556000,-90.83993000,-67.70241000,-75.29831000
5.15197754,-83.24013000,-91.90421000,-73.24803000,-78.34578000
5.15258789,-86.98207000,-102.54240000,-76.65036000,-80.76247000
5.15319824,-75.62798000,-96.62235000,-76.84280000,-73.87782000
5.15380859,-75.29967000,-92.36217000,-83.42419000,-74.60471000
5.15441895,-75.20123000,-91.13638000,-73.13702000,-71.95093000
5.15502930,-75.67587000,-91.76740000,-77.62500000,-75.05892000
5.15563965,-78.60332000,-94.86279000,-71.51396000,-77.38954000
5.15625000,-84.30397000,-88.20914000,-68.46712000,-70.27854000
5.15686035,-78.68605000,-88.01768000,-71.19104000,-67.39065000
5.15747070,-73.34705000,-92.49223000,-72.91835000,-69.26728000
5.15808105,-71.18639000,-93.92455000,-73.23230000,-71.63345000
5.15869141,-78.52258000,-98.67715000,-76.00630000,-74.14699000
5.15930176,-76.64700000,-101.33830000,-84.98970000,-83.87384000
5.15991211,-74.56396000,-99.99106000,-71.68603000,-77.70242000
5.16052246,-76.97668000,-99.73534000,-73.19514000,-73.14475000
5.16113281,-82.17511000,-100.93060000,-76.43801000,-74.39955000
5.16174316,-85.52140000,-104.62810000,-70.40863000,-74.37421000
5.16235352,-74.87159000,-97.24280000,-73.01891000,-74.03771000
5.16296387,-75.82093000,-92.89086000,-77.83818000,-78.17748000
5.16357422,-77.68607000,-85.17406000,-72.52010000,-75.92910000
5.16418457,-86.93996000,-85.56340000,-71.32097000,-70.28168000
5.16479492,-80.60226000,-110.33840000,-73.01030000,-71.04819000
5.16540527,-76.64546000,-93.06443000,-74.08828000,-76.27216000
5.16601563,-74.64356000,-99.60571000,-65.38167000,-72.63483000
5.16662598,-83.96397000,-113.06570000,-63.83259000,-71.26195000
5.16723633,-82.06493000,-96.21525000,-66.34972000,-72.50097000
5.16784668,-82.85719000,-88.45612000,-73.90583000,-77.29602000
5.16845703,-81.75014000,-87.29278000,-67.67552000,-79.09337000
5.16906738,-80.28207000,-90.87920000,-66.68193000,-93.93533000
5.16967773,-77.01676000,-90.65098000,-69.29199000,-74.91828000
5.17028809,-80.10295000,-87.79442000,-68.90654000,-78.83590000
5.17089844,-80.30524000,-88.73642000,-70.81707000,-74.36570000
5.17150879,-80.39537000,-89.72256000,-75.05129000,-83.57547000
5.17211914,-93.94818000,-90.38202000,-92.04438000,-74.27022000
5.17272949,-93.76186000,-89.57999000,-72.45047000,-76.53313000
5.17333984,-96.64161000,-92.57274000,-68.32051000,-82.48947000
5.17395020,-78.74707000,-89.15237000,-69.74278000,-73.34100000
5.17456055,-71.76540000,-86.35162000,-70.53749000,-68.92282000
5.17517090,-72.49728000,-86.28546000,-66.92659000,-70.94965000
5.17578125,-78.44257000,-90.31085000,-66.94370000,-76.19693000
5.17639160,-85.70693000,-94.02081000,-72.68348000,-82.25381000
5.17700195,-83.49326000,-93.88573000,-73.25454000,-80.53830000
5.17761230,-85.76672000,-99.80727000,-68.62370000,-86.55853000
5.17822266,-81.09056000,-110.53710000,-68.03952000,-74.22247000
5.17883301,-77.75323000,-108.87110000,-69.38866000,-78.89507000
5.17944336,-77.84286000,-100.15450000,-77.95374000,-75.44218000
5.18005371,-74.24199000,-95.99998000,-83.76451000,-74.77914000
5.18066406,-74.80858000,-93.89351000,-74.56023000,-73.99895000
5.18127441,-83.83456000,-93.59139000,-72.27116000,-76.79967000
5.18188477,-83.79488000,-94.44673000,-69.40717000,-75.70566000
5.18249512,-76.08857000,-94.02049000,-67.24400000,-78.19042000
5.18310547,-76.10619000,-97.96506000,-70.44343000,-86.68621000
5.18371582,-83.78835000,-100.52890000,-75.26499000,-75.51558000
5.18432617,-88.20636000,-96.61144000,-72.35619000,-74.05164000
5.18493652,-87.08139000,-101.46300000,-69.51951000,-83.38467000
5.18554688,-85.19061000,-95.13149000,-68.66683000,-85.39264000
5.18615723,-80.67857000,-91.00972000,-64.80676000,-83.35567000
5.18676758,-81.17058000,-98.62611000,-64.50735000,-77.26066000
5.18737793,-88.73275000,-93.26537000,-72.05051000,-74.27937000
5.18798828,-88.96487000,-91.86691000,-70.26498000,-77.17122000
5.18859863,-92.09250000,-94.47456000,-66.54542000,-76.01167000
5.18920898,-79.10287000,-91.60114000,-72.99262000,-75.45718000
5.18981934,-72.76247000,-90.94545000,-72.73729000,-82.16409000
5.19042969,-72.75783000,-90.12908000,-78.16473000,-83.51044000
5.19104004,-76.55627000,-90.06763000,-81.32613000,-74.81497000
5.19165039,-75.24193000,-95.00583000,-70.90640000,-69.94817000
5.19226074,-72.41070000,-97.47105000,-68.37888000,-72.77681000
5.19287109,-71.64442000,-88.61164000,-67.07401000,-72.37168000
5.19348145,-71.17852000,-82.84138000,-65.73042000,-71.67487000
5.19409180,-72.00290000,-81.92506000,-65.84326000,-69.39103000
5.19470215,-72.47238000,-85.39240000,-70.20145000,-70.27415000
5.19531250,-72.41547000,-90.02727000,-87.11434000,-77.67588000
5.19592285,-74.74585000,-97.90569000,-69.26315000,-97.03660000
5.19653320,-75.15618000,-88.66115000,-64.47133000,-76.33495000
5.19714355,-75.67033000,-85.04765000,-64.88773000,-74.14902000
5.19775391,-76.62317000,-92.62448000,-70.43311000,-80.35259000
5.19836426,-75.28716000,-94.47258000,-75.68596000,-72.25946000
5.19897461,-73.23916000,-90.10654000,-73.78722000,-74.40002000
5.19958496,-71.65874000,-88.33717000,-75.68919000,-79.72807000
5.20019531,-74.94272000,-86.64716000,-70.74483000,-77.85853000
5.20080566,-88.59209000,-90.73022000,-68.78915000,-79.95088000
5.20141602,-83.48412000,-103.07220000,-77.01556000,-77.49170000
5.20202637,-81.63445000,-97.30031000,-85.74379000,-79.01991000
5.20263672,-82.42560000,-92.09176000,-76.62112000,-78.87969000
5.20324707,-81.15746000,-94.36100000,-73.05959000,-75.31587000
5.20385742,-99.00638000,-99.51234000,-93.53881000,-70.11708000
5.20446777,-79.87939000,-97.09616000,-71.48778000,-69.67653000
5.20507813,-76.58814000,-99.80122000,-68.66256000,-71.45726000
5.20568848,-76.48680000,-100.22510000,-69.34553000,-74.08026000
5.20629883,-81.21925000,-91.08779000,-81.03484000,-73.37596000
5.20690918,-79.53036000,-91.24638000,-81.96524000,-74.72437000
5.20751953,-75.89929000,-96.39386000,-76.11945000,-76.55267000
5.20812988,-78.28094000,-95.16689000,-76.36847000,-77.79553000
5.20874023,-89.98978000,-96.06357000,-76.99336000,-77.25490000
5.20935059,-87.27913000,-95.11741000,-72.85291000,-77.55730000
5.20996094,-83.32423000,-93.61749000,-69.27201000,-75.07718000
5.21057129,-82.85745000,-88.06908000,-70.06782000,-73.15031000
5.21118164,-82.80635000,-87.97849000,-70.32958000,-75.79288000
5.21179199,-82.76603000,-90.16304000,-78.34701000,-85.32695000
5.21240234,-78.60770000,-89.80778000,-85.02942000,-79.66842000
5.21301270,-79.64517000,-91.75340000,-74.79546000,-73.35883000
5.21362305,-81.53571000,-95.87753000,-70.30659000,-74.53464000
5.21423340,-79.90663000,-101.74990000,-70.07648000,-73.98853000
5.21484375,-78.97749000,-104.77910000,-67.08764000,-70.97562000
5.21545410,-82.13164000,-91.49602000,-67.40406000,-74.65592000
5.21606445,-86.84343000,-93.75343000,-69.49833000,-84.36882000
5.21667480,-78.28017000,-105.14760000,-66.37298000,-71.57004000
5.21728516,-73.57334000,-105.58950000,-66.21956000,-73.07443000
5.21789551,-75.56488000,-94.19448000,-70.04160000,-90.96549000
5.21850586,-85.76786000,-97.12811000,-82.82303000,-78.24673000
5.21911621,-86.95573000,-95.37093000,-72.24038000,-74.68269000
5.21972656,-78.51073000,-89.35538000,-69.83041000,-71.41466000
5.22033691,-76.20358000,-89.04503000,-75.33700000,-77.52511000
5.22094727,-79.21892000,-92.40002000,-78.02132000,-76.58416000
5.22155762,-89.15916000,-99.57017000,-73.31772000,-71.20139000
5.22216797,-79.05929000,-104.29410000,-69.64700000,-76.03848000
5.22277832,-74.99623000,-100.93720000,-73.24060000,-81.65663000
5.22338867,-78.84030000,-88.19228000,-85.11566000,-76.20625000
5.22399902,-90.58488000,-84.72354000,-75.88577000,-75.86537000
5.22460938,-91.65466000,-89.74730000,-69.67596000,-71.11221000
5.22521973,-82.45885000,-99.36695000,-70.76173000,-70.81356000
5.22583008,-79.32011000,-98.00396000,-80.84195000,-72.13993000
5.22644043,-83.57135000,-92.57446000,-69.11918000,-75.28522000
5.22705078,-74.04005000,-88.28484000,-69.79768000,-85.11677000
5.22766113,-71.44376000,-88.18990000,-82.59164000,-78.47909000
5.22827148,-71.78630000,-92.93954000,-68.76885000,-76.16856000
5.22888184,-74.47420000,-95.11858000,-66.75011000,-75.94994000
5.22949219,-80.36333000,-88.86032000,-70.47942000,-79.50961000
5.23010254,-82.18625000,-91.10760000,-66.86360000,-74.53923000
5.23071289,-79.51924000,-100.53660000,-67.13542000,-74.39587000
5.23132324,-82.43539000,-105.32470000,-66.66077000,-73.58794000
5.23193359,-100.02400000,-104.12570000,-68.09907000,-76.02202000
5.23254395,-87.06467000,-93.20365000,-68.08154000,-71.07461000
5.23315430,-81.96769000,-88.17274000,-65.31143000,-69.52821000
5.23376465,-78.73325000,-93.62843000,-65.95237000,-72.05341000
5.23437500,-78.26070000,-102.32210000,-71.44746000,-75.30648000
5.23498535,-86.45115000,-104.54250000,-86.53613000,-82.40170000
5.23559570,-82.39557000,-101.65030000,-78.50198000,-74.84433000
5.23620605,-77.41682000,-99.83982000,-75.72368000,-77.35137000
5.23681641,-76.29034000,-102.27670000,-65.65013000,-91.62293000
5.23742676,-79.69211000,-90.51578000,-63.18564000,-75.67402000
5.23803711,-97.73293000,-88.13605000,-68.76271000,-72.78350000
5.23864746,-82.24819000,-90.05363000,-74.44669000,-74.63835000
5.23925781,-75.27387000,-94.57787000,-68.06152000,-74.92544000
5.23986816,-82.56839000,-96.95583000,-73.16509000,-74.74549000
5.24047852,-78.98393000,-92.21457000,-77.98792000,-72.83974000
5.24108887,-80.48898000,-94.80508000,-96.51633000,-77.49649000
5.24169922,-88.51802000,-102.33800000,-72.47869000,-78.93156000
5.24230957,-87.60657000,-99.90865000,-69.05490000,-73.27101000
5.24291992,-86.35827000,-98.74607000,-74.14027000,-72.36145000
5.24353027,-82.66402000,-106.19940000,-69.60519000,-76.24979000
5.24414063,-83.29951000,-103.80510000,-72.06407000,-79.41751000
5.24475098,-83.85118000,-99.31296000,-73.35660000,-70.23013000
5.24536133,-81.10320000,-93.60892000,-65.32676000,-74.25452000
5.24597168,-78.52902000,-92.09592000,-65.34707000,-77.26779000
5.24658203,-76.96551000,-87.62177000,-71.76603000,-72.43424000
5.24719238,-79.33058000,-87.78828000,-74.50175000,-74.88995000
5.24780273,-77.72850000,-91.24566000,-72.28038000,-79.77083000
5.24841309,-75.02657000,-94.12593000,-69.53851000,-84.43885000
5.24902344,-73.72209000,-99.86759000,-69.31567000,-88.17894000
5.24963379,-65.71210000,-88.73788000,-66.63073000,-72.19933000
5.25024414,-64.39304000,-82.16531000,-73.96388000,-74.67521000
5.25085449,-74.26194000,-84.08261000,-74.18607000,-83.30843000
5.25146484,-78.50792000,-90.45578000,-70.92179000,-75.94545000
5.25207520,-79.85532000,-91.44420000,-74.44832000,-69.47604000
5.25268555,-85.19860000,-88.83167000,-79.32323000,-71.53615000
5.25329590,-78.67896000,-83.69040000,-97.87743000,-80.22826000
5.25390625,-85.22724000,-76.81255000,-81.64588000,-76.05289000
5.25451660,-71.12418000,-78.52466000,-68.47475000,-70.31001000
5.25512695,-70.18430000,-90.90607000,-67.07510000,-68.54684000
5.25573730,-73.21336000,-114.91360000,-75.02050000,-71.27952000
5.25634766,-72.28328000,-96.02554000,-79.43921000,-75.17286000
5.25695801,-71.72508000,-91.92136000,-75.98309000,-73.23309000
5.25756836,-75.34637000,-104.66640000,-74.87850000,-70.91140000
5.25817871,-82.08136000,-90.86735000,-68.79474000,-70.44095000
5.25878906,-85.15698000,-91.17478000,-67.53040000,-72.92901000
5.25939941,-89.19285000,-100.55290000,-74.44640000,-78.27907000
5.26000977,-94.11761000,-104.88140000,-71.43388000,-82.75789000
5.26062012,-85.61819000,-93.33212000,-70.05434000,-89.86256000
5.26123047,-82.26805000,-92.36565000,-67.40870000,-82.29638000
5.26184082,-82.10946000,-93.54988000,-65.40189000,-77.30880000
5.26245117,-79.82021000,-88.46391000,-68.41760000,-70.49566000
5.26306152,-75.83780000,-86.31789000,-89.16111000,-68.04482000
5.26367188,-75.08810000,-86.14022000,-71.67171000,-68.72713000
5.26428223,-77.98079000,-87.35339000,-71.54453000,-70.00105000
5.26489258,-92.28017000,-95.75199000,-79.15942000,-72.98733000
5.26550293,-94.33254000,-95.99114000,-76.88110000,-76.93851000
5.26611328,-85.39764000,-103.40940000,-70.23148000,-80.82843000
5.26672363,-88.25889000,-94.55894000,-70.95786000,-73.98671000
5.26733398,-81.97243000,-95.77303000,-69.12750000,-72.45153000
5.26794434,-82.51239000,-102.40880000,-72.28528000,-73.80452000
5.26855469,-81.85543000,-98.07018000,-71.55907000,-71.96590000
5.26916504,-81.38376000,-93.21255000,-74.20979000,-78.25505000
5.26977539,-86.60440000,-94.91223000,-69.26941000,-72.42783000
5.27038574,-81.70996000,-103.67830000,-72.63503000,-67.80202000
5.27099609,-79.16450000,-89.01661000,-76.83681000,-69.75552000
5.27160645,-84.66049000,-88.94957000,-78.53554000,-71.49165000
5.27221680,-92.67020000,-94.31627000,-86.58619000,-76.06818000
5.27282715,-90.60141000,-94.09837000,-81.38956000,-81.94337000
5.27343750,-82.88033000,-96.50796000,-74.92395000,-82.47614000
5.27404785,-80.16354000,-106.62220000,-69.87870000,-78.04790000
5.27465820,-79.57336000,-96.60995000,-68.01119000,-77.62911000
5.27526855,-75.42326000,-90.26768000,-70.22263000,-74.52088000
5.27587891,-74.38206000,-93.89831000,-68.75902000,-76.19234000
5.27648926,-74.87000000,-98.61935000,-69.39147000,-73.40858000
5.27709961,-71.72485000,-92.01003000,-75.45124000,-72.54596000
5.27770996,-69.91639000,-89.45313000,-66.70774000,-72.95329000
5.27832031,-71.86916000,-87.12512000,-61.83227000,-73.84560000
5.27893066,-81.41297000,-86.73255000,-63.15870000,-79.09937000
5.27954102,-82.71706000,-88.42540000,-71.08743000,-84.45164000
5.28015137,-84.83661000,-93.47591000,-70.09743000,-75.02336000
5.28076172,-82.94612000,-96.33216000,-74.82738000,-84.12254000
5.28137207,-77.12315000,-96.88806000,-83.24498000,-75.34369000
5.28198242,-82.04857000,-104.86140000,-71.09818000,-74.28840000
5.28259277,-84.79545000,-93.71926000,-68.81436000,-71.31519000
5.28320313,-82.75108000,-85.95990000,-76.67129000,-69.55568000
5.28381348,-86.83143000,-81.60945000,-75.32137000,-73.33896000
5.28442383,-89.55894000,-84.31673000,-75.53555000,-77.24808000
5.28503418,-86.61026000,-106.40870000,-72.79998000,-80.35381000
5.28564453,-85.95262000,-95.27591000,-70.81962000,-85.41267000
5.28625488,-80.99776000,-93.75499000,-69.53686000,-74.50622000
5.28686523,-70.18903000,-95.45575000,-70.42336000,-78.21162000
5.28747559,-67.98633000,-96.15555000,-67.16243000,-87.90694000
5.28808594,-71.37203000,-97.77036000,-66.62433000,-77.47625000
5.28869629,-76.16509000,-97.89165000,-66.86797000,-70.69469000
5.28930664,-80.20564000,-94.41966000,-68.68756000,-71.08708000
5.28991699,-76.86249000,-105.81230000,-70.01385000,-73.05699000
5.29052734,-78.46059000,-97.61440000,-68.94889000,-74.28414000
5.29113770,-94.31907000,-96.23190000,-74.60101000,-75.33551000
5.29174805,-77.01427000,-88.23083000,-71.84671000,-79.56180000
5.29235840,-77.58743000,-88.05396000,-72.04112000,-79.54697000
5.29296875,-77.09966000,-98.20815000,-77.74487000,-73.35017000
5.29357910,-76.96651000,-98.22814000,-71.98930000,-73.62090000
5.29418945,-80.34524000,-103.54760000,-67.97809000,-70.47934000
5.29479980,-78.70437000,-98.23740000,-68.28236000,-69.21958000
5.29541016,-80.15547000,-92.17583000,-69.97137000,-70.67835000
5.29602051,-84.22350000,-91.34683000,-75.84569000,-74.27561000
5.29663086,-85.99474000,-94.45332000,-75.63158000,-80.25975000
5.29724121,-80.16136000,-97.71053000,-71.25776000,-89.19861000
5.29785156,-77.88369000,-95.43903000,-69.94086000,-78.97970000
5.29846191,-78.80875000,-99.47516000,-70.67684000,-77.33334000
5.29907227,-93.87930000,-93.00948000,-69.12426000,-77.24681000
5.29968262,-76.45461000,-87.56615000,-72.35040000,-72.28271000
5.30029297,-76.72310000,-86.32905000,-74.43090000,-70.00958000
5.30090332,-91.11688000,-86.52444000,-71.20195000,-72.86671000
5.30151367,-81.54618000,-91.40870000,-72.47765000,-72.51054000
5.30212402,-84.80782000,-96.62891000,-75.57072000,-75.01283000
5.30273438,-84.56447000,-88.32981000,-77.23257000,-75.82994000
5.30334473,-80.11595000,-86.14349000,-86.21219000,-75.24280000
5.30395508,-83.13855000,-86.33644000,-71.80142000,-77.50581000
5.30456543,-91.05587000,-90.83813000,-69.99544000,-73.78555000
5.30517578,-89.74872000,-98.62827000,-82.06421000,-78.93504000
5.30578613,-90.58053000,-98.76772000,-72.71534000,-78.49299000
5.30639648,-84.15089000,-90.55466000,-71.81336000,-73.60557000
5.30700684,-79.97405000,-89.32996000,-81.65305000,-71.53826000
5.30761719,-78.89919000,-98.59483000,-74.19090000,-72.59337000
5.30822754,-75.93002000,-96.86293000,-68.52985000,-78.99163000
5.30883789,-74.06982000,-97.06268000,-64.97962000,-84.71706000
5.30944824,-78.73026000,-111.11040000,-64.84765000,-77.14482000
5.31005859,-78.32771000,-91.36336000,-68.30964000,-75.97437000
5.31066895,-81.87569000,-91.63435000,-74.64990000,-73.33179000
5.31127930,-83.99883000,-100.19610000,-68.02432000,-76.78075000
5.31188965,-84.23118000,-99.98221000,-67.60878000,-75.15047000
5.31250000,-78.32365000,-92.56563000,-70.57380000,-71.05659000
5.31311035,-74.23534000,-102.86040000,-68.26438000,-75.26466000
5.31372070,-70.78462000,-78.17487000,-64.65056000,-72.19000000
5.31433105,-73.05268000,-76.02749000,-66.13351000,-71.34244000
5.31494141,-86.74324000,-84.36606000,-68.26760000,-84.29796000
5.31555176,-81.37414000,-89.20160000,-66.57690000,-73.80981000
5.31616211,-85.99433000,-88.54083000,-64.42016000,-82.91691000
5.31677246,-85.80171000,-91.42719000,-66.68588000,-79.41695000
5.31738281,-79.46449000,-97.36725000,-75.76170000,-69.53055000
5.31799316,-77.01453000,-108.58080000,-67.50856000,-68.22973000
5.31860352,-73.39685000,-96.32939000,-68.66537000,-70.14889000
5.31921387,-73.38321000,-99.25758000,-89.21915000,-75.32069000
5.31982422,-78.10928000,-97.09607000,-76.43073000,-87.84503000
5.32043457,-83.67355000,-92.26009000,-75.63863000,-88.11135000
5.32104492,-80.66965000,-94.53602000,-78.59661000,-89.94144000
5.32165527,-80.57832000,-94.80905000,-76.92199000,-93.53439000
5.32226563,-83.67212000,-90.43484000,-64.89310000,-87.76071000
5.32287598,-81.85672000,-87.85221000,-62.25584000,-75.79758000
5.32348633,-74.89503000,-90.44246000,-68.51257000,-70.11461000
5.32409668,-74.58334000,-91.25304000,-75.55725000,-70.91046000
5.32470703,-81.14491000,-91.97720000,-66.78902000,-71.76227000
5.32531738,-98.03933000,-102.83980000,-68.70701000,-78.36221000
5.32592773,-79.00244000,-96.70968000,-73.83389000,-76.49898000
5.32653809,-73.09453000,-98.31770000,-76.07533000,-76.76421000
5.32714844,-73.66721000,-93.36475000,-78.72816000,-81.24447000
5.32775879,-78.86575000,-99.77296000,-73.92609000,-74.98645000
5.32836914,-80.00331000,-118.98440000,-73.42406000,-72.76640000
5.32897949,-79.46717000,-108.16070000,-77.85260000,-72.87030000
5.32958984,-82.32964000,-96.96841000,-77.03239000,-73.86367000
5.33020020,-89.61449000,-90.20157000,-71.15554000,-73.66714000
5.33081055,-74.95910000,-89.55162000,-70.09553000,-73.02552000
5.33142090,-64.02990000,-93.94425000,-73.98740000,-72.38658000
5.33203125,-62.48241000,-99.11197000,-69.30812000,-71.80638000
5.33264160,-69.57211000,-88.20003000,-72.03155000,-73.23728000
5.33325195,-87.54223000,-86.36356000,-94.77029000,-76.65031000
5.33386230,-79.43192000,-88.50906000,-74.61592000,-71.22227000
5.33447266,-76.63766000,-93.21388000,-86.95241000,-73.07934000
5.33508301,-79.30442000,-90.28711000,-74.68861000,-76.32069000
5.33569336,-79.48985000,-92.46140000,-69.21597000,-77.88231000
5.33630371,-75.15788000,-98.45065000,-72.02864000,-71.58028000
5.33691406,-77.04216000,-99.10851000,-74.57127000,-74.28214000
5.33752441,-80.72192000,-93.50475000,-76.97029000,-84.71126000
5.33813477,-82.10101000,-90.25780000,-86.73657000,-81.36143000
5.33874512,-79.58321000,-91.50443000,-89.77742000,-78.63641000
5.33935547,-81.11311000,-90.44374000,-83.82896000,-69.53801000
5.33996582,-84.47589000,-87.93136000,-75.10041000,-69.40881000
5.34057617,-89.96423000,-90.03050000,-73.44965000,-72.47330000
5.34118652,-83.52977000,-94.03831000,-71.62463000,-76.55999000
5.34179688,-83.47531000,-97.31384000,-70.48627000,-75.73459000
5.34240723,-79.31630000,-102.66680000,-67.59985000,-69.49792000
5.34301758,-78.51360000,-93.52756000,-67.53815000,-69.66597000
5.34362793,-80.72833000,-85.55716000,-72.06091000,-73.90692000
5.34423828,-76.37567000,-83.63295000,-77.44277000,-82.40057000
5.34484863,-78.88544000,-98.15357000,-86.60951000,-82.54788000
5.34545898,-85.23109000,-90.74789000,-85.33087000,-75.30981000
5.34606934,-85.74195000,-91.99952000,-77.61082000,-69.99844000
5.34667969,-86.14930000,-92.27841000,-73.77759000,-71.18925000
5.34729004,-79.89254000,-93.13541000,-74.60393000,-76.53695000
5.34790039,-86.86620000,-90.30529000,-74.69454000,-75.98204000
5.34851074,-77.75710000,-90.67656000,-79.91484000,-76.30206000
5.34912109,-73.90452000,-99.78413000,-80.91551000,-78.40770000
5.34973145,-78.90486000,-103.45060000,-79.05881000,-75.20024000
5.35034180,-86.70025000,-94.14504000,-75.24320000,-75.08221000
5.35095215,-79.64038000,-92.12292000,-75.79707000,-76.98368000
5.35156250,-76.75614000,-94.93519000,-83.01392000,-72.73257000
5.35217285,-71.27880000,-95.29950000,-84.90815000,-72.11180000
5.35278320,-72.29174000,-87.89667000,-74.24216000,-78.87894000
5.35339355,-81.47602000,-88.55740000,-70.92416000,-80.02382000
5.35400391,-90.48209000,-91.30200000,-67.90433000,-78.60197000
5.35461426,-88.10901000,-91.75721000,-67.54216000,-69.36079000
5.35522461,-81.86652000,-100.52720000,-76.14955000,-72.17307000
5.35583496,-81.04066000,-89.67010000,-69.72113000,-80.42530000
5.35644531,-79.50175000,-90.28091000,-66.78528000,-84.69669000
5.35705566,-76.09532000,-94.49154000,-65.77583000,-75.05972000
5.35766602,-70.62658000,-97.84222000,-64.31757000,-74.25366000
5.35827637,-68.84115000,-97.10939000,-66.52206000,-72.17139000
5.35888672,-71.30449000,-92.55261000,-88.53187000,-72.31526000
5.35949707,-71.80792000,-92.36726000,-72.35057000,-80.00238000
5.36010742,-73.99592000,-88.52347000,-68.62134000,-77.76294000
5.36071777,-81.29771000,-85.61695000,-66.14056000,-75.00474000
5.36132813,-78.03136000,-86.28436000,-67.81992000,-72.71789000
5.36193848,-75.58951000,-90.17902000,-82.60551000,-72.14552000
5.36254883,-87.42729000,-94.32090000,-81.06236000,-76.44167000
5.36315918,-76.35640000,-88.79276000,-97.87645000,-72.86956000
5.36376953,-77.53026000,-87.09473000,-80.52093000,-71.38689000
5.36437988,-73.57642000,-89.48466000,-80.74524000,-72.35978000
5.36499023,-69.28750000,-91.09531000,-88.15356000,-72.12337000
5.36560059,-70.49819000,-89.65130000,-77.15830000,-77.96510000
5.36621094,-76.88851000,-97.51729000,-78.50272000,-76.27777000
5.36682129,-85.78788000,-98.70799000,-74.46040000,-75.64536000
5.36743164,-86.05644000,-101.38500000,-72.31943000,-78.27778000
5.36804199,-84.74476000,-90.67211000,-73.51682000,-72.99519000
5.36865234,-70.94881000,-90.17784000,-67.12280000,-75.88326000
5.36926270,-71.65143000,-92.28967000,-66.56564000,-83.83071000
5.36987305,-81.09901000,-96.68166000,-68.64449000,-77.49524000
5.37048340,-79.82899000,-94.43668000,-68.03378000,-74.22959000
5.37109375,-78.04985000,-101.31990000,-67.35705000,-84.80589000
5.37170410,-77.31325000,-94.96461000,-70.53906000,-72.63322000
5.37231445,-80.21068000,-103.95490000,-74.57629000,-70.99224000
5.37292480,-80.24052000,-103.48800000,-75.86568000,-73.08676000
5.37353516,-79.92635000,-88.17796000,-82.28735000,-71.81767000
5.37414551,-80.58490000,-81.38365000,-77.66884000,-74.06821000
5.37475586,-90.80016000,-83.23647000,-71.51231000,-77.42277000
5.37536621,-83.47844000,-91.01234000,-72.90527000,-76.29962000
5.37597656,-91.98966000,-88.17917000,-72.68548000,-68.84284000
5.37658691,-77.89938000,-85.61383000,-67.92139000,-70.65246000
5.37719727,-76.17032000,-91.00593000,-65.64295000,-96.86314000
5.37780762,-76.84990000,-101.76550000,-66.72389000,-76.28516000
5.37841797,-81.57512000,-94.67931000,-71.37430000,-71.75301000
5.37902832,-95.58330000,-94.27763000,-86.96367000,-71.36427000
5.37963867,-92.22995000,-92.81328000,-75.32386000,-75.19505000
5.38024902,-97.84039000,-96.50773000,-74.65503000,-78.57115000
5.38085938,-84.44846000,-96.44728000,-81.24730000,-86.89470000
5.38146973,-81.37185000,-89.56688000,-74.71268000,-76.96082000
5.38208008,-80.75438000,-91.18987000,-83.17847000,-89.04735000
5.38269043,-82.96115000,-94.27257000,-71.43599000,-72.03388000
5.38330078,-78.72086000,-92.89224000,-71.39491000,-71.26001000
5.38391113,-80.02237000,-93.62413000,-68.67828000,-73.60858000
5.38452148,-80.97432000,-97.68869000,-68.36764000,-77.88881000
5.38513184,-78.90915000,-105.27300000,-74.97962000,-87.69546000
5.38574219,-79.95467000,-94.46076000,-79.09538000,-82.83470000
5.38635254,-77.58022000,-89.28699000,-83.60551000,-77.85887000
5.38696289,-81.37145000,-92.12816000,-70.34789000,-84.17502000
5.38757324,-80.19151000,-100.82590000,-67.76656000,-75.97900000
5.38818359,-78.59133000,-105.19930000,-65.30577000,-77.01993000
5.38879395,-76.38969000,-100.25980000,-66.35152000,-76.91102000
5.38940430,-75.75441000,-88.75083000,-68.27307000,-73.21578000
5.39001465,-80.60296000,-88.09009000,-68.40919000,-72.48117000
5.39062500,-83.95781000,-94.22158000,-65.07892000,-74.27707000
5.39123535,-81.83922000,-98.20222000,-63.50531000,-74.87852000
5.39184570,-77.34219000,-93.55171000,-68.04845000,-86.55723000
5.39245605,-75.01329000,-95.30685000,-72.54533000,-74.31665000
5.39306641,-79.59308000,-99.24343000,-68.42965000,-76.39159000
5.39367676,-73.68987000,-94.22777000,-68.98472000,-85.28183000
5.39428711,-74.18578000,-89.84882000,-70.96149000,-72.95911000
5.39489746,-79.75463000,-90.24194000,-76.36703000,-68.00408000
5.39550781,-89.21250000,-92.99790000,-70.75826000,-67.61418000
5.39611816,-80.68727000,-97.20782000,-69.70050000,-70.35764000
5.39672852,-82.60854000,-107.94810000,-73.24050000,-72.16756000
5.39733887,-78.52467000,-92.80150000,-74.04047000,-74.66205000
5.39794922,-75.05357000,-87.62845000,-83.28592000,-75.19679000
5.39855957,-76.31794000,-86.29150000,-71.69919000,-79.23020000
5.39916992,-79.15515000,-87.11351000,-68.30522000,-71.39714000
5.39978027,-71.84561000,-87.95185000,-74.14877000,-74.92811000
5.40039063,-70.91826000,-86.51427000,-76.24246000,-75.78799000
5.40100098,-76.71966000,-84.84282000,-68.83586000,-75.24541000
5.40161133,-82.69838000,-84.57917000,-72.57460000,-77.88931000
5.40222168,-74.30925000,-85.75584000,-73.54398000,-108.26390000
5.40283203,-77.40562000,-88.62832000,-68.07977000,-80.39105000
5.40344238,-80.98921000,-89.05347000,-69.55186000,-85.10650000
5.40405273,-82.80938000,-85.35384000,-67.40114000,-78.24490000
5.40466309,-84.08990000,-87.99892000,-69.03922000,-73.01393000
5.40527344,-79.76081000,-100.37180000,-78.05230000,-74.32893000
5.40588379,-82.11903000,-94.47408000,-75.30211000,-77.74598000
5.40649414,-73.09096000,-89.43798000,-67.57728000,-87.45034000
5.40710449,-73.29726000,-90.55329000,-68.22341000,-82.25183000
5.40771484,-77.61226000,-89.81453000,-73.86390000,-70.64893000
5.40832520,-80.41498000,-87.28616000,-96.93295000,-69.67348000
5.40893555,-83.85125000,-87.83047000,-75.28409000,-78.13468000
5.40954590,-84.24389000,-90.94109000,-75.52040000,-84.65991000
5.41015625,-76.11966000,-93.33296000,-77.40060000,-80.02586000
5.41076660,-75.57585000,-91.25909000,-73.12475000,-91.01067000
5.41137695,-89.38280000,-93.61195000,-73.89932000,-80.01767000
5.41198730,-78.45695000,-92.79472000,-76.24945000,-74.96249000
5.41259766,-77.88310000,-88.94904000,-79.45576000,-75.32685000
5.41320801,-79.38515000,-90.22282000,-71.81243000,-71.51697000
5.41381836,-78.56715000,-95.23344000,-67.74900000,-74.85744000
5.41442871,-81.82507000,-96.27788000,-68.23272000,-81.13168000
5.41503906,-80.33901000,-93.43842000,-70.95287000,-78.17025000
5.41564941,-76.26089000,-90.86178000,-72.14661000,-75.66090000
5.41625977,-76.67327000,-94.52478000,-74.95896000,-75.92219000
5.41687012,-76.82179000,-98.59920000,-72.69386000,-77.47968000
5.41748047,-76.33127000,-96.30322000,-70.62561000,-79.60332000
5.41809082,-79.89808000,-92.90916000,-70.50439000,-89.48655000
5.41870117,-82.36154000,-98.81784000,-74.47127000,-82.63916000
5.41931152,-82.86823000,-98.00542000,-81.04115000,-83.09709000
5.41992188,-84.26918000,-94.49013000,-89.08059000,-70.56629000
5.42053223,-84.40334000,-93.35965000,-79.07042000,-68.35809000
5.42114258,-109.71420000,-93.53073000,-93.58537000,-69.65144000
5.42175293,-82.36385000,-92.53387000,-75.51367000,-71.82306000
5.42236328,-80.67346000,-92.83463000,-70.25845000,-72.00789000
5.42297363,-83.57184000,-94.50473000,-69.01439000,-72.91317000
5.42358398,-82.54669000,-96.76781000,-71.24806000,-76.87234000
5.42419434,-78.32288000,-94.46496000,-67.43089000,-80.72636000
5.42480469,-76.44570000,-91.70043000,-68.79831000,-80.98972000
5.42541504,-75.32705000,-97.31644000,-77.71098000,-73.89189000
5.42602539,-77.31731000,-94.13644000,-81.06808000,-68.79105000
5.42663574,-78.18847000,-85.58816000,-70.52275000,-70.06547000
5.42724609,-78.49988000,-85.58495000,-67.07253000,-74.49448000
5.42785645,-85.82111000,-88.46475000,-71.29021000,-83.91788000
5.42846680,-78.05614000,-87.19217000,-77.58176000,-81.09329000
5.42907715,-77.38306000,-93.00846000,-74.90371000,-93.43916000
5.42968750,-80.03982000,-95.95793000,-73.89952000,-90.46101000
5.43029785,-82.19839000,-93.15956000,-73.86664000,-89.32304000
5.43090820,-86.31577000,-93.73593000,-79.01816000,-76.51672000
5.43151855,-88.32759000,-92.99765000,-78.28619000,-72.06496000
5.43212891,-85.06793000,-91.78294000,-80.59281000,-76.27441000
5.43273926,-92.84469000,-93.30723000,-76.13374000,-73.20155000
5.43334961,-81.31394000,-87.65965000,-68.24580000,-75.50076000
5.43395996,-81.69328000,-81.02013000,-71.21725000,-75.41883000
5.43457031,-88.21502000,-82.12472000,-88.03670000,-70.76447000
5.43518066,-84.08905000,-90.15199000,-83.05037000,-73.86025000
5.43579102,-101.89110000,-96.57210000,-72.24026000,-71.38329000
5.43640137,-81.31981000,-101.73990000,-69.81451000,-72.13544000
5.43701172,-76.52721000,-93.51472000,-72.42759000,-76.69884000
5.43762207,-81.59308000,-90.68750000,-77.42326000,-79.13769000
5.43823242,-82.62780000,-93.96104000,-81.59056000,-81.85646000
5.43884277,-82.84409000,-97.23557000,-72.37683000,-71.24526000
5.43945313,-77.82107000,-93.60403000,-69.91692000,-72.25517000
5.44006348,-74.61709000,-90.46713000,-77.24747000,-93.25077000
5.44067383,-76.11160000,-91.02440000,-77.67375000,-74.47446000
5.44128418,-83.28046000,-86.99174000,-73.84843000,-73.68844000
5.44189453,-88.13480000,-89.92430000,-81.54377000,-76.57590000
5.44250488,-78.64069000,-98.41626000,-71.23888000,-77.87309000
5.44311523,-76.22896000,-97.23712000,-67.83870000,-80.59180000
5.44372559,-82.02966000,-100.38170000,-71.21238000,-74.00848000
5.44433594,-83.58888000,-102.30060000,-74.03787000,-74.63550000
5.44494629,-78.03835000,-98.26082000,-73.16365000,-82.23367000
5.44555664,-82.62709000,-93.30621000,-69.71359000,-75.33195000
5.44616699,-81.76027000,-93.08212000,-70.82877000,-69.18122000
5.44677734,-73.32114000,-94.12874000,-69.07980000,-70.04594000
5.44738770,-69.96323000,-90.93439000,-66.97093000,-74.00306000
5.44799805,-71.35253000,-94.03992000,-70.26107000,-80.08221000
5.44860840,-74.99934000,-91.67688000,-68.09596000,-82.95944000
5.44921875,-77.22823000,-96.91043000,-69.94560000,-77.05171000
5.44982910,-72.51776000,-89.43406000,-75.47162000,-77.12556000
5.45043945,-75.36842000,-89.16297000,-85.57693000,-75.88669000
5.45104980,-84.84891000,-93.82784000,-78.78175000,-77.89328000
5.45166016,-78.59036000,-98.17624000,-86.46445000,-79.00394000
5.45227051,-79.31311000,-97.42943000,-73.79926000,-91.05503000
5.45288086,-83.34052000,-89.10519000,-67.74085000,-72.70186000
5.45349121,-90.78564000,-97.99460000,-65.82705000,-68.73537000
5.45410156,-90.25603000,-90.63902000,-66.52421000,-72.92442000
5.45471191,-80.03966000,-88.54527000,-72.09949000,-73.09468000
5.45532227,-74.89261000,-92.79159000,-77.65979000,-72.30273000
5.45593262,-74.63989000,-93.86682000,-71.90250000,-68.45837000
5.45654297,-76.36804000,-93.51247000,-72.11290000,-71.33968000
5.45715332,-75.65715000,-91.15985000,-70.84706000,-71.62451000
5.45776367,-74.06690000,-89.68819000,-73.95375000,-70.08865000
5.45837402,-76.22141000,-94.79969000,-85.33437000,-74.29469000
5.45898438,-81.83247000,-106.02320000,-69.53069000,-91.70211000
5.45959473,-89.58289000,-96.02695000,-65.83205000,-89.48238000
5.46020508,-80.96397000,-94.47501000,-68.90132000,-81.34927000
5.46081543,-73.55521000,-97.38419000,-82.88494000,-79.30415000
5.46142578,-72.93487000,-92.58675000,-73.73122000,-72.35631000
5.46203613,-95.87436000,-89.87102000,-70.69501000,-68.89931000
5.46264648,-77.49873000,-93.76912000,-77.09691000,-72.03713000
5.46325684,-78.33048000,-91.60974000,-84.19476000,-81.52543000
5.46386719,-85.22759000,-83.36845000,-77.94458000,-79.35866000
5.46447754,-76.77219000,-83.66309000,-72.74664000,-80.07455000
5.46508789,-77.70319000,-90.39140000,-68.72878000,-73.67194000
5.46569824,-73.70360000,-93.42136000,-65.22727000,-70.91970000
5.46630859,-73.79838000,-89.30889000,-65.25761000,-75.45448000
5.46691895,-91.98715000,-90.27588000,-67.54777000,-78.24823000
5.46752930,-74.53280000,-103.09380000,-66.23967000,-73.29974000
5.46813965,-75.07272000,-89.49240000,-65.48193000,-73.66316000
5.46875000,-66.96771000,-87.90325000,-66.33209000,-83.45399000
5.46936035,-66.42752000,-92.12900000,-67.18642000,-75.19337000
5.46997070,-75.58760000,-96.85925000,-73.80654000,-74.12736000
5.47058105,-71.43839000,-92.15954000,-73.17708000,-79.22622000
5.47119141,-68.30701000,-93.74070000,-74.14441000,-72.66162000
5.47180176,-69.51497000,-123.51940000,-81.43079000,-70.91428000
5.47241211,-59.70125000,-113.00410000,-77.34679000,-76.16708000
5.47302246,-59.97570000,-113.44710000,-71.27243000,-93.80771000
5.47363281,-65.20384000,-103.11940000,-70.15380000,-75.87912000
5.47424316,-63.69312000,-105.97910000,-67.65158000,-75.71439000
5.47485352,-65.88370000,-94.87128000,-68.50146000,-76.32661000
5.47546387,-84.88807000,-91.97430000,-71.62475000,-74.34419000
5.47607422,-77.15982000,-90.73085000,-73.00282000,-73.16291000
5.47668457,-74.32965000,-93.87603000,-71.08494000,-73.02493000
5.47729492,-71.21937000,-92.17383000,-70.27838000,-73.81679000
5.47790527,-77.46090000,-87.94143000,-76.76543000,-76.45099000
5.47851563,-83.61615000,-87.42268000,-77.49042000,-81.96532000
5.47912598,-82.52904000,-92.45244000,-78.20756000,-73.20987000
5.47973633,-87.13490000,-97.35301000,-80.64510000,-74.11333000
5.48034668,-82.36438000,-93.18214000,-72.72453000,-72.56744000
5.48095703,-73.18124000,-94.81961000,-71.81555000,-71.84167000
5.48156738,-73.19206000,-90.43583000,-75.96159000,-70.57583000
5.48217773,-77.58552000,-86.44067000,-66.38435000,-69.80360000
5.48278809,-77.25716000,-89.79195000,-68.02842000,-77.00156000
5.48339844,-79.88548000,-88.20117000,-69.96263000,-80.97244000
5.48400879,-79.13009000,-86.34864000,-71.13271000,-80.02354000
5.48461914,-97.78810000,-86.82792000,-75.33659000,-80.03762000
5.48522949,-72.68227000,-86.54253000,-72.91606000,-76.90252000
5.48583984,-70.28450000,-86.46228000,-77.82487000,-71.90452000
5.48645020,-73.93017000,-90.69279000,-82.02512000,-75.69151000
5.48706055,-74.74300000,-100.44410000,-83.36709000,-76.27814000
5.48767090,-75.48315000,-95.49614000,-79.05383000,-76.16692000
5.48828125,-81.18376000,-88.52945000,-83.33485000,-88.78734000
5.48889160,-77.64574000,-86.19935000,-81.68487000,-81.27853000
5.48950195,-84.17683000,-88.21410000,-75.80512000,-79.38190000
5.49011230,-79.52905000,-101.61840000,-71.25847000,-72.13175000
5.49072266,-75.81779000,-106.51790000,-68.17570000,-72.47576000
5.49133301,-76.16495000,-91.44830000,-68.60723000,-69.03253000
5.49194336,-73.96822000,-93.09193000,-69.47083000,-68.98370000
5.49255371,-72.12319000,-93.79245000,-69.46034000,-76.39346000
5.49316406,-69.51362000,-85.23740000,-72.77579000,-79.04385000
5.49377441,-70.83798000,-82.90406000,-71.75575000,-77.38809000
5.49438477,-81.65870000,-81.96857000,-68.24477000,-77.32583000
5.49499512,-81.61787000,-85.77637000,-68.93014000,-81.07893000
5.49560547,-76.15075000,-91.80534000,-69.37659000,-75.84078000
5.49621582,-78.21949000,-108.44720000,-73.86566000,-72.98854000
5.49682617,-81.18619000,-100.11570000,-83.24242000,-80.41203000
5.49743652,-82.77450000,-97.23030000,-76.48742000,-87.59124000
5.49804688,-79.73815000,-99.22715000,-71.77362000,-80.07297000
5.49865723,-75.79981000,-92.64273000,-72.22942000,-76.18896000
5.49926758,-74.47969000,-89.09741000,-76.02760000,-71.80396000
5.49987793,-73.96501000,-88.56458000,-81.29692000,-80.57018000
5.50048828,-79.28247000,-90.32032000,-74.38255000,-78.80874000
5.50109863,-82.01839000,-85.62704000,-69.51016000,-72.33971000
5.50170898,-76.14958000,-85.01708000,-67.23640000,-73.28752000
5.50231934,-75.26891000,-89.90253000,-67.35303000,-78.54749000
5.50292969,-76.28075000,-100.38880000,-69.80382000,-83.26582000
5.50354004,-80.69167000,-97.55878000,-70.88243000,-77.73956000
5.50415039,-79.25418000,-89.48779000,-71.72379000,-71.53089000
5.50476074,-81.16295000,-89.33017000,-72.51000000,-71.52875000
5.50537109,-83.71606000,-90.98897000,-75.75838000,-74.23045000
5.50598145,-86.83604000,-88.23489000,-75.78891000,-74.78453000
5.50659180,-81.18459000,-87.48555000,-75.71432000,-81.36652000
5.50720215,-79.74503000,-91.97037000,-95.96237000,-76.90939000
5.50781250,-80.33035000,-102.03130000,-78.74605000,-72.71056000
5.50842285,-92.18063000,-93.82569000,-78.35712000,-77.61606000
5.50903320,-80.37466000,-89.30594000,-73.00302000,-77.52435000
5.50964355,-82.35243000,-87.54660000,-72.87410000,-70.96001000
5.51025391,-87.49031000,-86.28819000,-74.70058000,-68.44536000
5.51086426,-83.21967000,-87.65430000,-70.85648000,-70.35619000
5.51147461,-79.27472000,-92.59484000,-71.46039000,-87.53887000
5.51208496,-75.69693000,-95.90036000,-69.03221000,-74.69071000
5.51269531,-77.19579000,-94.04961000,-69.47055000,-72.67158000
5.51330566,-89.55084000,-93.49216000,-86.64250000,-73.37449000
5.51391602,-88.51126000,-89.58673000,-68.20598000,-75.53161000
5.51452637,-91.14300000,-86.76620000,-66.56940000,-76.98347000
5.51513672,-82.95908000,-89.91375000,-69.59927000,-82.63699000
5.51574707,-79.63289000,-98.15167000,-72.36478000,-86.88773000
5.51635742,-75.49904000,-97.23471000,-75.92055000,-83.64169000
5.51696777,-74.22639000,-94.20102000,-73.21941000,-79.93542000
5.51757813,-74.72441000,-92.44057000,-74.69643000,-79.97292000
5.51818848,-77.20427000,-97.86838000,-82.10611000,-84.19506000
5.51879883,-79.57394000,-105.74250000,-75.67939000,-78.87547000
5.51940918,-78.14485000,-102.65700000,-68.02937000,-79.50056000
5.52001953,-76.71059000,-99.16267000,-65.39826000,-74.58232000
5.52062988,-77.92156000,-95.65009000,-69.12892000,-69.49237000
5.52124023,-85.59253000,-99.48745000,-80.79124000,-72.55823000
5.52185059,-85.80763000,-94.74636000,-88.19136000,-89.93798000
5.52246094,-79.26698000,-93.74979000,-89.67698000,-79.49474000
5.52307129,-76.72300000,-90.78445000,-78.89649000,-80.75179000
5.52368164,-77.37253000,-86.35627000,-72.00936000,-73.58085000
5.52429199,-82.43804000,-85.66502000,-72.00362000,-71.25662000
5.52490234,-87.79147000,-89.80522000,-69.72957000,-70.61606000
5.52551270,-82.37260000,-89.40059000,-70.87633000,-70.19952000
5.52612305,-92.88520000,-87.15874000,-83.44496000,-71.89408000
5.52673340,-85.43071000,-85.83408000,-74.55437000,-76.10883000
5.52734375,-77.92743000,-87.89090000,-70.42083000,-82.10585000
5.52795410,-74.62142000,-87.83218000,-66.24337000,-78.56658000
5.52856445,-68.47503000,-87.62241000,-65.52704000,-85.38553000
5.52917480,-70.42322000,-95.68742000,-72.68888000,-87.75694000
5.52978516,-74.15336000,-90.59402000,-74.38981000,-80.70364000
5.53039551,-74.08898000,-88.62690000,-78.27448000,-75.84927000
5.53100586,-75.58051000,-88.67069000,-79.23148000,-76.40633000
5.53161621,-78.98167000,-88.74050000,-76.16174000,-81.22403000
5.53222656,-78.23167000,-87.83059000,-81.37138000,-75.12833000
5.53283691,-77.94527000,-88.61665000,-72.71732000,-73.30810000
5.53344727,-78.30550000,-91.76418000,-71.64987000,-75.42337000
5.53405762,-73.69966000,-95.43294000,-75.46387000,-82.96772000
5.53466797,-71.00029000,-96.17043000,-70.27920000,-76.56168000
5.53527832,-78.28332000,-110.92980000,-67.14660000,-70.83736000
5.53588867,-79.15887000,-88.40508000,-67.03558000,-69.81461000
5.53649902,-77.25916000,-85.41277000,-67.37340000,-73.51411000
5.53710938,-84.70117000,-87.87292000,-68.69981000,-85.48134000
5.53771973,-79.36491000,-89.74216000,-79.76594000,-77.09439000
5.53833008,-76.34210000,-92.12022000,-71.56017000,-80.05325000
5.53894043,-75.60980000,-93.39954000,-67.36658000,-89.60011000
5.53955078,-80.27779000,-88.73392000,-69.16627000,-83.83458000
5.54016113,-95.95257000,-87.45007000,-75.88252000,-78.58448000
5.54077148,-77.92907000,-94.32613000,-82.46376000,-74.82825000
5.54138184,-75.55581000,-98.21178000,-85.32615000,-71.45808000
5.54199219,-79.56232000,-101.21590000,-76.81174000,-78.51268000
5.54260254,-90.31641000,-98.64372000,-72.20223000,-82.11772000
5.54321289,-94.84582000,-90.39163000,-70.59686000,-77.06750000
5.54382324,-89.21761000,-88.93764000,-73.47716000,-86.99097000
5.54443359,-85.96585000,-96.81023000,-82.05997000,-72.69511000
5.54504395,-79.42966000,-99.29402000,-68.57358000,-72.33682000
5.54565430,-75.85323000,-89.08047000,-65.88010000,-81.21838000
5.54626465,-76.15491000,-88.26230000,-71.26569000,-84.98949000
5.54687500,-74.86508000,-92.18423000,-73.23059000,-79.75671000
5.54748535,-77.07785000,-93.83263000,-69.97468000,-74.82411000
5.54809570,-76.87959000,-89.75499000,-75.50197000,-73.33643000
5.54870605,-77.01414000,-91.30122000,-78.47243000,-76.10083000
5.54931641,-75.56691000,-96.13003000,-75.20585000,-85.42194000
5.54992676,-76.11948000,-91.23455000,-76.38546000,-80.49805000
5.55053711,-79.95308000,-91.04191000,-85.52932000,-71.38293000
5.55114746,-77.54445000,-101.83720000,-75.01532000,-74.40236000
5.55175781,-78.89531000,-93.71393000,-82.87872000,-79.68415000
5.55236816,-80.28123000,-109.54110000,-84.37291000,-80.32512000
5.55297852,-103.06170000,-89.98287000,-76.93898000,-72.88032000
5.55358887,-77.09541000,-82.59361000,-76.02129000,-68.92711000
5.55419922,-75.33833000,-80.35829000,-75.54036000,-69.64944000
5.55480957,-77.42194000,-88.78357000,-68.65034000,-77.06071000
5.55541992,-80.24092000,-96.43669000,-67.94084000,-80.23341000
5.55603027,-82.74130000,-98.79115000,-68.78922000,-72.25165000
5.55664063,-80.70716000,-89.80241000,-72.78110000,-67.44228000
5.55725098,-76.32678000,-86.69504000,-75.61273000,-66.35143000
5.55786133,-76.75231000,-90.40076000,-69.01151000,-70.31527000
5.55847168,-86.00165000,-90.76421000,-76.05781000,-76.52151000
5.55908203,-81.58707000,-88.84274000,-74.27829000,-85.54050000
5.55969238,-79.98219000,-87.86203000,-76.17346000,-81.28575000
5.56030273,-80.03468000,-88.63051000,-80.56171000,-81.47773000
5.56091309,-81.83868000,-91.57964000,-75.37462000,-76.63389000
5.56152344,-82.92935000,-86.79318000,-73.01897000,-70.76669000
5.56213379,-76.60493000,-88.99245000,-75.66180000,-70.47948000
5.56274414,-78.60959000,-93.28393000,-77.49114000,-72.67847000
5.56335449,-85.30484000,-94.92708000,-77.66341000,-74.67953000
5.56396484,-76.34129000,-92.57690000,-72.31053000,-86.65128000
5.56457520,-75.32909000,-89.63727000,-68.67928000,-76.04694000
5.56518555,-81.51714000,-90.81738000,-74.55772000,-79.66254000
5.56579590,-88.05207000,-96.94952000,-71.09361000,-86.50626000
5.56640625,-85.80585000,-107.26200000,-68.01974000,-85.75942000
5.56701660,-92.68141000,-105.45730000,-73.48828000,-79.83648000
5.56762695,-79.29566000,-95.11981000,-77.18007000,-77.32846000
5.56823730,-76.20869000,-88.74703000,-67.97479000,-72.57902000
5.56884766,-78.84352000,-88.18108000,-69.15237000,-74.43228000
5.56945801,-85.92534000,-90.09402000,-73.38213000,-81.47112000
5.57006836,-78.78993000,-88.64575000,-68.16721000,-73.74226000
5.57067871,-77.13332000,-89.25935000,-66.99254000,-70.19392000
5.57128906,-86.73000000,-97.16171000,-77.71883000,-70.68290000
5.57189941,-78.62357000,-98.57235000,-74.46581000,-75.32926000
5.57250977,-78.78580000,-97.83908000,-77.28555000,-72.88986000
5.57312012,-100.91650000,-92.65617000,-78.15614000,-72.77853000
5.57373047,-88.68437000,-84.82866000,-75.57678000,-75.56856000
5.57434082,-74.65501000,-82.12806000,-73.97104000,-74.15675000
5.57495117,-75.79420000,-84.86858000,-70.79060000,-72.26657000
5.57556152,-85.27834000,-92.12391000,-69.94017000,-72.23060000
5.57617188,-81.15498000,-98.60344000,-76.00555000,-71.67262000
5.57678223,-76.96593000,-92.71224000,-77.83679000,-72.15996000
5.57739258,-77.42699000,-90.95189000,-69.68690000,-73.55437000
5.57800293,-88.23287000,-89.72668000,-72.73419000,-89.01360000
5.57861328,-80.75210000,-90.97446000,-78.80863000,-76.29408000
5.57922363,-81.09631000,-97.65051000,-74.07871000,-71.36826000
5.57983398,-88.02383000,-96.96166000,-72.38837000,-72.76254000
5.58044434,-85.01052000,-95.77724000,-73.60559000,-78.09713000
5.58105469,-82.31041000,-87.97852000,-75.99610000,-78.27741000
5.58166504,-79.46708000,-86.61202000,-85.10600000,-81.50928000
5.58227539,-83.41927000,-87.95998000,-75.42447000,-85.12338000
5.58288574,-78.98643000,-91.77362000,-76.56445000,-78.08953000
5.58349609,-76.11665000,-96.98175000,-67.74785000,-78.25087000
5.58410645,-75.24311000,-90.40536000,-67.65660000,-80.78796000
5.58471680,-73.21159000,-96.50613000,-70.56686000,-74.53915000
5.58532715,-72.04542000,-102.17670000,-71.97444000,-72.02191000
5.58593750,-74.82112000,-92.62077000,-73.23270000,-79.44171000
5.58654785,-79.03031000,-92.19929000,-72.02670000,-77.98505000
5.58715820,-75.39067000,-93.40242000,-73.19749000,-78.27884000
5.58776855,-75.08638000,-89.84692000,-75.58015000,-92.13867000
5.58837891,-76.39540000,-89.25147000,-72.55187000,-79.01891000
5.58898926,-75.78009000,-92.41436000,-70.07623000,-73.09148000
5.58959961,-76.25192000,-89.63354000,-77.78458000,-71.48185000
5.59020996,-84.05112000,-92.90451000,-71.65297000,-71.61006000
5.59082031,-80.95458000,-107.84330000,-63.73390000,-74.40604000
5.59143066,-83.62695000,-93.13515000,-64.76790000,-77.80595000
5.59204102,-92.41455000,-91.58546000,-74.98843000,-78.52641000
5.59265137,-88.85039000,-92.03981000,-69.45887000,-75.31699000
5.59326172,-83.36678000,-93.40324000,-73.82583000,-77.28976000
5.59387207,-76.31432000,-94.38355000,-84.56348000,-92.52208000
5.59448242,-77.91016000,-90.66454000,-88.81229000,-78.08684000
5.59509277,-90.24441000,-93.35524000,-74.13309000,-81.27730000
5.59570313,-82.05512000,-108.52460000,-67.51983000,-74.94831000
5.59631348,-78.03442000,-94.33936000,-66.38039000,-76.22019000
5.59692383,-78.27342000,-92.47720000,-65.90967000,-73.27790000
5.59753418,-87.50864000,-96.06734000,-68.59267000,-71.76027000
5.59814453,-79.95090000,-90.36805000,-71.87695000,-75.75151000
5.59875488,-75.43592000,-88.67043000,-71.33154000,-76.67039000
5.59936523,-72.61384000,-91.19683000,-68.43433000,-71.72728000
5.59997559,-74.09366000,-94.49406000,-67.61996000,-70.06703000
5.60058594,-83.12833000,-91.73730000,-78.53746000,-72.67407000
5.60119629,-83.89995000,-89.35195000,-69.05292000,-77.36160000
5.60180664,-79.02590000,-89.56918000,-65.31670000,-82.42072000
5.60241699,-73.53970000,-88.79543000,-68.56228000,-73.48635000
5.60302734,-77.27812000,-86.27865000,-76.33643000,-76.78139000
5.60363770,-88.10300000,-85.64274000,-78.36455000,-87.35083000
5.60424805,-82.34334000,-88.95420000,-72.92810000,-100.96220000
5.60485840,-76.84930000,-92.04366000,-74.01504000,-89.13423000
5.60546875,-79.68103000,-101.24080000,-74.54904000,-78.42902000
5.60607910,-83.44178000,-95.04188000,-72.62897000,-83.22592000
5.60668945,-76.19576000,-89.65328000,-69.27833000,-70.04165000
5.60729980,-77.07225000,-91.86914000,-71.27224000,-73.87653000
5.60791016,-82.93663000,-97.98661000,-77.44090000,-88.62278000
5.60852051,-93.20409000,-98.24756000,-71.40561000,-83.20133000
5.60913086,-83.04623000,-94.14357000,-70.66529000,-79.00441000
5.60974121,-86.49869000,-97.21017000,-75.59190000,-74.09804000
5.61035156,-94.12385000,-92.33110000,-81.45974000,-81.20505000
5.61096191,-85.61501000,-91.97258000,-76.80244000,-78.13071000
5.61157227,-80.73392000,-95.62469000,-78.55104000,-83.40131000
5.61218262,-79.80000000,-88.24250000,-79.35045000,-82.69562000
5.61279297,-74.99423000,-89.82291000,-69.41881000,-78.41280000
5.61340332,-70.82673000,-85.02697000,-66.90167000,-79.08827000
5.61401367,-68.07957000,-75.22955000,-67.18148000,-87.16541000
5.61462402,-69.90594000,-76.41881000,-69.70095000,-77.95041000
5.61523438,-77.94865000,-86.73331000,-80.74719000,-78.93350000
5.61584473,-86.52747000,-95.63123000,-71.10406000,-69.74760000
5.61645508,-77.34701000,-93.94890000,-67.72134000,-68.04023000
5.61706543,-82.75687000,-90.51983000,-75.33134000,-72.33652000
5.61767578,-80.15862000,-95.14177000,-74.30284000,-79.31990000
5.61828613,-76.65343000,-91.57568000,-80.65335000,-82.06905000
5.61889648,-77.91688000,-96.03629000,-71.70033000,-72.56100000
5.61950684,-85.83572000,-93.01714000,-68.61540000,-70.04073000
5.62011719,-80.33821000,-88.24996000,-69.51016000,-72.10896000
5.62072754,-81.38749000,-88.23053000,-66.74673000,-72.31567000
5.62133789,-92.66846000,-88.81924000,-64.68297000,-74.82884000
5.62194824,-85.79803000,-91.81221000,-71.71840000,-79.39478000
5.62255859,-93.17817000,-92.44278000,-73.14149000,-74.61232000
5.62316895,-99.01553000,-91.37443000,-68.33276000,-79.96964000
5.62377930,-86.54126000,-96.23642000,-69.92252000,-75.85698000
5.62438965,-82.98689000,-109.61520000,-73.64034000,-77.60667000
5.62500000,-80.39941000,-101.08470000,-71.45780000,-78.26408000
5.62561035,-82.33171000,-98.60736000,-68.01045000,-73.12730000
5.62622070,-85.78681000,-104.39220000,-66.08441000,-75.83848000
5.62683105,-84.59627000,-101.01130000,-65.41749000,-81.95499000
5.62744141,-81.84082000,-96.08609000,-66.94701000,-73.87225000
5.62805176,-78.56558000,-92.94992000,-71.15868000,-73.11041000
5.62866211,-83.42787000,-91.17352000,-75.18871000,-73.98814000
5.62927246,-86.71868000,-92.44717000,-76.64908000,-73.00110000
5.62988281,-79.69513000,-100.42410000,-73.04168000,-71.75904000
5.63049316,-80.74291000,-99.37478000,-69.71229000,-74.20934000
5.63110352,-82.41293000,-90.62070000,-69.00353000,-81.38832000
5.63171387,-78.93735000,-89.26715000,-67.16922000,-71.74359000
5.63232422,-76.11001000,-94.74362000,-66.48251000,-68.72916000
5.63293457,-77.93142000,-97.19047000,-73.02078000,-73.28175000
5.63354492,-82.95208000,-99.48269000,-69.90730000,-76.82415000
5.63415527,-75.39449000,-90.76157000,-69.94785000,-78.44022000
5.63476563,-78.18414000,-89.69203000,-91.77628000,-74.87177000
5.63537598,-86.62314000,-96.49807000,-72.13364000,-73.89523000
5.63598633,-77.90876000,-108.42600000,-76.91663000,-74.35311000
5.63659668,-76.23485000,-101.63230000,-75.80361000,-76.40353000
5.63720703,-77.58806000,-99.09138000,-71.29611000,-74.72215000
5.63781738,-78.17335000,-93.77130000,-69.23725000,-71.91591000
5.63842773,-77.57108000,-94.49474000,-71.20572000,-73.37987000
5.63903809,-79.72209000,-98.89645000,-72.90486000,-77.41311000
5.63964844,-76.17375000,-100.67490000,-74.99588000,-82.15018000
5.64025879,-74.78209000,-90.93667000,-72.89686000,-84.37097000
5.64086914,-84.04275000,-91.39103000,-71.77316000,-89.44368000
5.64147949,-84.93160000,-95.04729000,-69.23171000,-73.32328000
5.64208984,-80.17310000,-103.82430000,-70.72531000,-72.60562000
5.64270020,-78.47050000,-96.04292000,-78.20402000,-72.87746000
5.64331055,-81.62505000,-88.12615000,-81.22267000,-75.46107000
5.64392090,-77.09628000,-84.76830000,-89.52806000,-89.38802000
5.64453125,-74.39967000,-87.97540000,-80.01904000,-82.70775000
5.64514160,-75.19362000,-98.07797000,-79.17876000,-73.39264000
5.64575195,-76.76674000,-104.99050000,-86.92755000,-70.82349000
5.64636230,-81.70742000,-102.82250000,-74.68637000,-76.60821000
5.64697266,-78.68654000,-101.30760000,-74.53464000,-81.16240000
5.64758301,-76.32286000,-92.64311000,-74.74013000,-90.87805000
5.64819336,-86.85577000,-94.26657000,-66.62521000,-80.67180000
5.64880371,-80.42133000,-94.98760000,-67.55431000,-78.37437000
5.64941406,-79.77026000,-94.01005000,-67.49505000,-87.66343000
5.65002441,-82.91264000,-99.11124000,-71.24869000,-79.59395000
5.65063477,-77.15450000,-101.32320000,-67.91224000,-75.32817000
5.65124512,-75.53086000,-89.11198000,-69.94554000,-84.43918000
5.65185547,-77.04915000,-86.81403000,-83.98902000,-77.60935000
5.65246582,-76.13237000,-91.12685000,-77.24053000,-73.60813000
5.65307617,-80.12145000,-96.19839000,-78.52988000,-79.38893000
5.65368652,-79.14252000,-90.31470000,-76.55983000,-77.23003000
5.65429688,-75.52914000,-89.40662000,-73.37003000,-76.45200000
5.65490723,-81.43340000,-93.70045000,-70.68370000,-73.12809000
5.65551758,-97.72106000,-96.88863000,-68.30145000,-73.39741000
5.65612793,-84.38790000,-102.95850000,-70.13463000,-75.80991000
5.65673828,-79.92007000,-93.43877000,-73.02580000,-78.40273000
5.65734863,-88.19337000,-94.54327000,-77.50792000,-74.31985000
5.65795898,-81.40019000,-101.53620000,-80.18037000,-73.04105000
5.65856934,-76.72729000,-99.08160000,-70.11417000,-79.78960000
5.65917969,-75.94235000,-97.25155000,-68.69460000,-85.07083000
5.65979004,-78.06510000,-90.40748000,-75.49911000,-87.83957000
5.66040039,-76.83691000,-93.90800000,-89.13576000,-74.59955000
5.66101074,-73.81611000,-90.70736000,-78.28049000,-68.40305000
5.66162109,-77.77868000,-84.66206000,-70.68195000,-71.76198000
5.66223145,-85.71355000,-87.69501000,-67.67363000,-90.05077000
5.66284180,-96.27342000,-98.15530000,-70.92347000,-86.68838000
5.66345215,-84.03821000,-97.39241000,-79.21830000,-75.42847000
5.66406250,-82.86060000,-89.79462000,-74.13741000,-74.63716000
5.66467285,-78.55186000,-86.01196000,-74.79372000,-76.04646000
5.66528320,-77.09824000,-86.22404000,-79.45155000,-79.27316000
5.66589355,-78.61510000,-89.35622000,-73.67468000,-73.30180000
5.66650391,-76.34142000,-89.94460000,-75.88321000,-70.73661000
5.66711426,-72.56253000,-98.77455000,-75.18350000,-72.23758000
5.66772461,-74.11180000,-99.66327000,-75.06433000,-74.07722000
5.66833496,-79.69721000,-94.01910000,-70.62223000,-73.28534000
5.66894531,-81.64379000,-93.41527000,-68.43024000,-75.57764000
5.66955566,-84.34727000,-99.47173000,-69.48190000,-80.88181000
5.67016602,-87.12997000,-91.32011000,-75.94872000,-70.92487000
5.67077637,-83.94059000,-88.24231000,-72.17498000,-72.44841000
5.67138672,-84.34163000,-88.14965000,-71.80051000,-83.67099000
5.67199707,-75.13269000,-91.24648000,-71.24783000,-76.80289000
5.67260742,-77.21815000,-96.17918000,-71.41415000,-79.45129000
5.67321777,-88.47546000,-92.26672000,-71.64580000,-74.45618000
5.67382813,-90.54116000,-78.97302000,-71.30395000,-73.81316000
5.67443848,-80.09746000,-77.99725000,-69.53456000,-74.75774000
5.67504883,-81.61290000,-87.41883000,-70.89273000,-72.47193000
5.67565918,-85.95078000,-100.30910000,-88.57414000,-73.44725000
5.67626953,-82.01979000,-96.34386000,-71.94114000,-75.59426000
5.67687988,-81.56912000,-95.99212000,-75.84005000,-75.48190000
5.67749023,-79.35529000,-95.78201000,-86.20963000,-74.25848000
5.67810059,-77.06474000,-92.21973000,-77.98073000,-75.57519000
5.67871094,-77.04520000,-88.69315000,-69.98730000,-75.69492000
5.67932129,-79.30707000,-95.32671000,-67.28050000,-71.76022000
5.67993164,-80.09624000,-107.00830000,-69.93054000,-71.33432000
5.68054199,-84.43027000,-94.52401000,-83.51727000,-73.62766000
5.68115234,-95.50720000,-87.53815000,-81.21853000,-75.66364000
5.68176270,-89.43442000,-91.14906000,-74.67989000,-78.51426000
5.68237305,-88.92150000,-100.37630000,-68.17035000,-76.37602000
5.68298340,-87.50490000,-91.08134000,-67.78918000,-77.77992000
5.68359375,-93.57307000,-86.52779000,-71.92667000,-82.31896000
5.68420410,-83.97884000,-89.17647000,-72.52877000,-78.96833000
5.68481445,-86.33661000,-89.62434000,-73.62588000,-78.66853000
5.68542480,-82.12337000,-89.28400000,-77.92385000,-93.09511000
5.68603516,-77.85976000,-95.05584000,-67.74942000,-84.42059000
5.68664551,-80.09700000,-102.15150000,-66.91756000,-82.25714000
5.68725586,-83.54254000,-92.94250000,-68.88818000,-86.53911000
5.68786621,-80.30227000,-94.08868000,-70.24709000,-81.17624000
5.68847656,-79.99137000,-91.65527000,-76.13374000,-74.42456000
5.68908691,-86.10569000,-88.21191000,-74.05465000,-72.74931000
5.68969727,-80.93208000,-92.91694000,-76.72668000,-74.35789000
5.69030762,-83.54375000,-110.23000000,-76.59634000,-71.51859000
5.69091797,-82.76596000,-102.36020000,-70.63449000,-78.61340000
5.69152832,-77.38799000,-98.04913000,-68.75311000,-81.23910000
5.69213867,-81.67493000,-95.78920000,-73.32991000,-85.20496000
5.69274902,-79.32722000,-93.92459000,-74.36972000,-81.12426000
5.69335938,-75.85677000,-96.48203000,-71.51557000,-72.39748000
5.69396973,-81.50120000,-96.18141000,-70.52448000,-70.65350000
5.69458008,-80.44661000,-89.28242000,-76.07110000,-74.80948000
5.69519043,-82.98322000,-94.90993000,-71.22864000,-78.61678000
5.69580078,-76.13077000,-100.69580000,-63.69311000,-79.91850000
5.69641113,-74.01637000,-92.73566000,-63.81528000,-74.14857000
5.69702148,-78.04298000,-94.74834000,-70.21700000,-80.97667000
5.69763184,-77.38779000,-105.87170000,-64.85787000,-74.73952000
5.69824219,-71.44837000,-105.80990000,-62.81084000,-77.20142000
5.69885254,-72.81943000,-94.63752000,-67.36976000,-74.55707000
5.69946289,-76.86583000,-97.30827000,-73.54875000,-72.34100000
5.70007324,-83.92529000,-103.42320000,-108.35920000,-78.93257000
5.70068359,-82.99984000,-99.99919000,-82.21333000,-75.62120000
5.70129395,-76.92563000,-96.49284000,-76.66093000,-74.72476000
5.70190430,-80.64124000,-93.42251000,-75.95073000,-78.08217000
5.70251465,-81.71269000,-92.56262000,-76.95808000,-82.24781000
5.70312500,-86.44298000,-91.32671000,-69.49298000,-81.24922000
5.70373535,-90.94104000,-84.36740000,-66.42190000,-74.54697000
5.70434570,-82.42473000,-85.21758000,-66.28959000,-73.80849000
5.70495605,-81.05915000,-104.88580000,-64.86028000,-78.95689000
5.70556641,-78.22858000,-91.89606000,-65.12401000,-87.65591000
5.70617676,-75.04660000,-96.72089000,-71.57880000,-75.25790000
5.70678711,-82.20092000,-93.24034000,-73.27357000,-72.12439000
5.70739746,-80.06801000,-92.37354000,-75.67071000,-75.87039000
5.70800781,-79.90636000,-103.33780000,-74.44726000,-73.54149000
5.70861816,-89.15518000,-91.78738000,-81.61853000,-71.20062000
5.70922852,-76.03554000,-90.08477000,-72.38330000,-72.14182000
5.70983887,-73.37074000,-102.92890000,-68.57087000,-76.72250000
5.71044922,-74.46605000,-93.03162000,-69.43636000,-87.41579000
5.71105957,-79.17461000,-87.44508000,-78.22588000,-72.06129000
5.71166992,-81.11129000,-86.99728000,-69.92917000,-69.90342000
5.71228027,-76.28339000,-91.62151000,-65.23823000,-72.95987000
5.71289063,-83.71019000,-96.56940000,-64.37138000,-78.27918000
5.71350098,-78.51235000,-87.17436000,-66.27728000,-87.14489000
5.71411133,-72.69432000,-83.21031000,-75.03912000,-97.94587000
5.71472168,-84.47186000,-85.62930000,-67.71266000,-82.78103000
5.71533203,-64.61409000,-92.73914000,-73.67313000,-82.16500000
5.71594238,-61.61613000,-92.56310000,-72.90398000,-73.95711000
5.71655273,-61.73778000,-92.28226000,-70.98566000,-74.25573000
5.71716309,-57.02127000,-92.00862000,-76.57856000,-70.34277000
5.71777344,-56.31763000,-90.42359000,-75.64928000,-68.81339000
5.71838379,-64.51560000,-91.62563000,-79.00029000,-66.88551000
5.71899414,-67.61963000,-101.90730000,-70.07751000,-69.06667000
5.71960449,-69.20103000,-108.53890000,-71.83430000,-83.06309000
5.72021484,-77.24178000,-112.21550000,-81.69902000,-76.89712000
5.72082520,-66.02271000,-97.20615000,-74.91695000,-77.76972000
5.72143555,-67.09729000,-90.84598000,-72.82671000,-80.57293000
5.72204590,-71.25207000,-90.89906000,-69.94295000,-74.22026000
5.72265625,-69.37256000,-88.60203000,-68.98797000,-72.38394000
5.72326660,-77.27832000,-88.51749000,-78.96555000,-75.68517000
5.72387695,-74.66883000,-90.64070000,-79.18636000,-70.36748000
5.72448730,-71.60394000,-95.92411000,-74.11082000,-68.73201000
5.72509766,-73.55885000,-94.61716000,-69.41298000,-69.66312000
5.72570801,-76.12055000,-94.86285000,-68.31197000,-70.38031000
5.72631836,-80.09671000,-100.01980000,-73.26636000,-71.03600000
5.72692871,-94.63203000,-110.08430000,-77.27021000,-73.55606000
5.72753906,-82.30057000,-102.56560000,-67.58582000,-80.57153000
5.72814941,-78.99367000,-95.66628000,-64.54436000,-75.24728000
5.72875977,-85.66703000,-94.72461000,-67.89583000,-71.97456000
5.72937012,-77.98390000,-99.29646000,-77.44564000,-70.47658000
5.72998047,-79.63022000,-110.13250000,-74.68280000,-71.09379000
5.73059082,-81.63692000,-98.23495000,-69.23454000,-70.39311000
5.73120117,-84.51621000,-91.20889000,-66.29531000,-70.89761000
5.73181152,-84.49863000,-90.57803000,-68.40549000,-74.48145000
5.73242188,-104.55130000,-92.36998000,-77.80423000,-74.00735000
5.73303223,-82.96867000,-93.78752000,-73.18192000,-77.81878000
5.73364258,-78.66619000,-86.10155000,-66.94540000,-85.30152000
5.73425293,-80.27589000,-80.39723000,-64.99902000,-80.94627000
5.73486328,-76.67157000,-83.04410000,-66.87853000,-86.02528000
5.73547363,-77.07265000,-91.66597000,-77.16992000,-80.85403000
5.73608398,-80.74887000,-93.73215000,-75.67793000,-79.25632000
5.73669434,-81.92598000,-97.31777000,-83.42060000,-76.26164000
5.73730469,-83.78455000,-87.99641000,-76.05344000,-73.60457000
5.73791504,-84.06711000,-87.73204000,-71.42646000,-72.80814000
5.73852539,-82.34489000,-93.56582000,-70.89131000,-71.43338000
5.73913574,-77.96579000,-104.44920000,-69.90301000,-73.13109000
5.73974609,-78.18674000,-96.76225000,-65.58549000,-79.96104000
5.74035645,-82.58914000,-91.84582000,-66.06507000,-84.40794000
5.74096680,-82.27985000,-89.96394000,-70.94779000,-91.09544000
5.74157715,-79.59485000,-88.57681000,-82.79082000,-78.44186000
5.74218750,-86.63873000,-89.39129000,-68.58739000,-75.22818000
5.74279785,-84.19709000,-95.73151000,-69.51443000,-82.33733000
5.74340820,-78.65322000,-111.67560000,-70.73426000,-77.22881000
5.74401855,-78.77071000,-94.80026000,-69.94678000,-83.22693000
5.74462891,-76.01121000,-90.15079000,-75.69908000,-72.07057000
5.74523926,-77.32162000,-92.10892000,-71.95277000,-69.84107000
5.74584961,-78.07866000,-90.28410000,-66.15721000,-71.96663000
5.74645996,-86.70090000,-93.60605000,-66.62059000,-72.27070000
5.74707031,-78.36288000,-91.38312000,-69.08234000,-76.11568000
5.74768066,-77.21979000,-93.40341000,-78.79325000,-99.49355000
5.74829102,-89.48106000,-100.56440000,-69.95785000,-74.15899000
5.74890137,-76.23930000,-107.99970000,-65.91714000,-77.44299000
5.74951172,-73.50347000,-105.14250000,-67.92096000,-71.40861000
5.75012207,-72.07121000,-101.46600000,-71.93902000,-72.34774000
5.75073242,-71.80509000,-94.10750000,-76.98689000,-75.96355000
5.75134277,-73.96736000,-90.04981000,-72.82146000,-82.36019000
5.75195313,-76.58636000,-92.70442000,-70.54777000,-72.33292000
5.75256348,-76.14132000,-106.01930000,-77.24326000,-79.22108000
5.75317383,-74.81818000,-103.81630000,-81.32249000,-86.80161000
5.75378418,-76.50221000,-92.56364000,-76.35281000,-76.91626000
5.75439453,-79.65548000,-91.78575000,-80.25918000,-79.04594000
5.75500488,-86.52644000,-104.27320000,-80.19706000,-72.15271000
5.75561523,-85.00572000,-101.82970000,-72.11898000,-69.97138000
5.75622559,-86.23277000,-99.44240000,-69.34938000,-76.09712000
5.75683594,-82.53564000,-100.06960000,-68.54495000,-74.82861000
5.75744629,-83.72654000,-97.95304000,-69.28178000,-73.69273000
5.75805664,-77.69437000,-93.29497000,-69.63276000,-71.77797000
5.75866699,-80.06886000,-93.61449000,-72.51280000,-67.56919000
5.75927734,-75.12244000,-96.65405000,-75.46512000,-65.29391000
5.75988770,-76.71351000,-92.72266000,-75.41075000,-66.20119000
5.76049805,-96.75719000,-93.55083000,-76.35378000,-70.55943000
5.76110840,-80.84627000,-100.24780000,-65.99335000,-74.65533000
5.76171875,-83.34665000,-96.67397000,-64.51260000,-75.98410000
5.76232910,-88.63596000,-101.43250000,-68.24103000,-75.43792000
5.76293945,-92.13930000,-96.52742000,-77.26759000,-71.49670000
5.76354980,-79.07533000,-87.91558000,-73.45996000,-71.17772000
5.76416016,-78.86922000,-84.29996000,-67.44843000,-78.41143000
5.76477051,-81.67398000,-89.81126000,-68.55889000,-82.26694000
5.76538086,-72.37766000,-100.04150000,-70.85331000,-78.52754000
5.76599121,-71.63407000,-104.54200000,-75.31731000,-74.28959000
5.76660156,-75.16663000,-99.63715000,-75.60895000,-78.21954000
5.76721191,-76.97449000,-96.12979000,-71.02678000,-83.99711000
5.76782227,-74.53149000,-92.82959000,-70.92414000,-85.46153000
5.76843262,-76.65959000,-95.29079000,-67.89727000,-74.90640000
5.76904297,-99.71846000,-98.39232000,-66.78305000,-73.46162000
5.76965332,-79.65330000,-98.68721000,-71.00679000,-76.52444000
5.77026367,-80.91850000,-101.91680000,-69.39972000,-84.33691000
5.77087402,-78.68622000,-91.19813000,-72.16399000,-80.79506000
5.77148438,-80.77335000,-91.02792000,-77.67321000,-83.84076000
5.77209473,-82.26662000,-91.09018000,-75.89371000,-74.80439000
5.77270508,-80.16659000,-90.37482000,-68.29366000,-77.08084000
5.77331543,-79.71290000,-88.37395000,-67.58197000,-74.91260000
5.77392578,-81.88847000,-87.31663000,-72.81763000,-76.13055000
5.77453613,-90.79077000,-91.44826000,-73.05754000,-84.07554000
5.77514648,-86.28378000,-104.43650000,-71.28126000,-76.29509000
5.77575684,-83.94472000,-98.19611000,-70.70773000,-70.95737000
5.77636719,-101.81610000,-92.48390000,-70.39407000,-72.18024000
5.77697754,-84.59945000,-94.37882000,-74.73527000,-74.85686000
5.77758789,-88.58388000,-98.58070000,-71.96880000,-73.35961000
5.77819824,-84.15763000,-97.57560000,-72.65159000,-72.96257000
5.77880859,-81.06030000,-93.48181000,-75.06937000,-72.31871000
5.77941895,-86.90621000,-91.50085000,-87.19479000,-73.53262000
5.78002930,-83.31740000,-97.92854000,-84.68349000,-72.35334000
5.78063965,-83.58887000,-96.50037000,-71.21124000,-72.32173000
5.78125000,-87.87513000,-90.49926000,-70.38295000,-74.48360000
5.78186035,-78.78166000,-90.28838000,-74.53107000,-74.71057000
5.78247070,-74.06955000,-95.40321000,-77.32893000,-73.13184000
5.78308105,-72.83624000,-116.18860000,-74.56934000,-71.90494000
5.78369141,-73.51785000,-98.54801000,-73.19980000,-73.27728000
5.78430176,-76.13850000,-89.01718000,-76.34299000,-78.45273000
5.78491211,-77.63515000,-91.25350000,-75.03210000,-78.13679000
5.78552246,-81.45348000,-94.18471000,-67.34790000,-78.62226000
5.78613281,-76.26871000,-84.98154000,-68.65872000,-83.30132000
5.78674316,-71.98514000,-84.11937000,-76.12932000,-76.76707000
5.78735352,-73.76172000,-85.54198000,-74.48051000,-75.85679000
5.78796387,-80.25367000,-85.88548000,-71.12701000,-78.33078000
5.78857422,-89.13398000,-87.46461000,-73.16895000,-79.31167000
5.78918457,-77.78320000,-94.32069000,-79.30112000,-74.60967000
5.78979492,-77.42626000,-100.46620000,-72.97826000,-77.91238000
5.79040527,-80.11639000,-95.43812000,-72.28692000,-74.32570000
5.79101563,-81.83769000,-97.58018000,-73.39419000,-71.71509000
5.79162598,-84.53172000,-98.81173000,-74.74418000,-75.13493000
5.79223633,-78.16350000,-93.67188000,-76.07410000,-74.16127000
5.79284668,-72.06926000,-89.39178000,-75.78475000,-73.56477000
5.79345703,-70.75676000,-91.92426000,-69.14365000,-78.29768000
5.79406738,-74.13903000,-85.99954000,-70.66525000,-74.30366000
5.79467773,-80.38638000,-82.12228000,-75.52858000,-69.61754000
5.79528809,-85.81791000,-88.72986000,-70.94708000,-71.45745000
5.79589844,-86.22789000,-92.52176000,-70.33316000,-81.00312000
5.79650879,-86.27697000,-98.06332000,-73.91096000,-81.69482000
5.79711914,-85.85870000,-95.01965000,-69.36166000,-79.35786000
5.79772949,-76.13301000,-88.79546000,-70.41916000,-73.18871000
5.79833984,-72.43143000,-91.94688000,-69.55787000,-72.88230000
5.79895020,-74.42713000,-90.86150000,-66.05598000,-72.93303000
5.79956055,-78.51646000,-94.54593000,-66.21758000,-75.14963000
5.80017090,-80.55640000,-95.29919000,-69.34782000,-77.29104000
5.80078125,-79.56287000,-98.62093000,-71.09355000,-69.41417000
5.80139160,-80.81383000,-102.25040000,-75.01121000,-70.74324000
5.80200195,-86.03656000,-114.59130000,-77.95705000,-78.22243000
5.80261230,-78.34636000,-100.95010000,-76.61542000,-88.64872000
5.80322266,-76.72147000,-102.44090000,-81.20602000,-86.96610000
5.80383301,-82.89146000,-95.28845000,-74.69301000,-85.08434000
5.80444336,-93.06754000,-93.20309000,-71.71642000,-80.06418000
5.80505371,-88.33054000,-95.21946000,-65.84515000,-77.41776000
5.80566406,-80.44380000,-96.28380000,-63.09668000,-73.38364000
5.80627441,-80.84399000,-95.84937000,-64.20373000,-71.95177000
5.80688477,-76.26747000,-90.21443000,-68.28635000,-72.86707000
5.80749512,-75.18834000,-91.48682000,-73.07466000,-75.70397000
5.80810547,-77.71387000,-100.22880000,-73.13617000,-78.79774000
5.80871582,-75.79085000,-92.63937000,-77.39903000,-74.88293000
5.80932617,-72.21690000,-92.29378000,-69.97523000,-71.81587000
5.80993652,-71.61807000,-102.82310000,-64.24403000,-75.79364000
5.81054688,-76.35149000,-92.31831000,-63.92454000,-75.08508000
5.81115723,-75.94525000,-87.78047000,-65.65668000,-76.27079000
5.81176758,-80.42095000,-92.52571000,-75.15993000,-82.05432000
5.81237793,-81.76353000,-97.95612000,-71.84280000,-79.33072000
5.81298828,-78.44144000,-100.43790000,-72.47765000,-72.06357000
5.81359863,-77.84436000,-98.59551000,-79.38069000,-74.66224000
5.81420898,-80.31808000,-99.73889000,-92.38829000,-87.37804000
5.81481934,-82.12875000,-100.11210000,-72.39249000,-88.05530000
5.81542969,-83.69812000,-94.65583000,-73.39729000,-73.87570000
5.81604004,-74.25993000,-90.36887000,-81.03611000,-72.04299000
5.81665039,-71.38895000,-92.00021000,-68.67327000,-80.03860000
5.81726074,-76.47834000,-94.00947000,-65.94545000,-79.55621000
5.81787109,-91.80096000,-89.05254000,-71.78387000,-72.92056000
5.81848145,-87.85870000,-89.06033000,-76.39732000,-74.66837000
5.81909180,-94.08543000,-92.52084000,-75.17711000,-82.96291000
5.81970215,-81.61037000,-96.52208000,-71.33503000,-77.19524000
5.82031250,-79.22490000,-91.69758000,-71.72587000,-71.49242000
5.82092285,-84.40368000,-93.43785000,-88.51775000,-68.32423000
5.82153320,-95.90518000,-101.48590000,-76.78915000,-67.75970000
5.82214355,-79.24625000,-99.58892000,-75.80963000,-71.99493000
5.82275391,-79.02966000,-91.48399000,-79.79083000,-74.86663000
5.82336426,-79.81547000,-86.69943000,-72.94025000,-74.32650000
5.82397461,-77.87170000,-83.56434000,-66.37264000,-69.75596000
5.82458496,-81.63139000,-85.79811000,-67.07278000,-69.91058000
5.82519531,-104.67750000,-95.70215000,-69.75799000,-73.96658000
5.82580566,-84.69917000,-97.94073000,-69.75809000,-74.38149000
5.82641602,-78.75597000,-89.51134000,-73.52538000,-82.85712000
5.82702637,-73.51241000,-87.86484000,-71.63094000,-90.18919000
5.82763672,-73.01797000,-87.30481000,-66.89941000,-81.67072000
5.82824707,-77.64186000,-89.21001000,-69.07941000,-74.89833000
5.82885742,-83.21042000,-90.19519000,-72.68028000,-74.51531000
5.82946777,-82.08675000,-86.55343000,-74.86411000,-75.45757000
5.83007813,-77.90807000,-88.31006000,-68.73792000,-76.62372000
5.83068848,-79.84315000,-111.42720000,-65.57061000,-72.48823000
5.83129883,-82.06133000,-95.27580000,-69.98513000,-74.96130000
5.83190918,-79.13232000,-110.53360000,-72.45910000,-81.14178000
5.83251953,-79.43728000,-94.27545000,-69.77807000,-70.91708000
5.83312988,-78.69273000,-91.90514000,-74.44141000,-69.95966000
5.83374023,-74.64520000,-104.43510000,-75.19426000,-70.50427000
5.83435059,-74.57988000,-91.58349000,-71.08203000,-74.11202000
5.83496094,-82.29218000,-88.44613000,-89.91692000,-71.55141000
5.83557129,-78.93564000,-90.75677000,-76.40190000,-69.61688000
5.83618164,-75.50698000,-98.92734000,-71.45874000,-72.10788000
5.83679199,-81.76530000,-96.67050000,-78.58762000,-74.62721000
5.83740234,-89.32809000,-89.25189000,-72.04369000,-88.89883000
5.83801270,-77.35136000,-93.80116000,-68.56028000,-83.99914000
5.83862305,-75.50562000,-98.25325000,-70.55660000,-76.55542000
5.83923340,-76.18013000,-93.99860000,-72.30239000,-75.83870000
5.83984375,-78.39347000,-101.45200000,-69.81644000,-82.72617000
5.84045410,-83.50255000,-105.70600000,-68.80536000,-76.28679000
5.84106445,-82.32644000,-96.91222000,-72.89745000,-78.86389000
5.84167480,-85.38068000,-97.79072000,-78.35236000,-82.97863000
5.84228516,-79.42936000,-109.14940000,-90.94520000,-94.70514000
5.84289551,-74.88997000,-101.69270000,-72.05520000,-80.70393000
5.84350586,-78.47225000,-96.96222000,-69.47919000,-79.05520000
5.84411621,-86.53129000,-94.62622000,-69.97659000,-75.27332000
5.84472656,-82.93428000,-91.23695000,-75.82796000,-71.42864000
5.84533691,-85.63004000,-87.06046000,-76.10211000,-71.66467000
5.84594727,-92.40929000,-88.59241000,-72.85747000,-80.39346000
5.84655762,-92.07572000,-88.34660000,-68.30150000,-77.91927000
5.84716797,-88.34749000,-85.85567000,-79.37517000,-70.79708000
5.84777832,-85.75497000,-88.12362000,-74.61482000,-70.68346000
5.84838867,-81.97770000,-97.05289000,-74.61911000,-73.03688000
5.84899902,-78.60550000,-104.13190000,-81.64826000,-74.70527000
5.84960938,-74.84630000,-94.49701000,-70.60386000,-77.11096000
5.85021973,-80.06203000,-90.68591000,-73.98861000,-98.46867000
5.85083008,-78.60902000,-100.34010000,-82.76750000,-70.84608000
5.85144043,-76.19344000,-95.96159000,-83.89972000,-65.71965000
5.85205078,-75.20580000,-94.26439000,-84.14946000,-65.50433000
5.85266113,-74.95547000,-91.35321000,-77.52537000,-69.89861000
5.85327148,-75.74728000,-86.12006000,-72.63171000,-84.37761000
5.85388184,-82.17597000,-80.95161000,-69.39716000,-83.74229000
5.85449219,-88.75266000,-81.09181000,-70.63675000,-79.93570000
5.85510254,-87.60147000,-87.97026000,-75.65338000,-78.09009000
5.85571289,-80.19006000,-91.31698000,-68.82392000,-77.14899000
5.85632324,-79.82616000,-90.36032000,-67.03072000,-73.76497000
5.85693359,-89.39740000,-91.11133000,-69.04372000,-72.18159000
5.85754395,-85.05039000,-95.77570000,-77.73703000,-76.80291000
5.85815430,-83.34723000,-95.17154000,-86.62622000,-77.08764000
5.85876465,-77.41988000,-89.24966000,-85.98859000,-73.03362000
5.85937500,-75.07468000,-94.05032000,-87.62639000,-73.31895000
5.85998535,-77.53054000,-92.85435000,-74.69861000,-72.92867000
5.86059570,-78.52469000,-88.15044000,-74.72751000,-77.89674000
5.86120605,-81.55532000,-88.71026000,-89.90894000,-71.63417000
5.86181641,-78.78976000,-90.98255000,-69.65964000,-70.26601000
5.86242676,-74.33119000,-98.52120000,-65.15695000,-72.25304000
5.86303711,-75.57384000,-108.78900000,-67.60332000,-78.01088000
5.86364746,-83.24850000,-105.45750000,-88.25909000,-71.46266000
5.86425781,-81.81131000,-101.53270000,-76.52506000,-66.86659000
5.86486816,-78.01378000,-100.77640000,-75.78029000,-65.76498000
5.86547852,-79.16398000,-101.79830000,-69.74305000,-67.28716000
5.86608887,-78.90289000,-93.59887000,-69.22066000,-75.11877000
5.86669922,-77.89842000,-96.04272000,-74.02422000,-81.71861000
5.86730957,-76.86243000,-95.74908000,-78.95219000,-77.95110000
5.86791992,-80.47450000,-98.00334000,-78.90214000,-76.76760000
5.86853027,-81.20953000,-102.70670000,-74.80814000,-72.90070000
5.86914063,-79.30582000,-101.61860000,-76.58490000,-70.94111000
5.86975098,-89.82028000,-98.92826000,-83.46626000,-71.91103000
5.87036133,-75.10878000,-103.26850000,-79.11388000,-72.11858000
5.87097168,-73.43623000,-99.00818000,-86.86720000,-77.48875000
5.87158203,-75.79660000,-91.48305000,-93.68547000,-75.99248000
5.87219238,-79.90660000,-91.05667000,-91.08495000,-74.01021000
5.87280273,-79.33897000,-103.49690000,-82.21333000,-76.27181000
5.87341309,-77.98157000,-101.82640000,-70.97699000,-76.00084000
5.87402344,-82.72729000,-90.20972000,-67.13931000,-71.64962000
5.87463379,-98.20161000,-90.79489000,-71.66596000,-69.76317000
5.87524414,-88.15566000,-98.18449000,-69.77231000,-69.92860000
5.87585449,-86.24459000,-101.91390000,-69.18153000,-68.44260000
5.87646484,-78.90687000,-93.29889000,-77.35908000,-70.31368000
5.87707520,-77.00725000,-91.34991000,-82.08778000,-74.57423000
5.87768555,-77.20297000,-93.00193000,-79.09747000,-71.49283000
5.87829590,-75.55930000,-92.61842000,-75.36505000,-71.43922000
5.87890625,-86.05285000,-93.40603000,-80.62375000,-71.86241000
5.87951660,-83.77347000,-91.87201000,-75.38871000,-70.42648000
5.88012695,-88.45936000,-89.99724000,-70.32013000,-69.94348000
5.88073730,-78.79584000,-88.86223000,-71.15089000,-73.96436000
5.88134766,-77.98434000,-90.51102000,-74.55765000,-74.34708000
5.88195801,-82.35522000,-96.96152000,-71.27225000,-70.20599000
5.88256836,-87.88293000,-102.07480000,-70.25056000,-73.22526000
5.88317871,-85.24904000,-91.68580000,-78.24924000,-81.62134000
5.88378906,-78.54045000,-88.69711000,-79.07615000,-78.13580000
5.88439941,-77.60079000,-85.45424000,-72.86031000,-74.02751000
5.88500977,-81.41373000,-89.98824000,-73.06631000,-79.45978000
5.88562012,-81.56856000,-87.04230000,-79.27319000,-81.33210000
5.88623047,-84.30026000,-85.03638000,-76.24019000,-75.25801000
5.88684082,-96.08018000,-88.50587000,-80.22927000,-75.61031000
5.88745117,-85.10338000,-94.26842000,-80.77663000,-74.51755000
5.88806152,-83.13045000,-92.21396000,-71.21181000,-74.68565000
5.88867188,-77.52616000,-94.18766000,-71.74213000,-77.26378000
5.88928223,-73.69446000,-109.93680000,-79.07983000,-86.16065000
5.88989258,-85.03841000,-103.38130000,-75.52721000,-70.22747000
5.89050293,-78.70586000,-95.78955000,-78.69643000,-65.90116000
5.89111328,-78.81326000,-90.63878000,-71.76007000,-67.51719000
5.89172363,-81.58364000,-92.78802000,-73.13598000,-73.02303000
5.89233398,-78.83942000,-98.68907000,-70.28585000,-102.47290000
5.89294434,-75.31254000,-97.69387000,-65.83317000,-71.38789000
5.89355469,-76.45384000,-89.11755000,-68.81810000,-68.11409000
5.89416504,-78.18540000,-92.78133000,-71.49918000,-71.66858000
5.89477539,-77.75008000,-102.16990000,-68.00307000,-82.63908000
5.89538574,-83.89255000,-96.73166000,-65.82147000,-71.26462000
5.89599609,-83.83482000,-88.23828000,-71.48835000,-71.01168000
5.89660645,-92.35962000,-86.77360000,-78.53543000,-86.17908000
5.89721680,-85.12686000,-88.87391000,-67.25874000,-76.90045000
5.89782715,-81.25325000,-95.23587000,-66.09840000,-72.60110000
5.89843750,-76.63284000,-103.18900000,-72.12979000,-70.48091000
5.89904785,-70.85239000,-94.95795000,-88.35168000,-73.53807000
5.89965820,-68.66859000,-92.22581000,-81.73384000,-74.57703000
5.90026855,-74.15247000,-90.34854000,-69.16488000,-78.02953000
5.90087891,-83.01253000,-87.89937000,-67.32579000,-84.75921000
5.90148926,-78.89841000,-89.08574000,-70.28439000,-73.78232000
5.90209961,-78.51449000,-87.11979000,-71.64033000,-72.20607000
5.90270996,-75.26236000,-86.87857000,-69.80031000,-76.76781000
5.90332031,-74.59720000,-92.17045000,-73.38494000,-76.32577000
5.90393066,-76.19000000,-99.38773000,-67.28421000,-70.68200000
5.90454102,-82.95415000,-104.08630000,-64.97702000,-74.45058000
5.90515137,-82.47420000,-116.40960000,-65.63194000,-88.81016000
5.90576172,-80.22457000,-101.44910000,-68.61654000,-73.21835000
5.90637207,-86.03478000,-100.57980000,-66.98035000,-77.53934000
5.90698242,-85.31665000,-95.61150000,-65.40099000,-78.50648000
5.90759277,-81.83567000,-89.64275000,-66.04944000,-71.89015000
5.90820313,-81.78154000,-91.80648000,-72.01935000,-68.77269000
5.90881348,-80.73196000,-100.01890000,-74.05026000,-70.05992000
5.90942383,-85.90953000,-98.03688000,-70.04718000,-73.59294000
5.91003418,-87.83478000,-95.29025000,-79.86510000,-78.04865000
5.91064453,-78.40232000,-93.11153000,-69.81876000,-78.46810000
5.91125488,-79.34236000,-100.29960000,-64.11273000,-69.38805000
5.91186523,-94.62006000,-104.01130000,-65.26080000,-72.13924000
5.91247559,-81.14669000,-94.33755000,-68.40486000,-75.73689000
5.91308594,-82.99140000,-86.34937000,-74.37122000,-75.36601000
5.91369629,-77.41779000,-78.38472000,-68.33297000,-73.08260000
5.91430664,-73.52769000,-75.78983000,-63.78150000,-73.40270000
5.91491699,-80.08683000,-81.14178000,-65.24428000,-76.19650000
5.91552734,-84.31012000,-100.18350000,-72.39446000,-83.75664000
5.91613770,-82.62341000,-99.58569000,-73.07653000,-73.01133000
5.91674805,-82.61319000,-97.06180000,-67.39153000,-70.25366000
5.91735840,-79.02135000,-104.09440000,-70.26427000,-75.77475000
5.91796875,-76.72607000,-97.15961000,-86.79279000,-84.49772000
5.91857910,-72.51535000,-97.30615000,-70.81647000,-73.99747000
5.91918945,-74.50904000,-102.17770000,-68.37706000,-73.42522000
5.91979980,-85.54649000,-96.68479000,-70.41526000,-74.36782000
5.92041016,-78.89377000,-97.70557000,-81.19241000,-74.97797000
5.92102051,-88.48500000,-118.82330000,-69.88641000,-72.07513000
5.92163086,-84.78090000,-98.45901000,-68.37534000,-75.11761000
5.92224121,-79.84174000,-103.10880000,-80.42518000,-80.20276000
5.92285156,-77.91476000,-105.37490000,-71.51231000,-74.06009000
5.92346191,-78.40014000,-92.63043000,-68.65201000,-75.34848000
5.92407227,-84.95591000,-88.10262000,-70.31983000,-76.10931000
5.92468262,-66.55785000,-88.30554000,-71.19543000,-81.72840000
5.92529297,-63.85242000,-91.05115000,-75.72139000,-77.90358000
5.92590332,-69.86938000,-96.25720000,-78.77647000,-72.23801000
5.92651367,-75.09472000,-97.30597000,-70.74113000,-75.06967000
5.92712402,-76.14971000,-89.22656000,-71.00040000,-73.27545000
5.92773438,-77.60899000,-92.31189000,-67.84430000,-70.55271000
5.92834473,-78.29558000,-93.54640000,-65.93369000,-74.74227000
5.92895508,-78.27322000,-87.86772000,-67.28358000,-81.13717000
5.92956543,-80.86986000,-88.01273000,-73.75287000,-79.65076000
5.93017578,-75.43177000,-92.35366000,-74.42155000,-79.17626000
5.93078613,-74.43824000,-94.19098000,-68.08751000,-78.10430000
5.93139648,-78.74835000,-90.01273000,-67.51915000,-76.26055000
5.93200684,-76.46194000,-88.74988000,-74.84844000,-79.83552000
5.93261719,-71.23538000,-92.75562000,-77.06335000,-96.94390000
5.93322754,-74.48039000,-100.92200000,-75.20076000,-88.62119000
5.93383789,-82.69081000,-92.69646000,-71.70576000,-76.29742000
5.93444824,-75.69955000,-91.37977000,-68.12215000,-68.94082000
5.93505859,-79.78187000,-110.35690000,-69.14402000,-72.27390000
5.93566895,-86.76312000,-93.38118000,-75.64191000,-91.90968000
5.93627930,-87.53098000,-98.10480000,-68.42640000,-76.17140000
5.93688965,-87.96535000,-99.95998000,-64.08143000,-75.91015000
5.93750000,-82.20303000,-94.00163000,-66.10972000,-78.41813000
5.93811035,-85.34592000,-91.99092000,-73.53914000,-68.09163000
5.93872070,-90.51795000,-95.03386000,-69.96049000,-68.88894000
5.93933105,-83.51974000,-104.23200000,-67.36978000,-76.35873000
5.93994141,-77.05743000,-94.28093000,-68.42168000,-81.68663000
5.94055176,-77.72009000,-97.56553000,-77.41610000,-75.70758000
5.94116211,-83.05957000,-105.75130000,-87.39508000,-75.21346000
5.94177246,-80.69450000,-99.09171000,-77.55503000,-83.56438000
5.94238281,-78.93056000,-94.10621000,-74.30714000,-81.03786000
5.94299316,-82.18929000,-92.08619000,-72.32970000,-75.24909000
5.94360352,-82.76038000,-90.77512000,-69.94749000,-72.46968000
5.94421387,-77.39854000,-86.87659000,-70.78451000,-80.99892000
5.94482422,-77.57475000,-89.53167000,-67.27921000,-71.76968000
5.94543457,-82.07546000,-101.78730000,-66.27954000,-73.54219000
5.94604492,-85.94013000,-91.71039000,-77.14330000,-86.76924000
5.94665527,-86.75177000,-90.45012000,-76.56718000,-83.53224000
5.94726563,-88.30372000,-91.97133000,-74.79551000,-80.20248000
5.94787598,-77.45207000,-90.46140000,-79.54679000,-78.00404000
5.94848633,-76.64526000,-88.61629000,-86.71615000,-80.11169000
5.94909668,-80.94981000,-95.74665000,-76.92367000,-84.64648000
5.94970703,-79.42374000,-92.55097000,-71.98769000,-76.71725000
5.95031738,-79.90388000,-89.59331000,-70.69672000,-75.44524000
5.95092773,-78.53799000,-89.18354000,-73.13105000,-79.90765000
5.95153809,-72.76394000,-87.12314000,-76.65329000,-77.41299000
5.95214844,-76.99632000,-94.14937000,-80.26985000,-71.91687000
5.95275879,-82.71205000,-100.08230000,-73.44762000,-70.25650000
5.95336914,-79.29095000,-93.88348000,-70.39590000,-73.79414000
5.95397949,-81.24218000,-89.40837000,-68.22971000,-74.26212000
5.95458984,-77.51411000,-90.37246000,-73.19930000,-77.26929000
5.95520020,-75.86707000,-90.58664000,-83.64206000,-80.32484000
5.95581055,-81.18062000,-87.36563000,-78.18745000,-83.53031000
5.95642090,-89.14886000,-86.68242000,-84.54459000,-75.19271000
5.95703125,-83.13927000,-89.02396000,-84.04419000,-71.36667000
5.95764160,-80.87472000,-93.25983000,-82.28662000,-73.11217000
5.95825195,-76.10992000,-98.15942000,-72.39056000,-77.67213000
5.95886230,-73.93676000,-108.64860000,-72.07361000,-72.99841000
5.95947266,-75.34940000,-96.83769000,-91.23265000,-70.70605000
5.96008301,-75.26068000,-96.76181000,-75.54160000,-70.13666000
5.96069336,-74.95842000,-102.67490000,-70.01489000,-72.03151000
5.96130371,-75.96589000,-104.72390000,-71.84447000,-72.62630000
5.96191406,-76.42839000,-99.44498000,-72.17560000,-72.71518000
5.96252441,-75.59659000,-99.50381000,-71.44308000,-74.55950000
5.96313477,-76.49986000,-95.37679000,-72.39883000,-77.57025000
5.96374512,-80.01259000,-96.81820000,-69.62679000,-78.05761000
5.96435547,-84.61990000,-99.16679000,-71.34575000,-72.73573000
5.96496582,-83.04645000,-97.07127000,-68.96941000,-69.72513000
5.96557617,-82.96439000,-110.57470000,-67.48476000,-71.20524000
5.96618652,-81.39345000,-104.62620000,-68.88448000,-72.23334000
5.96679688,-80.45669000,-100.48130000,-69.53004000,-72.01051000
5.96740723,-75.39940000,-105.10510000,-70.73849000,-78.51682000
5.96801758,-75.52536000,-94.82495000,-76.49982000,-82.82755000
5.96862793,-82.00243000,-91.84654000,-81.14688000,-71.30727000
5.96923828,-84.97314000,-91.48060000,-72.60117000,-69.00613000
5.96984863,-82.93366000,-92.78266000,-77.20290000,-74.10367000
5.97045898,-80.27337000,-89.60471000,-83.63013000,-78.33731000
5.97106934,-78.57586000,-89.03307000,-77.37079000,-70.72264000
5.97167969,-81.98096000,-90.77274000,-81.59912000,-72.29324000
5.97229004,-86.89841000,-93.90379000,-75.10799000,-75.93270000
5.97290039,-83.53664000,-100.08610000,-71.37472000,-77.05181000
5.97351074,-77.74004000,-93.33416000,-72.00394000,-82.12733000
5.97412109,-77.55762000,-84.58623000,-73.91257000,-78.54039000
5.97473145,-93.73946000,-84.66364000,-77.85690000,-79.79604000
5.97534180,-83.16344000,-90.80652000,-75.44484000,-78.89545000
5.97595215,-88.17834000,-90.43872000,-73.44461000,-84.02678000
5.97656250,-76.74701000,-89.12652000,-90.76343000,-76.62666000
5.97717285,-73.42460000,-90.17653000,-69.02490000,-74.29090000
5.97778320,-82.93685000,-90.44223000,-67.50382000,-79.55382000
5.97839355,-78.70388000,-91.16632000,-66.46841000,-83.19095000
5.97900391,-80.61238000,-92.88651000,-67.60075000,-78.70560000
5.97961426,-92.72523000,-96.86875000,-68.48685000,-88.50143000
5.98022461,-81.59832000,-116.07260000,-65.80510000,-82.61545000
5.98083496,-81.56743000,-101.73790000,-66.18648000,-75.67493000
5.98144531,-80.86603000,-95.90676000,-71.75089000,-76.67925000
5.98205566,-74.96469000,-93.95245000,-73.83969000,-77.26244000
5.98266602,-75.34097000,-87.51677000,-66.56476000,-71.02359000
5.98327637,-91.42874000,-87.77194000,-71.77703000,-69.67143000
5.98388672,-88.35965000,-100.56050000,-83.71373000,-74.98038000
5.98449707,-84.75079000,-101.76460000,-71.55803000,-73.42210000
5.98510742,-78.81419000,-90.96080000,-70.00321000,-72.03454000
5.98571777,-76.74728000,-90.56741000,-75.23481000,-79.03078000
5.98632813,-82.00465000,-100.66360000,-77.21605000,-84.60480000
5.98693848,-83.21739000,-95.94655000,-72.87631000,-79.62077000
5.98754883,-90.52783000,-91.22227000,-68.53429000,-78.17472000
5.98815918,-79.92107000,-96.88565000,-69.84632000,-72.77094000
5.98876953,-81.98714000,-97.03954000,-70.01430000,-67.71751000
5.98937988,-84.98666000,-96.83981000,-69.26115000,-66.50888000
5.98999023,-82.52979000,-91.75081000,-71.02223000,-68.02214000
5.99060059,-80.61937000,-90.97716000,-67.10825000,-70.65118000
5.99121094,-77.34372000,-94.09728000,-64.23600000,-75.12430000
5.99182129,-78.48966000,-97.36647000,-66.95857000,-79.08874000
5.99243164,-78.47782000,-93.16327000,-71.16231000,-70.75451000
5.99304199,-78.01408000,-92.86091000,-68.67989000,-68.57871000
5.99365234,-80.60508000,-103.20990000,-66.14906000,-73.10251000
5.99426270,-86.80690000,-97.77520000,-69.05103000,-81.88821000
5.99487305,-75.48900000,-89.93622000,-71.93098000,-85.57700000
5.99548340,-72.59284000,-89.15088000,-72.38748000,-79.99609000
5.99609375,-80.79334000,-92.08392000,-75.27361000,-86.97647000
5.99670410,-82.10907000,-97.96902000,-73.26443000,-76.47538000
5.99731445,-87.52374000,-89.76900000,-74.65443000,-72.61031000
5.99792480,-76.78855000,-91.41903000,-67.34182000,-74.60480000
5.99853516,-73.76237000,-110.45040000,-69.49837000,-73.24832000
5.99914551,-78.78135000,-99.85854000,-77.77622000,-71.76740000
5.99975586,-84.15844000,-102.60750000,-66.76997000,-71.03853000
6.00036621,-80.92587000,-101.95450000,-63.70086000,-72.26835000
6.00097656,-81.25825000,-103.04580000,-64.15687000,-76.51771000
6.00158691,-84.73526000,-90.90901000,-67.80788000,-82.13257000
6.00219727,-93.42782000,-88.15939000,-74.64644000,-81.55419000
6.00280762,-80.77938000,-90.58270000,-76.77531000,-75.19595000
6.00341797,-75.54523000,-88.19465000,-75.44575000,-72.30398000
6.00402832,-77.60001000,-84.48071000,-71.77740000,-70.55119000
6.00463867,-79.97283000,-86.27205000,-73.86657000,-70.86478000
6.00524902,-77.83889000,-93.41226000,-70.53635000,-76.92928000
6.00585938,-76.77599000,-97.42110000,-64.77115000,-73.59908000
6.00646973,-83.88420000,-88.94785000,-64.62417000,-70.36870000
6.00708008,-84.44675000,-86.00162000,-72.75043000,-71.30373000
6.00769043,-82.29375000,-86.35097000,-71.49151000,-76.06002000
6.00830078,-80.18141000,-86.44309000,-74.28098000,-71.67891000
6.00891113,-79.27818000,-89.13388000,-69.91763000,-70.74170000
6.00952148,-85.65202000,-100.00530000,-67.39001000,-73.77003000
6.01013184,-84.22116000,-90.04401000,-68.18556000,-84.42839000
6.01074219,-81.31006000,-107.51230000,-70.59012000,-81.30265000
6.01135254,-74.99637000,-88.92854000,-76.16610000,-81.61752000
6.01196289,-73.93976000,-90.73289000,-74.10210000,-89.14383000
6.01257324,-79.99452000,-96.51421000,-71.36069000,-78.18179000
6.01318359,-87.81536000,-90.26940000,-73.24500000,-79.32220000
6.01379395,-80.77908000,-87.41173000,-75.60863000,-87.82137000
6.01440430,-81.85544000,-85.09613000,-71.95789000,-75.84304000
6.01501465,-81.08814000,-85.55648000,-68.54581000,-74.66000000
6.01562500,-85.10739000,-88.03442000,-66.24274000,-98.63598000
6.01623535,-77.78017000,-92.33565000,-69.54190000,-73.94933000
6.01684570,-74.41533000,-93.20550000,-76.52330000,-76.49743000
6.01745605,-77.30946000,-97.81471000,-78.09962000,-79.60712000
6.01806641,-77.83150000,-98.63082000,-74.42752000,-72.61348000
6.01867676,-70.72247000,-97.27202000,-79.02591000,-72.27714000
6.01928711,-72.61880000,-90.36983000,-69.74904000,-76.15862000
6.01989746,-75.99082000,-87.17128000,-65.42425000,-71.47513000
6.02050781,-78.89716000,-92.60228000,-70.61440000,-70.31214000
6.02111816,-79.80914000,-102.27100000,-68.67784000,-71.89853000
6.02172852,-76.03110000,-102.17790000,-66.56604000,-77.05345000
6.02233887,-78.92278000,-101.24660000,-68.23660000,-71.28741000
6.02294922,-77.76257000,-94.13429000,-78.91665000,-70.81134000
6.02355957,-74.26743000,-96.15182000,-73.90252000,-77.37534000
6.02416992,-76.11015000,-95.44633000,-75.61710000,-76.08783000
6.02478027,-84.81579000,-100.68700000,-77.88720000,-77.05281000
6.02539063,-83.29498000,-103.04410000,-80.40707000,-78.91348000
6.02600098,-78.12620000,-95.94428000,-73.03740000,-76.24277000
6.02661133,-84.35635000,-90.32391000,-65.93237000,-71.21863000
6.02722168,-88.15464000,-88.55231000,-63.30250000,-71.47997000
6.02783203,-85.63559000,-93.00076000,-64.41559000,-73.38660000
6.02844238,-85.80025000,-98.71888000,-75.07892000,-70.65646000
6.02905273,-91.56429000,-95.43317000,-75.72320000,-65.25105000
6.02966309,-86.26090000,-91.34159000,-87.79260000,-67.10954000
6.03027344,-85.64651000,-92.03765000,-75.82296000,-80.57327000
6.03088379,-79.33215000,-95.42639000,-78.45189000,-72.65535000
6.03149414,-90.47339000,-105.30760000,-77.28517000,-73.31783000
6.03210449,-78.51452000,-100.19850000,-81.65622000,-86.70902000
6.03271484,-78.61745000,-90.44633000,-79.13301000,-73.95693000
6.03332520,-79.97977000,-86.58791000,-74.71894000,-72.01375000
6.03393555,-83.03536000,-84.36940000,-75.09055000,-75.99046000
6.03454590,-78.94260000,-83.93806000,-65.74883000,-78.63132000
6.03515625,-76.59178000,-86.42700000,-64.41589000,-71.25488000
6.03576660,-75.19785000,-89.75920000,-66.89439000,-75.35836000
6.03637695,-72.17719000,-94.42218000,-74.81380000,-77.55171000
6.03698730,-72.38377000,-94.89629000,-87.42395000,-81.03748000
6.03759766,-91.71872000,-96.30279000,-76.48248000,-75.35555000
6.03820801,-77.30131000,-94.24329000,-78.82501000,-74.49923000
6.03881836,-74.97078000,-90.22482000,-82.94793000,-70.86822000
6.03942871,-74.79802000,-90.83141000,-71.49770000,-74.03795000
6.04003906,-79.77364000,-93.23544000,-68.93521000,-76.28739000
6.04064941,-84.72775000,-91.04118000,-73.85434000,-73.43877000
6.04125977,-74.41087000,-90.78999000,-77.76840000,-74.76785000
6.04187012,-74.65430000,-94.25978000,-81.54346000,-88.37520000
6.04248047,-76.35551000,-96.97720000,-76.54694000,-81.95098000
6.04309082,-80.32452000,-93.99322000,-69.78654000,-84.30489000
6.04370117,-103.46970000,-91.36130000,-72.77579000,-73.52823000
6.04431152,-77.44871000,-91.83418000,-84.63928000,-73.36870000
6.04492188,-77.71226000,-92.29446000,-70.64287000,-82.05336000
6.04553223,-80.92995000,-92.18420000,-66.44359000,-71.82504000
6.04614258,-80.28897000,-89.91318000,-65.59333000,-68.26806000
6.04675293,-87.92035000,-93.74595000,-69.25845000,-71.33022000
6.04736328,-88.63464000,-108.70520000,-85.02705000,-90.91762000
6.04797363,-105.10670000,-101.46780000,-71.57789000,-73.91920000
6.04858398,-86.66707000,-96.21646000,-67.53293000,-73.83753000
6.04919434,-80.46047000,-100.12920000,-67.47375000,-78.36221000
6.04980469,-79.89964000,-92.56637000,-78.29849000,-73.38419000
6.05041504,-80.51694000,-90.15941000,-75.28689000,-71.53258000
6.05102539,-85.06188000,-89.63277000,-72.38662000,-74.53441000
6.05163574,-79.47710000,-87.97848000,-72.78612000,-74.46837000
6.05224609,-80.35518000,-91.11732000,-78.38452000,-73.73670000
6.05285645,-82.99857000,-88.82244000,-89.31042000,-73.60632000
6.05346680,-79.08649000,-89.21861000,-86.55204000,-85.67509000
6.05407715,-84.97916000,-91.83846000,-75.59804000,-74.39804000
6.05468750,-82.76381000,-88.85429000,-70.67426000,-76.36668000
6.05529785,-77.87326000,-89.31288000,-73.50426000,-81.06834000
6.05590820,-77.47745000,-93.47985000,-74.46847000,-89.80153000
6.05651855,-85.26068000,-95.07564000,-75.88467000,-77.48555000
6.05712891,-77.89700000,-97.30813000,-81.37031000,-80.68195000
6.05773926,-76.68053000,-97.25895000,-66.95506000,-78.20641000
6.05834961,-80.76797000,-96.12611000,-65.89398000,-79.91541000
6.05895996,-81.75320000,-97.02888000,-69.77115000,-78.35002000
6.05957031,-75.75706000,-94.86705000,-72.38086000,-71.74243000
6.06018066,-80.22628000,-102.19260000,-75.79315000,-69.81775000
6.06079102,-99.55051000,-92.19957000,-73.62267000,-72.19234000
6.06140137,-90.81317000,-91.04816000,-74.77626000,-78.65820000
6.06201172,-77.63439000,-102.44000000,-76.57919000,-76.13954000
6.06262207,-74.52538000,-94.90144000,-67.79220000,-71.06101000
6.06323242,-77.71997000,-105.06700000,-65.58152000,-70.92599000
6.06384277,-86.92830000,-86.48980000,-67.55736000,-73.05930000
6.06445313,-114.89750000,-84.72177000,-75.15814000,-73.80218000
6.06506348,-87.21471000,-92.08690000,-76.97342000,-80.58934000
6.06567383,-81.83340000,-104.04550000,-73.42612000,-76.81567000
6.06628418,-87.84333000,-103.65720000,-73.70851000,-72.49528000
6.06689453,-83.71090000,-95.21720000,-73.45486000,-71.54276000
6.06750488,-86.16558000,-99.06212000,-74.11763000,-74.25273000
6.06811523,-85.64638000,-90.69431000,-75.63542000,-71.64980000
6.06872559,-74.66798000,-90.83849000,-75.12270000,-67.76143000
6.06933594,-75.70975000,-91.82936000,-77.45923000,-72.19364000
6.06994629,-76.66541000,-89.12566000,-73.26522000,-74.44910000
6.07055664,-72.18983000,-94.10155000,-72.96339000,-75.32792000
6.07116699,-70.17506000,-94.39434000,-71.94446000,-86.33226000
6.07177734,-71.57884000,-98.93633000,-67.80013000,-78.29284000
6.07238770,-73.94283000,-98.06873000,-69.59645000,-71.85181000
6.07299805,-77.21078000,-93.27727000,-74.56824000,-75.07945000
6.07360840,-82.33380000,-90.19800000,-67.55595000,-76.45428000
6.07421875,-86.38505000,-88.68886000,-69.17169000,-69.75244000
6.07482910,-98.76692000,-90.37833000,-81.60632000,-71.16064000
6.07543945,-80.77110000,-90.65244000,-75.08790000,-74.24432000
6.07604980,-75.13768000,-89.25911000,-78.69378000,-71.63639000
6.07666016,-77.12215000,-89.60718000,-81.47505000,-68.80531000
6.07727051,-75.34949000,-90.35712000,-71.25989000,-67.51070000
6.07788086,-76.10126000,-90.92452000,-72.96476000,-66.40071000
6.07849121,-78.53299000,-90.75043000,-72.58643000,-68.28857000
6.07910156,-75.06744000,-94.35353000,-67.33481000,-77.74498000
6.07971191,-72.19736000,-90.83920000,-68.32787000,-79.66943000
6.08032227,-74.16067000,-89.75011000,-75.32126000,-75.07353000
6.08093262,-82.19456000,-92.89928000,-76.89208000,-72.34180000
6.08154297,-82.26512000,-97.42203000,-77.79803000,-70.12063000
6.08215332,-83.22586000,-97.15714000,-72.05398000,-70.72915000
6.08276367,-83.79813000,-97.02473000,-74.24464000,-73.28931000
6.08337402,-74.06547000,-90.31923000,-75.58822000,-80.95508000
6.08398438,-72.78298000,-102.03190000,-70.07968000,-84.44038000
6.08459473,-74.60124000,-92.41325000,-74.79350000,-77.35820000
6.08520508,-77.12559000,-89.58412000,-78.54874000,-72.08528000
6.08581543,-84.82173000,-95.23200000,-74.70061000,-68.70901000
6.08642578,-86.10941000,-93.85308000,-67.97925000,-68.11847000
6.08703613,-81.05389000,-87.46036000,-65.71588000,-71.82051000
6.08764648,-88.08942000,-91.11625000,-69.93448000,-87.14172000
6.08825684,-85.51949000,-94.56734000,-77.62381000,-81.01398000
6.08886719,-86.15685000,-91.64839000,-74.45421000,-78.41506000
6.08947754,-78.84139000,-91.46850000,-71.64004000,-86.58243000
6.09008789,-76.86486000,-97.32866000,-72.27205000,-76.78733000
6.09069824,-75.62447000,-92.34379000,-82.16559000,-76.96300000
6.09130859,-75.75380000,-89.17690000,-81.49870000,-71.12788000
6.09191895,-80.31792000,-94.99171000,-75.37416000,-73.39896000
6.09252930,-81.16124000,-94.07542000,-70.90350000,-72.44208000
6.09313965,-72.43288000,-85.38449000,-64.51026000,-71.66335000
6.09375000,-74.54932000,-80.79266000,-66.17617000,-71.68970000
6.09436035,-90.96904000,-80.91945000,-70.72704000,-75.32273000
6.09497070,-84.79699000,-86.03939000,-73.21353000,-74.28735000
6.09558105,-78.43744000,-88.34258000,-66.80388000,-76.82628000
6.09619141,-75.10377000,-90.86456000,-66.82099000,-82.31086000
6.09680176,-73.66077000,-92.96014000,-67.63281000,-78.48100000
6.09741211,-76.35727000,-91.72722000,-70.58073000,-77.87827000
6.09802246,-80.57242000,-97.51446000,-81.00990000,-76.42701000
6.09863281,-78.21359000,-91.92682000,-73.40937000,-73.53648000
6.09924316,-76.28269000,-88.74168000,-69.86253000,-72.15714000
6.09985352,-79.83987000,-86.60811000,-70.86604000,-72.29789000
6.10046387,-79.94810000,-87.33979000,-81.50460000,-73.63419000
6.10107422,-73.20256000,-94.27764000,-74.90167000,-77.36079000
6.10168457,-71.90988000,-88.48830000,-79.34412000,-73.70058000
6.10229492,-74.05483000,-95.26758000,-72.09286000,-71.10651000
6.10290527,-84.49845000,-91.34918000,-69.69201000,-71.57301000
6.10351563,-82.21160000,-89.36516000,-68.95901000,-74.37368000
6.10412598,-78.54971000,-92.25165000,-72.72847000,-80.22293000
6.10473633,-77.61647000,-91.43985000,-78.90195000,-75.06249000
6.10534668,-79.58368000,-89.57539000,-79.69671000,-71.74201000
6.10595703,-78.11900000,-89.08389000,-74.98688000,-73.97913000
6.10656738,-80.49876000,-89.22573000,-73.43407000,-69.81548000
6.10717773,-83.81914000,-91.25011000,-74.20683000,-70.06590000
6.10778809,-82.13833000,-100.45740000,-74.64638000,-74.32058000
6.10839844,-80.73489000,-93.96808000,-70.85380000,-78.06284000
6.10900879,-83.75961000,-96.42720000,-65.39081000,-80.64270000
6.10961914,-76.38477000,-110.48890000,-65.22687000,-84.01547000
6.11022949,-79.80769000,-99.56334000,-69.94327000,-75.61838000
6.11083984,-75.48454000,-85.02549000,-79.79925000,-80.22330000
6.11145020,-72.84142000,-81.73672000,-71.09237000,-70.64606000
6.11206055,-74.03416000,-87.02277000,-72.93380000,-67.86457000
6.11267090,-75.34135000,-93.16313000,-69.87533000,-68.22618000
6.11328125,-81.69383000,-92.18077000,-69.67413000,-68.59468000
6.11389160,-81.18935000,-93.41718000,-82.56416000,-71.42852000
6.11450195,-80.37773000,-98.94467000,-70.41457000,-75.91790000
6.11511230,-77.86739000,-100.98290000,-66.71259000,-76.79180000
6.11572266,-88.23174000,-92.45973000,-69.54929000,-81.98989000
6.11633301,-76.29890000,-90.35778000,-71.64084000,-72.86366000
6.11694336,-73.39355000,-89.08215000,-71.80644000,-70.14262000
6.11755371,-78.03689000,-86.76898000,-71.12061000,-75.30250000
6.11816406,-78.33016000,-87.32384000,-71.33030000,-88.91669000
6.11877441,-84.76203000,-89.74926000,-83.79753000,-83.26766000
6.11938477,-82.20741000,-92.03872000,-74.35381000,-79.55543000
6.11999512,-86.04793000,-101.68710000,-71.64601000,-79.32338000
6.12060547,-92.47797000,-94.36018000,-66.82550000,-101.60520000
6.12121582,-91.29513000,-90.84235000,-66.61661000,-81.68829000
6.12182617,-93.50536000,-93.97324000,-67.63461000,-85.62718000
6.12243652,-87.24706000,-95.27037000,-65.50346000,-84.22138000
6.12304688,-87.75061000,-96.78508000,-62.91981000,-88.23431000
6.12365723,-87.43705000,-91.27480000,-65.29319000,-75.87446000
6.12426758,-84.04728000,-93.27078000,-69.06213000,-70.65568000
6.12487793,-79.97052000,-98.68486000,-70.26106000,-71.86979000
6.12548828,-77.38702000,-92.83975000,-77.16946000,-80.20034000
6.12609863,-80.34489000,-89.34605000,-83.58624000,-85.71983000
6.12670898,-85.00583000,-88.36916000,-81.83504000,-75.52596000
6.12731934,-80.29095000,-88.78616000,-86.27837000,-77.89429000
6.12792969,-82.13051000,-89.22149000,-84.22044000,-87.05230000
6.12854004,-83.27145000,-86.30034000,-77.08831000,-92.70891000
6.12915039,-81.42625000,-86.51617000,-76.09887000,-79.53178000
6.12976074,-84.39651000,-91.93015000,-91.11806000,-75.27391000
6.13037109,-90.50328000,-95.99344000,-78.45292000,-74.39035000
6.13098145,-83.28786000,-100.93940000,-72.97174000,-75.84192000
6.13159180,-83.21796000,-103.39620000,-67.75483000,-83.59818000
6.13220215,-76.02359000,-98.45665000,-74.70567000,-78.69176000
6.13281250,-74.24026000,-103.50000000,-70.74277000,-78.36688000
6.13342285,-78.81059000,-100.96370000,-65.55122000,-79.63775000
6.13403320,-86.26840000,-95.76041000,-68.17864000,-74.93578000
6.13464355,-78.72729000,-93.90115000,-79.29374000,-74.83216000
6.13525391,-75.89257000,-93.69548000,-72.90724000,-80.12890000
6.13586426,-78.03813000,-98.59172000,-72.47941000,-71.96672000
6.13647461,-82.23265000,-101.87850000,-66.81969000,-67.74180000
6.13708496,-78.56369000,-103.48480000,-62.41984000,-66.02180000
6.13769531,-78.84248000,-89.25694000,-64.41703000,-67.60300000
6.13830566,-81.77869000,-87.11890000,-76.21672000,-72.74170000
6.13891602,-76.53667000,-95.87659000,-67.21387000,-78.30339000
6.13952637,-77.20391000,-99.86153000,-66.06793000,-73.11536000
6.14013672,-83.30026000,-100.57730000,-66.61549000,-69.69905000
6.14074707,-95.87418000,-96.37061000,-70.22513000,-71.71355000
6.14135742,-82.57779000,-91.88122000,-80.80810000,-79.54867000
6.14196777,-85.20188000,-89.74446000,-76.38055000,-74.95966000
6.14257813,-86.42358000,-92.13954000,-97.84781000,-69.73344000
6.14318848,-80.52903000,-98.33352000,-76.50521000,-73.85863000
6.14379883,-82.17467000,-100.29550000,-72.23255000,-69.95855000
6.14440918,-87.36568000,-94.98363000,-70.19072000,-67.12749000
6.14501953,-91.70506000,-90.47828000,-76.60687000,-70.93787000
6.14562988,-87.99294000,-90.58064000,-75.15156000,-84.06503000
6.14624023,-76.50491000,-95.36323000,-70.64762000,-80.19023000
6.14685059,-77.19150000,-92.21101000,-75.22805000,-79.81649000
6.14746094,-74.62692000,-89.20795000,-81.11588000,-73.53575000
6.14807129,-73.23004000,-89.43991000,-72.78772000,-70.37414000
6.14868164,-78.45722000,-91.21382000,-71.03467000,-70.46178000
6.14929199,-92.69508000,-94.11279000,-67.82075000,-75.44099000
6.14990234,-76.94052000,-96.91119000,-65.25033000,-79.39300000
6.15051270,-75.26168000,-93.53955000,-66.78774000,-73.61365000
6.15112305,-83.92060000,-94.05435000,-76.42199000,-77.83288000
6.15173340,-76.81895000,-96.27473000,-71.31211000,-94.30688000
6.15234375,-80.87090000,-91.78564000,-71.13271000,-89.34871000
6.15295410,-85.48747000,-89.39869000,-79.46223000,-81.68663000
6.15356445,-82.85249000,-86.78765000,-85.85971000,-75.59215000
6.15417480,-78.22715000,-82.36307000,-82.30728000,-73.56133000
6.15478516,-77.81528000,-82.56155000,-73.62377000,-72.34311000
6.15539551,-80.10832000,-87.33415000,-70.16871000,-78.92285000
6.15600586,-81.69221000,-93.74901000,-70.92812000,-90.20432000
6.15661621,-87.98565000,-97.90784000,-68.63858000,-82.64473000
6.15722656,-105.68590000,-109.45180000,-66.50527000,-76.03589000
6.15783691,-104.24490000,-97.20432000,-72.62140000,-74.05521000
6.15844727,-83.92892000,-93.19157000,-74.36758000,-75.29058000
6.15905762,-77.48125000,-91.84152000,-69.63704000,-72.94417000
6.15966797,-77.37153000,-88.95214000,-70.76132000,-70.36946000
6.16027832,-82.09107000,-90.08330000,-82.53241000,-67.76654000
6.16088867,-81.17477000,-94.03777000,-78.57568000,-68.53818000
6.16149902,-78.47428000,-90.60841000,-72.94858000,-73.79102000
6.16210938,-84.30280000,-93.93334000,-67.14580000,-75.05427000
6.16271973,-83.16290000,-105.82400000,-67.33875000,-73.18696000
6.16333008,-78.54361000,-94.13185000,-71.43705000,-70.43433000
6.16394043,-82.37186000,-87.20474000,-81.84047000,-69.98998000
6.16455078,-88.61172000,-86.11015000,-85.96680000,-73.25829000
6.16516113,-82.41093000,-89.93000000,-78.00580000,-79.48399000
6.16577148,-81.35621000,-93.48792000,-73.25486000,-87.14941000
6.16638184,-80.38158000,-89.03584000,-70.86813000,-78.81631000
6.16699219,-83.36883000,-87.21777000,-68.21575000,-86.84698000
6.16760254,-79.47829000,-90.40734000,-69.00159000,-78.44262000
6.16821289,-78.98520000,-92.26398000,-72.33171000,-78.49567000
6.16882324,-82.53256000,-96.91623000,-79.90513000,-82.54780000
6.16943359,-82.98056000,-102.36760000,-84.83052000,-91.06131000
6.17004395,-82.82703000,-95.82736000,-82.83307000,-80.64545000
6.17065430,-81.19028000,-89.31321000,-74.89443000,-75.69560000
6.17126465,-78.48382000,-83.69946000,-65.97837000,-76.98021000
6.17187500,-77.64504000,-85.82024000,-65.98105000,-79.33218000
6.17248535,-77.49641000,-90.93467000,-77.49427000,-97.44817000
6.17309570,-83.76779000,-91.20546000,-74.30513000,-75.79285000
6.17370605,-76.95911000,-94.84464000,-75.28629000,-72.95307000
6.17431641,-72.84015000,-97.10866000,-107.25010000,-78.35540000
6.17492676,-79.14176000,-92.26795000,-75.05624000,-83.73674000
6.17553711,-86.99533000,-91.34496000,-76.22756000,-73.90840000
6.17614746,-87.28484000,-91.57131000,-82.60469000,-68.78442000
6.17675781,-76.27244000,-92.09750000,-73.29038000,-68.84385000
6.17736816,-78.19553000,-90.99555000,-73.41327000,-73.05286000
6.17797852,-91.16078000,-92.70570000,-76.87148000,-74.66179000
6.17858887,-76.74657000,-101.70540000,-67.27406000,-71.10388000
6.17919922,-69.84162000,-97.93112000,-62.77774000,-69.87848000
6.17980957,-72.64675000,-96.94463000,-62.67282000,-72.85150000
6.18041992,-72.37941000,-102.91330000,-66.84944000,-79.40884000
6.18103027,-68.63489000,-97.96434000,-73.57557000,-80.29176000
6.18164063,-75.31522000,-97.34803000,-73.95682000,-76.37654000
6.18225098,-83.14923000,-94.49093000,-75.16927000,-75.95599000
6.18286133,-79.70296000,-92.69550000,-71.82317000,-75.65177000
6.18347168,-78.02692000,-99.86462000,-71.11658000,-72.65448000
6.18408203,-68.71069000,-90.68114000,-75.45659000,-71.34391000
6.18469238,-67.33815000,-89.13475000,-76.44099000,-75.37282000
6.18530273,-68.53744000,-95.29028000,-73.80135000,-77.82487000
6.18591309,-63.57051000,-98.57164000,-78.91113000,-80.50289000
6.18652344,-62.42087000,-89.90526000,-75.94665000,-78.50439000
6.18713379,-67.02341000,-88.97414000,-73.28345000,-74.55874000
6.18774414,-77.07108000,-88.82835000,-76.66330000,-72.11362000
6.18835449,-89.70592000,-89.08932000,-82.01872000,-71.39101000
6.18896484,-84.19583000,-92.19910000,-73.22124000,-77.18784000
6.18957520,-79.89314000,-94.58302000,-68.80070000,-77.75673000
6.19018555,-75.06571000,-94.54044000,-68.39611000,-72.81414000
6.19079590,-81.44028000,-100.89470000,-69.51994000,-71.73013000
6.19140625,-79.21887000,-88.26336000,-72.86968000,-75.62380000
6.19201660,-80.75491000,-88.12222000,-69.43059000,-81.14488000
6.19262695,-93.99117000,-90.01458000,-65.86949000,-74.28388000
6.19323730,-81.02893000,-88.00897000,-69.85636000,-80.81641000
6.19384766,-80.36916000,-87.78511000,-78.87971000,-75.90205000
6.19445801,-83.95715000,-95.45879000,-74.99978000,-73.78033000
6.19506836,-80.72346000,-93.93785000,-74.75186000,-81.14607000
6.19567871,-79.15616000,-93.92567000,-70.69167000,-73.03026000
6.19628906,-76.00480000,-103.34740000,-67.64274000,-71.49986000
6.19689941,-77.42398000,-98.09927000,-67.45457000,-71.34223000
6.19750977,-83.54185000,-98.08238000,-69.12807000,-77.13738000
6.19812012,-74.50105000,-87.56714000,-73.79565000,-72.64645000
6.19873047,-73.39543000,-84.61457000,-68.44902000,-77.24780000
6.19934082,-76.20518000,-87.39395000,-65.66224000,-78.41817000
6.19995117,-76.25404000,-98.65604000,-66.69093000,-72.63605000
6.20056152,-74.49410000,-104.34100000,-68.95036000,-70.79354000
6.20117188,-72.83362000,-88.70731000,-81.93066000,-72.41086000
6.20178223,-73.45479000,-86.09987000,-69.99234000,-81.80359000
6.20239258,-77.25386000,-89.08557000,-69.73552000,-83.33179000
6.20300293,-85.21590000,-90.15217000,-73.73018000,-74.21828000
6.20361328,-79.66737000,-88.65262000,-81.28475000,-71.35508000
6.20422363,-79.57493000,-92.12208000,-87.42393000,-75.56521000
6.20483398,-81.72693000,-95.22939000,-80.27607000,-75.40233000
6.20544434,-84.12259000,-98.70551000,-71.79387000,-71.42228000
6.20605469,-91.31860000,-91.03936000,-72.81133000,-71.12582000
6.20666504,-85.38281000,-88.33989000,-74.42084000,-73.93047000
6.20727539,-82.48292000,-93.89824000,-73.30191000,-75.92132000
6.20788574,-92.64987000,-102.63580000,-66.81780000,-85.54903000
6.20849609,-83.06346000,-93.30527000,-63.74625000,-80.34892000
6.20910645,-81.40495000,-89.25240000,-73.16590000,-76.69772000
6.20971680,-78.36055000,-88.80802000,-69.82491000,-75.89624000
6.21032715,-85.40219000,-96.27662000,-68.72073000,-81.21987000
6.21093750,-86.70905000,-89.13917000,-74.81070000,-78.26232000
6.21154785,-87.14039000,-87.64143000,-77.41448000,-75.42635000
6.21215820,-79.12978000,-89.54802000,-83.98312000,-74.66689000
6.21276855,-79.09090000,-90.00141000,-70.23006000,-78.84486000
6.21337891,-83.10416000,-86.70413000,-67.93425000,-82.42747000
6.21398926,-72.38275000,-78.41891000,-77.84304000,-77.14960000
6.21459961,-72.10122000,-76.46911000,-75.57717000,-75.18444000
6.21520996,-76.49275000,-81.59579000,-76.54406000,-70.72682000
6.21582031,-82.37596000,-88.50241000,-71.72229000,-71.00350000
6.21643066,-89.88481000,-92.69473000,-88.68287000,-71.96320000
6.21704102,-97.86849000,-97.04227000,-74.53463000,-71.01320000
6.21765137,-80.76738000,-91.65035000,-71.66045000,-72.39970000
6.21826172,-75.85812000,-92.80580000,-68.75487000,-77.86600000
6.21887207,-74.80782000,-94.90508000,-69.03469000,-81.26461000
6.21948242,-74.11662000,-95.39437000,-73.07369000,-80.13863000
6.22009277,-72.16247000,-91.44413000,-85.83334000,-77.50867000
6.22070313,-72.57479000,-89.07317000,-78.76465000,-73.74925000
6.22131348,-73.70354000,-91.76739000,-77.77882000,-76.84299000
6.22192383,-71.02607000,-91.55311000,-76.27372000,-76.94398000
6.22253418,-70.81806000,-97.62379000,-68.36510000,-70.60499000
6.22314453,-75.12829000,-103.04880000,-65.20789000,-72.15629000
6.22375488,-86.68871000,-92.39731000,-71.84854000,-75.39731000
6.22436523,-85.01225000,-92.11335000,-84.44774000,-73.55241000
6.22497559,-77.38664000,-99.11515000,-75.76422000,-80.79637000
6.22558594,-76.74670000,-94.52058000,-69.67667000,-70.52757000
6.22619629,-78.40617000,-89.51872000,-69.95536000,-75.72749000
6.22680664,-77.38791000,-89.67804000,-73.94865000,-76.24164000
6.22741699,-76.94626000,-93.85390000,-72.19653000,-72.44275000
6.22802734,-75.44895000,-97.17542000,-72.66710000,-78.06650000
6.22863770,-75.95228000,-92.99730000,-75.40215000,-80.01567000
6.22924805,-83.87402000,-90.44444000,-71.66699000,-76.46603000
6.22985840,-73.75934000,-91.91788000,-67.78635000,-76.18407000
6.23046875,-72.55885000,-94.17115000,-63.20329000,-81.68639000
6.23107910,-78.29408000,-98.54834000,-64.27123000,-82.96207000
6.23168945,-77.67427000,-92.63320000,-70.17343000,-78.27920000
6.23229980,-78.43954000,-97.91272000,-69.59758000,-78.32006000
6.23291016,-79.67577000,-100.22060000,-67.02457000,-84.74949000
6.23352051,-76.62547000,-90.83100000,-71.47969000,-82.14451000
6.23413086,-74.18588000,-86.50267000,-90.91982000,-88.78999000
6.23474121,-73.50896000,-87.52734000,-79.36429000,-75.29735000
6.23535156,-74.81565000,-90.87292000,-73.51333000,-77.91051000
6.23596191,-81.58763000,-100.19760000,-77.54335000,-82.21553000
6.23657227,-81.87450000,-95.52814000,-85.97915000,-80.67673000
6.23718262,-88.70184000,-91.35018000,-74.31340000,-82.39193000
6.23779297,-81.78015000,-95.41424000,-88.24665000,-81.97986000
6.23840332,-83.42209000,-97.32609000,-68.15637000,-79.34702000
6.23901367,-82.53735000,-92.31360000,-69.97102000,-78.72108000
6.23962402,-85.06882000,-89.97952000,-75.59440000,-79.08432000
6.24023438,-83.19762000,-92.17056000,-74.70255000,-72.53165000
6.24084473,-87.06422000,-94.09338000,-79.58902000,-71.09125000
6.24145508,-84.09901000,-103.07030000,-74.83214000,-72.65139000
6.24206543,-90.84749000,-99.17046000,-69.98232000,-72.54992000
6.24267578,-81.10060000,-101.10100000,-71.70274000,-68.32690000
6.24328613,-75.47690000,-99.76891000,-67.06553000,-67.40385000
6.24389648,-77.35397000,-90.94336000,-69.19215000,-70.71137000
6.24450684,-78.05684000,-85.43617000,-82.01244000,-71.06319000
6.24511719,-76.62125000,-89.54314000,-78.77412000,-76.11796000
6.24572754,-73.77127000,-106.78020000,-70.62054000,-76.28922000
6.24633789,-72.25198000,-96.38554000,-67.03589000,-73.63469000
6.24694824,-73.42009000,-97.40136000,-68.79404000,-80.14803000
6.24755859,-77.73952000,-94.90566000,-69.79784000,-81.64421000
6.24816895,-81.54003000,-96.47813000,-72.98210000,-77.20351000
6.24877930,-81.68800000,-111.60480000,-80.10547000,-72.75375000
6.24938965,-100.76080000,-97.96529000,-71.30387000,-78.24010000
6.25000000,-74.46778000,-95.79861000,-72.26623000,-73.87096000
6.25061035,-71.90692000,-87.12881000,-71.02428000,-71.78804000
6.25122070,-74.46753000,-91.17035000,-74.06601000,-77.86539000
6.25183105,-74.70458000,-99.65775000,-74.79263000,-79.57243000
6.25244141,-75.57132000,-92.52430000,-71.54926000,-70.58556000
6.25305176,-77.13611000,-90.47714000,-75.03952000,-78.62571000
6.25366211,-75.82024000,-93.95161000,-81.37033000,-72.60056000
6.25427246,-78.95135000,-94.22845000,-82.18326000,-72.73342000
6.25488281,-81.45116000,-88.51688000,-82.37305000,-72.73980000
6.25549316,-79.25552000,-89.83983000,-91.02464000,-76.30614000
6.25610352,-76.79355000,-96.55870000,-75.17084000,-108.49290000
6.25671387,-76.48222000,-101.36880000,-73.42039000,-87.24181000
6.25732422,-76.99710000,-96.73567000,-74.90253000,-78.76666000
6.25793457,-90.04195000,-92.84042000,-71.26588000,-70.74963000
6.25854492,-88.77903000,-88.60554000,-79.34873000,-71.80986000
6.25915527,-89.62451000,-86.69753000,-78.43977000,-80.69753000
6.25976563,-86.31519000,-86.77337000,-76.52702000,-76.48847000
6.26037598,-78.43706000,-87.69350000,-82.76948000,-72.39671000
6.26098633,-79.20804000,-92.29804000,-74.86521000,-72.78574000
6.26159668,-83.29031000,-99.60895000,-71.78134000,-77.55635000
6.26220703,-84.44302000,-92.76654000,-72.15438000,-75.62222000
6.26281738,-80.42431000,-92.85355000,-75.05077000,-75.72359000
6.26342773,-79.36656000,-89.57165000,-75.85778000,-76.75938000
6.26403809,-83.50220000,-89.81388000,-86.96445000,-71.18766000
6.26464844,-92.97003000,-97.93583000,-75.10761000,-75.84646000
6.26525879,-91.59317000,-99.05296000,-79.52013000,-75.39272000
6.26586914,-82.62411000,-97.64770000,-72.68111000,-78.96913000
6.26647949,-84.21179000,-89.69112000,-69.68266000,-95.86945000
6.26708984,-84.36958000,-92.47899000,-84.30028000,-80.56540000
6.26770020,-86.15840000,-99.69521000,-74.13725000,-75.94203000
6.26831055,-82.35664000,-96.89346000,-71.62567000,-73.40105000
6.26892090,-85.88049000,-98.92824000,-65.30051000,-71.31030000
6.26953125,-98.62524000,-89.00826000,-62.94914000,-77.10866000
6.27014160,-94.21200000,-88.89108000,-64.75487000,-82.85160000
6.27075195,-90.67754000,-93.58168000,-70.25101000,-76.70856000
6.27136230,-85.72687000,-93.67851000,-72.20267000,-72.97689000
6.27197266,-80.83669000,-90.83785000,-65.51040000,-80.10703000
6.27258301,-80.83958000,-92.92409000,-65.32362000,-77.21258000
6.27319336,-78.43720000,-96.08582000,-68.97025000,-82.65245000
6.27380371,-74.64568000,-86.96403000,-74.05423000,-77.90697000
6.27441406,-73.43643000,-84.93034000,-75.95581000,-73.78710000
6.27502441,-75.01702000,-101.40520000,-75.40919000,-68.57262000
6.27563477,-81.23477000,-91.79440000,-68.90260000,-68.03814000
6.27624512,-83.23543000,-93.62733000,-67.56438000,-70.30074000
6.27685547,-85.03648000,-89.84297000,-71.17858000,-72.87009000
6.27746582,-88.59206000,-89.87135000,-78.75871000,-75.32018000
6.27807617,-88.93652000,-93.74796000,-92.40262000,-77.47581000
6.27868652,-81.66821000,-92.58807000,-77.42402000,-79.16393000
6.27929688,-79.69423000,-94.48380000,-71.92048000,-74.13169000
6.27990723,-80.55400000,-98.04292000,-72.54626000,-77.09766000
6.28051758,-77.04635000,-98.50490000,-70.44330000,-76.02867000
6.28112793,-78.28990000,-96.57253000,-70.02602000,-77.97225000
6.28173828,-82.51232000,-93.15062000,-70.95454000,-79.64969000
6.28234863,-83.88142000,-91.30874000,-78.13241000,-74.88041000
6.28295898,-84.53098000,-94.90645000,-72.98346000,-71.36608000
6.28356934,-81.87089000,-94.65256000,-68.26264000,-72.37605000
6.28417969,-81.31280000,-91.61785000,-70.97749000,-74.05786000
6.28479004,-90.32508000,-91.48063000,-81.98028000,-76.28930000
6.28540039,-84.75703000,-91.29591000,-83.40508000,-76.72006000
6.28601074,-77.42314000,-94.76381000,-78.11828000,-81.72774000
6.28662109,-76.50507000,-92.43735000,-72.72802000,-86.36227000
6.28723145,-78.03555000,-91.77056000,-73.03491000,-79.05768000
6.28784180,-79.87080000,-99.28244000,-79.81144000,-76.71989000
6.28845215,-76.34554000,-94.69258000,-73.86989000,-82.04983000
6.28906250,-77.07801000,-91.33644000,-88.66798000,-78.61549000
6.28967285,-77.41972000,-89.21191000,-78.87143000,-76.11655000
6.29028320,-86.62322000,-88.82198000,-71.84386000,-77.10001000
6.29089355,-78.11765000,-96.38817000,-65.39740000,-80.98640000
6.29150391,-76.18786000,-91.88633000,-68.83451000,-77.09536000
6.29211426,-78.61285000,-88.07111000,-71.00649000,-71.37650000
6.29272461,-82.17184000,-89.46652000,-70.07004000,-70.29986000
6.29333496,-82.24655000,-88.27017000,-71.46525000,-72.99674000
6.29394531,-84.87532000,-83.61179000,-75.13730000,-73.73351000
6.29455566,-81.91130000,-83.32938000,-95.95818000,-72.23266000
6.29516602,-74.72738000,-93.14846000,-75.97882000,-73.43672000
6.29577637,-75.27431000,-96.65805000,-69.91258000,-78.57549000
6.29638672,-74.91440000,-98.70953000,-67.27006000,-79.88008000
6.29699707,-79.54253000,-92.13644000,-69.88605000,-76.51862000
6.29760742,-99.01018000,-90.28525000,-70.75417000,-79.99184000
6.29821777,-80.72549000,-88.99892000,-71.44896000,-73.23644000
6.29882813,-80.34618000,-88.11654000,-71.24352000,-70.15300000
6.29943848,-91.72731000,-90.02072000,-67.72299000,-72.12144000
6.30004883,-76.13663000,-97.80547000,-68.34459000,-75.56949000
6.30065918,-72.74315000,-98.81073000,-80.59952000,-75.97231000
6.30126953,-74.61372000,-92.89791000,-73.90163000,-70.90583000
6.30187988,-75.76179000,-92.81964000,-71.87908000,-74.38599000
6.30249023,-75.31840000,-94.73566000,-83.39088000,-78.82575000
6.30310059,-74.42977000,-88.18469000,-73.87751000,-81.35970000
6.30371094,-75.44183000,-95.29804000,-73.85074000,-79.66850000
6.30432129,-84.27798000,-89.36298000,-80.52440000,-72.13622000
6.30493164,-81.20872000,-85.62003000,-69.52554000,-73.24630000
6.30554199,-77.36898000,-89.22502000,-66.72427000,-84.12712000
6.30615234,-80.76311000,-92.67499000,-65.58409000,-79.94106000
6.30676270,-90.13857000,-92.28531000,-67.09901000,-77.59268000
6.30737305,-90.76348000,-93.18327000,-75.25222000,-73.71669000
6.30798340,-81.85555000,-95.42370000,-78.68384000,-70.27628000
6.30859375,-75.45663000,-99.30762000,-71.63106000,-72.57924000
6.30920410,-74.35931000,-93.49239000,-69.42727000,-73.73212000
6.30981445,-75.64548000,-94.63322000,-66.07169000,-73.73339000
6.31042480,-89.75837000,-87.77383000,-65.01796000,-87.44952000
6.31103516,-83.08109000,-85.20610000,-66.94701000,-83.93265000
6.31164551,-88.81507000,-87.68027000,-70.48010000,-73.19686000
6.31225586,-77.81705000,-97.47586000,-74.65470000,-73.36040000
6.31286621,-73.18699000,-97.54826000,-69.60063000,-70.49825000
6.31347656,-80.07561000,-97.18665000,-77.01084000,-73.12638000
6.31408691,-76.86868000,-93.49918000,-75.46170000,-79.31878000
6.31469727,-73.03117000,-91.17145000,-82.51984000,-78.60619000
6.31530762,-82.64958000,-91.41614000,-81.85817000,-80.17265000
6.31591797,-72.89352000,-92.54685000,-71.71806000,-79.97128000
6.31652832,-70.29306000,-94.35119000,-65.38593000,-81.32545000
6.31713867,-79.43224000,-97.00188000,-62.79472000,-80.93609000
6.31774902,-84.07176000,-104.14970000,-67.19728000,-85.50671000
6.31835938,-87.76212000,-97.53731000,-77.82366000,-76.53888000
6.31896973,-86.03191000,-109.74120000,-70.11472000,-76.72655000
6.31958008,-80.62886000,-95.01921000,-78.00027000,-70.43176000
6.32019043,-83.57944000,-91.90445000,-83.43709000,-71.04737000
6.32080078,-96.30547000,-87.28740000,-73.09203000,-74.20406000
6.32141113,-80.04523000,-88.91188000,-70.79653000,-76.76852000
6.32202148,-78.04491000,-97.21780000,-68.19634000,-85.27058000
6.32263184,-79.26199000,-88.59998000,-68.08164000,-78.99150000
6.32324219,-74.71841000,-86.64766000,-74.15282000,-74.04854000
6.32385254,-79.30321000,-91.04337000,-71.84682000,-82.65742000
6.32446289,-82.00074000,-96.31713000,-69.46902000,-80.73193000
6.32507324,-80.56443000,-93.74377000,-67.43703000,-75.61039000
6.32568359,-78.00456000,-103.22670000,-72.17580000,-71.65025000
6.32629395,-77.23683000,-90.77052000,-78.72787000,-80.00475000
6.32690430,-80.55936000,-85.64095000,-78.12591000,-75.91392000
6.32751465,-78.66716000,-86.57941000,-77.80749000,-70.36943000
6.32812500,-77.50087000,-90.12154000,-74.38033000,-71.99178000
6.32873535,-75.35718000,-95.38655000,-86.30502000,-81.73389000
6.32934570,-73.91060000,-91.14223000,-78.54388000,-79.26868000
6.32995605,-76.53231000,-97.46354000,-72.62613000,-72.20563000
6.33056641,-74.11093000,-100.39090000,-72.56837000,-72.12473000
6.33117676,-74.55759000,-94.04458000,-71.82758000,-73.60732000
6.33178711,-79.69768000,-89.25107000,-71.85283000,-74.15274000
6.33239746,-82.51015000,-89.94110000,-78.21547000,-72.19863000
6.33300781,-77.88911000,-96.53844000,-75.54782000,-74.38753000
6.33361816,-80.19931000,-93.28719000,-75.63646000,-73.59904000
6.33422852,-88.25143000,-85.58684000,-76.09702000,-74.71066000
6.33483887,-78.47744000,-89.10081000,-73.78244000,-84.58905000
6.33544922,-81.07933000,-88.33337000,-74.20113000,-82.86223000
6.33605957,-83.04633000,-98.33116000,-74.57401000,-94.23718000
6.33666992,-79.67956000,-98.65559000,-82.80679000,-80.91506000
6.33728027,-83.06015000,-104.81700000,-68.44901000,-82.66795000
6.33789063,-77.43203000,-97.21715000,-70.64757000,-73.05019000
6.33850098,-77.50520000,-90.76087000,-72.33858000,-73.93991000
6.33911133,-78.95169000,-92.20769000,-66.64523000,-84.25990000
6.33972168,-78.79498000,-94.75976000,-65.38701000,-74.66827000
6.34033203,-80.38470000,-94.97990000,-68.43889000,-78.32546000
6.34094238,-78.34002000,-98.36594000,-75.58533000,-78.29779000
6.34155273,-75.33858000,-95.98709000,-71.25846000,-78.96066000
6.34216309,-76.14099000,-102.24920000,-67.24333000,-81.70689000
6.34277344,-86.48260000,-95.88714000,-72.75713000,-82.46777000
6.34338379,-87.26371000,-93.15575000,-71.06727000,-90.65990000
6.34399414,-80.71025000,-90.71497000,-66.25391000,-79.22097000
6.34460449,-80.21518000,-89.53620000,-70.04945000,-78.41050000
6.34521484,-83.36398000,-90.16348000,-86.32353000,-83.11288000
6.34582520,-81.82469000,-89.59434000,-74.18623000,-82.67368000
6.34643555,-87.55788000,-93.33250000,-79.49509000,-78.22936000
6.34704590,-75.57281000,-98.14426000,-71.28617000,-76.85117000
6.34765625,-72.33230000,-94.15639000,-70.74577000,-74.31474000
6.34826660,-74.67303000,-94.09921000,-69.37194000,-78.00717000
6.34887695,-81.71898000,-107.35540000,-66.45963000,-82.26343000
6.34948730,-90.19925000,-92.58239000,-69.97884000,-75.21407000
6.35009766,-82.95703000,-91.40530000,-84.77970000,-81.45110000
6.35070801,-77.17288000,-98.94391000,-83.10297000,-80.25414000
6.35131836,-75.90430000,-101.20610000,-77.50024000,-76.49964000
6.35192871,-75.37126000,-97.29500000,-73.85377000,-75.81325000
6.35253906,-80.35364000,-97.94198000,-74.58240000,-73.80865000
6.35314941,-83.89749000,-101.74710000,-71.68810000,-73.38364000
6.35375977,-78.17592000,-95.28242000,-70.00230000,-74.72131000
6.35437012,-76.13821000,-90.84697000,-68.16405000,-74.80996000
6.35498047,-82.36626000,-100.35540000,-70.98450000,-73.78055000
6.35559082,-78.50514000,-89.68583000,-73.56786000,-76.10145000
6.35620117,-78.91830000,-85.89817000,-69.81021000,-80.58765000
6.35681152,-83.12415000,-87.08282000,-70.95302000,-75.06455000
6.35742188,-89.99679000,-90.47065000,-70.42100000,-78.69048000
6.35803223,-86.42953000,-93.49725000,-70.69951000,-79.08446000
6.35864258,-81.59072000,-94.69014000,-73.14693000,-72.27254000
6.35925293,-77.93162000,-93.02571000,-73.82303000,-73.00227000
6.35986328,-75.83896000,-96.25687000,-70.11880000,-73.04959000
6.36047363,-77.21130000,-100.81370000,-68.19160000,-72.58681000
6.36108398,-83.22791000,-96.73997000,-72.28984000,-77.84463000
6.36169434,-81.85375000,-100.64430000,-82.59277000,-72.59998000
6.36230469,-76.92631000,-111.04500000,-69.16251000,-72.54800000
6.36291504,-78.79292000,-103.15510000,-65.96322000,-73.79002000
6.36352539,-81.97691000,-98.77266000,-68.92319000,-72.43079000
6.36413574,-77.81929000,-88.77616000,-76.36793000,-71.85449000
6.36474609,-79.85236000,-87.27268000,-71.75829000,-79.71963000
6.36535645,-83.01957000,-96.01915000,-75.11204000,-81.69173000
6.36596680,-83.47498000,-99.32929000,-78.71609000,-79.25535000
6.36657715,-82.14194000,-91.47797000,-73.82325000,-79.01145000
6.36718750,-88.32596000,-90.09180000,-73.19470000,-74.98592000
6.36779785,-79.37369000,-91.05032000,-72.73708000,-73.61083000
6.36840820,-74.79088000,-95.30148000,-67.16695000,-75.21751000
6.36901855,-80.24471000,-87.46432000,-65.65572000,-72.41551000
6.36962891,-83.23302000,-87.12350000,-70.83898000,-74.62136000
6.37023926,-77.93818000,-92.38037000,-81.03439000,-77.81924000
6.37084961,-79.05157000,-95.49226000,-75.57889000,-72.36925000
6.37145996,-74.13285000,-98.45741000,-67.57503000,-76.83795000
6.37207031,-72.29658000,-103.50100000,-65.30602000,-118.26020000
6.37268066,-79.75893000,-94.14483000,-68.86435000,-77.12709000
6.37329102,-84.06719000,-97.38112000,-77.67003000,-75.83886000
6.37390137,-83.25428000,-101.85960000,-74.38471000,-73.45518000
6.37451172,-80.97408000,-92.99185000,-72.85194000,-72.13429000
6.37512207,-87.56039000,-94.64032000,-76.22501000,-76.06647000
6.37573242,-85.30869000,-97.80864000,-83.75375000,-78.54774000
6.37634277,-81.02912000,-105.07170000,-75.47836000,-79.63477000
6.37695313,-76.32712000,-101.14850000,-96.22020000,-74.93204000
6.37756348,-74.78305000,-99.10664000,-71.29235000,-73.50839000
6.37817383,-76.26688000,-89.22594000,-71.07645000,-72.06882000
6.37878418,-72.11829000,-89.48856000,-79.00447000,-75.30869000
6.37939453,-71.15215000,-95.03139000,-74.71835000,-82.20267000
6.38000488,-81.33930000,-95.21544000,-72.09227000,-75.21808000
6.38061523,-77.86239000,-95.04539000,-75.35346000,-67.92200000
6.38122559,-78.54680000,-91.16615000,-75.49501000,-67.04659000
6.38183594,-83.18405000,-90.70489000,-67.65471000,-71.41415000
6.38244629,-80.71426000,-95.96349000,-66.20317000,-81.16425000
6.38305664,-81.71841000,-90.40978000,-67.19968000,-96.59209000
6.38366699,-88.44627000,-94.56636000,-69.76469000,-76.60422000
6.38427734,-78.76469000,-98.47336000,-69.64522000,-71.80195000
6.38488770,-81.08315000,-100.63000000,-65.44772000,-73.65039000
6.38549805,-88.01218000,-98.38699000,-68.04631000,-75.35275000
6.38610840,-78.14733000,-94.17976000,-81.89124000,-72.58138000
6.38671875,-83.08625000,-90.68854000,-69.42694000,-73.39112000
6.38732910,-83.21585000,-88.56239000,-68.45840000,-71.57079000
6.38793945,-86.64040000,-91.11401000,-68.35315000,-74.48274000
6.38854980,-74.17490000,-98.62555000,-69.02303000,-81.59493000
6.38916016,-71.39139000,-102.36460000,-74.32546000,-83.07863000
6.38977051,-78.08461000,-95.58951000,-87.28217000,-85.41153000
6.39038086,-90.05013000,-93.22287000,-77.08121000,-72.43098000
6.39099121,-81.56624000,-103.44500000,-81.52454000,-70.23912000
6.39160156,-84.24351000,-98.63854000,-73.19746000,-73.40691000
6.39221191,-83.74058000,-93.86697000,-71.38461000,-74.66411000
6.39282227,-84.95923000,-89.63393000,-86.18925000,-74.83790000
6.39343262,-80.07796000,-83.73555000,-78.37907000,-71.37553000
6.39404297,-79.76557000,-81.62110000,-68.85480000,-85.67604000
6.39465332,-84.47670000,-84.87839000,-69.40523000,-70.74722000
6.39526367,-77.50612000,-92.72445000,-77.00693000,-70.01809000
6.39587402,-72.55341000,-95.13378000,-90.51002000,-72.50729000
6.39648438,-72.28581000,-98.36316000,-74.45924000,-77.12801000
6.39709473,-76.37544000,-92.02753000,-90.62926000,-84.27906000
6.39770508,-80.30339000,-89.19902000,-72.23722000,-81.37574000
6.39831543,-91.95502000,-94.52797000,-77.60985000,-80.31419000
6.39892578,-87.63840000,-99.21609000,-76.59250000,-88.17941000
6.39953613,-84.10532000,-91.16271000,-93.40549000,-75.00682000
6.40014648,-75.83626000,-91.64532000,-82.39246000,-72.77831000
6.40075684,-75.10765000,-103.50900000,-77.29434000,-74.42240000
6.40136719,-76.15063000,-101.45430000,-72.09063000,-72.58247000
6.40197754,-81.46716000,-95.79782000,-72.94566000,-72.82716000
6.40258789,-94.15702000,-96.17056000,-85.79998000,-71.99899000
6.40319824,-81.88012000,-88.28487000,-75.89255000,-70.33007000
6.40380859,-76.97840000,-90.30508000,-72.00338000,-74.27661000
6.40441895,-73.48319000,-102.04440000,-74.29765000,-82.47608000
6.40502930,-74.88943000,-92.31311000,-70.07050000,-74.19636000
6.40563965,-78.40450000,-91.42746000,-70.65913000,-74.76599000
6.40625000,-83.73649000,-91.99763000,-76.59495000,-82.70197000
6.40686035,-98.53286000,-94.36890000,-79.84194000,-75.89005000
6.40747070,-87.76653000,-107.58730000,-89.83932000,-75.64045000
6.40808105,-78.32408000,-101.95770000,-79.40053000,-105.21520000
6.40869141,-72.73486000,-100.05040000,-77.12988000,-78.33662000
6.40930176,-74.14745000,-96.32520000,-76.76944000,-75.19093000
6.40991211,-76.90128000,-96.09292000,-67.28623000,-74.30646000
6.41052246,-75.41899000,-90.64614000,-65.80722000,-71.99168000
6.41113281,-78.00093000,-83.56494000,-67.17542000,-69.98756000
6.41174316,-96.55679000,-84.18037000,-68.98480000,-77.60995000
6.41235352,-79.08231000,-95.07954000,-80.76149000,-82.30855000
6.41296387,-76.69972000,-100.43350000,-71.04517000,-83.47398000
6.41357422,-80.50989000,-96.67821000,-69.86068000,-78.32724000
6.41418457,-77.79243000,-88.10107000,-67.36453000,-70.88158000
6.41479492,-73.63323000,-90.02560000,-67.61127000,-68.35892000
6.41540527,-73.70936000,-95.94128000,-73.24895000,-69.09468000
6.41601563,-75.51151000,-96.39452000,-66.69916000,-70.56187000
6.41662598,-79.17380000,-108.56150000,-67.68696000,-72.85287000
6.41723633,-86.73806000,-94.15800000,-69.32230000,-77.87280000
6.41784668,-83.80547000,-93.03252000,-72.06377000,-88.99976000
6.41845703,-77.72942000,-100.97060000,-87.77229000,-82.69237000
6.41906738,-76.34583000,-99.92909000,-73.80180000,-89.63973000
6.41967773,-82.45929000,-95.89552000,-70.90312000,-91.04140000
6.42028809,-77.87315000,-100.05770000,-72.52051000,-98.92078000
6.42089844,-74.79918000,-112.36790000,-79.15569000,-81.96056000
6.42150879,-77.60196000,-96.85612000,-83.65009000,-84.15315000
6.42211914,-83.30098000,-92.28791000,-77.51147000,-71.36122000
6.42272949,-78.35146000,-90.67242000,-92.98241000,-68.74379000
6.42333984,-73.81399000,-92.05468000,-82.59607000,-76.79272000
6.42395020,-74.93867000,-87.95445000,-72.77018000,-77.39548000
6.42456055,-78.06047000,-84.62341000,-68.97005000,-74.07674000
6.42517090,-74.55755000,-86.88155000,-70.42256000,-72.38000000
6.42578125,-72.55143000,-89.34162000,-78.99940000,-71.92615000
6.42639160,-76.87841000,-93.07247000,-70.89230000,-75.20347000
6.42700195,-83.43100000,-103.24980000,-73.11301000,-74.83559000
6.42761230,-77.64862000,-98.72215000,-80.57791000,-74.84258000
6.42822266,-73.55725000,-95.87611000,-67.46917000,-72.85775000
6.42883301,-72.30180000,-95.84036000,-68.56967000,-68.07599000
6.42944336,-75.65405000,-96.54629000,-73.85647000,-69.87534000
6.43005371,-83.94513000,-98.13187000,-65.91203000,-75.77676000
6.43066406,-93.87627000,-97.08775000,-65.04539000,-78.16527000
6.43127441,-92.16237000,-95.02417000,-66.45009000,-80.85152000
6.43188477,-101.45810000,-93.79633000,-66.60644000,-78.60988000
6.43249512,-84.49441000,-99.95080000,-67.08011000,-72.14837000
6.43310547,-74.73119000,-90.76025000,-72.20073000,-72.57311000
6.43371582,-74.28199000,-87.35577000,-84.92107000,-73.09483000
6.43432617,-78.36221000,-94.16928000,-70.51816000,-71.18225000
6.43493652,-81.71223000,-95.55683000,-72.54133000,-72.88856000
6.43554688,-79.76091000,-96.94465000,-79.33654000,-77.87915000
6.43615723,-78.88099000,-99.27811000,-76.43569000,-76.87136000
6.43676758,-79.97435000,-94.28584000,-71.25237000,-76.55424000
6.43737793,-85.02675000,-89.86732000,-67.35734000,-80.77299000
6.43798828,-86.71230000,-93.03361000,-68.49058000,-70.41232000
6.43859863,-82.69022000,-102.80060000,-81.99527000,-72.97652000
6.43920898,-85.60867000,-95.21793000,-80.57904000,-74.60291000
6.43981934,-85.62130000,-106.30190000,-73.60533000,-73.81021000
6.44042969,-93.58398000,-98.09972000,-67.58781000,-84.73329000
6.44104004,-90.06396000,-94.92526000,-65.60393000,-78.40164000
6.44165039,-87.78377000,-91.48759000,-67.05840000,-75.57634000
6.44226074,-83.13211000,-94.72305000,-71.16346000,-72.53437000
6.44287109,-82.51847000,-92.48729000,-75.44179000,-72.70711000
6.44348145,-83.28049000,-90.97690000,-80.83891000,-69.51350000
6.44409180,-78.99268000,-89.42995000,-79.14006000,-74.30375000
6.44470215,-78.68217000,-91.32948000,-73.30359000,-80.71678000
6.44531250,-78.83371000,-103.69420000,-70.55176000,-72.57330000
6.44592285,-81.94904000,-98.60728000,-69.31565000,-75.54890000
6.44653320,-80.33133000,-110.97650000,-69.76253000,-73.54499000
6.44714355,-77.94646000,-100.43850000,-76.40993000,-73.65823000
6.44775391,-81.38299000,-100.27610000,-74.69249000,-75.84552000
6.44836426,-84.91496000,-103.74380000,-72.92345000,-82.51626000
6.44897461,-77.38618000,-96.56059000,-70.36574000,-84.91017000
6.44958496,-73.62451000,-98.05486000,-68.11623000,-92.43445000
6.45019531,-73.04963000,-102.69850000,-69.25989000,-83.44138000
6.45080566,-74.04703000,-93.75591000,-74.65177000,-79.03358000
6.45141602,-76.78242000,-101.11730000,-74.24625000,-69.36791000
6.45202637,-85.19247000,-94.75048000,-71.14901000,-70.52708000
6.45263672,-86.94767000,-102.99500000,-71.48631000,-73.34741000
6.45324707,-76.08472000,-97.85432000,-75.06659000,-75.96773000
6.45385742,-73.82303000,-89.31454000,-70.46456000,-86.44717000
6.45446777,-74.82011000,-81.52547000,-78.29768000,-79.52160000
6.45507813,-76.88892000,-83.86922000,-71.36617000,-72.40366000
6.45568848,-78.58974000,-90.60179000,-69.12415000,-75.00931000
6.45629883,-81.72148000,-100.58110000,-70.78841000,-81.33043000
6.45690918,-80.74135000,-103.07970000,-70.25560000,-81.79459000
6.45751953,-75.91412000,-90.62186000,-69.06304000,-76.63702000
6.45812988,-73.49168000,-83.92319000,-73.31380000,-72.35023000
6.45874023,-77.76187000,-84.41959000,-71.91435000,-70.25150000
6.45935059,-89.03420000,-88.18543000,-76.41692000,-77.94301000
6.45996094,-87.82051000,-98.57259000,-75.08636000,-75.23655000
6.46057129,-82.28664000,-102.31310000,-67.42039000,-75.16400000
6.46118164,-78.49021000,-102.82740000,-66.11933000,-80.83299000
6.46179199,-82.09632000,-95.96066000,-71.35367000,-80.06763000
6.46240234,-91.93594000,-99.33824000,-68.51350000,-78.67805000
6.46301270,-81.15576000,-98.55458000,-67.40092000,-80.33883000
6.46362305,-77.46152000,-93.59175000,-69.91689000,-80.86488000
6.46423340,-83.21156000,-91.16373000,-79.92947000,-70.23396000
6.46484375,-84.23186000,-98.14655000,-71.42118000,-70.58854000
6.46545410,-87.72945000,-92.51054000,-78.11581000,-81.32671000
6.46606445,-82.40993000,-94.30345000,-76.20221000,-75.75371000
6.46667480,-74.49695000,-98.96858000,-73.92685000,-76.32212000
6.46728516,-73.64706000,-97.45096000,-90.99684000,-73.24657000
6.46789551,-78.30378000,-91.52985000,-69.41934000,-69.31483000
6.46850586,-79.38560000,-100.39520000,-68.75853000,-73.81915000
6.46911621,-78.68835000,-99.07701000,-85.73830000,-84.83963000
6.46972656,-81.52909000,-99.29214000,-71.88316000,-82.38594000
6.47033691,-81.50893000,-90.36469000,-69.41262000,-78.46866000
6.47094727,-79.52489000,-85.45928000,-69.01151000,-79.55682000
6.47155762,-79.53293000,-84.89635000,-71.62464000,-73.60621000
6.47216797,-76.88855000,-92.92334000,-85.36248000,-70.93601000
6.47277832,-75.46918000,-93.77899000,-68.97003000,-73.48779000
6.47338867,-76.57811000,-91.86665000,-71.72929000,-72.41537000
6.47399902,-79.70731000,-88.60306000,-80.37918000,-69.89688000
6.47460938,-83.00217000,-86.14378000,-76.33377000,-74.18719000
6.47521973,-80.87823000,-90.11417000,-74.58593000,-79.15099000
6.47583008,-73.98353000,-94.98775000,-74.39904000,-78.48254000
6.47644043,-74.98256000,-98.21686000,-69.35815000,-79.01483000
6.47705078,-83.70063000,-94.05501000,-73.51354000,-73.84293000
6.47766113,-82.23733000,-90.47726000,-80.79768000,-71.97450000
6.47827148,-78.27094000,-88.58054000,-75.08780000,-72.66986000
6.47888184,-75.14583000,-93.17852000,-72.22762000,-78.55767000
6.47949219,-74.66780000,-92.70177000,-69.51746000,-80.25621000
6.48010254,-80.62016000,-90.70542000,-65.87985000,-73.25309000
6.48071289,-80.24483000,-91.27031000,-64.26551000,-72.12086000
6.48132324,-77.47672000,-100.60140000,-66.42847000,-71.80728000
6.48193359,-84.17976000,-95.87296000,-78.24143000,-70.68156000
6.48254395,-83.94714000,-91.10374000,-72.88711000,-78.13708000
6.48315430,-83.16837000,-90.31055000,-75.65150000,-83.77440000
6.48376465,-79.81650000,-89.71429000,-90.68361000,-77.07088000
6.48437500,-80.57028000,-90.98199000,-78.05663000,-81.07156000
6.48498535,-78.77390000,-103.66490000,-70.58015000,-89.01734000
6.48559570,-75.22150000,-88.68520000,-69.79101000,-81.55785000
6.48620605,-77.19657000,-88.56025000,-68.76115000,-75.59725000
6.48681641,-82.25249000,-95.17581000,-71.29154000,-74.14475000
6.48742676,-85.63358000,-92.17955000,-74.23252000,-73.27464000
6.48803711,-91.40263000,-87.62215000,-90.02209000,-72.10282000
6.48864746,-82.45393000,-87.47092000,-86.16768000,-74.28768000
6.48925781,-77.92022000,-87.59014000,-98.81537000,-83.21038000
6.48986816,-76.34915000,-94.31762000,-72.34639000,-85.47359000
6.49047852,-81.54617000,-97.29471000,-70.62211000,-79.91750000
6.49108887,-90.92332000,-90.40520000,-73.30090000,-70.63038000
6.49169922,-91.24809000,-87.05589000,-66.34883000,-68.53149000
6.49230957,-83.47723000,-92.81625000,-62.49710000,-68.73318000
6.49291992,-86.10738000,-95.98914000,-64.07095000,-70.13046000
6.49353027,-86.42828000,-91.66564000,-70.08499000,-74.19257000
6.49414063,-78.57371000,-89.42883000,-72.99332000,-69.68007000
6.49475098,-71.98582000,-91.59028000,-78.87468000,-69.86267000
6.49536133,-71.69045000,-90.94185000,-73.14518000,-79.14091000
6.49597168,-78.08231000,-89.34187000,-71.93182000,-73.28966000
6.49658203,-83.30010000,-92.74429000,-68.36073000,-69.54520000
6.49719238,-80.34930000,-115.03820000,-64.09527000,-74.05272000
6.49780273,-80.08154000,-99.33575000,-67.12521000,-74.43870000
6.49841309,-82.43713000,-100.29430000,-78.49328000,-72.99692000
6.49902344,-76.85406000,-96.72372000,-80.79022000,-72.67836000
6.49963379,-75.04843000,-95.82571000,-79.97961000,-95.63026000
6.50024414,-77.51878000,-95.07575000,-90.41542000,-71.46794000
6.50085449,-80.55003000,-94.51302000,-75.25953000,-71.13943000
6.50146484,-80.85365000,-91.74183000,-72.21738000,-86.42392000
6.50207520,-78.73743000,-99.46899000,-80.53618000,-74.09087000
6.50268555,-76.18495000,-92.43761000,-71.61971000,-72.70001000
6.50329590,-74.23053000,-93.85945000,-72.85360000,-77.74559000
6.50390625,-74.19170000,-97.92113000,-75.95090000,-76.18761000
6.50451660,-77.46857000,-95.33328000,-80.91812000,-75.16365000
6.50512695,-78.91795000,-98.21698000,-74.24238000,-76.82376000
6.50573730,-79.51509000,-91.39367000,-71.72502000,-76.10476000
6.50634766,-86.86764000,-91.23441000,-69.89343000,-67.76976000
6.50695801,-77.72370000,-91.74752000,-74.20104000,-67.27658000
6.50756836,-78.51642000,-93.10828000,-78.12339000,-73.45320000
6.50817871,-76.63507000,-91.25436000,-69.45420000,-71.42504000
6.50878906,-79.93657000,-94.09722000,-67.63929000,-69.81126000
6.50939941,-85.63564000,-109.35800000,-69.32679000,-71.30053000
6.51000977,-79.16106000,-99.17108000,-74.16428000,-76.44679000
6.51062012,-78.93918000,-111.64790000,-85.38019000,-80.03328000
6.51123047,-77.64732000,-96.08619000,-77.92332000,-76.48431000
6.51184082,-77.18518000,-93.88426000,-71.05341000,-76.70000000
6.51245117,-74.45085000,-96.82243000,-68.41449000,-82.38513000
6.51306152,-75.56039000,-99.20167000,-71.27672000,-76.94366000
6.51367188,-75.26059000,-86.64653000,-70.72343000,-75.97469000
6.51428223,-74.41306000,-78.39288000,-70.04876000,-72.20650000
6.51489258,-76.24592000,-80.65654000,-66.98491000,-71.93300000
6.51550293,-80.22235000,-90.46413000,-68.29500000,-73.99794000
6.51611328,-79.77655000,-92.91560000,-85.11964000,-76.13557000
6.51672363,-83.23892000,-93.70383000,-73.56721000,-78.84774000
6.51733398,-86.01811000,-92.96752000,-76.70329000,-83.21167000
6.51794434,-93.41808000,-89.50145000,-80.46030000,-94.68053000
6.51855469,-92.02940000,-88.72890000,-67.93357000,-78.76817000
6.51916504,-87.49475000,-90.31418000,-66.13125000,-75.25006000
6.51977539,-82.34112000,-90.00293000,-71.49181000,-76.56529000
6.52038574,-86.01105000,-90.73524000,-71.84554000,-82.18146000
6.52099609,-80.03213000,-108.23930000,-64.54510000,-76.86704000
6.52160645,-82.28592000,-91.04929000,-61.61369000,-85.08011000
6.52221680,-78.16145000,-94.15368000,-61.74900000,-71.30176000
6.52282715,-80.72167000,-95.30188000,-62.63572000,-70.53107000
6.52343750,-83.48736000,-97.47063000,-68.24595000,-73.04183000
6.52404785,-79.74345000,-97.24880000,-77.22139000,-76.88840000
6.52465820,-75.70200000,-87.98276000,-70.33183000,-85.79926000
6.52526855,-76.86658000,-88.71872000,-71.91824000,-70.85357000
6.52587891,-75.92638000,-106.07850000,-79.04845000,-68.19221000
6.52648926,-72.25050000,-99.40278000,-75.40139000,-72.35011000
6.52709961,-74.15775000,-98.04215000,-78.89205000,-92.14874000
6.52770996,-81.52480000,-96.57114000,-84.44360000,-77.08606000
6.52832031,-79.91473000,-100.66390000,-83.17719000,-72.55170000
6.52893066,-89.28867000,-96.36319000,-81.10722000,-71.90412000
6.52954102,-83.19363000,-94.97948000,-79.28390000,-75.55360000
6.53015137,-81.47903000,-94.85736000,-74.12701000,-80.71555000
6.53076172,-75.80081000,-89.67033000,-72.27376000,-85.60826000
6.53137207,-72.45927000,-87.71637000,-70.17777000,-81.04047000
6.53198242,-76.70898000,-87.31856000,-68.58438000,-74.73756000
6.53259277,-82.63179000,-88.44413000,-70.09229000,-74.43210000
6.53320313,-74.59265000,-90.06514000,-71.44298000,-75.02440000
6.53381348,-73.90157000,-99.60362000,-74.24967000,-84.34098000
6.53442383,-90.39766000,-97.24621000,-81.48029000,-75.09232000
6.53503418,-70.91959000,-92.65195000,-83.79707000,-77.28569000
6.53564453,-69.74328000,-92.41531000,-91.34683000,-75.18960000
6.53625488,-75.27050000,-95.66534000,-76.63848000,-75.98605000
6.53686523,-74.70694000,-93.42235000,-72.51233000,-73.50934000
6.53747559,-74.68246000,-89.09431000,-70.22475000,-79.50090000
6.53808594,-77.01541000,-89.40128000,-69.88499000,-79.92110000
6.53869629,-73.83248000,-89.32680000,-76.62837000,-79.21474000
6.53930664,-76.67229000,-89.71254000,-82.19423000,-74.02538000
6.53991699,-77.40579000,-95.18741000,-72.14314000,-69.98979000
6.54052734,-73.41312000,-94.77444000,-73.40353000,-71.18918000
6.54113770,-76.12674000,-93.66922000,-73.57963000,-81.90045000
6.54174805,-70.63611000,-95.38300000,-74.13737000,-77.50877000
6.54235840,-66.98781000,-92.28137000,-72.09089000,-74.17268000
6.54296875,-69.85219000,-89.67366000,-75.47723000,-71.81718000
6.54357910,-76.77476000,-91.98344000,-77.93862000,-71.34816000
6.54418945,-78.48035000,-93.89983000,-81.43829000,-78.46518000
6.54479980,-80.80178000,-93.31859000,-70.23871000,-74.78197000
6.54541016,-77.19377000,-111.99710000,-74.67941000,-73.59401000
6.54602051,-73.46553000,-96.48277000,-81.40884000,-76.45882000
6.54663086,-73.27329000,-91.87066000,-71.14404000,-75.62292000
6.54724121,-76.40286000,-91.80118000,-66.16857000,-72.57029000
6.54785156,-76.48995000,-91.90322000,-68.46920000,-72.88570000
6.54846191,-72.58025000,-102.97400000,-69.37662000,-75.21638000
6.54907227,-69.72350000,-111.23770000,-68.52441000,-75.69704000
6.54968262,-71.89083000,-101.14430000,-70.23003000,-83.39053000
6.55029297,-81.05630000,-96.37143000,-66.47743000,-80.83714000
6.55090332,-79.25554000,-89.07553000,-64.92183000,-73.98873000
6.55151367,-73.98626000,-84.73822000,-68.86094000,-71.81081000
6.55212402,-77.58694000,-86.52902000,-76.20879000,-73.62568000
6.55273438,-82.99286000,-94.25816000,-74.78606000,-87.10311000
6.55334473,-88.96033000,-97.95414000,-75.88361000,-81.46649000
6.55395508,-83.55361000,-86.23017000,-78.02792000,-80.31391000
6.55456543,-77.04762000,-85.18672000,-72.63978000,-102.04390000
6.55517578,-75.00974000,-90.65190000,-71.22742000,-79.56272000
6.55578613,-76.95235000,-99.22215000,-92.14861000,-74.66854000
6.55639648,-78.45184000,-95.20457000,-76.24355000,-72.31231000
6.55700684,-75.23574000,-91.22445000,-89.03452000,-74.17548000
6.55761719,-73.67313000,-90.48712000,-73.70095000,-85.04246000
6.55822754,-78.20881000,-90.42920000,-74.14404000,-78.00929000
6.55883789,-79.62417000,-91.26825000,-74.39485000,-86.12422000
6.55944824,-82.96516000,-95.58823000,-71.87067000,-75.23074000
6.56005859,-82.35706000,-96.53873000,-71.95259000,-72.72523000
6.56066895,-86.22156000,-100.03070000,-70.16595000,-72.35457000
6.56127930,-82.76010000,-98.14365000,-69.95380000,-75.65629000
6.56188965,-78.94492000,-90.97371000,-74.53957000,-83.50761000
6.56250000,-81.38173000,-94.28627000,-76.78767000,-83.12202000
6.56311035,-83.82869000,-94.50053000,-67.23881000,-78.11288000
6.56372070,-78.68816000,-88.72389000,-65.37596000,-74.36663000
6.56433105,-72.07048000,-87.79059000,-67.92546000,-76.78905000
6.56494141,-69.72774000,-90.89402000,-70.04609000,-78.36021000
6.56555176,-70.35075000,-96.32214000,-73.27548000,-71.21252000
6.56616211,-73.56919000,-100.00270000,-77.72925000,-68.94467000
6.56677246,-76.95911000,-93.51498000,-73.00829000,-73.66009000
6.56738281,-81.64222000,-93.75568000,-71.79732000,-75.55619000
6.56799316,-84.66585000,-97.96031000,-72.08101000,-69.83794000
6.56860352,-74.24819000,-93.75615000,-75.21556000,-73.67407000
6.56921387,-72.13813000,-91.87372000,-84.44858000,-77.97650000
6.56982422,-70.39500000,-97.20691000,-68.44816000,-81.47981000
6.57043457,-69.78167000,-98.54909000,-65.15691000,-73.34464000
6.57104492,-74.42760000,-95.42819000,-67.76115000,-73.84949000
6.57165527,-92.51926000,-94.20890000,-70.63683000,-86.64529000
6.57226563,-78.70874000,-95.40164000,-75.24804000,-79.15652000
6.57287598,-76.86949000,-91.76255000,-82.45859000,-87.37385000
6.57348633,-78.33252000,-92.84702000,-83.98291000,-82.57801000
6.57409668,-82.47099000,-85.82840000,-72.38954000,-76.66033000
6.57470703,-81.30497000,-83.35356000,-71.11450000,-78.51311000
6.57531738,-91.88374000,-88.22648000,-80.23274000,-75.96925000
6.57592773,-83.28807000,-97.85301000,-80.63402000,-74.11445000
6.57653809,-77.21605000,-94.27888000,-77.48846000,-80.06586000
6.57714844,-81.70175000,-92.28557000,-72.80356000,-83.03670000
6.57775879,-79.93737000,-91.62337000,-77.00749000,-77.32784000
6.57836914,-74.67533000,-90.10797000,-74.45145000,-75.80767000
6.57897949,-74.31094000,-92.78664000,-78.02740000,-82.70828000
6.57958984,-77.50725000,-101.04960000,-81.86285000,-86.38984000
6.58020020,-79.47200000,-99.99877000,-75.87138000,-81.28508000
6.58081055,-80.31035000,-91.03674000,-67.95322000,-71.87180000
6.58142090,-90.05639000,-87.00179000,-65.64231000,-70.90491000
6.58203125,-82.46947000,-93.92245000,-68.17895000,-76.46712000
6.58264160,-85.11499000,-88.90231000,-74.21207000,-79.52879000
6.58325195,-77.24229000,-86.02596000,-74.55531000,-73.37786000
6.58386230,-73.13840000,-86.93105000,-72.63230000,-77.92421000
6.58447266,-72.63099000,-87.75897000,-80.92857000,-78.85154000
6.58508301,-73.91982000,-92.61824000,-65.15255000,-75.87571000
6.58569336,-74.99454000,-92.98165000,-64.18849000,-76.40485000
6.58630371,-76.17438000,-91.35855000,-67.63579000,-77.77592000
6.58691406,-76.99538000,-92.25742000,-70.39635000,-74.64626000
6.58752441,-81.71004000,-98.37638000,-84.40158000,-73.03157000
6.58813477,-81.28596000,-100.49520000,-70.65041000,-73.91696000
6.58874512,-82.47872000,-93.57111000,-79.24705000,-81.73097000
6.58935547,-89.65637000,-95.17751000,-78.51347000,-77.03391000
6.58996582,-80.32287000,-103.20420000,-74.12914000,-76.62434000
6.59057617,-76.18505000,-98.64529000,-68.36281000,-84.10429000
6.59118652,-76.32153000,-92.54139000,-75.37419000,-71.95535000
6.59179688,-82.09245000,-95.71816000,-71.67535000,-68.07906000
6.59240723,-87.22269000,-97.56375000,-77.40372000,-75.65251000
6.59301758,-74.58877000,-115.44450000,-78.10487000,-70.87450000
6.59362793,-72.46624000,-93.40715000,-70.25858000,-70.73254000
6.59423828,-74.57200000,-87.91547000,-67.44315000,-77.71233000
6.59484863,-76.49924000,-89.38150000,-69.37155000,-72.46710000
6.59545898,-73.61190000,-93.89022000,-70.70362000,-71.85065000
6.59606934,-69.70228000,-93.55310000,-63.25955000,-78.47443000
6.59667969,-71.16807000,-91.24762000,-66.37978000,-94.21436000
6.59729004,-79.73901000,-96.29569000,-75.81742000,-82.54784000
6.59790039,-86.80022000,-98.58736000,-83.67061000,-81.08426000
6.59851074,-83.19653000,-91.63727000,-79.41739000,-89.59553000
6.59912109,-89.80777000,-87.93141000,-69.03713000,-74.25597000
6.59973145,-80.42465000,-88.39249000,-67.44266000,-69.70038000
6.60034180,-81.79317000,-101.05630000,-73.95586000,-77.09737000
6.60095215,-86.57596000,-107.37910000,-74.96161000,-77.22218000
6.60156250,-84.42499000,-100.12200000,-70.28355000,-77.88672000
6.60217285,-86.44402000,-96.05607000,-74.11980000,-83.20103000
6.60278320,-91.92104000,-95.44101000,-74.39370000,-73.75861000
6.60339355,-95.11374000,-98.80820000,-69.49300000,-72.22273000
6.60400391,-81.78838000,-93.95139000,-73.53141000,-79.89564000
6.60461426,-77.44633000,-91.62393000,-80.55389000,-79.43663000
6.60522461,-81.90842000,-92.37703000,-85.70792000,-75.87131000
6.60583496,-87.29435000,-98.29388000,-73.29750000,-77.48000000
6.60644531,-79.97343000,-96.02799000,-70.28963000,-79.20898000
6.60705566,-75.76701000,-94.83990000,-105.86110000,-78.26667000
6.60766602,-74.13805000,-104.17370000,-66.59793000,-78.35336000
6.60827637,-74.76396000,-93.80627000,-66.17929000,-83.12561000
6.60888672,-75.34908000,-96.16990000,-75.48945000,-68.78028000
6.60949707,-75.05347000,-97.74413000,-87.57046000,-66.81831000
6.61010742,-77.36738000,-93.49663000,-84.40604000,-69.30368000
6.61071777,-79.83800000,-95.51627000,-91.65092000,-91.73679000
6.61132813,-82.95959000,-102.17150000,-80.68460000,-73.97869000
6.61193848,-80.00412000,-91.53458000,-75.36914000,-80.46340000
6.61254883,-78.42575000,-89.54209000,-70.38997000,-77.69603000
6.61315918,-83.08755000,-91.33722000,-71.46887000,-76.32690000
6.61376953,-79.88811000,-88.93551000,-69.90218000,-83.64980000
6.61437988,-73.32875000,-89.49933000,-72.46275000,-82.06406000
6.61499023,-73.97507000,-96.97571000,-77.01623000,-82.07759000
6.61560059,-84.86432000,-102.68500000,-76.97841000,-76.13755000
6.61621094,-80.85878000,-90.92683000,-74.41254000,-70.39686000
6.61682129,-76.54659000,-87.47471000,-69.27403000,-72.77187000
6.61743164,-74.49031000,-88.50909000,-67.11154000,-80.16028000
6.61804199,-74.52449000,-89.73891000,-67.74976000,-77.44472000
6.61865234,-79.51091000,-90.15353000,-70.54348000,-82.06563000
6.61926270,-84.06419000,-94.46977000,-72.23270000,-86.01104000
6.61987305,-84.17320000,-96.48235000,-69.59349000,-77.03789000
6.62048340,-86.93103000,-89.11407000,-70.94739000,-72.47062000
6.62109375,-91.89162000,-89.94936000,-79.19112000,-70.10468000
6.62170410,-80.56418000,-94.82616000,-74.69110000,-73.21935000
6.62231445,-79.46507000,-104.09900000,-85.68805000,-82.20148000
6.62292480,-82.94554000,-96.12207000,-71.92500000,-77.28791000
6.62353516,-78.42970000,-100.14660000,-69.25111000,-77.98675000
6.62414551,-72.81391000,-94.11287000,-69.31125000,-83.51752000
6.62475586,-69.48296000,-92.86038000,-70.48830000,-77.50308000
6.62536621,-71.96439000,-96.20833000,-68.87142000,-69.70709000
6.62597656,-76.09919000,-98.78478000,-69.39362000,-66.28136000
6.62658691,-80.50008000,-92.38708000,-71.71267000,-67.39642000
6.62719727,-79.73899000,-89.23216000,-71.94765000,-68.85592000
6.62780762,-74.83427000,-91.66322000,-73.89420000,-69.74340000
6.62841797,-76.28893000,-102.92480000,-75.35745000,-73.79054000
6.62902832,-77.85704000,-105.80420000,-71.54071000,-76.72721000
6.62963867,-78.16187000,-93.08780000,-70.70872000,-76.52852000
6.63024902,-81.26571000,-90.00983000,-69.82190000,-74.89608000
6.63085938,-72.38260000,-89.84760000,-71.82136000,-74.43806000
6.63146973,-69.93468000,-91.17103000,-71.94934000,-76.48637000
6.63208008,-70.51525000,-91.41142000,-76.13961000,-76.66621000
6.63269043,-74.36909000,-89.53384000,-72.66755000,-82.05827000
6.63330078,-79.05611000,-94.90337000,-71.18631000,-79.64392000
6.63391113,-83.23087000,-94.74785000,-69.41402000,-71.21467000
6.63452148,-86.97224000,-84.76068000,-72.14244000,-70.47437000
6.63513184,-80.50114000,-83.38876000,-76.21259000,-75.30038000
6.63574219,-83.30183000,-85.46733000,-70.98437000,-79.35633000
6.63635254,-82.33168000,-90.26721000,-68.95190000,-79.10932000
6.63696289,-77.79034000,-98.03416000,-70.46844000,-76.94263000
6.63757324,-73.85479000,-93.93075000,-67.52709000,-75.49809000
6.63818359,-73.85904000,-88.73372000,-67.66740000,-82.40093000
6.63879395,-79.03043000,-90.54166000,-72.36660000,-101.45610000
6.63940430,-86.26374000,-92.93404000,-69.41407000,-80.37227000
6.64001465,-82.36501000,-96.90781000,-66.84203000,-77.32436000
6.64062500,-82.99195000,-94.25472000,-74.59715000,-77.36922000
6.64123535,-86.12190000,-92.15102000,-72.00587000,-70.04329000
6.64184570,-79.77937000,-92.87544000,-65.90092000,-69.79039000
6.64245605,-75.37942000,-97.79278000,-65.70181000,-73.45072000
6.64306641,-72.08046000,-113.38990000,-67.98476000,-76.60412000
6.64367676,-75.48843000,-111.76220000,-78.92939000,-78.53807000
6.64428711,-83.93304000,-112.14960000,-77.29255000,-77.79591000
6.64489746,-74.86434000,-102.76500000,-79.42163000,-75.78526000
6.64550781,-78.48277000,-106.63090000,-80.83536000,-76.96403000
6.64611816,-92.01494000,-92.33047000,-85.70604000,-77.07362000
6.64672852,-81.32813000,-89.78431000,-73.40524000,-76.20655000
6.64733887,-75.38605000,-92.09359000,-73.41451000,-73.42403000
6.64794922,-72.41193000,-95.15205000,-75.16166000,-73.87708000
6.64855957,-70.83810000,-94.90531000,-66.67872000,-75.58137000
6.64916992,-73.34830000,-94.35188000,-66.84228000,-81.62335000
6.64978027,-78.59801000,-94.12589000,-69.52935000,-87.54699000
6.65039063,-87.28939000,-92.73921000,-77.45667000,-82.61092000
6.65100098,-87.94628000,-92.13838000,-80.80151000,-83.18035000
6.65161133,-80.98354000,-90.81780000,-74.47725000,-79.95091000
6.65222168,-79.72031000,-93.05343000,-72.84516000,-73.15231000
6.65283203,-82.75719000,-95.36220000,-76.99759000,-73.21448000
6.65344238,-84.82277000,-91.76449000,-75.98536000,-76.63659000
6.65405273,-93.09047000,-90.03494000,-76.44721000,-68.76899000
6.65466309,-94.06795000,-90.65148000,-77.62379000,-68.44155000
6.65527344,-81.14404000,-87.68169000,-86.31974000,-75.95995000
6.65588379,-77.34532000,-89.86882000,-72.41167000,-76.29884000
6.65649414,-75.09940000,-97.11990000,-69.18220000,-74.39903000
6.65710449,-78.33091000,-101.88030000,-71.98603000,-78.64030000
6.65771484,-83.36415000,-95.25822000,-71.51419000,-83.61650000
6.65832520,-76.00697000,-91.97811000,-70.63527000,-79.47449000
6.65893555,-78.93568000,-93.26165000,-72.08896000,-73.58622000
6.65954590,-80.30052000,-91.44500000,-74.75515000,-71.76621000
6.66015625,-80.59571000,-93.01344000,-79.95318000,-73.47787000
6.66076660,-78.44191000,-98.68706000,-71.77835000,-75.82294000
6.66137695,-83.13911000,-96.92284000,-71.56770000,-72.42751000
6.66198730,-79.12646000,-91.61180000,-71.04424000,-70.96618000
6.66259766,-75.58382000,-91.35490000,-83.13776000,-75.55344000
6.66320801,-74.94087000,-95.94186000,-82.49490000,-90.04127000
6.66381836,-77.89012000,-87.55267000,-82.07836000,-73.28474000
6.66442871,-74.89111000,-85.66886000,-78.08497000,-69.67920000
6.66503906,-73.49834000,-100.06110000,-78.90494000,-72.20299000
6.66564941,-78.99458000,-89.98392000,-79.87824000,-72.74116000
6.66625977,-88.87318000,-87.60063000,-79.68481000,-69.51361000
6.66687012,-82.36926000,-87.69748000,-74.91024000,-73.13673000
6.66748047,-77.48778000,-90.02933000,-79.84374000,-73.30020000
6.66809082,-78.18910000,-98.19851000,-82.41153000,-70.44177000
6.66870117,-82.35789000,-93.81483000,-78.65028000,-75.98367000
6.66931152,-85.05027000,-88.73215000,-73.05595000,-69.55730000
6.66992188,-87.96753000,-89.71378000,-70.11123000,-66.83286000
6.67053223,-76.03819000,-99.44283000,-68.26804000,-66.82813000
6.67114258,-73.58030000,-97.18731000,-68.12150000,-68.58498000
6.67175293,-68.22726000,-98.26741000,-73.94914000,-70.17674000
6.67236328,-64.71487000,-90.82750000,-75.56467000,-72.66690000
6.67297363,-68.00105000,-86.22733000,-67.59370000,-72.35538000
6.67358398,-74.45270000,-88.33086000,-65.04051000,-75.46310000
6.67419434,-73.92747000,-95.13396000,-64.85587000,-83.37451000
6.67480469,-73.68644000,-94.16695000,-64.81065000,-73.91322000
6.67541504,-78.12151000,-92.76833000,-68.62572000,-72.75890000
6.67602539,-74.83189000,-92.76650000,-74.90961000,-68.33884000
6.67663574,-76.08488000,-90.86715000,-74.70162000,-66.48012000
6.67724609,-79.37689000,-87.73967000,-68.25381000,-69.82948000
6.67785645,-78.44522000,-86.37549000,-71.49158000,-73.27935000
6.67846680,-69.26190000,-90.35478000,-78.81845000,-71.03702000
6.67907715,-67.35338000,-95.43069000,-72.53949000,-72.47235000
6.67968750,-72.15887000,-97.26105000,-80.01626000,-85.17874000
6.68029785,-86.90520000,-97.91617000,-78.37959000,-75.88311000
6.68090820,-78.08437000,-93.28167000,-78.38934000,-76.00669000
6.68151855,-75.20439000,-91.81853000,-70.81761000,-86.27285000
6.68212891,-78.10941000,-94.85557000,-79.21584000,-88.96712000
6.68273926,-79.27959000,-97.80804000,-74.89149000,-75.63277000
6.68334961,-75.70972000,-92.41245000,-73.61279000,-74.04621000
6.68395996,-77.48648000,-89.95493000,-75.58063000,-88.88725000
6.68457031,-77.00208000,-89.04477000,-80.12567000,-80.90392000
6.68518066,-78.57573000,-89.62062000,-76.09813000,-74.06161000
6.68579102,-78.83984000,-100.61620000,-76.84293000,-72.99213000
6.68640137,-73.57420000,-97.55862000,-82.97267000,-79.93918000
6.68701172,-75.41953000,-95.59418000,-80.73897000,-74.37235000
6.68762207,-81.69018000,-93.95267000,-80.67026000,-70.67697000
6.68823242,-76.82804000,-96.81795000,-74.72241000,-73.85276000
6.68884277,-79.89846000,-97.44698000,-71.43836000,-73.09425000
6.68945313,-85.97230000,-104.05100000,-67.01842000,-73.59885000
6.69006348,-84.80050000,-96.16836000,-66.18844000,-70.61614000
6.69067383,-78.98606000,-93.01525000,-71.66270000,-67.54958000
6.69128418,-77.75156000,-93.21540000,-78.10973000,-68.07239000
6.69189453,-79.54156000,-98.88825000,-80.34360000,-70.58995000
6.69250488,-88.71093000,-94.43123000,-78.09652000,-71.62862000
6.69311523,-80.28698000,-89.82300000,-75.48629000,-72.48740000
6.69372559,-75.20446000,-89.51621000,-82.20481000,-72.91772000
6.69433594,-78.38254000,-88.28803000,-69.56660000,-75.77403000
6.69494629,-86.33411000,-86.40998000,-75.42682000,-84.02208000
6.69555664,-80.61672000,-87.39943000,-71.25304000,-88.23407000
6.69616699,-76.19056000,-87.83884000,-66.23645000,-85.25085000
6.69677734,-83.76231000,-86.20883000,-67.74632000,-76.64806000
6.69738770,-82.34053000,-84.12482000,-81.39337000,-71.85317000
6.69799805,-79.79883000,-83.68923000,-68.46431000,-73.81943000
6.69860840,-80.25852000,-89.38814000,-71.79633000,-75.36565000
6.69921875,-82.03970000,-112.41270000,-82.08419000,-73.22813000
6.69982910,-82.94122000,-94.53470000,-76.09381000,-78.31042000
6.70043945,-78.26851000,-90.11313000,-73.79840000,-71.49356000
6.70104980,-78.40150000,-86.93918000,-75.54880000,-74.19144000
6.70166016,-78.81158000,-86.04539000,-77.02033000,-74.90991000
6.70227051,-82.09534000,-89.43732000,-71.75388000,-79.99541000
6.70288086,-80.23378000,-99.76745000,-68.48384000,-77.88348000
6.70349121,-76.13520000,-92.48518000,-68.38824000,-77.47482000
6.70410156,-79.90739000,-93.18816000,-68.92493000,-79.53493000
6.70471191,-85.75101000,-94.65532000,-72.24519000,-101.87310000
6.70532227,-77.24028000,-98.50276000,-69.84016000,-73.81924000
6.70593262,-76.91190000,-94.62856000,-72.33701000,-75.64156000
6.70654297,-80.53911000,-92.62164000,-71.68871000,-74.47844000
6.70715332,-76.13427000,-92.53114000,-76.35938000,-72.77428000
6.70776367,-69.92955000,-93.52441000,-75.16442000,-71.82375000
6.70837402,-68.83757000,-92.37386000,-72.24565000,-70.02113000
6.70898438,-73.73335000,-91.59444000,-79.68089000,-69.78669000
6.70959473,-86.88962000,-91.46597000,-82.34056000,-72.23304000
6.71020508,-77.72868000,-92.33582000,-88.70392000,-82.64641000
6.71081543,-76.43732000,-97.29519000,-82.87424000,-86.33144000
6.71142578,-78.19032000,-98.68591000,-80.37590000,-72.43642000
6.71203613,-79.19858000,-90.19299000,-72.67561000,-69.24538000
6.71264648,-77.42352000,-90.70508000,-69.71989000,-68.88327000
6.71325684,-75.74683000,-94.06114000,-71.22302000,-68.91938000
6.71386719,-77.44626000,-94.52589000,-74.52178000,-73.18908000
6.71447754,-77.85982000,-92.38625000,-74.76431000,-77.37601000
6.71508789,-72.79102000,-92.97741000,-75.61647000,-89.59651000
6.71569824,-71.77289000,-97.71416000,-80.23492000,-86.08643000
6.71630859,-70.96191000,-98.30377000,-70.29050000,-79.23596000
6.71691895,-73.76080000,-92.44492000,-68.86986000,-70.01096000
6.71752930,-79.90536000,-89.03996000,-66.86661000,-66.82413000
6.71813965,-91.74080000,-90.12496000,-65.70893000,-66.45194000
6.71875000,-85.53482000,-96.79393000,-66.22257000,-67.62581000
6.71936035,-80.97990000,-101.61120000,-68.79455000,-73.79114000
6.71997070,-79.03508000,-94.00452000,-73.18162000,-90.04276000
6.72058105,-89.36467000,-90.01735000,-73.80415000,-76.51416000
6.72119141,-89.14604000,-96.79775000,-74.17495000,-72.31014000
6.72180176,-86.80729000,-101.62110000,-75.20596000,-75.30611000
6.72241211,-88.35564000,-100.58540000,-79.31699000,-83.90204000
6.72302246,-79.89336000,-97.23827000,-73.37544000,-75.11868000
6.72363281,-76.02238000,-89.11761000,-71.87565000,-69.90093000
6.72424316,-77.62888000,-85.13860000,-77.29329000,-67.81361000
6.72485352,-75.47085000,-88.07730000,-73.48906000,-69.84457000
6.72546387,-74.97105000,-100.84310000,-69.19038000,-78.66981000
6.72607422,-76.04874000,-100.09350000,-71.27778000,-79.00214000
6.72668457,-74.02230000,-96.71177000,-71.65472000,-73.64926000
6.72729492,-75.05201000,-97.09045000,-69.50252000,-76.00800000
6.72790527,-79.51680000,-93.41843000,-71.20064000,-74.30757000
6.72851563,-88.79324000,-93.71005000,-85.63429000,-81.95116000
6.72912598,-86.76244000,-98.28033000,-70.67522000,-78.69707000
6.72973633,-79.89397000,-103.88820000,-71.76241000,-79.05133000
6.73034668,-79.69661000,-100.45870000,-84.48610000,-76.69229000
6.73095703,-82.37488000,-94.99002000,-69.16002000,-72.04948000
6.73156738,-77.12096000,-96.73128000,-66.02462000,-72.13090000
6.73217773,-82.44148000,-103.02400000,-66.67545000,-76.07085000
6.73278809,-81.98930000,-93.43598000,-68.73022000,-79.28387000
6.73339844,-77.37810000,-89.51878000,-68.16566000,-81.11411000
6.73400879,-76.27526000,-94.40114000,-72.69540000,-79.15208000
6.73461914,-79.01939000,-104.96940000,-83.95670000,-74.44258000
6.73522949,-77.50835000,-97.59421000,-74.24584000,-87.66756000
6.73583984,-72.54999000,-97.93324000,-74.90309000,-73.80598000
6.73645020,-70.82816000,-94.88078000,-75.90335000,-70.01295000
6.73706055,-74.08852000,-89.57027000,-78.81931000,-73.94725000
6.73767090,-83.39588000,-93.08913000,-69.12093000,-79.37714000
6.73828125,-75.78634000,-104.80180000,-76.51242000,-76.53800000
6.73889160,-77.20280000,-99.38942000,-70.57156000,-78.33720000
6.73950195,-83.19685000,-103.46270000,-68.77824000,-73.86626000
6.74011230,-87.36726000,-96.69206000,-73.27258000,-78.09326000
6.74072266,-86.62921000,-97.84637000,-69.31252000,-74.62935000
6.74133301,-89.44970000,-94.97485000,-68.85162000,-68.78716000
6.74194336,-85.50066000,-96.33607000,-72.21816000,-69.16179000
6.74255371,-79.71497000,-100.16990000,-85.45943000,-70.66986000
6.74316406,-82.54955000,-106.36480000,-73.41946000,-73.10458000
6.74377441,-99.13132000,-94.76276000,-69.88039000,-101.04100000
6.74438477,-92.08568000,-93.77338000,-71.61409000,-71.48941000
6.74499512,-83.62889000,-91.48526000,-73.79314000,-69.95485000
6.74560547,-84.06009000,-92.58905000,-78.62541000,-79.51476000
6.74621582,-88.97998000,-98.76026000,-86.26013000,-73.84117000
6.74682617,-85.07157000,-92.24986000,-79.47123000,-72.06938000
6.74743652,-80.62584000,-91.04140000,-71.41934000,-79.99309000
6.74804688,-75.29527000,-106.67490000,-70.72333000,-76.55773000
6.74865723,-74.09305000,-101.81550000,-68.84454000,-71.06443000
6.74926758,-81.35352000,-115.96460000,-66.79156000,-71.05504000
6.74987793,-82.54584000,-100.37320000,-64.52711000,-71.77604000
6.75048828,-80.39514000,-102.18530000,-64.71791000,-77.11776000
6.75109863,-77.28498000,-111.93690000,-66.63618000,-77.89540000
6.75170898,-74.12051000,-100.70060000,-66.98225000,-74.60519000
6.75231934,-72.30560000,-97.52989000,-66.81337000,-77.94514000
6.75292969,-75.78454000,-97.97588000,-70.34743000,-89.00871000
6.75354004,-84.52516000,-100.00010000,-70.08342000,-73.86054000
6.75415039,-84.26141000,-90.72819000,-64.49546000,-73.65589000
6.75476074,-78.06798000,-84.61498000,-64.24847000,-72.92667000
6.75537109,-80.94418000,-89.07445000,-71.39481000,-72.14328000
6.75598145,-75.89215000,-100.60730000,-75.55149000,-78.11382000
6.75659180,-77.29379000,-97.56733000,-83.52589000,-83.42976000
6.75720215,-75.63083000,-91.79781000,-77.51009000,-86.74054000
6.75781250,-76.09705000,-84.98248000,-82.63480000,-72.80081000
6.75842285,-69.73149000,-84.12485000,-71.57160000,-69.77066000
6.75903320,-72.14632000,-89.90445000,-65.42049000,-73.46429000
6.75964355,-79.64646000,-96.99196000,-66.20984000,-76.30821000
6.76025391,-77.40141000,-99.04601000,-68.89731000,-78.75280000
6.76086426,-74.20924000,-95.33787000,-69.71387000,-81.64252000
6.76147461,-75.42513000,-96.62402000,-72.18690000,-83.47871000
6.76208496,-76.01083000,-98.64455000,-71.47348000,-77.67216000
6.76269531,-77.73631000,-94.42931000,-67.26105000,-81.13167000
6.76330566,-83.17188000,-91.30318000,-68.32299000,-74.61440000
6.76391602,-97.77801000,-96.05199000,-68.10126000,-73.17537000
6.76452637,-85.13382000,-95.83503000,-66.46599000,-76.84882000
6.76513672,-82.32494000,-94.91860000,-67.88107000,-73.18565000
6.76574707,-82.26540000,-106.62430000,-72.06262000,-74.61395000
6.76635742,-82.90359000,-106.77000000,-74.83224000,-74.88214000
6.76696777,-87.56387000,-103.78160000,-71.28828000,-68.59060000
6.76757813,-80.62870000,-95.39208000,-72.03793000,-71.20523000
6.76818848,-73.83325000,-92.59802000,-76.61255000,-78.04518000
6.76879883,-74.63410000,-94.45626000,-69.40108000,-75.59190000
6.76940918,-79.04144000,-90.13628000,-67.56224000,-74.03482000
6.77001953,-72.65973000,-89.80926000,-70.15192000,-80.10620000
6.77062988,-75.04388000,-92.38052000,-75.53667000,-72.28052000
6.77124023,-76.51543000,-92.40723000,-69.62308000,-70.51779000
6.77185059,-73.24776000,-97.15728000,-71.75602000,-75.86633000
6.77246094,-75.45205000,-94.96751000,-87.76336000,-78.46944000
6.77307129,-80.76825000,-101.22770000,-74.08446000,-84.00612000
6.77368164,-86.05300000,-92.14160000,-77.49818000,-87.51419000
6.77429199,-79.26746000,-87.97748000,-88.34752000,-86.08517000
6.77490234,-79.47636000,-86.47975000,-73.83207000,-90.47639000
6.77551270,-84.66167000,-85.45520000,-67.44254000,-81.92323000
6.77612305,-87.28365000,-86.55943000,-66.44069000,-73.70052000
6.77673340,-87.73763000,-94.98330000,-69.58915000,-69.31306000
6.77734375,-102.10000000,-92.82967000,-77.05611000,-69.15933000
6.77795410,-89.11771000,-93.21060000,-89.28567000,-75.09383000
6.77856445,-90.71721000,-94.91801000,-83.89202000,-84.49026000
6.77917480,-88.02392000,-96.89668000,-87.17772000,-78.89989000
6.77978516,-84.29765000,-104.11330000,-78.46362000,-78.48666000
6.78039551,-77.86893000,-101.66240000,-73.66324000,-72.82710000
6.78100586,-72.96553000,-94.50020000,-67.90020000,-69.46758000
6.78161621,-72.38081000,-93.92205000,-66.53139000,-70.40414000
6.78222656,-77.28494000,-93.50775000,-79.66933000,-75.83767000
6.78283691,-82.81464000,-91.28707000,-69.35255000,-80.84739000
6.78344727,-75.14886000,-89.96045000,-68.36248000,-76.18668000
6.78405762,-75.32097000,-89.97043000,-76.18159000,-71.30441000
6.78466797,-82.80938000,-111.95530000,-77.50002000,-73.67063000
6.78527832,-80.55549000,-88.42599000,-71.28273000,-78.97951000
6.78588867,-78.07137000,-88.54688000,-70.08092000,-73.66147000
6.78649902,-80.39203000,-96.10394000,-81.52968000,-75.44782000
6.78710938,-83.67242000,-96.70369000,-71.39716000,-80.62239000
6.78771973,-97.74865000,-89.34365000,-70.36818000,-71.26585000
6.78833008,-83.21492000,-91.88348000,-71.72929000,-74.28236000
6.78894043,-84.15096000,-101.47230000,-71.86326000,-79.28944000
6.78955078,-79.17094000,-109.61780000,-76.52580000,-76.79388000
6.79016113,-76.07993000,-100.92460000,-83.88823000,-80.08118000
6.79077148,-77.38728000,-94.14609000,-88.51566000,-76.30107000
6.79138184,-81.92320000,-89.77335000,-81.78664000,-72.43983000
6.79199219,-83.16809000,-89.85860000,-71.79161000,-74.34367000
6.79260254,-83.94598000,-93.10593000,-68.35645000,-75.73039000
6.79321289,-78.21011000,-93.70896000,-70.06628000,-77.80315000
6.79382324,-76.05676000,-90.48745000,-77.70125000,-74.65227000
6.79443359,-79.48447000,-93.89037000,-80.08022000,-73.84878000
6.79504395,-87.11639000,-93.17155000,-75.05027000,-73.54102000
6.79565430,-81.29189000,-85.60075000,-73.12446000,-77.59927000
6.79626465,-93.60651000,-84.95635000,-78.99909000,-72.61592000
6.79687500,-75.38187000,-89.32019000,-74.52177000,-72.65754000
6.79748535,-73.59490000,-88.91103000,-70.20197000,-72.86599000
6.79809570,-74.01341000,-89.76762000,-73.92274000,-69.36315000
6.79870605,-74.52643000,-94.01360000,-78.76191000,-70.70853000
6.79931641,-78.45378000,-94.04482000,-73.70641000,-77.62091000
6.79992676,-80.28794000,-96.30124000,-76.32043000,-80.44620000
6.80053711,-79.75547000,-98.05462000,-69.11563000,-78.32456000
6.80114746,-80.00087000,-96.56358000,-66.14727000,-75.72915000
6.80175781,-76.07069000,-99.10392000,-66.36694000,-72.70911000
6.80236816,-77.69731000,-101.36980000,-71.09230000,-76.53413000
6.80297852,-79.90696000,-111.65530000,-71.32132000,-87.46568000
6.80358887,-73.00550000,-99.30827000,-64.47181000,-83.99764000
6.80419922,-70.59480000,-96.09320000,-62.15759000,-81.85218000
6.80480957,-73.01183000,-95.12001000,-64.53280000,-82.33861000
6.80541992,-76.68939000,-96.17526000,-69.25827000,-72.13728000
6.80603027,-76.30067000,-96.24403000,-71.23259000,-74.67091000
6.80664063,-73.48521000,-93.34853000,-70.05159000,-85.93377000
6.80725098,-76.11703000,-91.37463000,-72.30067000,-89.55994000
6.80786133,-78.00820000,-97.14547000,-74.13012000,-79.77850000
6.80847168,-77.71497000,-96.91109000,-75.14021000,-84.02670000
6.80908203,-80.78563000,-92.07564000,-75.23225000,-76.92308000
6.80969238,-87.12170000,-94.12857000,-73.69367000,-72.75537000
6.81030273,-86.82379000,-93.15486000,-71.54611000,-78.36559000
6.81091309,-84.18586000,-94.03253000,-69.34870000,-73.76962000
6.81152344,-83.73046000,-99.38279000,-69.62868000,-72.89479000
6.81213379,-81.26714000,-98.53806000,-75.84383000,-74.72899000
6.81274414,-81.47177000,-92.91199000,-85.63591000,-71.38239000
6.81335449,-77.23586000,-89.95757000,-82.39885000,-70.39015000
6.81396484,-76.11856000,-82.68507000,-89.59615000,-74.96184000
6.81457520,-77.71712000,-78.36852000,-76.58810000,-79.99900000
6.81518555,-82.04613000,-81.36478000,-70.74144000,-78.96794000
6.81579590,-74.34648000,-93.11298000,-68.84856000,-87.37784000
6.81640625,-73.69193000,-98.27213000,-68.44524000,-76.45370000
6.81701660,-75.47039000,-97.09152000,-71.96729000,-74.64415000
6.81762695,-75.56876000,-92.18075000,-67.78879000,-72.72697000
6.81823730,-80.55251000,-93.70220000,-64.19096000,-74.31858000
6.81884766,-79.53104000,-97.17740000,-65.55365000,-73.06438000
6.81945801,-74.00666000,-94.42137000,-70.81747000,-74.81870000
6.82006836,-81.34558000,-89.82563000,-81.00751000,-73.92480000
6.82067871,-85.39781000,-88.56358000,-80.97740000,-76.21964000
6.82128906,-84.09359000,-97.04253000,-73.42447000,-75.97919000
6.82189941,-77.53641000,-100.82620000,-68.97939000,-74.18530000
6.82250977,-79.11529000,-106.07660000,-71.56719000,-72.07239000
6.82312012,-78.30886000,-97.93563000,-88.67103000,-71.99139000
6.82373047,-77.59610000,-94.81125000,-78.33204000,-72.04579000
6.82434082,-73.01841000,-89.62230000,-81.62510000,-73.00190000
6.82495117,-71.40391000,-85.97279000,-74.81720000,-76.99213000
6.82556152,-79.27542000,-90.22010000,-77.66874000,-78.80499000
6.82617188,-85.10225000,-96.61040000,-75.85170000,-80.77485000
6.82678223,-82.69633000,-101.56670000,-70.17147000,-77.00173000
6.82739258,-79.13165000,-104.86220000,-71.32794000,-74.47720000
6.82800293,-80.48987000,-96.60840000,-77.67837000,-75.52843000
6.82861328,-85.62157000,-92.95622000,-82.90750000,-80.44635000
6.82922363,-75.34500000,-92.51351000,-79.80442000,-76.22946000
6.82983398,-77.27359000,-93.21117000,-75.17640000,-76.92023000
6.83044434,-80.96760000,-95.26749000,-75.45213000,-93.88363000
6.83105469,-78.41716000,-93.30553000,-71.95327000,-81.22369000
6.83166504,-75.30647000,-93.47213000,-73.39307000,-77.53299000
6.83227539,-78.12062000,-96.79358000,-81.23607000,-76.20171000
6.83288574,-87.28344000,-95.07401000,-79.59929000,-84.09104000
6.83349609,-80.12712000,-95.41611000,-84.49628000,-79.15869000
6.83410645,-79.14853000,-100.02070000,-70.48543000,-80.39177000
6.83471680,-82.05738000,-92.76173000,-65.93167000,-84.31120000
6.83532715,-88.97308000,-100.30500000,-66.76970000,-78.13857000
6.83593750,-79.47837000,-96.04992000,-70.97711000,-83.89453000
6.83654785,-79.44504000,-92.31996000,-68.61063000,-78.22865000
6.83715820,-85.27599000,-97.63558000,-67.19574000,-70.64416000
6.83776855,-76.47559000,-100.48550000,-72.51442000,-68.70605000
6.83837891,-78.21627000,-95.22850000,-79.50851000,-71.38559000
6.83898926,-87.51076000,-93.75739000,-74.70923000,-82.83333000
6.83959961,-77.43777000,-94.21413000,-71.54688000,-80.15729000
6.84020996,-76.23328000,-98.02856000,-77.23921000,-73.37194000
6.84082031,-87.15106000,-96.59006000,-86.43113000,-72.57693000
6.84143066,-83.62152000,-99.21143000,-93.62255000,-77.35074000
6.84204102,-78.76067000,-101.38630000,-78.21140000,-87.58964000
6.84265137,-78.29316000,-98.12061000,-70.19204000,-81.92020000
6.84326172,-78.70665000,-96.72955000,-68.51765000,-78.99146000
6.84387207,-76.80132000,-94.52775000,-80.79848000,-78.52767000
6.84448242,-78.98131000,-89.61526000,-72.25865000,-73.18958000
6.84509277,-85.84190000,-90.54944000,-75.07376000,-76.38908000
6.84570313,-86.09540000,-94.11287000,-77.16965000,-98.42139000
6.84631348,-77.46880000,-89.34686000,-75.83713000,-88.52775000
6.84692383,-77.92229000,-91.69463000,-78.23022000,-75.80859000
6.84753418,-84.56452000,-99.91512000,-87.01906000,-71.08068000
6.84814453,-80.86987000,-97.92882000,-74.91692000,-73.49442000
6.84875488,-75.90570000,-94.48720000,-73.58633000,-81.79279000
6.84936523,-74.93178000,-109.99610000,-76.61871000,-84.11230000
6.84997559,-85.24059000,-101.50760000,-74.42775000,-77.90215000
6.85058594,-83.24390000,-95.03243000,-75.68745000,-76.67168000
6.85119629,-88.62136000,-104.06190000,-70.63275000,-79.23459000
6.85180664,-88.09708000,-91.62109000,-67.62334000,-76.30366000
6.85241699,-87.16696000,-90.77040000,-69.26827000,-70.62463000
6.85302734,-87.85628000,-92.53165000,-80.75253000,-69.69344000
6.85363770,-84.09741000,-99.20821000,-74.87209000,-71.26476000
6.85424805,-72.25037000,-91.11345000,-72.31202000,-79.69296000
6.85485840,-72.61712000,-87.08952000,-78.16745000,-73.18272000
6.85546875,-91.10985000,-86.68814000,-76.91222000,-70.28289000
6.85607910,-74.15618000,-87.76725000,-69.24516000,-69.91316000
6.85668945,-73.18923000,-89.80470000,-69.46786000,-70.99710000
6.85729980,-75.59353000,-97.83754000,-77.10581000,-73.70293000
6.85791016,-83.91961000,-94.53583000,-82.42624000,-73.68068000
6.85852051,-81.26154000,-89.28719000,-114.71670000,-81.32493000
6.85913086,-83.16113000,-93.52805000,-78.04589000,-76.90640000
6.85974121,-79.89533000,-92.98242000,-73.57771000,-81.90547000
6.86035156,-76.50121000,-89.66945000,-71.65328000,-81.34734000
6.86096191,-79.58147000,-91.73213000,-75.29828000,-84.31268000
6.86157227,-83.61108000,-98.74345000,-84.11172000,-83.70675000
6.86218262,-82.61116000,-102.92170000,-70.78946000,-82.50602000
6.86279297,-76.15127000,-94.94530000,-66.27343000,-73.19223000
6.86340332,-71.49007000,-99.20837000,-71.68957000,-72.44259000
6.86401367,-74.99886000,-103.24420000,-74.83398000,-80.07021000
6.86462402,-79.87317000,-101.48610000,-70.88676000,-73.33733000
6.86523438,-81.07280000,-95.59338000,-70.11649000,-76.53010000
6.86584473,-78.93130000,-92.44005000,-67.30692000,-77.65673000
6.86645508,-75.64500000,-92.88158000,-68.62517000,-80.35657000
6.86706543,-74.63956000,-93.72353000,-68.86388000,-94.86290000
6.86767578,-74.61552000,-98.26060000,-71.33277000,-77.43491000
6.86828613,-78.57843000,-98.41904000,-81.68375000,-70.12840000
6.86889648,-85.70367000,-94.40894000,-75.99741000,-71.71564000
6.86950684,-84.29785000,-92.81071000,-67.16299000,-73.48521000
6.87011719,-77.21815000,-100.03290000,-64.83575000,-70.11338000
6.87072754,-77.55106000,-104.69940000,-65.87556000,-70.56005000
6.87133789,-80.15794000,-95.20917000,-64.88271000,-73.21527000
6.87194824,-76.50558000,-91.18849000,-64.85631000,-72.37990000
6.87255859,-77.14240000,-94.29985000,-72.38249000,-69.76165000
6.87316895,-88.48289000,-113.67300000,-70.25720000,-69.56363000
6.87377930,-103.56580000,-94.03369000,-68.38158000,-72.19097000
6.87438965,-93.01582000,-89.68735000,-72.64403000,-74.03143000
6.87500000,-81.22530000,-93.02144000,-70.84270000,-67.25925000
6.87561035,-78.53728000,-91.38351000,-68.01064000,-68.49879000
6.87622070,-77.91045000,-90.88698000,-63.90585000,-71.56560000
6.87683105,-80.07878000,-95.30471000,-63.13709000,-74.55439000
6.87744141,-85.13042000,-119.77750000,-64.56990000,-81.39381000
6.87805176,-77.14983000,-105.26340000,-69.63756000,-85.63981000
6.87866211,-75.82590000,-93.68361000,-70.33044000,-78.10337000
6.87927246,-78.55693000,-91.49188000,-69.96416000,-83.16444000
6.87988281,-79.51637000,-96.40173000,-74.62729000,-78.29733000
6.88049316,-80.40494000,-100.08810000,-68.68991000,-82.82269000
6.88110352,-82.07059000,-96.71724000,-68.18536000,-76.73300000
6.88171387,-80.26512000,-91.92422000,-73.93439000,-77.07468000
6.88232422,-86.38947000,-98.61998000,-75.91522000,-75.37677000
6.88293457,-87.97878000,-97.68281000,-70.80974000,-77.05788000
6.88354492,-89.52420000,-92.39095000,-70.34140000,-79.42855000
6.88415527,-89.20704000,-92.80406000,-76.18182000,-82.37149000
6.88476563,-86.43762000,-101.81130000,-81.47699000,-78.70119000
6.88537598,-92.39546000,-89.53539000,-76.65533000,-83.97041000
6.88598633,-81.19598000,-85.90950000,-84.90775000,-81.51884000
6.88659668,-78.52303000,-88.02419000,-75.99127000,-76.62778000
6.88720703,-108.91640000,-93.62926000,-65.85501000,-76.63935000
6.88781738,-78.80090000,-101.03710000,-63.28783000,-72.22449000
6.88842773,-75.09849000,-94.43076000,-65.83852000,-72.47558000
6.88903809,-70.89912000,-90.66711000,-72.34401000,-75.31604000
6.88964844,-70.33990000,-89.58327000,-68.86552000,-78.89392000
6.89025879,-74.36264000,-92.79436000,-68.58308000,-77.46426000
6.89086914,-79.38300000,-100.14950000,-86.63156000,-72.95351000
6.89147949,-75.74379000,-102.24410000,-70.84353000,-77.40518000
6.89208984,-83.50691000,-95.58690000,-68.16711000,-74.24323000
6.89270020,-83.79852000,-91.14873000,-70.78015000,-72.62823000
6.89331055,-80.28535000,-90.42052000,-73.24868000,-75.96100000
6.89392090,-80.72349000,-94.78982000,-70.40810000,-77.76115000
6.89453125,-76.22959000,-91.77567000,-68.21642000,-80.73183000
6.89514160,-77.19643000,-87.38051000,-70.24837000,-70.50894000
6.89575195,-80.60394000,-91.09091000,-67.40945000,-71.61932000
6.89636230,-80.56706000,-95.57861000,-70.44567000,-77.14532000
6.89697266,-80.56962000,-92.39841000,-77.29017000,-81.83067000
6.89758301,-71.37901000,-90.76115000,-74.29971000,-73.43315000
6.89819336,-67.17984000,-95.56197000,-79.21797000,-74.39027000
6.89880371,-69.16884000,-96.47751000,-73.37106000,-74.44930000
6.89941406,-75.64720000,-92.71776000,-67.19150000,-75.97374000
6.90002441,-83.49637000,-94.86230000,-68.56555000,-83.29951000
6.90063477,-81.81007000,-100.18240000,-67.49182000,-75.75059000
6.90124512,-86.24771000,-99.95980000,-66.18135000,-78.97408000
6.90185547,-74.13057000,-101.84690000,-67.30623000,-77.15147000
6.90246582,-76.96076000,-108.84340000,-70.81489000,-73.36598000
6.90307617,-77.03821000,-97.08886000,-76.43874000,-82.62875000
6.90368652,-75.12519000,-94.00554000,-84.52858000,-82.17070000
6.90429688,-81.26846000,-95.95313000,-76.04276000,-78.94074000
6.90490723,-86.06774000,-105.50700000,-71.20350000,-78.15759000
6.90551758,-90.63889000,-93.76672000,-73.24979000,-81.61546000
6.90612793,-82.18486000,-95.07054000,-84.98688000,-86.28201000
6.90673828,-74.83808000,-95.15128000,-76.46308000,-84.81773000
6.90734863,-73.83942000,-97.56136000,-71.80836000,-74.58958000
6.90795898,-76.61905000,-101.27840000,-72.55053000,-77.46917000
6.90856934,-85.71992000,-94.24947000,-76.94746000,-83.49064000
6.90917969,-82.49223000,-93.00930000,-80.67937000,-84.92271000
6.90979004,-78.22617000,-96.47913000,-81.30270000,-75.98957000
6.91040039,-81.34996000,-95.85931000,-77.72009000,-72.38506000
6.91101074,-82.06783000,-95.25455000,-76.28308000,-73.52022000
6.91162109,-76.20601000,-95.18140000,-83.04652000,-82.47061000
6.91223145,-74.30276000,-92.84418000,-75.68904000,-78.14874000
6.91284180,-75.69360000,-91.31176000,-71.65294000,-72.10174000
6.91345215,-76.86036000,-89.58377000,-81.47723000,-71.15249000
6.91406250,-79.80635000,-88.58260000,-71.58968000,-73.91526000
6.91467285,-82.60612000,-89.71761000,-69.05783000,-73.58356000
6.91528320,-80.45250000,-88.07011000,-71.15116000,-74.27041000
6.91589355,-80.15522000,-83.97060000,-77.34399000,-72.54678000
6.91650391,-83.27464000,-84.34289000,-84.59799000,-73.64460000
6.91711426,-83.41441000,-91.09539000,-79.20695000,-81.78894000
6.91772461,-79.76610000,-103.39070000,-70.64996000,-73.05906000
6.91833496,-81.00830000,-91.94465000,-73.55758000,-73.55390000
6.91894531,-87.41306000,-94.86993000,-80.02301000,-75.27002000
6.91955566,-89.07344000,-91.13526000,-81.14943000,-71.30443000
6.92016602,-79.57974000,-87.95380000,-78.45512000,-70.66621000
6.92077637,-83.77205000,-95.66934000,-89.21214000,-70.37271000
6.92138672,-81.64463000,-96.34279000,-72.06936000,-73.86371000
6.92199707,-81.89584000,-89.23682000,-67.78054000,-86.41077000
6.92260742,-76.76126000,-91.30673000,-69.52584000,-82.30174000
6.92321777,-74.49691000,-102.77390000,-78.48003000,-81.62437000
6.92382813,-78.84000000,-93.07234000,-69.98461000,-90.90067000
6.92443848,-76.13210000,-89.40997000,-71.44632000,-96.35148000
6.92504883,-73.94167000,-95.01080000,-74.26864000,-84.47699000
6.92565918,-77.23640000,-102.27680000,-69.90367000,-81.56146000
6.92626953,-79.22387000,-93.47474000,-67.81749000,-101.78750000
6.92687988,-75.06835000,-89.31430000,-70.90985000,-81.12796000
6.92749023,-78.56164000,-89.14754000,-74.10345000,-73.31677000
6.92810059,-84.09436000,-94.23431000,-71.75816000,-71.86783000
6.92871094,-80.28428000,-99.16511000,-76.79013000,-70.64919000
6.92932129,-78.47762000,-99.27166000,-70.47228000,-72.12558000
6.92993164,-76.87880000,-91.76991000,-63.91135000,-82.45350000
6.93054199,-78.78366000,-92.12288000,-67.44699000,-68.77573000
6.93115234,-76.42461000,-92.80308000,-81.23565000,-71.80183000
6.93176270,-78.01856000,-96.44557000,-71.41512000,-78.91685000
6.93237305,-87.33690000,-100.75360000,-66.80304000,-74.51073000
6.93298340,-100.65910000,-107.25210000,-67.98486000,-70.90472000
6.93359375,-83.60791000,-92.63634000,-72.79853000,-75.02341000
6.93420410,-82.59139000,-97.62697000,-74.75835000,-85.23838000
6.93481445,-87.74380000,-92.86098000,-69.36999000,-78.24722000
6.93542480,-86.37970000,-100.89400000,-69.78719000,-77.84906000
6.93603516,-84.36110000,-93.02682000,-72.74773000,-77.48251000
6.93664551,-84.28323000,-92.53521000,-68.42461000,-74.68189000
6.93725586,-71.61418000,-87.32357000,-71.50490000,-75.88109000
6.93786621,-70.71325000,-83.10757000,-78.09265000,-77.08765000
6.93847656,-73.37410000,-87.37270000,-72.80520000,-71.26227000
6.93908691,-82.64192000,-106.81650000,-74.07864000,-74.55247000
6.93969727,-80.71868000,-95.58006000,-72.46309000,-80.93346000
6.94030762,-79.70042000,-93.15565000,-68.72369000,-70.59977000
6.94091797,-76.11020000,-91.34088000,-70.56331000,-69.92709000
6.94152832,-76.41184000,-93.35499000,-73.87329000,-71.57063000
6.94213867,-77.88077000,-95.42326000,-69.58759000,-76.53900000
6.94274902,-74.51089000,-93.13417000,-72.20271000,-85.07063000
6.94335938,-80.61090000,-95.13215000,-69.85534000,-89.47761000
6.94396973,-82.90269000,-91.47577000,-65.94394000,-80.76263000
6.94458008,-82.64124000,-87.58015000,-66.55103000,-75.62415000
6.94519043,-81.47488000,-87.55316000,-71.87827000,-83.26863000
6.94580078,-80.49721000,-90.58895000,-76.01550000,-82.18103000
6.94641113,-73.91415000,-89.86058000,-83.39575000,-84.48083000
6.94702148,-72.21732000,-90.04741000,-72.01227000,-78.03152000
6.94763184,-75.18494000,-97.82922000,-70.01143000,-77.10287000
6.94824219,-78.04483000,-90.05349000,-78.86151000,-80.59331000
6.94885254,-85.80830000,-90.29068000,-70.33357000,-79.32555000
6.94946289,-85.26519000,-87.85132000,-71.28481000,-79.59743000
6.95007324,-81.64196000,-86.13203000,-78.06731000,-81.80721000
6.95068359,-79.36729000,-90.67776000,-79.00285000,-88.07731000
6.95129395,-83.21892000,-98.29303000,-76.55003000,-75.74632000
6.95190430,-81.54106000,-103.77260000,-73.43474000,-70.25058000
6.95251465,-80.31674000,-93.63171000,-72.36030000,-69.66655000
6.95312500,-82.88635000,-91.52973000,-74.19435000,-71.81525000
6.95373535,-79.28220000,-90.22231000,-78.44098000,-81.84694000
6.95434570,-87.36813000,-91.32347000,-74.78925000,-74.66644000
6.95495605,-84.81038000,-94.49075000,-86.83770000,-67.83913000
6.95556641,-84.17728000,-99.54103000,-70.83296000,-68.37065000
6.95617676,-90.52806000,-105.30580000,-66.93168000,-70.00960000
6.95678711,-85.47683000,-104.10060000,-67.85040000,-69.37328000
6.95739746,-73.24905000,-105.18170000,-68.57378000,-69.52583000
6.95800781,-70.55415000,-98.01021000,-68.31776000,-73.63410000
6.95861816,-73.96869000,-88.96330000,-74.13731000,-77.23307000
6.95922852,-79.02574000,-87.74359000,-68.53201000,-74.49035000
6.95983887,-86.21868000,-95.33607000,-65.75809000,-70.57337000
6.96044922,-83.26656000,-97.42204000,-67.55853000,-69.83763000
6.96105957,-77.19525000,-92.41681000,-76.36824000,-74.51342000
6.96166992,-77.28014000,-90.53420000,-75.18699000,-81.30574000
6.96228027,-73.86977000,-93.07412000,-68.67360000,-93.28228000
6.96289063,-72.61977000,-97.72269000,-71.65653000,-73.30379000
6.96350098,-79.66019000,-95.86537000,-74.41821000,-74.05549000
6.96411133,-82.33692000,-91.83249000,-68.67731000,-82.69319000
6.96472168,-77.02397000,-95.46123000,-70.85616000,-84.69997000
6.96533203,-77.37491000,-99.18640000,-67.10339000,-73.41628000
6.96594238,-81.67316000,-93.72964000,-64.07635000,-71.40644000
6.96655273,-91.03851000,-97.11969000,-65.31073000,-70.29099000
6.96716309,-86.33070000,-103.95350000,-66.19188000,-72.87700000
6.96777344,-77.05985000,-97.03393000,-70.54948000,-78.24685000
6.96838379,-76.79480000,-104.05620000,-85.63404000,-73.63956000
6.96899414,-84.96623000,-91.74646000,-73.68787000,-71.99418000
6.96960449,-77.55340000,-89.82468000,-79.78548000,-71.19384000
6.97021484,-75.18752000,-95.14818000,-83.95398000,-68.79851000
6.97082520,-80.83820000,-97.23309000,-73.83479000,-66.86361000
6.97143555,-90.03933000,-96.04633000,-73.91534000,-66.55652000
6.97204590,-83.57800000,-100.39200000,-80.54750000,-68.90250000
6.97265625,-79.91692000,-92.81994000,-74.28313000,-73.86756000
6.97326660,-75.55960000,-104.75360000,-69.87025000,-77.14842000
6.97387695,-72.61466000,-88.72279000,-69.45701000,-83.02448000
6.97448730,-72.08811000,-87.06461000,-75.79521000,-79.70651000
6.97509766,-75.37019000,-89.10778000,-85.40699000,-79.98001000
6.97570801,-94.78256000,-90.27318000,-74.87205000,-79.64265000
6.97631836,-87.11508000,-92.06740000,-82.34821000,-73.72073000
6.97692871,-78.91492000,-93.66441000,-82.30529000,-74.34469000
6.97753906,-79.16592000,-90.26115000,-73.04017000,-99.32359000
6.97814941,-90.37099000,-90.33954000,-69.57643000,-76.82601000
6.97875977,-83.35808000,-94.10037000,-70.05715000,-77.94777000
6.97937012,-83.93193000,-91.45581000,-71.33435000,-78.77023000
6.97998047,-79.25135000,-92.40277000,-72.16659000,-79.08376000
6.98059082,-79.96239000,-105.81490000,-74.58390000,-79.12701000
6.98120117,-86.71413000,-96.51305000,-79.59749000,-81.26695000
6.98181152,-85.50002000,-98.57640000,-79.40125000,-81.31367000
6.98242188,-77.80639000,-98.16052000,-81.18198000,-75.45450000
6.98303223,-84.78000000,-100.97670000,-70.95630000,-75.88197000
6.98364258,-72.56211000,-99.09857000,-72.43864000,-83.34240000
6.98425293,-69.11283000,-95.16682000,-80.38555000,-77.41193000
6.98486328,-71.92477000,-98.66545000,-70.34576000,-72.98169000
6.98547363,-80.54677000,-95.61858000,-68.74342000,-72.92690000
6.98608398,-76.78282000,-91.27834000,-79.34714000,-75.94333000
6.98669434,-76.73718000,-88.99570000,-74.56459000,-81.92412000
6.98730469,-76.50851000,-91.06941000,-72.02354000,-79.22606000
6.98791504,-76.52061000,-94.63326000,-74.69692000,-86.19238000
6.98852539,-77.40793000,-90.04599000,-78.12278000,-75.45399000
6.98913574,-83.58895000,-88.77197000,-74.55589000,-72.18318000
6.98974609,-85.56739000,-92.21665000,-68.74391000,-73.81908000
6.99035645,-81.92017000,-89.43391000,-68.17381000,-77.36597000
6.99096680,-75.63218000,-87.86357000,-69.94817000,-90.58896000
6.99157715,-75.80177000,-89.46412000,-73.90268000,-79.64521000
6.99218750,-80.48020000,-94.06445000,-69.65686000,-75.55222000
6.99279785,-80.12456000,-95.82577000,-71.07255000,-70.57005000
6.99340820,-80.03104000,-93.35788000,-73.25574000,-71.93246000
6.99401855,-80.02174000,-91.78049000,-71.71532000,-75.45730000
6.99462891,-78.36517000,-91.67584000,-73.70433000,-77.03141000
6.99523926,-78.53482000,-111.22980000,-73.10164000,-75.62830000
6.99584961,-76.14610000,-91.97269000,-68.73002000,-74.82207000
6.99645996,-75.25922000,-92.03315000,-67.16902000,-71.90494000
6.99707031,-75.69221000,-95.71182000,-71.99513000,-73.11788000
6.99768066,-74.13551000,-87.17903000,-73.62149000,-78.01584000
6.99829102,-75.81888000,-83.38158000,-71.11472000,-76.27997000
6.99890137,-79.57664000,-87.13068000,-69.75467000,-85.55608000
6.99951172,-78.33759000,-90.46608000,-71.80450000,-79.05932000
7.00012207,-82.17103000,-91.28982000,-79.24175000,-77.25087000
7.00073242,-87.63382000,-92.95251000,-67.68311000,-75.72424000
7.00134277,-81.87883000,-89.89038000,-64.86861000,-73.19698000
7.00195313,-81.08562000,-88.53088000,-67.14838000,-77.83056000
7.00256348,-90.86728000,-90.71110000,-72.06616000,-79.19958000
7.00317383,-78.09819000,-93.95744000,-70.97952000,-76.12257000
7.00378418,-83.33501000,-96.44633000,-70.57787000,-78.77163000
7.00439453,-82.59927000,-101.10590000,-70.42100000,-82.56371000
7.00500488,-79.94044000,-90.03391000,-64.66439000,-77.37624000
7.00561523,-92.26055000,-89.82079000,-63.87445000,-71.36789000
7.00622559,-80.70263000,-92.75405000,-65.77812000,-72.99857000
7.00683594,-76.94750000,-94.01129000,-66.71794000,-70.78143000
7.00744629,-80.43369000,-95.28541000,-73.42085000,-71.36721000
7.00805664,-86.35851000,-97.57546000,-84.02818000,-78.14027000
7.00866699,-87.07042000,-89.82344000,-82.84859000,-83.95539000
7.00927734,-87.98801000,-88.78303000,-77.81750000,-83.12058000
7.00988770,-88.73356000,-93.99495000,-69.16419000,-83.11134000
7.01049805,-80.65031000,-97.18549000,-65.92007000,-75.85758000
7.01110840,-77.70287000,-99.61510000,-66.66531000,-77.23326000
7.01171875,-81.80724000,-92.19783000,-73.09068000,-86.71327000
7.01232910,-81.01726000,-96.74388000,-73.86226000,-90.23811000
7.01293945,-73.33331000,-98.17642000,-68.15713000,-93.11624000
7.01354980,-71.61717000,-95.05429000,-73.15876000,-76.74201000
7.01416016,-77.20580000,-106.11650000,-78.65214000,-75.88634000
7.01477051,-74.03264000,-93.11140000,-78.96405000,-82.80915000
7.01538086,-75.98439000,-91.70740000,-91.12776000,-73.61159000
7.01599121,-74.86624000,-93.16186000,-95.13744000,-72.81921000
7.01660156,-77.16538000,-92.04754000,-74.76909000,-79.84198000
7.01721191,-80.42192000,-91.54129000,-73.11536000,-75.36975000
7.01782227,-79.16293000,-92.97697000,-71.81016000,-72.13512000
7.01843262,-83.12885000,-106.50160000,-68.66368000,-72.69911000
7.01904297,-75.45770000,-97.56834000,-69.89733000,-74.69856000
7.01965332,-76.01823000,-90.51479000,-74.70879000,-79.58981000
7.02026367,-82.06961000,-86.61305000,-76.53261000,-77.55801000
7.02087402,-82.41860000,-88.00190000,-74.93611000,-74.40877000
7.02148438,-79.22263000,-95.71754000,-72.21753000,-89.73518000
7.02209473,-81.65248000,-98.53644000,-75.83993000,-81.32927000
7.02270508,-91.28883000,-114.23700000,-90.81456000,-86.31462000
7.02331543,-93.95836000,-100.95260000,-78.06802000,-84.48293000
7.02392578,-86.01517000,-96.46323000,-81.72654000,-85.35542000
7.02453613,-76.74162000,-94.62843000,-72.09375000,-76.96926000
7.02514648,-79.25294000,-93.17626000,-68.65433000,-76.91520000
7.02575684,-79.64163000,-96.54716000,-78.63665000,-87.99615000
7.02636719,-77.94343000,-96.93780000,-74.83320000,-71.97768000
7.02697754,-78.38071000,-93.38431000,-72.83118000,-71.36656000
7.02758789,-65.61524000,-91.67233000,-70.54640000,-78.42233000
7.02819824,-60.62219000,-100.70760000,-72.76242000,-73.68336000
7.02880859,-62.42723000,-104.60590000,-78.78912000,-76.46327000
7.02941895,-67.69570000,-95.31220000,-95.02385000,-84.02487000
7.03002930,-65.60130000,-92.11314000,-71.33292000,-73.79642000
7.03063965,-67.71039000,-94.80141000,-67.25648000,-77.55025000
7.03125000,-71.53871000,-93.26748000,-69.84395000,-87.95899000
7.03186035,-69.82375000,-93.50799000,-83.58942000,-85.50661000
7.03247070,-76.54578000,-98.77809000,-79.75220000,-79.88045000
7.03308105,-69.10018000,-94.25704000,-71.92926000,-81.49804000
7.03369141,-65.77168000,-97.93010000,-70.15608000,-87.79767000
7.03430176,-69.87630000,-94.04843000,-67.54507000,-76.50581000
7.03491211,-69.56339000,-90.50118000,-68.35651000,-71.55196000
7.03552246,-70.12918000,-91.64191000,-86.55914000,-70.25821000
7.03613281,-80.00668000,-93.53985000,-84.76363000,-71.26960000
7.03674316,-70.81864000,-98.40335000,-69.02561000,-77.46232000
7.03735352,-67.84196000,-103.86010000,-69.46674000,-76.55261000
7.03796387,-71.78836000,-99.43531000,-77.63955000,-69.84750000
7.03857422,-80.06329000,-92.44925000,-71.12237000,-70.79518000
7.03918457,-78.08573000,-89.31842000,-71.24244000,-78.07456000
7.03979492,-76.19048000,-89.52982000,-81.40614000,-80.84682000
7.04040527,-79.24167000,-89.51358000,-72.33739000,-80.62128000
7.04101563,-76.03120000,-95.52422000,-66.50970000,-75.98489000
7.04162598,-79.17037000,-87.59106000,-67.37099000,-73.58638000
7.04223633,-86.72118000,-88.16749000,-85.55949000,-76.56268000
7.04284668,-80.41785000,-94.64241000,-69.19086000,-78.92447000
7.04345703,-79.33667000,-94.91858000,-69.43943000,-72.40761000
7.04406738,-77.15996000,-93.56056000,-72.27718000,-77.53851000
7.04467773,-76.03825000,-101.32880000,-67.68827000,-77.35385000
7.04528809,-78.52553000,-99.63022000,-64.07623000,-75.41593000
7.04589844,-77.47401000,-92.53653000,-64.52177000,-81.52962000
7.04650879,-77.20930000,-89.04991000,-66.56152000,-77.92931000
7.04711914,-84.48520000,-90.60021000,-64.54842000,-74.82339000
7.04772949,-80.84537000,-89.60582000,-67.06330000,-79.51936000
7.04833984,-76.79533000,-86.35720000,-76.60863000,-72.50315000
7.04895020,-81.58585000,-91.23061000,-70.97086000,-73.43548000
7.04956055,-80.95322000,-98.36931000,-65.91189000,-78.46429000
7.05017090,-80.00686000,-88.37366000,-66.48320000,-77.58334000
7.05078125,-83.62645000,-86.99002000,-70.12784000,-72.92030000
7.05139160,-96.26732000,-92.66026000,-69.66007000,-76.08836000
7.05200195,-91.78826000,-95.83200000,-69.02472000,-76.72093000
7.05261230,-78.70797000,-97.08838000,-69.95730000,-89.27005000
7.05322266,-77.86874000,-95.37521000,-71.36386000,-73.36157000
7.05383301,-91.75517000,-86.95817000,-75.42934000,-69.73191000
7.05444336,-79.33945000,-85.28992000,-78.29442000,-71.05292000
7.05505371,-84.78099000,-97.47832000,-77.44512000,-74.12815000
7.05566406,-86.03624000,-92.90116000,-90.59337000,-90.51840000
7.05627441,-79.21620000,-95.24896000,-74.74216000,-77.57117000
7.05688477,-77.68869000,-93.99552000,-71.23478000,-72.97099000
7.05749512,-79.38412000,-105.79450000,-72.59605000,-70.58736000
7.05810547,-81.76463000,-91.72711000,-69.82298000,-76.76668000
7.05871582,-84.92893000,-93.53927000,-67.55352000,-82.50809000
7.05932617,-78.71596000,-105.59350000,-70.43084000,-77.55823000
7.05993652,-80.96655000,-95.11468000,-67.07820000,-85.60020000
7.06054688,-84.31794000,-97.36903000,-72.12186000,-76.20137000
7.06115723,-82.63978000,-95.87070000,-70.95816000,-74.29678000
7.06176758,-88.74135000,-95.85545000,-74.28368000,-73.77798000
7.06237793,-85.69191000,-98.50574000,-80.29884000,-71.62408000
7.06298828,-77.05667000,-96.06448000,-79.81139000,-77.03685000
7.06359863,-73.73051000,-93.06146000,-77.45783000,-72.34921000
7.06420898,-74.28343000,-94.29926000,-78.79252000,-71.37907000
7.06481934,-74.66177000,-96.25089000,-77.20299000,-77.76097000
7.06542969,-75.40224000,-97.15153000,-71.43854000,-71.45074000
7.06604004,-78.88509000,-106.45320000,-72.62852000,-69.18327000
7.06665039,-77.77334000,-97.31383000,-82.17408000,-78.65470000
7.06726074,-78.12074000,-93.77746000,-75.18324000,-89.79958000
7.06787109,-85.65471000,-96.52596000,-79.03319000,-80.19741000
7.06848145,-83.64896000,-93.74008000,-70.56641000,-80.81227000
7.06909180,-78.40084000,-90.83144000,-67.56654000,-76.33462000
7.06970215,-76.70076000,-88.03939000,-69.47701000,-69.56063000
7.07031250,-74.75108000,-86.39726000,-66.56968000,-70.44732000
7.07092285,-76.42789000,-91.69407000,-67.72277000,-75.42500000
7.07153320,-77.84367000,-92.77910000,-77.88101000,-75.86816000
7.07214355,-79.48709000,-91.52510000,-72.51292000,-75.73170000
7.07275391,-84.13406000,-97.14885000,-70.83564000,-75.03485000
7.07336426,-93.92925000,-95.03814000,-75.94618000,-77.30066000
7.07397461,-85.24873000,-94.64714000,-72.44590000,-87.58457000
7.07458496,-76.88094000,-100.05910000,-72.94016000,-70.67643000
7.07519531,-73.71344000,-91.27151000,-75.58358000,-67.34540000
7.07580566,-75.94511000,-89.06117000,-69.47462000,-69.02121000
7.07641602,-76.21189000,-90.57418000,-71.58685000,-71.50769000
7.07702637,-81.66009000,-91.73462000,-78.53179000,-76.76002000
7.07763672,-86.29871000,-95.01339000,-78.89190000,-87.90469000
7.07824707,-87.29423000,-101.90740000,-80.74105000,-82.49732000
7.07885742,-80.34705000,-97.10583000,-74.77527000,-79.85289000
7.07946777,-76.52172000,-106.39570000,-70.17265000,-94.03347000
7.08007813,-80.98171000,-98.20840000,-73.50781000,-79.65351000
7.08068848,-95.85057000,-90.17784000,-74.10162000,-76.07196000
7.08129883,-86.55333000,-87.40853000,-72.60276000,-76.99452000
7.08190918,-81.65591000,-96.54617000,-71.87806000,-75.52423000
7.08251953,-82.00902000,-90.03824000,-74.29072000,-71.05165000
7.08312988,-82.39531000,-87.75905000,-95.86472000,-71.15131000
7.08374023,-78.20047000,-89.56977000,-75.28201000,-75.35564000
7.08435059,-79.22491000,-92.06638000,-78.44399000,-79.88344000
7.08496094,-76.67020000,-93.25378000,-73.43162000,-78.33295000
7.08557129,-72.39461000,-91.90083000,-69.95288000,-76.39290000
7.08618164,-74.70428000,-103.56620000,-69.19070000,-85.55836000
7.08679199,-75.27023000,-92.18758000,-68.31868000,-83.10637000
7.08740234,-73.86736000,-92.09180000,-70.79106000,-85.86580000
7.08801270,-76.20465000,-104.47390000,-78.42942000,-87.41846000
7.08862305,-74.49254000,-94.76180000,-75.57991000,-78.25137000
7.08923340,-73.17442000,-89.55878000,-68.35778000,-80.70750000
7.08984375,-74.77640000,-92.35126000,-65.89024000,-77.27304000
7.09045410,-74.77118000,-99.98504000,-69.28671000,-73.32726000
7.09106445,-84.52114000,-96.87069000,-77.04812000,-71.91145000
7.09167480,-83.98299000,-94.81308000,-75.53899000,-76.71169000
7.09228516,-77.58897000,-99.38161000,-75.85600000,-74.33897000
7.09289551,-79.90594000,-117.06560000,-73.45762000,-73.38300000
7.09350586,-76.94444000,-101.68590000,-80.01277000,-75.38314000
7.09411621,-79.65570000,-105.80020000,-69.04688000,-76.90072000
7.09472656,-97.84982000,-97.75368000,-68.19666000,-81.40720000
7.09533691,-88.07496000,-96.52869000,-66.21184000,-87.27519000
7.09594727,-100.18950000,-94.18045000,-66.04526000,-72.28661000
7.09655762,-80.52271000,-94.27811000,-68.55196000,-68.57451000
7.09716797,-80.13009000,-99.76249000,-72.06282000,-69.94134000
7.09777832,-86.18500000,-89.08067000,-74.34496000,-72.33390000
7.09838867,-87.54322000,-88.74818000,-72.81241000,-75.48174000
7.09899902,-91.76933000,-96.04398000,-70.68075000,-80.21330000
7.09960938,-82.92884000,-92.55608000,-72.01739000,-82.23443000
7.10021973,-78.32621000,-89.68560000,-72.58454000,-88.34129000
7.10083008,-76.61251000,-88.30466000,-69.95364000,-74.59081000
7.10144043,-76.94128000,-90.55478000,-67.10121000,-71.58131000
7.10205078,-78.12224000,-90.18265000,-67.40280000,-75.17540000
7.10266113,-77.24075000,-95.41764000,-74.88724000,-70.53786000
7.10327148,-77.46852000,-96.48569000,-83.19931000,-70.48248000
7.10388184,-78.26840000,-102.69940000,-74.74382000,-74.82534000
7.10449219,-78.95051000,-99.62614000,-84.70745000,-80.80843000
7.10510254,-79.49453000,-92.86923000,-69.81989000,-77.98662000
7.10571289,-78.61488000,-90.62047000,-67.16009000,-77.37917000
7.10632324,-78.72193000,-92.36168000,-72.07259000,-75.86651000
7.10693359,-85.00365000,-90.21620000,-73.22684000,-80.01749000
7.10754395,-88.43926000,-89.74158000,-77.99611000,-75.92337000
7.10815430,-97.70156000,-90.26665000,-68.08190000,-74.72578000
7.10876465,-82.54478000,-90.76563000,-66.07022000,-82.68375000
7.10937500,-83.91074000,-94.16568000,-66.08199000,-78.16667000
7.10998535,-94.68213000,-96.64417000,-68.77699000,-77.19939000
7.11059570,-90.34859000,-101.82420000,-67.28395000,-83.52985000
7.11120605,-80.04822000,-102.18890000,-74.16562000,-76.39548000
7.11181641,-80.56755000,-100.60710000,-73.03555000,-70.35920000
7.11242676,-89.62846000,-120.19000000,-92.01416000,-72.00852000
7.11303711,-103.31900000,-105.76170000,-75.63847000,-84.80157000
7.11364746,-80.42161000,-98.62340000,-68.85159000,-79.27227000
7.11425781,-74.27679000,-88.08047000,-65.49440000,-72.57449000
7.11486816,-76.63198000,-83.99731000,-70.90786000,-69.65778000
7.11547852,-79.17506000,-86.84578000,-72.47437000,-72.54496000
7.11608887,-76.80968000,-95.46266000,-72.44931000,-86.15683000
7.11669922,-80.62995000,-98.36750000,-74.09686000,-74.44290000
7.11730957,-95.32310000,-92.34743000,-78.69065000,-80.68106000
7.11791992,-83.50716000,-89.29013000,-87.87904000,-91.11450000
7.11853027,-83.03181000,-90.18573000,-92.07872000,-82.66221000
7.11914063,-80.64482000,-88.16756000,-73.37717000,-73.30872000
7.11975098,-77.94808000,-88.18542000,-76.47185000,-69.33155000
7.12036133,-86.95809000,-87.79503000,-68.99480000,-77.53914000
7.12097168,-93.81210000,-86.30197000,-65.18433000,-74.75951000
7.12158203,-79.42085000,-92.55497000,-68.49519000,-73.93910000
7.12219238,-76.86381000,-96.12227000,-79.69273000,-83.44689000
7.12280273,-75.75798000,-92.52180000,-64.24677000,-71.19020000
7.12341309,-76.51114000,-89.40971000,-64.23842000,-70.24149000
7.12402344,-80.58389000,-85.55405000,-71.54887000,-77.37959000
7.12463379,-73.69376000,-83.13110000,-74.58780000,-72.35307000
7.12524414,-72.13257000,-86.23562000,-72.26624000,-72.31858000
7.12585449,-74.54538000,-98.69872000,-77.40020000,-77.03392000
7.12646484,-74.05816000,-94.22054000,-82.33060000,-81.85260000
7.12707520,-74.32676000,-86.75620000,-86.33537000,-85.00104000
7.12768555,-75.70628000,-89.26826000,-78.46761000,-84.58258000
7.12829590,-80.44612000,-99.88307000,-82.41380000,-78.68801000
7.12890625,-86.17265000,-96.58322000,-72.47884000,-76.23946000
7.12951660,-91.20369000,-93.50020000,-68.97095000,-80.95401000
7.13012695,-89.88503000,-97.26048000,-76.99489000,-89.18398000
7.13073730,-83.54180000,-97.13855000,-76.16418000,-76.49251000
7.13134766,-82.11503000,-99.23851000,-71.68006000,-79.73689000
7.13195801,-83.17780000,-99.20402000,-68.61928000,-78.50762000
7.13256836,-82.92435000,-98.99223000,-69.93244000,-87.01638000
7.13317871,-90.15212000,-98.84491000,-78.11668000,-76.75533000
7.13378906,-86.99530000,-91.49262000,-79.84927000,-75.59766000
7.13439941,-101.35070000,-89.57565000,-77.10526000,-69.82007000
7.13500977,-88.10027000,-89.28268000,-69.05231000,-69.42149000
7.13562012,-78.35919000,-89.83238000,-64.55025000,-72.64532000
7.13623047,-80.94307000,-96.05605000,-65.47659000,-70.61350000
7.13684082,-87.26951000,-94.71849000,-67.84201000,-70.75746000
7.13745117,-75.67493000,-89.63932000,-76.52487000,-77.86987000
7.13806152,-76.24242000,-89.14734000,-69.41493000,-82.25768000
7.13867188,-85.21737000,-97.58408000,-67.85369000,-81.02753000
7.13928223,-87.89398000,-96.33064000,-74.37728000,-77.11696000
7.13989258,-82.24228000,-99.49444000,-77.98267000,-73.12938000
7.14050293,-74.77052000,-96.81155000,-82.31534000,-73.74429000
7.14111328,-71.93402000,-93.71955000,-83.04640000,-73.23696000
7.14172363,-73.78049000,-95.38408000,-85.28780000,-70.78683000
7.14233398,-79.52837000,-93.04462000,-91.37870000,-80.25403000
7.14294434,-76.27585000,-92.30312000,-79.99562000,-89.91215000
7.14355469,-76.35303000,-93.94367000,-74.91561000,-84.30629000
7.14416504,-77.31867000,-93.13485000,-70.79499000,-88.14635000
7.14477539,-74.13013000,-93.81596000,-68.97916000,-84.39185000
7.14538574,-72.52583000,-96.24625000,-82.30653000,-85.64761000
7.14599609,-74.84937000,-103.89590000,-71.74844000,-83.33412000
7.14660645,-79.78468000,-95.73953000,-70.92000000,-74.82402000
7.14721680,-85.41711000,-93.35258000,-71.84849000,-73.79109000
7.14782715,-94.76760000,-90.41034000,-70.56628000,-72.30171000
7.14843750,-91.30782000,-93.24968000,-77.30592000,-72.47639000
7.14904785,-86.81334000,-105.89010000,-72.79337000,-75.73549000
7.14965820,-79.54282000,-104.74370000,-69.81113000,-73.69708000
7.15026855,-78.79799000,-95.58411000,-73.48229000,-68.75842000
7.15087891,-78.60685000,-89.30866000,-70.52119000,-68.65340000
7.15148926,-74.98465000,-87.61170000,-68.75290000,-71.79568000
7.15209961,-72.93410000,-89.68388000,-68.90028000,-80.03354000
7.15270996,-73.64222000,-99.86023000,-67.33344000,-80.91430000
7.15332031,-78.56082000,-92.90242000,-65.42133000,-85.54488000
7.15393066,-97.88742000,-93.60217000,-69.03381000,-70.48066000
7.15454102,-83.88248000,-88.97713000,-75.56510000,-69.90498000
7.15515137,-79.26476000,-88.22879000,-70.67908000,-84.07074000
7.15576172,-80.76178000,-94.56194000,-74.79118000,-77.92546000
7.15637207,-83.42384000,-94.82407000,-84.29794000,-79.09869000
7.15698242,-81.42289000,-117.05580000,-86.86028000,-75.42867000
7.15759277,-80.96941000,-90.51625000,-74.58154000,-69.75615000
7.15820313,-81.69455000,-87.44270000,-70.65015000,-67.84558000
7.15881348,-95.95424000,-88.35014000,-72.63994000,-73.40079000
7.15942383,-79.69199000,-92.72469000,-101.03800000,-96.31087000
7.16003418,-87.63403000,-94.42493000,-71.10707000,-80.68413000
7.16064453,-87.14126000,-94.35757000,-66.31878000,-80.12630000
7.16125488,-98.52396000,-102.22210000,-69.48657000,-73.25238000
7.16186523,-85.09274000,-91.37349000,-71.76804000,-70.52604000
7.16247559,-78.67305000,-97.55626000,-79.33898000,-71.99268000
7.16308594,-71.03072000,-94.04671000,-72.12152000,-73.29952000
7.16369629,-68.52082000,-88.28819000,-66.78292000,-75.82359000
7.16430664,-72.43421000,-89.35584000,-64.42427000,-79.76846000
7.16491699,-72.52171000,-95.02170000,-63.32952000,-76.87090000
7.16552734,-73.10770000,-91.89533000,-65.76347000,-72.30732000
7.16613770,-78.70678000,-89.51743000,-66.78735000,-74.69980000
7.16674805,-84.66202000,-91.59937000,-67.51885000,-73.68753000
7.16735840,-77.19483000,-93.67113000,-71.38756000,-71.67151000
7.16796875,-74.78590000,-93.47579000,-76.24152000,-76.53718000
7.16857910,-74.57935000,-93.10940000,-74.43634000,-79.62308000
7.16918945,-75.89906000,-92.86284000,-72.92848000,-74.61880000
7.16979980,-81.36638000,-96.16785000,-81.77800000,-69.18488000
7.17041016,-93.80627000,-102.14830000,-90.77727000,-71.31026000
7.17102051,-95.89172000,-94.55591000,-71.54749000,-86.65881000
7.17163086,-82.44566000,-91.82778000,-68.51398000,-75.69902000
7.17224121,-81.12759000,-92.40952000,-70.19825000,-73.63634000
7.17285156,-79.29150000,-101.42830000,-69.29482000,-72.60780000
7.17346191,-79.84160000,-98.12580000,-65.31999000,-75.26637000
7.17407227,-77.24781000,-98.39668000,-64.94717000,-74.96192000
7.17468262,-81.52485000,-89.64844000,-68.43656000,-72.08273000
7.17529297,-79.20937000,-87.40296000,-72.28799000,-75.63544000
7.17590332,-74.81845000,-92.92492000,-76.22869000,-85.56059000
7.17651367,-77.81697000,-106.39040000,-81.56419000,-77.70102000
7.17712402,-79.37433000,-97.06564000,-81.19042000,-72.26660000
7.17773438,-85.93095000,-91.33224000,-77.07841000,-75.47482000
7.17834473,-83.35297000,-98.46973000,-78.61400000,-78.57841000
7.17895508,-87.39172000,-98.69781000,-83.11671000,-71.73782000
7.17956543,-80.43431000,-95.70008000,-75.35851000,-70.70055000
7.18017578,-77.12747000,-92.94740000,-88.61443000,-73.05646000
7.18078613,-80.40028000,-101.37530000,-68.69241000,-82.58981000
7.18139648,-78.58945000,-88.55289000,-68.08591000,-78.98647000
7.18200684,-78.46958000,-87.77612000,-68.79733000,-71.98083000
7.18261719,-80.60574000,-94.89285000,-66.38130000,-71.84641000
7.18322754,-81.27911000,-96.63639000,-68.14080000,-81.15327000
7.18383789,-79.44165000,-92.90680000,-78.74428000,-86.20693000
7.18444824,-80.86162000,-91.02326000,-71.42394000,-78.27975000
7.18505859,-84.81456000,-91.67007000,-67.60046000,-72.17497000
7.18566895,-90.09314000,-95.00614000,-68.23222000,-70.47365000
7.18627930,-96.48808000,-94.66544000,-72.81316000,-69.69390000
7.18688965,-93.55999000,-103.40600000,-75.85625000,-76.76084000
7.18750000,-82.72409000,-100.10510000,-70.77325000,-85.20764000
7.18811035,-77.69312000,-106.88390000,-67.18908000,-96.69089000
7.18872070,-78.99379000,-97.61800000,-72.01070000,-78.62546000
7.18933105,-82.80096000,-94.66370000,-73.80726000,-75.73889000
7.18994141,-73.18526000,-97.40264000,-71.88831000,-76.81937000
7.19055176,-72.06536000,-98.05579000,-66.99805000,-69.01834000
7.19116211,-75.95280000,-97.45981000,-65.40788000,-67.23680000
7.19177246,-82.44460000,-96.79322000,-75.20328000,-68.35891000
7.19238281,-91.92826000,-97.04892000,-74.53891000,-78.86831000
7.19299316,-80.76836000,-91.23869000,-67.69870000,-69.77693000
7.19360352,-78.89611000,-88.59018000,-68.06635000,-68.10938000
7.19421387,-88.62527000,-89.58720000,-72.99748000,-73.19672000
7.19482422,-80.48110000,-90.20257000,-76.42196000,-75.81412000
7.19543457,-81.67736000,-93.95467000,-71.31775000,-78.81114000
7.19604492,-83.98717000,-96.20155000,-68.99866000,-73.73885000
7.19665527,-75.32242000,-97.40569000,-70.72189000,-77.08240000
7.19726563,-73.90118000,-99.05553000,-67.78291000,-87.83270000
7.19787598,-75.02534000,-86.66062000,-66.00585000,-81.40140000
7.19848633,-78.15299000,-88.10936000,-68.78876000,-73.55597000
7.19909668,-85.80585000,-95.23629000,-74.98720000,-73.54203000
7.19970703,-86.26303000,-96.01564000,-81.25340000,-78.83777000
7.20031738,-90.92500000,-97.99271000,-77.53846000,-77.95638000
7.20092773,-91.58370000,-115.87870000,-71.97922000,-74.63601000
7.20153809,-89.25807000,-97.03227000,-76.82758000,-70.69700000
7.20214844,-82.49236000,-98.79268000,-72.96872000,-68.34240000
7.20275879,-92.88989000,-95.64740000,-71.03154000,-70.48618000
7.20336914,-78.73759000,-93.63403000,-76.63715000,-75.95638000
7.20397949,-73.55058000,-103.44540000,-71.44227000,-83.94917000
7.20458984,-71.66245000,-92.98557000,-78.76962000,-80.47533000
7.20520020,-72.41595000,-93.91078000,-74.40939000,-72.75601000
7.20581055,-74.26633000,-94.80919000,-69.98631000,-69.94144000
7.20642090,-76.38642000,-88.50228000,-71.24192000,-72.02281000
7.20703125,-77.57185000,-96.31413000,-91.18259000,-74.01621000
7.20764160,-66.24367000,-91.09203000,-68.80805000,-75.74522000
7.20825195,-67.39359000,-92.09563000,-67.37918000,-77.79729000
7.20886230,-82.82894000,-102.27300000,-72.16517000,-75.61298000
7.20947266,-81.65905000,-94.07818000,-71.22308000,-80.90910000
7.21008301,-83.93287000,-101.31080000,-71.66214000,-92.64035000
7.21069336,-74.82996000,-100.74350000,-74.44161000,-76.42831000
7.21130371,-72.73787000,-92.24393000,-75.62556000,-73.94206000
7.21191406,-75.57240000,-90.49622000,-79.62018000,-79.80466000
7.21252441,-81.04259000,-91.68259000,-70.99545000,-89.98718000
7.21313477,-79.11017000,-98.78958000,-73.66647000,-80.09412000
7.21374512,-73.83033000,-106.91270000,-73.43423000,-73.78060000
7.21435547,-75.30054000,-98.45775000,-72.75774000,-71.67576000
7.21496582,-81.46368000,-89.11542000,-71.83814000,-72.03333000
7.21557617,-82.44389000,-87.44177000,-68.05848000,-80.73070000
7.21618652,-80.20263000,-90.25016000,-68.03857000,-76.37302000
7.21679688,-87.48765000,-93.35858000,-75.30830000,-91.00955000
7.21740723,-93.23884000,-99.51419000,-81.32918000,-76.19968000
7.21801758,-101.58080000,-97.93954000,-78.06490000,-73.23881000
7.21862793,-91.06714000,-99.59563000,-73.50112000,-76.65415000
7.21923828,-84.15936000,-99.29829000,-69.83545000,-74.91964000
7.21984863,-77.25725000,-91.79707000,-69.66758000,-74.57330000
7.22045898,-80.15507000,-89.93346000,-69.89307000,-85.50823000
7.22106934,-92.57108000,-88.08335000,-68.47536000,-76.03997000
7.22167969,-83.48387000,-89.60298000,-70.71626000,-70.36888000
7.22229004,-85.35963000,-91.09040000,-71.72237000,-70.54679000
7.22290039,-96.00752000,-89.89365000,-71.93300000,-74.05228000
7.22351074,-89.46953000,-100.49730000,-73.21969000,-76.49054000
7.22412109,-86.41592000,-103.68840000,-85.75214000,-73.95747000
7.22473145,-74.60135000,-96.06313000,-72.50723000,-72.99966000
7.22534180,-71.69221000,-90.45149000,-68.78817000,-69.89689000
7.22595215,-73.74266000,-89.24839000,-69.97485000,-69.39308000
7.22656250,-78.53109000,-90.91080000,-72.07742000,-71.02748000
7.22717285,-76.06195000,-93.39818000,-80.40166000,-75.85571000
7.22778320,-75.42393000,-89.91520000,-72.90221000,-88.49023000
7.22839355,-83.18829000,-90.69888000,-76.13541000,-76.93494000
7.22900391,-78.40846000,-120.77080000,-83.57899000,-82.55365000
7.22961426,-89.80831000,-89.40817000,-72.47231000,-90.53708000
7.23022461,-79.95069000,-87.60034000,-70.04517000,-97.24829000
7.23083496,-75.85553000,-94.68797000,-78.67227000,-81.96693000
7.23144531,-74.25716000,-96.70831000,-75.86945000,-80.76573000
7.23205566,-73.41325000,-92.55814000,-72.64027000,-78.23337000
7.23266602,-73.65014000,-92.02919000,-72.99797000,-75.72695000
7.23327637,-77.85323000,-94.38055000,-75.52047000,-72.78706000
7.23388672,-87.27253000,-95.02773000,-68.32333000,-74.35771000
7.23449707,-76.82256000,-90.89832000,-64.30672000,-83.19951000
7.23510742,-72.82042000,-88.12225000,-66.65482000,-87.05156000
7.23571777,-73.82951000,-91.48632000,-86.03379000,-85.18075000
7.23632813,-78.10487000,-93.50624000,-73.47398000,-78.18071000
7.23693848,-78.39008000,-98.11784000,-74.41228000,-78.14311000
7.23754883,-74.29587000,-91.12697000,-67.15298000,-83.78612000
7.23815918,-73.32365000,-87.22436000,-67.33866000,-75.35496000
7.23876953,-73.02263000,-89.28532000,-70.43058000,-75.04740000
7.23937988,-75.18141000,-93.67966000,-91.81255000,-74.69016000
7.23999023,-80.68465000,-95.99915000,-74.46260000,-76.20882000
7.24060059,-80.60439000,-107.57110000,-78.82863000,-76.06512000
7.24121094,-78.40194000,-104.26080000,-76.63879000,-74.94283000
7.24182129,-75.26933000,-109.01410000,-72.77374000,-75.23354000
7.24243164,-73.04832000,-104.92670000,-79.03032000,-77.20961000
7.24304199,-73.41864000,-100.42440000,-77.21645000,-81.64951000
7.24365234,-77.46606000,-102.85600000,-72.09111000,-78.60312000
7.24426270,-74.22284000,-113.05710000,-67.66723000,-73.30544000
7.24487305,-69.51601000,-106.14110000,-68.71142000,-74.92285000
7.24548340,-72.77058000,-96.69118000,-74.69991000,-73.27187000
7.24609375,-89.70750000,-103.00740000,-87.64314000,-70.88113000
7.24670410,-78.91936000,-97.02065000,-73.83086000,-72.28128000
7.24731445,-73.70900000,-97.67383000,-71.20591000,-78.58243000
7.24792480,-72.84743000,-106.12830000,-73.44135000,-73.40485000
7.24853516,-79.38842000,-97.18909000,-76.72328000,-69.73196000
7.24914551,-81.76013000,-92.70869000,-82.27184000,-80.55534000
7.24975586,-74.96168000,-98.60922000,-74.01819000,-77.51822000
7.25036621,-76.44406000,-95.16730000,-70.12658000,-89.77452000
7.25097656,-80.24797000,-93.07957000,-74.06138000,-77.73240000
7.25158691,-76.03455000,-95.25952000,-79.56804000,-81.09094000
7.25219727,-77.55379000,-95.72518000,-79.81521000,-77.10132000
7.25280762,-80.33565000,-94.52012000,-69.49212000,-73.69418000
7.25341797,-74.81346000,-93.05656000,-66.25509000,-82.04380000
7.25402832,-70.39552000,-95.60077000,-68.09211000,-69.86079000
7.25463867,-72.32608000,-97.64719000,-69.64127000,-67.76559000
7.25524902,-82.58289000,-95.49220000,-72.36339000,-75.14329000
7.25585938,-79.41901000,-98.82404000,-79.70010000,-89.40131000
7.25646973,-79.34300000,-97.51311000,-83.61413000,-83.26279000
7.25708008,-78.62399000,-94.56366000,-71.49997000,-87.96149000
7.25769043,-76.99570000,-89.41653000,-66.09202000,-87.91935000
7.25830078,-78.97298000,-88.78432000,-73.73320000,-76.72801000
7.25891113,-84.18623000,-89.43172000,-82.07790000,-72.66547000
7.25952148,-93.72666000,-93.92758000,-76.49655000,-76.63320000
7.26013184,-89.66221000,-95.05640000,-68.47352000,-70.63624000
7.26074219,-80.02788000,-94.63243000,-72.52084000,-70.38356000
7.26135254,-79.55592000,-99.40014000,-80.29996000,-72.87581000
7.26196289,-86.11494000,-104.11160000,-89.58546000,-75.58149000
7.26257324,-80.36720000,-97.57842000,-67.91956000,-75.68241000
7.26318359,-79.03077000,-96.82855000,-65.29969000,-74.27201000
7.26379395,-80.43065000,-95.68147000,-65.49474000,-75.60113000
7.26440430,-80.26083000,-88.59238000,-68.09259000,-75.69329000
7.26501465,-78.37167000,-91.43134000,-73.88867000,-73.69197000
7.26562500,-80.28352000,-101.78970000,-74.86605000,-74.07764000
7.26623535,-82.97421000,-90.78574000,-81.88321000,-81.78505000
7.26684570,-79.12920000,-88.89087000,-71.57909000,-77.30704000
7.26745605,-77.06512000,-88.93672000,-67.30102000,-71.83616000
7.26806641,-81.25983000,-88.51102000,-65.43051000,-71.64953000
7.26867676,-83.14490000,-94.88700000,-66.86270000,-73.20330000
7.26928711,-78.37775000,-93.74113000,-69.52342000,-73.01727000
7.26989746,-78.04108000,-90.37385000,-73.35236000,-71.37154000
7.27050781,-83.48810000,-96.14690000,-73.23067000,-70.51019000
7.27111816,-82.97634000,-117.89020000,-71.47580000,-70.21658000
7.27172852,-83.36190000,-95.57399000,-79.88025000,-72.92870000
7.27233887,-80.23903000,-92.21921000,-79.64598000,-78.27071000
7.27294922,-77.50672000,-94.56783000,-76.35865000,-73.27695000
7.27355957,-76.96391000,-102.70150000,-70.08956000,-69.08812000
7.27416992,-78.37617000,-119.74830000,-66.82114000,-68.42746000
7.27478027,-79.86845000,-96.87073000,-66.70423000,-73.25854000
7.27539063,-84.74405000,-90.58415000,-64.65224000,-77.07494000
7.27600098,-80.87643000,-88.51513000,-66.80637000,-70.19382000
7.27661133,-75.20587000,-89.94914000,-82.26387000,-70.09381000
7.27722168,-75.23053000,-91.88922000,-71.13577000,-72.64548000
7.27783203,-94.01592000,-92.12955000,-67.03055000,-72.21981000
7.27844238,-75.50046000,-90.80990000,-66.63441000,-74.99722000
7.27905273,-73.46273000,-89.07545000,-71.68977000,-82.39252000
7.27966309,-79.80056000,-92.55048000,-77.51506000,-70.49095000
7.28027344,-78.78187000,-96.80392000,-69.03595000,-68.57501000
7.28088379,-76.91228000,-92.83438000,-72.38427000,-72.18035000
7.28149414,-77.46424000,-98.38232000,-73.11491000,-86.68906000
7.28210449,-80.32213000,-100.29700000,-71.59692000,-76.22472000
7.28271484,-78.91740000,-95.00672000,-69.95703000,-75.71842000
7.28332520,-82.53983000,-96.39769000,-68.14323000,-75.26421000
7.28393555,-89.86789000,-104.34370000,-68.18845000,-71.97324000
7.28454590,-75.44721000,-101.33350000,-76.35506000,-71.82961000
7.28515625,-75.64298000,-94.77276000,-81.12214000,-75.03081000
7.28576660,-97.65954000,-96.79385000,-71.96074000,-78.30152000
7.28637695,-78.92130000,-109.77310000,-68.49168000,-74.15794000
7.28698730,-80.27780000,-106.09340000,-68.55497000,-71.20348000
7.28759766,-77.64571000,-94.32336000,-72.40410000,-71.15466000
7.28820801,-75.24727000,-90.93234000,-75.23132000,-79.24643000
7.28881836,-87.01058000,-88.15097000,-67.86755000,-75.92374000
7.28942871,-75.23317000,-88.81554000,-71.81725000,-73.06620000
7.29003906,-74.28231000,-108.51920000,-89.96516000,-76.90067000
7.29064941,-80.72511000,-91.64631000,-73.67207000,-81.75206000
7.29125977,-85.68810000,-88.14622000,-71.32633000,-84.28174000
7.29187012,-79.58375000,-88.48449000,-69.17439000,-75.92009000
7.29248047,-77.19437000,-95.03007000,-69.91040000,-69.66277000
7.29309082,-81.70197000,-109.14120000,-69.15917000,-70.29524000
7.29370117,-93.16013000,-102.75520000,-69.84978000,-74.36964000
7.29431152,-86.58165000,-89.33928000,-81.64559000,-73.63269000
7.29492188,-82.91503000,-85.97159000,-76.14819000,-70.33852000
7.29553223,-87.36428000,-90.86158000,-74.28179000,-69.94695000
7.29614258,-78.90629000,-103.40300000,-75.20961000,-71.66207000
7.29675293,-74.16077000,-95.92560000,-66.27996000,-76.39052000
7.29736328,-78.48445000,-86.93141000,-65.44927000,-77.10020000
7.29797363,-77.92860000,-82.92106000,-71.62729000,-76.71072000
7.29858398,-85.16232000,-89.10686000,-70.06801000,-80.74918000
7.29919434,-79.31901000,-100.86280000,-65.96011000,-78.92978000
7.29980469,-74.63433000,-98.90874000,-66.17689000,-87.22709000
7.30041504,-75.44025000,-96.82195000,-66.64820000,-72.93861000
7.30102539,-80.28064000,-98.22158000,-67.81735000,-71.06026000
7.30163574,-78.58716000,-91.60281000,-70.64843000,-83.31239000
7.30224609,-75.28181000,-90.99767000,-75.92625000,-77.55151000
7.30285645,-78.21410000,-98.22581000,-71.88036000,-74.63433000
7.30346680,-79.87877000,-99.14290000,-65.12981000,-73.07082000
7.30407715,-79.40507000,-98.67299000,-66.20821000,-69.88239000
7.30468750,-81.83325000,-105.74350000,-69.40576000,-71.39329000
7.30529785,-89.54140000,-95.07759000,-68.81726000,-81.86627000
7.30590820,-82.32047000,-95.80952000,-74.07492000,-73.85815000
7.30651855,-80.57888000,-94.17285000,-77.22769000,-77.58244000
7.30712891,-90.25067000,-93.08713000,-74.39679000,-73.31692000
7.30773926,-78.96176000,-94.49031000,-72.04436000,-70.63681000
7.30834961,-77.07727000,-100.28930000,-76.72967000,-76.11990000
7.30895996,-77.39289000,-102.15800000,-71.46026000,-73.59121000
7.30957031,-77.02742000,-103.46030000,-70.23580000,-70.24765000
7.31018066,-89.04784000,-108.25420000,-70.06426000,-70.93069000
7.31079102,-79.46486000,-91.59465000,-71.31322000,-71.42284000
7.31140137,-81.64409000,-87.23212000,-72.77703000,-85.04172000
7.31201172,-80.24355000,-87.52190000,-75.38972000,-78.33301000
7.31262207,-82.31372000,-93.29260000,-78.52195000,-96.67904000
7.31323242,-89.78669000,-102.87510000,-78.60180000,-73.36947000
7.31384277,-75.90968000,-93.65378000,-77.53030000,-70.06362000
7.31445313,-74.29203000,-92.90446000,-76.28436000,-70.91943000
7.31506348,-78.84776000,-100.00590000,-74.92651000,-70.01853000
7.31567383,-85.33444000,-99.65347000,-73.81488000,-68.05171000
7.31628418,-78.06447000,-88.15430000,-69.75116000,-70.71597000
7.31689453,-75.87744000,-84.73524000,-68.74599000,-78.75083000
7.31750488,-78.55754000,-86.08186000,-79.80215000,-78.74152000
7.31811523,-83.03407000,-91.26667000,-69.64818000,-76.23209000
7.31872559,-78.96326000,-109.35670000,-68.34425000,-70.92186000
7.31933594,-79.09074000,-93.85838000,-73.72522000,-66.93768000
7.31994629,-81.51485000,-94.24696000,-77.72053000,-66.05749000
7.32055664,-77.21605000,-91.76524000,-77.08309000,-74.32146000
7.32116699,-86.83814000,-89.13212000,-84.44923000,-74.64372000
7.32177734,-77.54953000,-94.79481000,-83.67634000,-73.48357000
7.32238770,-77.90614000,-102.99270000,-89.11927000,-79.55380000
7.32299805,-79.98573000,-98.73864000,-72.65896000,-79.61909000
7.32360840,-76.72306000,-101.80280000,-72.84503000,-72.65135000
7.32421875,-75.41420000,-90.07918000,-76.59412000,-73.69225000
7.32482910,-76.44279000,-89.88499000,-82.20417000,-75.60834000
7.32543945,-77.84671000,-98.02589000,-69.81564000,-81.48083000
7.32604980,-83.23905000,-93.54763000,-66.87930000,-74.52811000
7.32666016,-86.95810000,-104.82400000,-71.67265000,-81.23946000
7.32727051,-81.94839000,-94.96837000,-77.06067000,-79.88627000
7.32788086,-76.40559000,-95.24934000,-69.45663000,-73.96397000
7.32849121,-76.23494000,-94.24365000,-69.47249000,-73.05081000
7.32910156,-82.62595000,-95.94510000,-67.80650000,-76.64603000
7.32971191,-85.47890000,-113.63240000,-68.79819000,-74.01427000
7.33032227,-92.13081000,-103.54450000,-72.41261000,-72.38925000
7.33093262,-86.73218000,-97.65728000,-68.42652000,-78.12456000
7.33154297,-80.34890000,-91.67081000,-65.51464000,-82.07867000
7.33215332,-78.59961000,-90.02857000,-65.99126000,-78.51122000
7.33276367,-79.96149000,-90.39742000,-69.52863000,-76.05026000
7.33337402,-80.55588000,-91.58942000,-75.04317000,-72.94337000
7.33398438,-84.97154000,-94.66801000,-73.99422000,-72.61615000
7.33459473,-87.29186000,-92.89783000,-72.93629000,-70.89753000
7.33520508,-76.34297000,-91.43056000,-71.35920000,-68.52458000
7.33581543,-74.26226000,-92.94765000,-74.07372000,-69.16414000
7.33642578,-77.32023000,-91.22466000,-71.58809000,-72.51687000
7.33703613,-84.18601000,-90.06419000,-88.36278000,-72.97971000
7.33764648,-85.87958000,-93.90424000,-73.20296000,-77.86189000
7.33825684,-79.88013000,-95.28579000,-73.07410000,-82.91406000
7.33886719,-79.02820000,-95.94545000,-80.59882000,-75.41170000
7.33947754,-81.26809000,-104.84790000,-72.94072000,-75.43675000
7.34008789,-76.61412000,-94.31281000,-74.97211000,-74.34760000
7.34069824,-78.29467000,-85.94636000,-73.29324000,-76.22799000
7.34130859,-83.88978000,-85.15337000,-72.26910000,-73.45774000
7.34191895,-80.66421000,-87.57977000,-83.20324000,-74.72066000
7.34252930,-83.03753000,-85.93147000,-69.28770000,-77.30782000
7.34313965,-77.82511000,-89.42986000,-66.79151000,-76.97406000
7.34375000,-79.71947000,-106.40420000,-76.33714000,-71.74430000
7.34436035,-83.31860000,-96.14964000,-81.42567000,-73.13925000
7.34497070,-76.11977000,-89.61006000,-85.34421000,-78.90286000
7.34558105,-79.51505000,-85.80837000,-75.97789000,-72.47886000
7.34619141,-82.86093000,-89.40209000,-71.38129000,-72.63750000
7.34680176,-79.37642000,-95.98154000,-69.88284000,-83.91590000
7.34741211,-82.32303000,-92.87887000,-66.99701000,-73.01007000
7.34802246,-87.44209000,-89.58909000,-66.85417000,-75.42899000
7.34863281,-79.61870000,-89.49487000,-67.08296000,-77.93708000
7.34924316,-77.12309000,-89.37114000,-69.22232000,-80.87226000
7.34985352,-78.23563000,-103.15630000,-82.31713000,-81.61769000
7.35046387,-81.19955000,-89.98201000,-71.98785000,-73.12245000
7.35107422,-86.10258000,-87.38541000,-72.31924000,-73.63829000
7.35168457,-79.79487000,-94.06134000,-69.15998000,-79.46159000
7.35229492,-76.18279000,-103.00040000,-68.65834000,-74.15012000
7.35290527,-79.36086000,-105.47820000,-68.71198000,-72.79646000
7.35351563,-85.92488000,-95.96581000,-72.10690000,-72.82243000
7.35412598,-79.83115000,-92.20036000,-82.17544000,-73.08351000
7.35473633,-85.70468000,-92.78433000,-72.12006000,-74.73066000
7.35534668,-81.18615000,-98.92747000,-71.81504000,-84.28119000
7.35595703,-75.45792000,-88.52177000,-65.81831000,-74.29705000
7.35656738,-74.06313000,-91.82568000,-63.89465000,-71.70921000
7.35717773,-75.51062000,-97.08189000,-66.46663000,-69.75864000
7.35778809,-76.73724000,-95.17386000,-69.00468000,-71.67860000
7.35839844,-77.54282000,-102.81620000,-70.84144000,-77.86553000
7.35900879,-81.58138000,-108.96020000,-69.58993000,-89.01598000
7.35961914,-78.35629000,-95.77500000,-99.35690000,-77.80301000
7.36022949,-75.51959000,-90.65110000,-68.11925000,-75.31638000
7.36083984,-78.84216000,-91.44382000,-69.25952000,-73.81084000
7.36145020,-85.83961000,-95.13419000,-73.27641000,-73.21017000
7.36206055,-75.91195000,-97.75398000,-69.77133000,-70.63755000
7.36267090,-77.40134000,-99.78145000,-68.15144000,-67.56071000
7.36328125,-81.61308000,-96.11798000,-68.02850000,-69.21185000
7.36389160,-78.58016000,-93.41811000,-70.61276000,-71.69316000
7.36450195,-75.58921000,-96.15958000,-64.71806000,-71.86551000
7.36511230,-80.86516000,-90.69618000,-61.89121000,-76.57822000
7.36572266,-83.41478000,-89.58442000,-63.23669000,-76.71333000
7.36633301,-91.42134000,-95.80463000,-66.71873000,-68.89443000
7.36694336,-84.51048000,-104.16880000,-70.35932000,-68.70844000
7.36755371,-81.78510000,-96.91181000,-93.04684000,-72.75579000
7.36816406,-84.77759000,-99.27805000,-74.29563000,-69.12308000
7.36877441,-79.98666000,-98.47416000,-80.60757000,-67.63747000
7.36938477,-80.65532000,-91.88384000,-71.58102000,-71.25500000
7.36999512,-76.40510000,-94.40003000,-71.17347000,-75.17590000
7.37060547,-72.89389000,-94.70517000,-74.64313000,-70.94324000
7.37121582,-78.69268000,-93.57265000,-75.71822000,-71.60896000
7.37182617,-77.81447000,-99.95569000,-72.23121000,-73.59573000
7.37243652,-77.74506000,-93.85941000,-70.16068000,-73.75578000
7.37304688,-78.90357000,-93.06879000,-71.47784000,-71.92471000
7.37365723,-81.66634000,-99.72226000,-71.69862000,-74.14163000
7.37426758,-84.07944000,-95.27947000,-73.29395000,-82.76986000
7.37487793,-80.78830000,-92.27545000,-87.54550000,-74.41264000
7.37548828,-93.21394000,-105.56300000,-83.68861000,-71.56269000
7.37609863,-88.53993000,-101.05030000,-68.37656000,-74.63158000
7.37670898,-85.58837000,-95.24284000,-64.96705000,-81.86814000
7.37731934,-77.73727000,-89.35645000,-74.32284000,-81.48286000
7.37792969,-77.65258000,-91.08166000,-71.94548000,-75.20659000
7.37854004,-78.98240000,-91.03904000,-76.80826000,-85.42260000
7.37915039,-80.81818000,-98.71713000,-74.78896000,-80.56506000
7.37976074,-87.42538000,-99.85139000,-74.49963000,-77.51881000
7.38037109,-90.15965000,-100.93570000,-71.22507000,-77.76725000
7.38098145,-76.09919000,-97.39644000,-69.93896000,-78.50092000
7.38159180,-71.86939000,-94.08405000,-73.38717000,-77.74944000
7.38220215,-72.60080000,-96.00792000,-65.76327000,-75.47871000
7.38281250,-75.38187000,-105.45040000,-66.10194000,-73.37630000
7.38342285,-82.68691000,-97.89774000,-73.04321000,-73.21845000
7.38403320,-77.54480000,-95.27841000,-84.90257000,-85.55024000
7.38464355,-73.63807000,-95.65541000,-72.92760000,-74.75148000
7.38525391,-76.84266000,-91.76440000,-69.80847000,-76.36974000
7.38586426,-72.37108000,-91.03584000,-71.52670000,-88.70712000
7.38647461,-71.82981000,-88.86265000,-69.12498000,-85.42540000
7.38708496,-80.72202000,-88.27400000,-69.04180000,-77.17081000
7.38769531,-80.00746000,-89.53999000,-75.03047000,-88.20861000
7.38830566,-80.56461000,-91.38953000,-73.60844000,-74.24715000
7.38891602,-89.69051000,-93.06612000,-67.86864000,-69.67481000
7.38952637,-79.96088000,-101.74500000,-74.66769000,-69.13268000
7.39013672,-78.14781000,-99.50903000,-85.89977000,-71.46561000
7.39074707,-83.99358000,-96.31158000,-83.98311000,-73.07481000
7.39135742,-86.50574000,-90.43086000,-75.44685000,-73.57115000
7.39196777,-78.20800000,-86.06021000,-73.20632000,-73.89259000
7.39257813,-76.62666000,-89.76694000,-82.12173000,-70.50220000
7.39318848,-78.34605000,-94.22253000,-77.44819000,-72.58028000
7.39379883,-85.08752000,-87.90361000,-71.55920000,-79.52924000
7.39440918,-89.61499000,-89.92551000,-77.66113000,-83.27631000
7.39501953,-80.73357000,-103.40520000,-78.38480000,-77.20891000
7.39562988,-87.07037000,-95.99629000,-84.15063000,-73.15585000
7.39624023,-71.29620000,-93.96095000,-71.25053000,-72.99155000
7.39685059,-66.76862000,-94.61496000,-71.81295000,-73.46002000
7.39746094,-70.20455000,-93.25633000,-78.80327000,-71.65523000
7.39807129,-78.25153000,-86.03309000,-78.94659000,-68.38431000
7.39868164,-87.81379000,-87.29208000,-75.11567000,-66.60229000
7.39929199,-87.51369000,-91.93880000,-70.39027000,-69.98248000
7.39990234,-79.48126000,-92.20273000,-68.08822000,-74.68092000
7.40051270,-83.98131000,-93.13203000,-67.94890000,-74.41367000
7.40112305,-79.59651000,-89.29053000,-70.57933000,-74.93677000
7.40173340,-73.93314000,-87.19234000,-82.72150000,-76.59637000
7.40234375,-75.46820000,-89.71729000,-86.08546000,-81.16862000
7.40295410,-80.61821000,-92.43832000,-73.25874000,-74.15282000
7.40356445,-81.43417000,-104.90580000,-71.75600000,-71.17706000
7.40417480,-84.24025000,-94.96899000,-71.45553000,-73.92272000
7.40478516,-81.42010000,-91.50156000,-68.28741000,-74.72144000
7.40539551,-77.77498000,-90.51421000,-68.73818000,-74.07701000
7.40600586,-80.98531000,-92.04678000,-71.53456000,-72.79527000
7.40661621,-82.50603000,-97.20333000,-73.77365000,-87.38794000
7.40722656,-81.85635000,-89.33730000,-70.00953000,-71.18327000
7.40783691,-81.51703000,-88.34805000,-67.00676000,-75.64648000
7.40844727,-82.66152000,-89.61048000,-71.01065000,-85.19077000
7.40905762,-79.48160000,-88.64178000,-78.25110000,-81.38266000
7.40966797,-77.09072000,-91.19879000,-67.43279000,-73.02721000
7.41027832,-74.48622000,-95.48760000,-62.56700000,-69.87733000
7.41088867,-75.45299000,-87.93179000,-63.60942000,-69.25048000
7.41149902,-76.38230000,-87.48781000,-73.31741000,-69.25215000
7.41210938,-74.97431000,-90.35305000,-79.30867000,-70.64854000
7.41271973,-75.18548000,-97.36230000,-73.06203000,-78.33292000
7.41333008,-79.62691000,-97.52884000,-71.68861000,-87.61969000
7.41394043,-91.15490000,-91.60107000,-68.07353000,-76.71925000
7.41455078,-79.36464000,-84.73763000,-74.24335000,-70.60205000
7.41516113,-82.52855000,-85.84106000,-84.19518000,-72.65341000
7.41577148,-87.80898000,-89.92863000,-83.55010000,-73.62785000
7.41638184,-77.21635000,-90.56466000,-82.17166000,-76.97241000
7.41699219,-75.20443000,-93.77316000,-80.49887000,-79.33957000
7.41760254,-78.46244000,-93.48949000,-81.11572000,-81.91971000
7.41821289,-83.65559000,-93.47405000,-70.74911000,-80.67356000
7.41882324,-74.88242000,-91.73977000,-68.91947000,-92.13167000
7.41943359,-77.41351000,-90.21943000,-78.52913000,-78.13731000
7.42004395,-85.02406000,-92.10028000,-74.24110000,-76.30392000
7.42065430,-89.13843000,-93.47157000,-70.58214000,-72.79937000
7.42126465,-81.57159000,-101.23760000,-68.44493000,-69.42335000
7.42187500,-89.29642000,-92.78056000,-71.05235000,-68.71802000
7.42248535,-83.22498000,-86.87385000,-73.33352000,-73.12751000
7.42309570,-85.59544000,-86.52563000,-74.75583000,-78.36635000
7.42370605,-88.81180000,-91.71020000,-80.41038000,-81.08230000
7.42431641,-76.96415000,-91.44373000,-79.78216000,-78.33370000
7.42492676,-68.14052000,-84.94376000,-81.53027000,-73.08859000
7.42553711,-69.63765000,-88.65268000,-74.17080000,-74.80396000
7.42614746,-76.35218000,-95.63308000,-110.50540000,-73.79727000
7.42675781,-75.70400000,-88.10313000,-81.60487000,-68.90777000
7.42736816,-73.58099000,-88.03753000,-72.78732000,-66.40298000
7.42797852,-76.25684000,-94.69677000,-68.97214000,-66.98997000
7.42858887,-79.58376000,-100.90400000,-69.50085000,-71.02170000
7.42919922,-75.69337000,-99.09984000,-74.44308000,-74.36752000
7.42980957,-74.96970000,-94.58840000,-68.85477000,-82.23894000
7.43041992,-78.16979000,-97.43428000,-69.03995000,-74.38434000
7.43103027,-77.64993000,-97.30095000,-73.68835000,-73.55809000
7.43164063,-75.88365000,-103.18910000,-71.65645000,-82.93335000
7.43225098,-75.29839000,-101.34960000,-68.20898000,-72.85995000
7.43286133,-76.15414000,-94.17197000,-70.30344000,-76.01189000
7.43347168,-78.98914000,-96.96606000,-78.82574000,-82.23004000
7.43408203,-77.73264000,-101.15870000,-74.00386000,-83.02087000
7.43469238,-76.14010000,-105.31970000,-73.32977000,-77.00797000
7.43530273,-77.82240000,-94.92863000,-76.42266000,-73.79918000
7.43591309,-78.82798000,-101.29590000,-69.36497000,-75.37408000
7.43652344,-77.73114000,-95.64240000,-68.24644000,-75.17831000
7.43713379,-77.91268000,-92.48486000,-75.69200000,-71.47645000
7.43774414,-84.23430000,-92.52560000,-71.34908000,-72.43424000
7.43835449,-92.26085000,-92.83669000,-72.27409000,-78.95873000
7.43896484,-85.71388000,-95.73305000,-81.35497000,-79.62938000
7.43957520,-81.91277000,-94.87306000,-77.49628000,-82.96253000
7.44018555,-84.48293000,-92.30444000,-69.00738000,-75.61514000
7.44079590,-82.61311000,-96.12122000,-70.24998000,-81.04834000
7.44140625,-86.68102000,-92.45431000,-74.06776000,-75.54581000
7.44201660,-90.02616000,-93.48965000,-72.60284000,-77.71346000
7.44262695,-88.83772000,-98.95464000,-66.77272000,-71.75578000
7.44323730,-95.45769000,-101.07780000,-65.65009000,-69.76324000
7.44384766,-75.55852000,-91.64085000,-68.69838000,-69.80441000
7.44445801,-72.30725000,-88.75478000,-74.27733000,-73.46942000
7.44506836,-75.95427000,-90.99526000,-69.73389000,-92.57664000
7.44567871,-85.88783000,-94.41949000,-68.74989000,-77.75278000
7.44628906,-94.17375000,-96.11501000,-79.43655000,-77.06763000
7.44689941,-80.20190000,-96.10359000,-75.16783000,-75.95189000
7.44750977,-75.18365000,-93.83735000,-70.57123000,-77.37347000
7.44812012,-71.17811000,-92.94791000,-70.33589000,-82.35668000
7.44873047,-71.65408000,-93.57588000,-67.43603000,-80.25876000
7.44934082,-75.62918000,-96.75124000,-68.15247000,-74.27297000
7.44995117,-83.82348000,-95.75233000,-81.88658000,-72.97723000
7.45056152,-84.61246000,-92.85663000,-75.10824000,-76.81664000
7.45117188,-81.27872000,-91.68317000,-75.62906000,-78.97195000
7.45178223,-84.09712000,-92.01859000,-72.63999000,-80.89153000
7.45239258,-93.89116000,-95.83973000,-67.78866000,-70.55260000
7.45300293,-88.55083000,-95.51632000,-71.35874000,-71.93076000
7.45361328,-81.15030000,-97.90447000,-76.41425000,-83.82480000
7.45422363,-84.37598000,-97.29629000,-76.24213000,-87.58864000
7.45483398,-96.93527000,-108.58870000,-73.48190000,-75.37415000
7.45544434,-82.98257000,-97.62051000,-73.37177000,-75.14302000
7.45605469,-79.81805000,-100.43970000,-77.10167000,-81.69365000
7.45666504,-77.33285000,-93.16827000,-80.50584000,-84.59836000
7.45727539,-76.05135000,-94.34732000,-71.98505000,-82.13535000
7.45788574,-74.48619000,-93.05428000,-68.11787000,-77.87093000
7.45849609,-75.62016000,-92.15724000,-67.29372000,-79.07892000
7.45910645,-77.49068000,-121.29300000,-65.97710000,-79.46886000
7.45971680,-78.02390000,-92.38098000,-66.96942000,-80.89105000
7.46032715,-82.55893000,-93.72615000,-72.36861000,-98.37746000
7.46093750,-83.30246000,-105.87670000,-78.52074000,-77.64696000
7.46154785,-75.31621000,-95.46332000,-71.70629000,-73.65607000
7.46215820,-74.55254000,-94.59884000,-70.16782000,-71.65562000
7.46276855,-75.43651000,-90.26955000,-76.04382000,-71.21107000
7.46337891,-72.77343000,-93.49773000,-73.99779000,-73.66171000
7.46398926,-74.77907000,-104.40120000,-71.01675000,-74.93615000
7.46459961,-84.45125000,-98.71673000,-70.14433000,-81.74729000
7.46520996,-80.48558000,-94.24765000,-71.56075000,-84.00535000
7.46582031,-79.64751000,-90.33228000,-73.97726000,-74.42215000
7.46643066,-97.64140000,-93.88544000,-71.53646000,-71.78909000
7.46704102,-80.31400000,-97.83656000,-71.06450000,-74.19712000
7.46765137,-77.65759000,-92.06870000,-67.32495000,-75.68739000
7.46826172,-78.39476000,-97.93866000,-65.97350000,-76.68201000
7.46887207,-80.24697000,-91.93596000,-69.81177000,-75.94658000
7.46948242,-86.23043000,-88.75993000,-72.09312000,-76.59901000
7.47009277,-84.99356000,-88.11282000,-74.16465000,-75.00337000
7.47070313,-81.01195000,-89.04708000,-72.67379000,-71.06454000
7.47131348,-79.80520000,-92.78466000,-71.89256000,-84.51143000
7.47192383,-86.61255000,-102.43640000,-75.08228000,-71.63411000
7.47253418,-83.22034000,-92.90373000,-75.26738000,-69.93882000
7.47314453,-80.72259000,-100.52820000,-75.57107000,-77.68077000
7.47375488,-91.55831000,-93.80400000,-72.31161000,-78.29032000
7.47436523,-81.74346000,-91.40894000,-66.54039000,-78.16728000
7.47497559,-76.14603000,-89.70412000,-69.04666000,-70.93091000
7.47558594,-74.09085000,-89.34348000,-74.39133000,-73.03029000
7.47619629,-76.98058000,-86.64568000,-78.74690000,-77.33768000
7.47680664,-82.28818000,-86.86459000,-98.48746000,-80.61407000
7.47741699,-85.01820000,-96.42401000,-71.68212000,-73.43839000
7.47802734,-102.56390000,-91.44943000,-68.06527000,-75.98306000
7.47863770,-81.73133000,-90.39960000,-67.56391000,-74.25694000
7.47924805,-81.46097000,-98.45876000,-69.57562000,-77.51885000
7.47985840,-81.56506000,-94.55185000,-72.61339000,-78.80603000
7.48046875,-78.71629000,-91.49104000,-69.44709000,-71.27348000
7.48107910,-75.45398000,-87.79003000,-65.35159000,-70.02656000
7.48168945,-72.97797000,-88.73506000,-64.64919000,-70.78440000
7.48229980,-76.34248000,-95.06584000,-68.78825000,-75.58631000
7.48291016,-85.98288000,-94.45506000,-73.70435000,-77.11053000
7.48352051,-88.71400000,-88.60893000,-74.26854000,-70.53092000
7.48413086,-80.53302000,-86.79203000,-93.90021000,-69.97392000
7.48474121,-81.91400000,-87.61201000,-67.86273000,-74.17644000
7.48535156,-91.05279000,-90.67344000,-65.86064000,-80.79047000
7.48596191,-82.77850000,-99.90262000,-65.63509000,-77.90585000
7.48657227,-90.49422000,-93.85879000,-65.01469000,-75.17196000
7.48718262,-87.52224000,-92.33180000,-63.57014000,-81.55453000
7.48779297,-87.07185000,-97.03201000,-63.83800000,-71.29719000
7.48840332,-88.64422000,-95.13025000,-68.38197000,-70.94345000
7.48901367,-86.85999000,-91.86119000,-69.58156000,-72.54021000
7.48962402,-78.54221000,-92.94060000,-68.46411000,-73.14045000
7.49023438,-80.16539000,-92.35867000,-72.27669000,-70.77354000
7.49084473,-91.92389000,-94.91656000,-85.41573000,-68.20586000
7.49145508,-77.83682000,-98.26115000,-74.07777000,-67.55700000
7.49206543,-76.06935000,-108.31070000,-69.55634000,-71.73654000
7.49267578,-83.07228000,-96.66352000,-67.09593000,-77.77380000
7.49328613,-79.21102000,-97.52124000,-65.82770000,-75.43403000
7.49389648,-75.79729000,-93.95877000,-71.66216000,-75.98424000
7.49450684,-79.89989000,-95.57974000,-82.29209000,-76.00566000
7.49511719,-83.15087000,-96.52264000,-83.49515000,-72.32123000
7.49572754,-81.96700000,-100.78740000,-71.79327000,-68.73183000
7.49633789,-75.72910000,-97.79395000,-72.86958000,-68.94850000
7.49694824,-64.98849000,-108.92110000,-72.89378000,-74.49894000
7.49755859,-65.74101000,-92.39143000,-72.50054000,-75.03701000
7.49816895,-70.64648000,-85.12646000,-79.82101000,-74.19110000
7.49877930,-69.28555000,-86.42302000,-71.04536000,-73.65363000
7.49938965,-72.61771000,-90.19604000,-67.46159000,-72.49015000
7.50000000,-87.19605000,-90.35091000,-68.42258000,-71.81485000
7.50061035,-73.55092000,-93.73938000,-66.86852000,-74.81671000
7.50122070,-73.46046000,-105.27790000,-68.60696000,-86.93940000
7.50183105,-77.31487000,-96.24725000,-70.17655000,-82.19925000
7.50244141,-75.89629000,-89.15692000,-68.21686000,-76.35242000
7.50305176,-77.56202000,-88.34258000,-69.19682000,-75.20028000
7.50366211,-100.62680000,-93.42171000,-71.03661000,-82.07040000
7.50427246,-80.03524000,-121.29510000,-76.46686000,-97.57262000
7.50488281,-82.21223000,-96.84886000,-75.20071000,-75.98685000
7.50549316,-85.78004000,-95.64477000,-68.66380000,-72.58140000
7.50610352,-80.93419000,-91.47220000,-66.95390000,-77.28279000
7.50671387,-83.84536000,-90.69469000,-67.50054000,-77.53143000
7.50732422,-78.69513000,-94.49995000,-68.27329000,-72.44527000
7.50793457,-75.89707000,-95.57845000,-69.27100000,-73.65159000
7.50854492,-80.97533000,-87.10567000,-70.88327000,-72.60753000
7.50915527,-81.24670000,-87.53628000,-67.90958000,-74.36424000
7.50976563,-79.16258000,-102.64510000,-67.59644000,-80.14721000
7.51037598,-80.89997000,-92.89288000,-74.77126000,-79.86910000
7.51098633,-75.58875000,-91.11798000,-67.34084000,-75.49562000
7.51159668,-74.09984000,-94.50807000,-67.41166000,-74.25238000
7.51220703,-73.48781000,-94.23122000,-83.75492000,-74.17740000
7.51281738,-78.58266000,-104.99430000,-69.45802000,-71.55602000
7.51342773,-77.91652000,-104.33690000,-67.83240000,-79.50603000
7.51403809,-73.45147000,-101.18530000,-72.04773000,-75.17543000
7.51464844,-77.40811000,-103.52090000,-70.88113000,-74.73155000
7.51525879,-83.48339000,-95.79563000,-73.15597000,-76.04639000
7.51586914,-75.23409000,-89.70511000,-77.74907000,-73.75159000
7.51647949,-81.01235000,-87.18338000,-71.79145000,-72.16678000
7.51708984,-99.48764000,-90.25909000,-69.49918000,-75.68926000
7.51770020,-94.38374000,-91.86409000,-66.07493000,-81.05762000
7.51831055,-94.61148000,-90.22612000,-65.78674000,-73.18182000
7.51892090,-94.78799000,-86.34594000,-68.56200000,-68.84137000
7.51953125,-82.21239000,-87.14982000,-72.73274000,-73.08154000
7.52014160,-74.57051000,-89.65440000,-77.00813000,-80.08563000
7.52075195,-79.37635000,-88.02265000,-76.54836000,-76.24866000
7.52136230,-82.20522000,-86.20342000,-71.98472000,-81.53247000
7.52197266,-79.55351000,-88.96170000,-67.39392000,-81.17503000
7.52258301,-79.75664000,-94.24484000,-64.73319000,-75.61862000
7.52319336,-80.83980000,-96.08908000,-66.62551000,-70.98266000
7.52380371,-78.96480000,-95.78407000,-75.74229000,-77.36588000
7.52441406,-75.22166000,-92.77879000,-77.77811000,-70.88386000
7.52502441,-75.56169000,-90.75508000,-71.00874000,-73.92426000
7.52563477,-76.27699000,-94.05750000,-69.48083000,-77.74937000
7.52624512,-74.13739000,-103.07010000,-78.04450000,-72.27535000
7.52685547,-73.63918000,-97.47894000,-74.44605000,-83.13531000
7.52746582,-79.66412000,-93.54143000,-70.20364000,-76.87092000
7.52807617,-77.54082000,-100.03150000,-69.04830000,-76.56944000
7.52868652,-74.37109000,-104.36570000,-67.66896000,-84.66290000
7.52929688,-75.10574000,-93.18984000,-68.80653000,-71.28050000
7.52990723,-78.15878000,-89.97133000,-70.20854000,-68.49942000
7.53051758,-81.53553000,-89.91219000,-69.87071000,-73.98646000
7.53112793,-85.74467000,-92.08566000,-73.06037000,-79.11729000
7.53173828,-86.52214000,-95.73958000,-76.64912000,-70.21823000
7.53234863,-81.33437000,-102.86480000,-69.04131000,-69.23158000
7.53295898,-74.15617000,-102.96060000,-64.47132000,-73.05222000
7.53356934,-77.60098000,-112.06910000,-65.55825000,-77.51363000
7.53417969,-82.23763000,-96.81567000,-69.12537000,-79.87954000
7.53479004,-82.28520000,-90.54305000,-73.68101000,-83.94860000
7.53540039,-86.75317000,-90.12762000,-77.11064000,-82.12990000
7.53601074,-77.77074000,-90.91773000,-79.95615000,-80.81700000
7.53662109,-80.17354000,-87.08263000,-73.29243000,-83.24483000
7.53723145,-76.93385000,-84.91147000,-71.51620000,-98.68327000
7.53784180,-74.83344000,-88.82396000,-73.42758000,-86.86794000
7.53845215,-79.68610000,-94.14650000,-71.76002000,-77.10932000
7.53906250,-82.69017000,-107.47460000,-72.37355000,-73.89346000
7.53967285,-88.03864000,-107.05340000,-70.65726000,-71.55347000
7.54028320,-80.52105000,-104.69840000,-71.36756000,-74.79558000
7.54089355,-77.54848000,-94.44756000,-71.83430000,-80.95444000
7.54150391,-78.25462000,-96.61262000,-72.10190000,-79.77086000
7.54211426,-86.23445000,-95.54723000,-73.51948000,-81.97457000
7.54272461,-78.38803000,-88.93535000,-70.41875000,-83.95119000
7.54333496,-74.07430000,-90.41447000,-68.20029000,-73.85683000
7.54394531,-74.87776000,-94.87609000,-66.70483000,-73.95724000
7.54455566,-82.26337000,-88.74039000,-67.97298000,-72.64728000
7.54516602,-82.65944000,-88.73003000,-70.33482000,-67.69370000
7.54577637,-88.23610000,-92.86252000,-68.13752000,-73.74159000
7.54638672,-85.17885000,-107.98570000,-70.62626000,-78.62949000
7.54699707,-96.86650000,-114.65840000,-76.06368000,-77.09888000
7.54760742,-96.01833000,-106.92110000,-71.31452000,-75.93408000
7.54821777,-84.22920000,-91.10583000,-67.92522000,-76.06033000
7.54882813,-78.23148000,-90.74736000,-73.80283000,-95.06820000
7.54943848,-76.81924000,-104.78920000,-77.85413000,-75.82954000
7.55004883,-83.10760000,-95.05833000,-74.68272000,-73.99350000
7.55065918,-78.84516000,-98.72173000,-72.78052000,-78.96809000
7.55126953,-71.54613000,-94.80260000,-70.23451000,-80.97791000
7.55187988,-71.64754000,-101.10830000,-71.42114000,-74.88325000
7.55249023,-82.71407000,-94.89516000,-77.49361000,-67.89971000
7.55310059,-80.80868000,-95.33578000,-73.11350000,-66.73807000
7.55371094,-82.64141000,-95.54979000,-70.71185000,-70.46824000
7.55432129,-88.56183000,-89.90039000,-73.73521000,-79.49661000
7.55493164,-84.08855000,-87.74310000,-76.13746000,-79.57547000
7.55554199,-88.14704000,-92.34589000,-76.61520000,-80.84927000
7.55615234,-78.19431000,-108.17400000,-73.37039000,-76.27953000
7.55676270,-74.69901000,-98.74607000,-68.89438000,-76.30579000
7.55737305,-76.23521000,-90.23500000,-67.40379000,-75.00625000
7.55798340,-79.27800000,-87.65862000,-67.57284000,-78.72272000
7.55859375,-75.68333000,-91.24751000,-68.87406000,-80.27670000
7.55920410,-75.87250000,-97.84088000,-71.07663000,-77.48501000
7.55981445,-76.62611000,-101.91540000,-77.34696000,-80.28045000
7.56042480,-83.93452000,-92.83337000,-83.27277000,-79.36621000
7.56103516,-76.66282000,-93.29133000,-81.02177000,-82.13228000
7.56164551,-73.96243000,-101.17960000,-83.01452000,-94.87944000
7.56225586,-74.26675000,-90.61307000,-72.79900000,-78.62547000
7.56286621,-80.28238000,-91.47164000,-66.67397000,-77.26884000
7.56347656,-88.67393000,-95.75936000,-68.67899000,-82.09891000
7.56408691,-82.21355000,-95.31071000,-67.42638000,-76.34834000
7.56469727,-79.07464000,-92.93111000,-81.42967000,-75.12695000
7.56530762,-77.37359000,-91.62054000,-71.19061000,-74.17310000
7.56591797,-82.94186000,-92.12983000,-72.75618000,-74.09660000
7.56652832,-92.86765000,-91.10925000,-71.63957000,-76.03537000
7.56713867,-83.63428000,-89.50120000,-69.66340000,-70.04762000
7.56774902,-80.07298000,-89.06738000,-70.98605000,-75.83385000
7.56835938,-78.27950000,-92.08503000,-65.69374000,-78.14660000
7.56896973,-81.55534000,-108.11140000,-63.49014000,-76.61301000
7.56958008,-91.55867000,-101.88250000,-67.43661000,-78.97749000
7.57019043,-107.64390000,-116.99220000,-83.46614000,-77.59711000
7.57080078,-94.50493000,-97.58788000,-72.94608000,-73.12046000
7.57141113,-89.67742000,-91.34293000,-65.40809000,-72.43369000
7.57202148,-79.46089000,-94.27415000,-64.15603000,-78.02926000
7.57263184,-75.05273000,-100.49720000,-66.67586000,-72.81988000
7.57324219,-76.91924000,-92.92278000,-68.71561000,-72.86108000
7.57385254,-91.00175000,-92.19653000,-73.98186000,-85.16382000
7.57446289,-77.84921000,-99.49256000,-75.81919000,-71.93524000
7.57507324,-76.72433000,-101.38350000,-84.27888000,-68.64938000
7.57568359,-85.43335000,-102.94490000,-73.95097000,-76.05817000
7.57629395,-76.38755000,-96.89933000,-74.10928000,-76.47253000
7.57690430,-72.11257000,-92.21951000,-82.01964000,-75.25719000
7.57751465,-73.29302000,-96.12428000,-80.05658000,-69.72096000
7.57812500,-75.22905000,-100.40460000,-75.47704000,-68.80752000
7.57873535,-75.11938000,-98.94104000,-79.62888000,-75.20272000
7.57934570,-85.59846000,-101.80320000,-81.91613000,-90.74120000
7.57995605,-79.57567000,-93.19713000,-81.40724000,-87.51351000
7.58056641,-76.27377000,-88.78340000,-75.79771000,-82.22528000
7.58117676,-73.73479000,-87.07835000,-68.96349000,-77.31400000
7.58178711,-73.60632000,-94.19463000,-71.20570000,-75.33391000
7.58239746,-81.54057000,-96.23846000,-75.91160000,-79.85005000
7.58300781,-97.68250000,-94.23091000,-74.08473000,-73.72550000
7.58361816,-78.48867000,-103.55170000,-74.84415000,-74.58910000
7.58422852,-76.41608000,-100.85830000,-73.40259000,-85.95023000
7.58483887,-78.14988000,-98.26613000,-71.89067000,-82.71362000
7.58544922,-77.14183000,-95.12356000,-69.98393000,-73.91344000
7.58605957,-74.30155000,-94.46309000,-69.12003000,-76.26421000
7.58666992,-76.81754000,-94.23462000,-78.83168000,-75.78041000
7.58728027,-80.23325000,-91.32964000,-67.19981000,-76.24393000
7.58789063,-79.12784000,-91.22668000,-70.98576000,-76.82761000
7.58850098,-84.04446000,-101.29840000,-76.15797000,-81.62930000
7.58911133,-77.59969000,-95.98584000,-77.16592000,-80.20554000
7.58972168,-80.60855000,-99.48445000,-85.58059000,-87.93916000
7.59033203,-78.04969000,-111.76230000,-81.49300000,-88.13097000
7.59094238,-77.67367000,-100.79720000,-80.79169000,-80.59190000
7.59155273,-79.02917000,-97.43661000,-73.97487000,-78.45023000
7.59216309,-79.19993000,-94.90401000,-74.06111000,-77.61823000
7.59277344,-80.35526000,-95.18842000,-69.40812000,-76.52562000
7.59338379,-74.36432000,-98.38799000,-65.53475000,-73.51661000
7.59399414,-71.48331000,-91.07571000,-66.15710000,-78.03622000
7.59460449,-73.71947000,-85.70824000,-75.31282000,-83.05301000
7.59521484,-96.42398000,-86.71950000,-73.70393000,-79.39372000
7.59582520,-75.89548000,-89.88815000,-68.91659000,-80.43412000
7.59643555,-78.85049000,-90.69610000,-69.40204000,-69.74902000
7.59704590,-81.50124000,-96.74113000,-72.88652000,-70.59805000
7.59765625,-75.28915000,-87.85216000,-76.42171000,-82.11059000
7.59826660,-74.34148000,-81.89774000,-75.11534000,-70.18015000
7.59887695,-75.44582000,-88.01568000,-77.65102000,-73.77061000
7.59948730,-76.33607000,-98.96840000,-91.43521000,-81.30446000
7.60009766,-82.34254000,-93.19519000,-79.88374000,-72.48315000
7.60070801,-77.53965000,-88.38199000,-83.23676000,-68.88898000
7.60131836,-78.76079000,-91.02998000,-79.13440000,-67.82635000
7.60192871,-78.37480000,-97.89830000,-88.71806000,-69.89356000
7.60253906,-74.11300000,-91.02586000,-77.95953000,-72.57930000
7.60314941,-73.77240000,-93.80393000,-81.27440000,-72.64005000
7.60375977,-77.34064000,-100.51560000,-74.89719000,-72.89753000
7.60437012,-79.22104000,-91.68062000,-71.79500000,-72.91080000
7.60498047,-78.33526000,-92.99648000,-76.32811000,-71.40082000
7.60559082,-78.29345000,-99.52691000,-70.80805000,-72.41146000
7.60620117,-89.43840000,-96.49284000,-64.71176000,-79.58109000
7.60681152,-75.08159000,-93.00765000,-63.77791000,-82.22675000
7.60742188,-75.38902000,-89.87182000,-66.03896000,-96.86987000
7.60803223,-85.27982000,-92.01596000,-73.88659000,-89.51298000
7.60864258,-85.47661000,-108.92850000,-72.92418000,-74.18269000
7.60925293,-77.98479000,-94.23131000,-77.64214000,-70.09345000
7.60986328,-72.18498000,-89.85206000,-82.06874000,-70.83897000
7.61047363,-72.90297000,-89.63837000,-74.56956000,-73.48838000
7.61108398,-76.68956000,-92.06295000,-74.81461000,-77.32404000
7.61169434,-76.25369000,-93.93456000,-74.92324000,-88.78813000
7.61230469,-86.43970000,-92.81785000,-75.15399000,-79.17260000
7.61291504,-75.53314000,-93.80901000,-71.94656000,-77.91891000
7.61352539,-72.52573000,-100.42510000,-68.19077000,-76.05764000
7.61413574,-76.70621000,-97.45689000,-67.41559000,-72.29152000
7.61474609,-80.41100000,-93.73671000,-72.27647000,-71.45293000
7.61535645,-74.45607000,-88.93811000,-75.74784000,-88.72380000
7.61596680,-80.09627000,-88.87829000,-71.41984000,-71.95031000
7.61657715,-84.64473000,-106.84010000,-68.04301000,-70.11568000
7.61718750,-78.28080000,-89.49199000,-64.73969000,-72.18964000
7.61779785,-79.33364000,-87.55119000,-68.80497000,-83.02562000
7.61840820,-72.84599000,-88.94578000,-84.99251000,-74.87702000
7.61901855,-70.66079000,-94.91737000,-83.85751000,-72.09293000
7.61962891,-74.34686000,-95.89791000,-74.95245000,-79.10725000
7.62023926,-77.65306000,-93.17435000,-69.20442000,-74.14029000
7.62084961,-78.76656000,-98.48812000,-66.58601000,-72.47122000
7.62145996,-80.12689000,-103.12990000,-70.55589000,-82.63268000
7.62207031,-92.26894000,-97.55530000,-85.11680000,-74.07807000
7.62268066,-88.97505000,-99.18468000,-78.77518000,-72.97970000
7.62329102,-82.74127000,-98.22540000,-73.86958000,-70.27212000
7.62390137,-82.61628000,-94.60027000,-71.30902000,-69.87069000
7.62451172,-86.53473000,-90.56444000,-84.90186000,-71.86782000
7.62512207,-76.00105000,-92.58698000,-72.66313000,-76.92905000
7.62573242,-76.07793000,-91.84171000,-74.62286000,-87.92454000
7.62634277,-85.12856000,-89.52969000,-69.08860000,-79.29609000
7.62695313,-77.11716000,-92.82625000,-65.69037000,-82.72212000
7.62756348,-71.64616000,-98.50910000,-69.10579000,-79.01037000
7.62817383,-73.83688000,-92.41016000,-71.26427000,-75.82063000
7.62878418,-77.10024000,-108.04940000,-72.31248000,-74.87437000
7.62939453,-80.22156000,-98.77181000,-78.95476000,-74.39618000
7.63000488,-84.42481000,-97.15069000,-76.43967000,-74.93301000
7.63061523,-91.01300000,-91.37363000,-74.73443000,-75.18394000
7.63122559,-78.05980000,-89.00170000,-77.64764000,-74.24841000
7.63183594,-73.18575000,-90.68372000,-78.58430000,-74.11841000
7.63244629,-75.17556000,-92.72731000,-72.06316000,-74.81873000
7.63305664,-91.84859000,-98.92354000,-73.46562000,-86.20881000
7.63366699,-81.07227000,-97.69032000,-78.15079000,-81.13029000
7.63427734,-80.00057000,-95.25659000,-70.29465000,-78.81151000
7.63488770,-83.20747000,-99.64575000,-75.07116000,-72.31577000
7.63549805,-95.49605000,-92.49564000,-73.26154000,-71.89972000
7.63610840,-85.53765000,-93.03926000,-70.38331000,-81.35791000
7.63671875,-91.32446000,-97.85706000,-82.89089000,-81.64352000
7.63732910,-92.29736000,-97.47958000,-70.98843000,-82.19148000
7.63793945,-89.39198000,-108.85200000,-68.97814000,-77.45421000
7.63854980,-77.51987000,-98.01514000,-71.27176000,-82.02013000
7.63916016,-75.53004000,-95.68089000,-69.40450000,-77.51881000
7.63977051,-86.89996000,-102.79830000,-70.12175000,-80.76430000
7.64038086,-71.95871000,-108.59040000,-67.02506000,-99.26233000
7.64099121,-71.77250000,-93.27357000,-65.91129000,-81.41697000
7.64160156,-73.12276000,-87.40527000,-68.73963000,-76.44293000
7.64221191,-74.75974000,-87.15387000,-72.11265000,-70.90345000
7.64282227,-78.88512000,-87.39189000,-77.76271000,-67.57205000
7.64343262,-79.06203000,-88.21893000,-79.16043000,-71.86459000
7.64404297,-78.93051000,-88.70605000,-72.39687000,-77.75648000
7.64465332,-80.03201000,-87.73223000,-69.20904000,-71.18713000
7.64526367,-85.06093000,-87.98412000,-68.21349000,-67.69633000
7.64587402,-86.40662000,-88.76344000,-67.59847000,-71.84709000
7.64648438,-91.17482000,-91.87977000,-71.42693000,-86.55569000
7.64709473,-78.60201000,-101.61270000,-70.64368000,-80.59644000
7.64770508,-75.48357000,-94.03335000,-73.02213000,-78.14841000
7.64831543,-76.90206000,-101.35210000,-75.90567000,-77.43681000
7.64892578,-75.93593000,-97.24075000,-73.56779000,-82.18135000
7.64953613,-74.13194000,-93.97090000,-81.29692000,-83.08719000
7.65014648,-73.42300000,-94.29773000,-76.64140000,-80.80677000
7.65075684,-75.88780000,-87.02750000,-71.96572000,-88.48889000
7.65136719,-81.87854000,-89.16411000,-68.25662000,-79.98814000
7.65197754,-78.94670000,-93.44151000,-67.31281000,-73.72416000
7.65258789,-81.03847000,-91.88610000,-70.50838000,-72.27883000
7.65319824,-82.83432000,-94.94068000,-73.36028000,-75.97970000
7.65380859,-83.04963000,-100.12330000,-70.47234000,-84.05254000
7.65441895,-81.73844000,-93.68353000,-76.54502000,-87.27683000
7.65502930,-75.13898000,-87.24089000,-68.08524000,-76.66579000
7.65563965,-76.18896000,-90.46785000,-66.27969000,-73.39757000
7.65625000,-82.87881000,-92.22751000,-68.33970000,-75.56883000
7.65686035,-85.99983000,-94.41069000,-72.25768000,-75.76461000
7.65747070,-81.50362000,-96.46689000,-78.81038000,-70.26814000
7.65808105,-77.54149000,-85.42595000,-78.18424000,-71.69665000
7.65869141,-81.74018000,-89.20226000,-69.92028000,-78.95806000
7.65930176,-82.01423000,-99.05519000,-65.81435000,-85.48703000
7.65991211,-79.88445000,-94.79362000,-66.46567000,-76.37180000
7.66052246,-85.36950000,-93.11983000,-69.10590000,-71.29208000
7.66113281,-84.65981000,-96.23900000,-71.86399000,-73.39887000
7.66174316,-86.44844000,-101.10540000,-66.81575000,-81.06880000
7.66235352,-85.83913000,-111.63510000,-66.62325000,-82.96298000
7.66296387,-80.38635000,-102.07900000,-75.50440000,-76.04648000
7.66357422,-87.06012000,-116.89550000,-71.60027000,-73.03294000
7.66418457,-84.01683000,-94.39663000,-67.73118000,-72.68357000
7.66479492,-82.13505000,-92.54704000,-70.48249000,-75.44120000
7.66540527,-81.77161000,-91.93673000,-69.49811000,-69.99678000
7.66601563,-78.11259000,-109.45540000,-69.01453000,-71.79501000
7.66662598,-77.74082000,-91.45837000,-73.07131000,-80.57418000
7.66723633,-78.67515000,-95.24635000,-85.74378000,-86.76886000
7.66784668,-82.18802000,-100.99250000,-73.64800000,-76.29838000
7.66845703,-81.68656000,-97.58202000,-70.43089000,-69.11000000
7.66906738,-78.81703000,-88.67773000,-71.83079000,-69.31915000
7.66967773,-83.05844000,-88.34050000,-77.56990000,-80.79155000
7.67028809,-89.21927000,-90.45116000,-80.99781000,-70.59968000
7.67089844,-95.34882000,-96.86207000,-75.73213000,-66.91705000
7.67150879,-80.37391000,-93.42625000,-72.73927000,-66.63869000
7.67211914,-74.77847000,-109.07700000,-80.06805000,-68.28340000
7.67272949,-73.05418000,-93.52822000,-70.78365000,-77.51174000
7.67333984,-76.67049000,-91.24932000,-68.71312000,-79.43701000
7.67395020,-81.91562000,-95.94555000,-67.32657000,-76.38390000
7.67456055,-79.60269000,-94.44402000,-67.44299000,-72.08754000
7.67517090,-77.30157000,-94.52033000,-71.79533000,-72.38336000
7.67578125,-75.14474000,-111.26300000,-68.28654000,-80.90714000
7.67639160,-81.68800000,-103.74640000,-66.60490000,-74.75124000
7.67700195,-79.67200000,-100.75050000,-67.41005000,-72.05302000
7.67761230,-74.52562000,-95.85556000,-66.69532000,-70.14831000
7.67822266,-76.93314000,-97.27597000,-67.30260000,-71.21997000
7.67883301,-86.55697000,-105.70850000,-67.97622000,-72.39329000
7.67944336,-86.00394000,-97.26467000,-67.67302000,-71.16611000
7.68005371,-81.36300000,-94.49372000,-70.44632000,-71.88670000
7.68066406,-79.87376000,-94.49368000,-85.35615000,-71.80468000
7.68127441,-71.28796000,-96.23966000,-80.30836000,-76.09600000
7.68188477,-72.25822000,-98.27976000,-77.34884000,-80.56153000
7.68249512,-80.97856000,-92.71745000,-74.94830000,-84.14623000
7.68310547,-86.03587000,-96.95818000,-76.25462000,-79.55995000
7.68371582,-82.37155000,-91.98276000,-73.61594000,-78.26682000
7.68432617,-86.27457000,-95.06431000,-76.19047000,-74.35246000
7.68493652,-77.72922000,-97.72808000,-83.10181000,-71.46850000
7.68554688,-73.64216000,-90.78060000,-81.86269000,-76.69922000
7.68615723,-72.73120000,-92.52682000,-73.90668000,-87.14641000
7.68676758,-72.53091000,-91.25367000,-70.54765000,-77.22762000
7.68737793,-72.86827000,-91.10551000,-73.57909000,-72.32605000
7.68798828,-74.64098000,-96.92992000,-75.96120000,-72.55103000
7.68859863,-75.32538000,-97.26282000,-67.77312000,-79.85046000
7.68920898,-76.04921000,-90.23296000,-72.08958000,-77.40588000
7.68981934,-80.52763000,-88.20084000,-71.56186000,-71.49575000
7.69042969,-82.77550000,-88.09492000,-66.16925000,-71.74595000
7.69104004,-79.35646000,-91.91931000,-68.28660000,-71.80190000
7.69165039,-79.51686000,-92.76779000,-69.35161000,-72.88350000
7.69226074,-79.00685000,-88.43906000,-69.84909000,-79.48434000
7.69287109,-75.28522000,-93.92918000,-80.17445000,-82.13287000
7.69348145,-76.52975000,-98.96912000,-74.66937000,-76.79698000
7.69409180,-77.37656000,-94.74510000,-72.51108000,-73.03209000
7.69470215,-74.78681000,-91.44414000,-73.58594000,-72.70377000
7.69531250,-78.22663000,-90.93853000,-70.00719000,-75.90850000
7.69592285,-85.67115000,-91.84429000,-70.24397000,-75.74393000
7.69653320,-77.29974000,-98.60152000,-72.86424000,-77.86762000
7.69714355,-73.87176000,-107.12650000,-78.77636000,-77.01586000
7.69775391,-73.60044000,-101.11750000,-75.39076000,-77.11083000
7.69836426,-76.07619000,-98.13865000,-74.28849000,-69.65464000
7.69897461,-75.82656000,-97.33905000,-72.12867000,-70.95731000
7.69958496,-73.05294000,-94.07307000,-68.15044000,-70.30657000
7.70019531,-74.66033000,-92.07584000,-71.72137000,-69.36348000
7.70080566,-78.06330000,-90.52413000,-81.39139000,-70.18977000
7.70141602,-82.64480000,-89.22061000,-84.42491000,-76.11254000
7.70202637,-82.72118000,-89.11899000,-75.11589000,-71.89992000
7.70263672,-82.66731000,-94.17807000,-68.99433000,-68.45812000
7.70324707,-91.20433000,-97.08411000,-70.35263000,-72.54996000
7.70385742,-81.32099000,-92.02880000,-74.57024000,-82.73181000
7.70446777,-74.62905000,-93.20359000,-72.98315000,-82.65855000
7.70507813,-75.08063000,-94.40598000,-76.81065000,-78.96574000
7.70568848,-79.54612000,-95.61638000,-82.23607000,-76.22155000
7.70629883,-88.63498000,-116.40390000,-72.07883000,-103.05170000
7.70690918,-85.15816000,-96.73262000,-72.04720000,-76.63502000
7.70751953,-82.59451000,-92.35680000,-75.04271000,-74.44302000
7.70812988,-88.48022000,-90.87070000,-72.53514000,-73.42561000
7.70874023,-87.82136000,-95.56281000,-93.86829000,-71.44585000
7.70935059,-88.96991000,-96.77522000,-69.94263000,-74.50253000
7.70996094,-80.74083000,-93.28017000,-66.87987000,-78.31239000
7.71057129,-73.83807000,-95.70018000,-68.65265000,-95.08888000
7.71118164,-75.19207000,-95.55946000,-70.45348000,-75.42023000
7.71179199,-90.74532000,-94.94846000,-68.77637000,-73.35082000
7.71240234,-83.16758000,-91.32710000,-75.78769000,-73.63985000
7.71301270,-86.12621000,-88.64630000,-69.63349000,-76.29140000
7.71362305,-76.43611000,-87.49352000,-65.91572000,-92.72627000
7.71423340,-79.72493000,-84.42465000,-72.12785000,-84.68071000
7.71484375,-79.68524000,-82.53423000,-79.94865000,-72.98395000
7.71545410,-74.14140000,-88.01166000,-70.68925000,-73.48123000
7.71606445,-75.62158000,-98.07278000,-66.35392000,-71.73544000
7.71667480,-84.99030000,-95.03323000,-68.40662000,-70.81199000
7.71728516,-81.11167000,-90.90079000,-69.72899000,-76.50626000
7.71789551,-76.71118000,-97.32747000,-66.40097000,-77.53789000
7.71850586,-86.51338000,-91.09058000,-67.36620000,-68.75662000
7.71911621,-81.17911000,-87.41685000,-73.54916000,-67.59017000
7.71972656,-82.77375000,-91.43118000,-81.83883000,-71.01112000
7.72033691,-82.69637000,-105.84550000,-95.76790000,-72.82361000
7.72094727,-86.13280000,-93.23287000,-72.80354000,-72.65505000
7.72155762,-84.54381000,-93.93141000,-67.94567000,-73.44896000
7.72216797,-91.81258000,-102.66190000,-65.27972000,-72.10138000
7.72277832,-80.71164000,-91.47920000,-64.86215000,-71.34841000
7.72338867,-89.42204000,-89.92516000,-66.83329000,-73.87579000
7.72399902,-76.74902000,-93.50581000,-68.05648000,-74.15833000
7.72460938,-65.27287000,-84.43326000,-66.45333000,-77.57983000
7.72521973,-62.48342000,-80.03816000,-66.10552000,-81.88310000
7.72583008,-68.28786000,-82.55325000,-71.22259000,-83.30949000
7.72644043,-83.15982000,-90.34229000,-76.50695000,-79.41245000
7.72705078,-78.82293000,-95.81206000,-80.38184000,-74.73305000
7.72766113,-95.31305000,-97.04456000,-73.36084000,-79.45197000
7.72827148,-74.74374000,-108.08960000,-73.63322000,-79.13801000
7.72888184,-74.33249000,-105.30180000,-78.37798000,-72.99904000
7.72949219,-80.51950000,-97.01024000,-82.21818000,-74.21514000
7.73010254,-83.61052000,-97.78261000,-78.49030000,-78.24283000
7.73071289,-86.96097000,-103.07890000,-74.11231000,-76.02218000
7.73132324,-80.44849000,-94.18587000,-70.05983000,-75.42519000
7.73193359,-76.87479000,-90.89042000,-69.44739000,-77.90154000
7.73254395,-75.67725000,-91.62802000,-72.31049000,-77.39771000
7.73315430,-76.52455000,-98.74361000,-76.42976000,-74.87659000
7.73376465,-87.31582000,-99.17653000,-74.21432000,-73.76574000
7.73437500,-77.64706000,-105.23090000,-72.23470000,-75.30378000
7.73498535,-77.32260000,-95.35577000,-73.95536000,-78.19185000
7.73559570,-77.93871000,-112.94940000,-76.98760000,-72.05305000
7.73620605,-91.30604000,-94.28238000,-76.78470000,-70.82590000
7.73681641,-80.44778000,-92.05272000,-72.89935000,-76.25739000
7.73742676,-73.39204000,-99.76500000,-71.40054000,-78.67316000
7.73803711,-72.23450000,-107.62620000,-74.75932000,-81.14495000
7.73864746,-75.60151000,-103.88730000,-70.98581000,-80.89360000
7.73925781,-72.12121000,-94.60006000,-67.42972000,-82.90967000
7.73986816,-66.01698000,-90.74612000,-65.47824000,-75.35933000
7.74047852,-65.74921000,-91.00279000,-67.64060000,-75.80408000
7.74108887,-70.01765000,-95.77325000,-75.12556000,-76.44975000
7.74169922,-63.37337000,-96.17558000,-82.31299000,-70.82290000
7.74230957,-61.88232000,-100.81510000,-78.03395000,-69.60629000
7.74291992,-69.48552000,-91.80016000,-80.94963000,-73.40539000
7.74353027,-69.35320000,-87.51412000,-77.29592000,-72.53903000
7.74414063,-70.44597000,-86.87176000,-79.48101000,-70.24331000
7.74475098,-68.21744000,-90.81467000,-69.50728000,-71.91649000
7.74536133,-64.90330000,-92.33020000,-69.87528000,-72.63964000
7.74597168,-68.59799000,-101.37770000,-76.37022000,-72.43352000
7.74658203,-70.45860000,-96.53136000,-71.39130000,-77.42020000
7.74719238,-71.56474000,-91.86954000,-92.21970000,-74.76078000
7.74780273,-88.98460000,-86.41455000,-77.71597000,-74.02151000
7.74841309,-74.28844000,-88.76396000,-78.73512000,-81.06308000
7.74902344,-71.10589000,-96.50314000,-72.89138000,-79.75394000
7.74963379,-71.19140000,-104.07560000,-73.12307000,-75.69473000
7.75024414,-77.88354000,-94.81956000,-71.65465000,-73.41109000
7.75085449,-80.60456000,-95.07885000,-69.88146000,-77.51919000
7.75146484,-74.09996000,-101.61120000,-68.35049000,-82.44102000
7.75207520,-74.51651000,-97.40604000,-68.30865000,-79.98442000
7.75268555,-78.00623000,-101.97300000,-73.35118000,-79.32471000
7.75329590,-83.97228000,-99.49443000,-68.87940000,-78.53847000
7.75390625,-85.09766000,-101.65640000,-70.77380000,-83.48785000
7.75451660,-86.33456000,-92.30191000,-68.30527000,-74.83695000
7.75512695,-81.27158000,-91.86124000,-68.55875000,-73.82328000
7.75573730,-80.05276000,-95.11075000,-72.16749000,-73.67572000
7.75634766,-87.80201000,-95.04871000,-68.95964000,-74.23133000
7.75695801,-106.57650000,-94.46596000,-67.38744000,-72.91626000
7.75756836,-88.43510000,-95.97266000,-72.24221000,-73.59924000
7.75817871,-83.49745000,-95.64132000,-74.52175000,-78.74484000
7.75878906,-90.25188000,-102.75990000,-67.56757000,-73.48392000
7.75939941,-82.15008000,-100.03310000,-67.23853000,-72.25838000
7.76000977,-79.52193000,-95.74866000,-75.22362000,-70.74641000
7.76062012,-85.60844000,-89.87316000,-83.19939000,-70.62208000
7.76123047,-83.04864000,-88.92754000,-74.66109000,-75.05540000
7.76184082,-82.15146000,-91.78426000,-69.03565000,-86.03774000
7.76245117,-96.28201000,-98.34197000,-72.60237000,-83.30627000
7.76306152,-82.95661000,-93.36540000,-78.84292000,-88.33968000
7.76367188,-78.21896000,-95.19011000,-68.36066000,-76.79122000
7.76428223,-72.91943000,-97.02379000,-66.78220000,-71.37022000
7.76489258,-72.32076000,-93.26554000,-68.62934000,-71.04395000
7.76550293,-75.14901000,-101.06840000,-71.12290000,-72.21826000
7.76611328,-78.28315000,-100.36870000,-70.74558000,-77.23535000
7.76672363,-84.79112000,-112.56780000,-73.95319000,-73.38817000
7.76733398,-85.32630000,-98.46626000,-71.77674000,-76.19093000
7.76794434,-82.89288000,-97.25804000,-64.56712000,-85.18368000
7.76855469,-79.27708000,-90.52064000,-64.81754000,-78.37392000
7.76916504,-85.26115000,-91.17583000,-70.13397000,-79.50415000
7.76977539,-91.87137000,-97.06933000,-74.96640000,-81.09783000
7.77038574,-86.63625000,-97.19707000,-75.18787000,-75.03447000
7.77099609,-81.58664000,-91.33081000,-71.84530000,-74.80173000
7.77160645,-79.65043000,-87.62020000,-74.09579000,-78.19072000
7.77221680,-82.23431000,-88.92792000,-98.22440000,-72.05138000
7.77282715,-78.62126000,-93.78068000,-74.28514000,-68.90840000
7.77343750,-74.78534000,-92.74040000,-73.91888000,-71.30965000
7.77404785,-79.26238000,-88.72252000,-81.52062000,-82.84191000
7.77465820,-91.96311000,-88.16727000,-72.12371000,-71.93970000
7.77526855,-84.27837000,-91.86948000,-70.51606000,-72.24905000
7.77587891,-82.48932000,-97.42624000,-76.83559000,-74.42569000
7.77648926,-78.48753000,-95.57800000,-74.30154000,-80.55368000
7.77709961,-75.29942000,-101.39450000,-68.00294000,-83.51604000
7.77770996,-76.41843000,-96.41743000,-67.81580000,-78.14820000
7.77832031,-81.72599000,-99.00040000,-68.10731000,-85.51202000
7.77893066,-86.31512000,-91.93521000,-70.14894000,-80.51450000
7.77954102,-93.51948000,-95.77078000,-86.09023000,-78.31236000
7.78015137,-102.21490000,-107.39350000,-66.30156000,-72.58563000
7.78076172,-85.47227000,-92.41084000,-65.08897000,-70.85151000
7.78137207,-78.13754000,-85.50732000,-70.21936000,-76.38324000
7.78198242,-79.45023000,-85.97907000,-75.21658000,-83.97907000
7.78259277,-86.53963000,-91.23216000,-74.81643000,-85.25723000
7.78320313,-95.03944000,-89.93619000,-73.52685000,-75.96786000
7.78381348,-92.66599000,-88.66861000,-65.81422000,-70.39664000
7.78442383,-89.29668000,-92.54649000,-67.11381000,-70.23648000
7.78503418,-94.20673000,-109.24470000,-73.62672000,-71.55482000
7.78564453,-93.33115000,-93.39560000,-76.19243000,-72.59226000
7.78625488,-87.54105000,-90.26715000,-69.03417000,-76.34386000
7.78686523,-81.35205000,-90.47934000,-74.17045000,-76.89346000
7.78747559,-89.28804000,-90.45004000,-73.63313000,-84.13495000
7.78808594,-76.78713000,-93.97823000,-68.05707000,-76.79950000
7.78869629,-75.35944000,-99.16177000,-68.43304000,-72.56818000
7.78930664,-82.00210000,-89.39469000,-70.26045000,-73.38776000
7.78991699,-90.75677000,-87.38367000,-72.33139000,-74.83691000
7.79052734,-83.51045000,-88.28419000,-72.73856000,-75.49290000
7.79113770,-81.72672000,-92.16229000,-70.95607000,-79.07607000
7.79174805,-90.67566000,-96.53252000,-70.29120000,-76.89037000
7.79235840,-82.10754000,-91.55414000,-75.63712000,-71.07341000
7.79296875,-77.18385000,-90.44433000,-78.52753000,-74.34705000
7.79357910,-74.88565000,-96.66508000,-69.81815000,-77.02647000
7.79418945,-76.35478000,-98.08272000,-67.84368000,-72.68256000
7.79479980,-83.32079000,-96.78330000,-70.36498000,-72.78683000
7.79541016,-78.83272000,-94.05704000,-66.42893000,-75.36153000
7.79602051,-78.40863000,-91.49448000,-65.50014000,-74.96381000
7.79663086,-78.69876000,-95.34622000,-66.51977000,-71.41900000
7.79724121,-77.80733000,-105.17630000,-73.55145000,-73.06474000
7.79785156,-76.57761000,-94.46373000,-70.97285000,-73.64941000
7.79846191,-75.47224000,-90.05925000,-68.54655000,-73.45669000
7.79907227,-80.46421000,-92.44698000,-69.41510000,-73.03458000
7.79968262,-84.45062000,-94.60741000,-70.64313000,-77.43989000
7.80029297,-75.23207000,-91.43298000,-70.44023000,-77.67661000
7.80090332,-65.53290000,-89.63158000,-69.65347000,-74.64668000
7.80151367,-64.09135000,-90.62447000,-69.63784000,-73.83591000
7.80212402,-71.04184000,-93.32314000,-70.30199000,-82.78101000
7.80273438,-81.85527000,-94.92454000,-73.55092000,-77.17935000
7.80334473,-76.30322000,-97.43483000,-71.59404000,-79.46305000
7.80395508,-78.59772000,-110.65400000,-69.70551000,-83.45185000
7.80456543,-81.38340000,-97.34943000,-70.53403000,-78.04335000
7.80517578,-77.29257000,-96.82539000,-72.61572000,-74.47719000
7.80578613,-74.18420000,-92.00321000,-71.95130000,-74.09057000
7.80639648,-75.44604000,-90.11281000,-73.53197000,-77.36730000
7.80700684,-77.11980000,-95.65292000,-75.28321000,-77.72163000
7.80761719,-79.99282000,-91.63486000,-67.54657000,-73.29961000
7.80822754,-77.68754000,-90.74086000,-68.75091000,-80.91791000
7.80883789,-78.29463000,-97.37318000,-74.03855000,-73.71429000
7.80944824,-89.00059000,-91.79668000,-69.18578000,-69.31639000
7.81005859,-87.39837000,-90.94835000,-77.33741000,-73.50810000
7.81066895,-78.77339000,-94.27808000,-74.24028000,-82.58526000
7.81127930,-74.36673000,-101.83200000,-77.56908000,-73.32162000
7.81188965,-76.05979000,-104.80690000,-73.04396000,-72.63573000
7.81250000,-74.95564000,-96.58305000,-77.14980000,-73.65697000
7.81311035,-85.99002000,-89.62341000,-78.11865000,-75.27680000
7.81372070,-80.23457000,-88.09871000,-72.32690000,-75.91218000
7.81433105,-79.42825000,-88.16651000,-69.35679000,-81.88968000
7.81494141,-87.52547000,-87.41563000,-69.62019000,-76.24026000
7.81555176,-80.75820000,-93.95771000,-83.40921000,-73.65409000
7.81616211,-78.02215000,-98.72346000,-77.82001000,-73.80632000
7.81677246,-75.58942000,-96.33234000,-69.35113000,-70.17099000
7.81738281,-76.42043000,-98.09053000,-69.64249000,-69.16531000
7.81799316,-81.37249000,-99.72482000,-94.40627000,-71.30290000
7.81860352,-82.39254000,-90.60851000,-74.27467000,-71.20865000
7.81921387,-77.44037000,-85.44810000,-70.34397000,-76.56997000
7.81982422,-75.38421000,-84.38403000,-66.67049000,-85.90130000
7.82043457,-78.31046000,-87.53349000,-64.49296000,-77.92620000
7.82104492,-76.24100000,-92.38470000,-65.15235000,-72.95502000
7.82165527,-76.85672000,-102.57250000,-67.69624000,-77.59560000
7.82226563,-82.30363000,-91.57037000,-72.52931000,-75.64503000
7.82287598,-82.41203000,-95.08842000,-83.96420000,-77.53179000
7.82348633,-78.58857000,-89.92637000,-73.12601000,-76.39585000
7.82409668,-73.95370000,-85.61264000,-65.63472000,-75.78732000
7.82470703,-67.38780000,-82.84769000,-65.39374000,-75.67900000
7.82531738,-67.63784000,-84.34871000,-72.35468000,-75.89331000
7.82592773,-79.11683000,-102.55720000,-74.70592000,-90.31558000
7.82653809,-86.99508000,-94.18870000,-70.82236000,-81.31674000
7.82714844,-89.89725000,-95.76556000,-71.21622000,-79.78575000
7.82775879,-78.57036000,-95.87692000,-73.40400000,-79.48113000
7.82836914,-74.11115000,-98.77384000,-79.27090000,-102.38930000
7.82897949,-74.86021000,-107.41590000,-78.00675000,-82.32927000
7.82958984,-77.39980000,-118.40810000,-71.20380000,-78.95137000
7.83020020,-77.83543000,-102.21030000,-71.94449000,-77.31000000
7.83081055,-75.43014000,-94.97090000,-81.84210000,-81.60422000
7.83142090,-74.93839000,-93.89754000,-78.27890000,-76.75628000
7.83203125,-78.19554000,-101.85350000,-70.59950000,-72.62439000
7.83264160,-79.03370000,-102.15100000,-71.30695000,-71.66602000
7.83325195,-78.06573000,-109.39590000,-78.41631000,-75.47338000
7.83386230,-86.11556000,-106.18500000,-75.35902000,-80.42036000
7.83447266,-88.71822000,-91.85732000,-74.35855000,-77.98203000
7.83508301,-95.86727000,-85.80377000,-80.15366000,-72.09740000
7.83569336,-81.50975000,-86.39084000,-77.69566000,-68.88680000
7.83630371,-74.54935000,-90.93898000,-73.81309000,-70.50423000
7.83691406,-66.08670000,-82.38194000,-72.21197000,-91.43800000
7.83752441,-56.64964000,-72.47699000,-67.46687000,-68.68222000
7.83813477,-56.13621000,-71.70060000,-65.36290000,-68.92079000
7.83874512,-65.05150000,-79.21964000,-69.46101000,-72.82177000
7.83935547,-90.98911000,-92.42345000,-77.55280000,-69.97556000
7.83996582,-107.72870000,-94.00883000,-69.78188000,-66.01996000
7.84057617,-88.85501000,-92.02962000,-67.61885000,-65.73450000
7.84118652,-83.51968000,-92.32336000,-68.78182000,-70.73573000
7.84179688,-85.24438000,-98.62141000,-67.62166000,-81.73711000
7.84240723,-78.56309000,-111.29320000,-67.80304000,-75.98354000
7.84301758,-75.30355000,-99.20944000,-74.40414000,-85.70444000
7.84362793,-72.52506000,-91.36321000,-84.49205000,-81.74176000
7.84423828,-73.14157000,-90.27283000,-82.38164000,-89.82230000
7.84484863,-76.51103000,-92.92960000,-81.71246000,-84.82521000
7.84545898,-74.25230000,-109.37620000,-74.74280000,-75.17564000
7.84606934,-74.86555000,-89.43626000,-72.60040000,-89.62430000
7.84667969,-79.87177000,-87.87171000,-71.88231000,-72.93577000
7.84729004,-78.75870000,-96.37831000,-74.19794000,-73.93602000
7.84790039,-90.38203000,-103.51210000,-76.61890000,-75.55664000
7.84851074,-75.50627000,-102.04510000,-71.79040000,-74.61772000
7.84912109,-72.41186000,-108.25730000,-64.10468000,-73.33360000
7.84973145,-72.14402000,-98.07700000,-62.28014000,-70.99564000
7.85034180,-75.00465000,-91.72173000,-68.61246000,-69.56748000
7.85095215,-83.60353000,-92.51807000,-78.39486000,-74.13892000
7.85156250,-91.90209000,-104.47650000,-92.79731000,-82.91576000
7.85217285,-71.41357000,-94.40134000,-72.01905000,-81.27563000
7.85278320,-65.63126000,-97.39754000,-69.32273000,-82.08510000
7.85339355,-67.04433000,-120.78190000,-68.27249000,-72.24436000
7.85400391,-72.70551000,-101.05350000,-68.99363000,-69.78674000
7.85461426,-72.11835000,-96.79456000,-75.65869000,-70.57912000
7.85522461,-75.60537000,-88.17694000,-69.37135000,-77.82981000
7.85583496,-78.22988000,-85.85744000,-71.08333000,-79.23384000
7.85644531,-76.18427000,-88.42698000,-72.26103000,-75.15097000
7.85705566,-82.40009000,-102.64830000,-68.78610000,-78.57630000
7.85766602,-84.91894000,-97.38235000,-68.19431000,-77.25747000
7.85827637,-73.48801000,-93.17089000,-70.28886000,-71.66026000
7.85888672,-73.13242000,-92.38571000,-76.66093000,-69.53806000
7.85949707,-76.74194000,-92.80421000,-70.89854000,-70.00946000
7.86010742,-77.19489000,-95.47364000,-66.73500000,-71.31313000
7.86071777,-79.08576000,-92.48018000,-66.91308000,-77.60355000
7.86132813,-73.88023000,-97.70253000,-67.31049000,-72.59544000
7.86193848,-73.21361000,-91.63933000,-67.62682000,-72.37575000
7.86254883,-78.98491000,-90.04230000,-77.52818000,-78.43645000
7.86315918,-79.54039000,-93.05844000,-75.94231000,-72.65144000
7.86376953,-76.49179000,-100.44800000,-89.08035000,-74.87505000
7.86437988,-77.47783000,-99.62541000,-73.03987000,-73.80164000
7.86499023,-84.41979000,-91.46229000,-70.87487000,-74.44211000
7.86560059,-87.16537000,-90.98018000,-70.37045000,-80.83075000
7.86621094,-83.57352000,-96.13003000,-74.45956000,-70.97949000
7.86682129,-85.26147000,-91.71611000,-70.12050000,-70.96492000
7.86743164,-78.90063000,-97.74707000,-68.98238000,-80.89219000
7.86804199,-81.12649000,-100.07440000,-73.00694000,-79.89133000
7.86865234,-84.21622000,-105.53170000,-71.69718000,-79.47961000
7.86926270,-82.15544000,-95.52959000,-67.25654000,-84.20792000
7.86987305,-77.53664000,-97.22350000,-66.67168000,-94.69001000
7.87048340,-77.19451000,-88.48848000,-66.07433000,-74.95549000
7.87109375,-76.73537000,-84.36739000,-69.46539000,-69.83759000
7.87170410,-76.89928000,-87.34724000,-86.21997000,-68.72133000
7.87231445,-88.18529000,-93.11752000,-79.68413000,-69.60384000
7.87292480,-80.42001000,-90.62437000,-74.63332000,-70.81063000
7.87353516,-91.48235000,-91.08893000,-67.56046000,-71.02708000
7.87414551,-80.18204000,-91.07072000,-67.91958000,-75.92413000
7.87475586,-78.87930000,-88.61391000,-70.15559000,-87.73979000
7.87536621,-79.74965000,-87.39874000,-72.21513000,-84.30580000
7.87597656,-79.66543000,-88.43900000,-71.51607000,-82.64739000
7.87658691,-72.39214000,-97.28929000,-68.85879000,-75.18069000
7.87719727,-71.25958000,-92.93661000,-70.30801000,-73.42346000
7.87780762,-73.78448000,-88.96915000,-78.70288000,-71.80850000
7.87841797,-79.48158000,-84.92093000,-73.39280000,-69.81052000
7.87902832,-81.08995000,-86.42948000,-72.48904000,-72.96294000
7.87963867,-79.31058000,-93.24119000,-69.27871000,-82.00922000
7.88024902,-87.20397000,-90.89769000,-67.62028000,-79.07596000
7.88085938,-81.17543000,-84.97082000,-69.54589000,-73.90774000
7.88146973,-78.41066000,-82.72731000,-71.97957000,-72.61253000
7.88208008,-80.75655000,-84.98441000,-77.13960000,-78.74782000
7.88269043,-87.01461000,-92.60247000,-83.35351000,-82.22660000
7.88330078,-79.55720000,-93.22529000,-76.16453000,-82.32677000
7.88391113,-78.43806000,-95.96542000,-69.63649000,-92.42581000
7.88452148,-75.21777000,-94.67439000,-67.65227000,-76.17446000
7.88513184,-76.40372000,-88.87374000,-72.97122000,-75.31165000
7.88574219,-79.88769000,-90.34774000,-77.09818000,-77.23426000
7.88635254,-85.14001000,-104.03240000,-76.89722000,-84.36891000
7.88696289,-87.53212000,-93.54320000,-81.02142000,-79.25279000
7.88757324,-100.79980000,-90.80285000,-72.98895000,-87.38091000
7.88818359,-82.95913000,-97.38110000,-75.30640000,-70.51993000
7.88879395,-75.43588000,-99.83764000,-76.09299000,-68.68279000
7.88940430,-73.01642000,-93.30821000,-71.32318000,-74.52981000
7.89001465,-74.84079000,-90.85799000,-68.85445000,-77.04790000
7.89062500,-84.39943000,-88.33195000,-71.94981000,-83.18889000
7.89123535,-85.99331000,-93.71565000,-82.00089000,-81.05503000
7.89184570,-94.69009000,-94.74578000,-81.11703000,-80.29485000
7.89245605,-81.53506000,-91.95637000,-71.58405000,-76.98995000
7.89306641,-80.48204000,-96.81779000,-67.05400000,-78.92831000
7.89367676,-79.02940000,-118.63180000,-73.04816000,-70.45042000
7.89428711,-89.49837000,-110.94060000,-72.96935000,-67.62492000
7.89489746,-80.07903000,-92.12917000,-73.59327000,-72.24747000
7.89550781,-85.82904000,-89.96526000,-75.15578000,-83.74496000
7.89611816,-82.98610000,-94.65620000,-69.85075000,-86.62440000
7.89672852,-80.40717000,-102.49920000,-67.31271000,-77.38480000
7.89733887,-75.74007000,-96.23849000,-64.13203000,-70.26752000
7.89794922,-75.81333000,-94.48025000,-65.24855000,-69.99966000
7.89855957,-82.59316000,-92.13210000,-67.60233000,-73.64525000
7.89916992,-80.89436000,-88.37197000,-67.37811000,-75.80673000
7.89978027,-78.62157000,-91.93592000,-78.99435000,-75.98975000
7.90039063,-73.76219000,-97.99109000,-70.53417000,-75.47824000
7.90100098,-72.37603000,-97.94885000,-72.09377000,-77.58932000
7.90161133,-73.61794000,-92.32932000,-81.98088000,-73.15810000
7.90222168,-77.28863000,-87.75636000,-72.87817000,-75.72446000
7.90283203,-79.86659000,-91.21720000,-68.16576000,-79.26783000
7.90344238,-78.25957000,-98.49287000,-69.63716000,-78.80663000
7.90405273,-86.80053000,-96.72942000,-79.52548000,-77.78393000
7.90466309,-83.89096000,-94.03636000,-68.02891000,-78.62746000
7.90527344,-85.71044000,-87.75491000,-66.29760000,-85.45536000
7.90588379,-81.25447000,-84.23127000,-68.12008000,-77.69678000
7.90649414,-77.96565000,-85.22636000,-72.31293000,-79.60242000
7.90710449,-81.57159000,-89.17065000,-74.51418000,-79.66394000
7.90771484,-81.32404000,-91.54062000,-73.41865000,-78.08694000
7.90832520,-77.08966000,-99.24646000,-81.96269000,-72.32391000
7.90893555,-78.17641000,-94.22730000,-71.50121000,-73.79244000
7.90954590,-87.93311000,-93.45761000,-69.50321000,-80.28386000
7.91015625,-85.03808000,-94.17265000,-69.52072000,-78.05003000
7.91076660,-77.71613000,-94.60465000,-73.54749000,-74.13470000
7.91137695,-76.90463000,-103.96480000,-76.19067000,-71.68768000
7.91198730,-74.07205000,-98.59325000,-69.53657000,-99.92191000
7.91259766,-73.30052000,-92.90318000,-66.93366000,-70.53551000
7.91320801,-76.87143000,-94.07840000,-74.13377000,-68.82407000
7.91381836,-76.55592000,-96.85506000,-73.55231000,-71.88747000
7.91442871,-76.73982000,-104.52110000,-73.24801000,-70.67471000
7.91503906,-85.01380000,-95.07265000,-79.86964000,-66.72357000
7.91564941,-93.84121000,-97.94231000,-74.29324000,-66.03412000
7.91625977,-91.04840000,-113.30270000,-77.68657000,-68.09334000
7.91687012,-82.23975000,-105.51930000,-69.76517000,-71.30441000
7.91748047,-73.15172000,-95.93040000,-72.59174000,-78.82967000
7.91809082,-72.27831000,-96.12496000,-70.22296000,-72.42309000
7.91870117,-75.48249000,-97.99834000,-68.93104000,-71.94830000
7.91931152,-78.79052000,-89.20377000,-70.14742000,-86.83910000
7.91992188,-81.83118000,-92.99052000,-72.53866000,-93.45906000
7.92053223,-80.93069000,-100.73880000,-72.98696000,-81.52890000
7.92114258,-79.98979000,-94.75206000,-67.33276000,-78.45309000
7.92175293,-92.33804000,-97.04280000,-65.89287000,-75.86335000
7.92236328,-85.27427000,-99.82642000,-66.85325000,-78.76552000
7.92297363,-85.22658000,-90.06755000,-69.95421000,-71.63500000
7.92358398,-85.55389000,-86.58720000,-72.72289000,-70.19298000
7.92419434,-83.61432000,-89.36314000,-74.74973000,-73.55943000
7.92480469,-83.06303000,-89.72281000,-72.47374000,-75.06693000
7.92541504,-102.66640000,-92.76436000,-72.53925000,-77.30217000
7.92602539,-91.16876000,-95.08231000,-85.18781000,-73.67515000
7.92663574,-83.56129000,-90.41722000,-66.42455000,-75.45876000
7.92724609,-81.29498000,-102.72030000,-63.14595000,-82.18793000
7.92785645,-80.05371000,-99.41605000,-66.08338000,-77.47736000
7.92846680,-85.69241000,-96.98109000,-73.02777000,-71.13617000
7.92907715,-82.54369000,-91.44813000,-75.45675000,-70.40845000
7.92968750,-75.39058000,-89.31505000,-72.57476000,-72.56171000
7.93029785,-78.41721000,-88.94435000,-76.96133000,-75.48927000
7.93090820,-103.23640000,-95.42655000,-74.58909000,-76.61964000
7.93151855,-84.57283000,-95.78137000,-71.05464000,-79.49554000
7.93212891,-79.94891000,-91.65723000,-75.94438000,-73.58942000
7.93273926,-81.35486000,-94.84032000,-72.71903000,-78.62076000
7.93334961,-82.69196000,-97.92278000,-77.50667000,-77.63268000
7.93395996,-76.73216000,-96.25188000,-78.20295000,-70.24976000
7.93457031,-77.94313000,-92.30466000,-74.15173000,-68.61039000
7.93518066,-81.87988000,-91.95001000,-71.11375000,-67.39011000
7.93579102,-78.95429000,-94.90506000,-68.24560000,-67.45192000
7.93640137,-78.82236000,-94.05704000,-67.63220000,-71.88968000
7.93701172,-94.58958000,-93.35015000,-66.01111000,-79.22298000
7.93762207,-91.10370000,-92.34926000,-64.56247000,-96.29296000
7.93823242,-82.13329000,-91.73061000,-69.30923000,-86.52783000
7.93884277,-82.75445000,-92.43942000,-73.36245000,-72.86897000
7.93945313,-85.59531000,-94.14916000,-71.25129000,-67.10268000
7.94006348,-77.71943000,-99.28305000,-72.77907000,-67.20599000
7.94067383,-80.54169000,-104.89170000,-72.09141000,-71.98738000
7.94128418,-84.54742000,-103.36510000,-70.85065000,-81.25809000
7.94189453,-82.70652000,-100.44510000,-71.22157000,-79.83213000
7.94250488,-83.37151000,-93.70432000,-72.60038000,-73.81518000
7.94311523,-83.95448000,-94.09465000,-81.64680000,-74.54893000
7.94372559,-79.46046000,-92.98087000,-70.77448000,-76.34795000
7.94433594,-74.86334000,-93.56039000,-68.46213000,-75.10428000
7.94494629,-72.88442000,-91.84455000,-72.96133000,-81.43335000
7.94555664,-75.66258000,-91.16939000,-85.84218000,-77.28345000
7.94616699,-91.47735000,-90.93998000,-79.47753000,-73.12111000
7.94677734,-78.42551000,-88.89054000,-71.08960000,-76.81104000
7.94738770,-74.31993000,-89.43645000,-76.12595000,-78.46867000
7.94799805,-76.28356000,-90.54440000,-76.30590000,-75.24805000
7.94860840,-86.71988000,-91.42317000,-76.45235000,-74.96966000
7.94921875,-92.31782000,-96.25373000,-75.89006000,-71.82920000
7.94982910,-91.19556000,-103.89970000,-83.18918000,-69.40888000
7.95043945,-80.46894000,-112.06020000,-75.55966000,-69.77364000
7.95104980,-77.31133000,-98.03448000,-69.62857000,-71.71613000
7.95166016,-77.96851000,-93.19154000,-70.70926000,-77.00822000
7.95227051,-76.64108000,-96.44662000,-70.72837000,-79.74923000
7.95288086,-85.39313000,-101.09970000,-69.42746000,-71.96164000
7.95349121,-80.70930000,-109.36580000,-71.69278000,-72.82301000
7.95410156,-77.86226000,-97.58194000,-71.33714000,-88.89287000
7.95471191,-79.82138000,-86.19432000,-73.97017000,-73.22031000
7.95532227,-81.90489000,-86.40746000,-69.72717000,-69.29286000
7.95593262,-83.15419000,-95.52303000,-73.30587000,-69.81403000
7.95654297,-88.43070000,-98.09013000,-81.23696000,-77.01004000
7.95715332,-80.71801000,-106.98390000,-80.65215000,-79.90852000
7.95776367,-73.45660000,-91.97900000,-70.31355000,-77.70131000
7.95837402,-72.34345000,-90.40292000,-70.30115000,-76.34015000
7.95898438,-71.75189000,-90.98584000,-71.20051000,-78.99928000
7.95959473,-75.40990000,-92.05328000,-72.94495000,-78.68287000
7.96020508,-81.88226000,-94.62352000,-78.95583000,-72.76790000
7.96081543,-76.12170000,-89.26434000,-70.71384000,-73.38709000
7.96142578,-75.42410000,-86.64398000,-71.47388000,-71.79864000
7.96203613,-72.79032000,-90.65158000,-76.75380000,-71.16568000
7.96264648,-72.76810000,-115.27790000,-77.78873000,-71.59016000
7.96325684,-83.09803000,-93.87765000,-69.81938000,-73.20300000
7.96386719,-84.65346000,-97.63982000,-73.00797000,-76.69843000
7.96447754,-99.39081000,-96.99146000,-75.96084000,-74.19414000
7.96508789,-96.98932000,-89.47000000,-74.54599000,-72.70815000
7.96569824,-88.29171000,-89.86606000,-69.35957000,-74.88567000
7.96630859,-85.96989000,-87.62067000,-69.05328000,-76.42140000
7.96691895,-88.60898000,-89.83389000,-68.08064000,-80.76602000
7.96752930,-84.29864000,-99.29986000,-69.49311000,-80.86785000
7.96813965,-80.30969000,-90.65237000,-70.34331000,-76.43782000
7.96875000,-74.87090000,-93.17382000,-70.15466000,-78.03871000
7.96936035,-71.81457000,-96.21405000,-72.08823000,-75.31963000
7.96997070,-70.15912000,-98.03857000,-71.68797000,-73.78925000
7.97058105,-73.48815000,-96.50105000,-70.95365000,-76.21071000
7.97119141,-86.35161000,-92.88964000,-80.27779000,-88.89430000
7.97180176,-91.41898000,-108.43350000,-73.95343000,-75.17079000
7.97241211,-83.63942000,-93.76321000,-69.69949000,-71.40527000
7.97302246,-81.34232000,-92.88162000,-68.80824000,-72.35376000
7.97363281,-83.09341000,-93.08720000,-67.90675000,-71.89803000
7.97424316,-88.04394000,-96.73898000,-68.44289000,-69.80750000
7.97485352,-85.58791000,-89.96242000,-75.05447000,-75.18638000
7.97546387,-86.41077000,-90.25623000,-95.18173000,-84.15361000
7.97607422,-79.66754000,-94.09214000,-94.17804000,-73.92207000
7.97668457,-72.89891000,-85.11773000,-75.31638000,-74.21236000
7.97729492,-76.70409000,-83.89777000,-71.32262000,-79.35971000
7.97790527,-83.54327000,-84.56728000,-72.35397000,-81.62324000
7.97851563,-81.29797000,-88.57310000,-80.47440000,-82.21765000
7.97912598,-83.12263000,-98.34454000,-72.06659000,-79.13830000
7.97973633,-80.85944000,-87.35342000,-68.28261000,-76.85525000
7.98034668,-93.02504000,-86.74924000,-67.48988000,-75.61959000
7.98095703,-83.96661000,-86.70984000,-68.00965000,-76.50975000
7.98156738,-88.01465000,-87.11307000,-72.82006000,-73.59710000
7.98217773,-81.63344000,-90.95551000,-81.27982000,-74.68870000
7.98278809,-74.20319000,-95.11079000,-74.67981000,-72.36249000
7.98339844,-73.79995000,-92.30182000,-72.38245000,-75.54814000
7.98400879,-74.67963000,-92.77112000,-72.17398000,-89.61177000
7.98461914,-71.08111000,-97.82760000,-72.85904000,-84.63211000
7.98522949,-72.07613000,-95.71733000,-84.07751000,-81.27008000
7.98583984,-74.80193000,-100.03320000,-71.31783000,-85.23533000
7.98645020,-73.94176000,-90.98743000,-68.65094000,-75.41865000
7.98706055,-75.23028000,-93.10869000,-70.99899000,-72.32274000
7.98767090,-79.56983000,-97.25503000,-74.85839000,-81.57063000
7.98828125,-78.51701000,-90.57313000,-69.60217000,-82.71175000
7.98889160,-79.06455000,-93.04123000,-65.12688000,-71.70302000
7.98950195,-88.59735000,-100.94690000,-67.84794000,-69.32114000
7.99011230,-73.32755000,-99.78191000,-73.84476000,-72.02154000
7.99072266,-72.20584000,-96.10909000,-71.06377000,-89.29017000
7.99133301,-81.18897000,-93.17524000,-68.74345000,-74.59641000
7.99194336,-80.79837000,-87.96921000,-73.34213000,-75.53134000
7.99255371,-77.30920000,-90.29801000,-82.30369000,-79.37745000
7.99316406,-77.82732000,-96.01770000,-76.44493000,-77.98576000
7.99377441,-89.02948000,-90.68513000,-77.70110000,-76.02294000
7.99438477,-84.26993000,-87.94617000,-80.96732000,-76.11006000
7.99499512,-93.60605000,-86.92517000,-88.61724000,-74.72807000
7.99560547,-96.86023000,-91.11937000,-93.21559000,-74.73474000
7.99621582,-87.08029000,-97.85760000,-90.30564000,-76.41447000
7.99682617,-75.27469000,-100.49800000,-78.63425000,-73.98701000
7.99743652,-74.19504000,-93.21719000,-84.90637000,-73.34863000
7.99804688,-87.27130000,-91.67733000,-70.40227000,-75.04772000
7.99865723,-77.06967000,-90.41887000,-73.20088000,-76.65326000
7.99926758,-74.62949000,-90.12109000,-67.79028000,-83.10593000
7.99987793,-77.72507000,-89.26393000,-71.24353000,-84.92940000
8.00048828,-77.12357000,-89.68647000,-83.43896000,-86.30829000
8.00109863,-77.44849000,-95.82806000,-90.64400000,-82.88464000
8.00170898,-95.48923000,-102.22780000,-77.58731000,-78.25876000
8.00231934,-79.85221000,-99.64818000,-83.58313000,-79.08769000
8.00292969,-83.07838000,-92.04612000,-70.23678000,-77.06322000
8.00354004,-91.06987000,-101.43880000,-65.75564000,-76.16718000
8.00415039,-82.64407000,-95.83469000,-68.47874000,-86.40797000
8.00476074,-76.01836000,-94.16998000,-70.64246000,-75.21703000
8.00537109,-71.85273000,-94.55148000,-73.00418000,-71.72713000
8.00598145,-71.68847000,-96.76765000,-76.69534000,-72.17729000
8.00659180,-74.87028000,-98.39501000,-75.65881000,-70.56285000
8.00720215,-81.24521000,-106.80930000,-75.96740000,-66.74015000
8.00781250,-85.23357000,-100.13260000,-75.72154000,-66.90111000
8.00842285,-83.53374000,-98.17448000,-70.42136000,-72.80999000
8.00903320,-85.03364000,-93.08488000,-74.83763000,-77.44821000
8.00964355,-80.82877000,-93.71626000,-73.56766000,-74.15105000
8.01025391,-78.18483000,-93.88547000,-68.94874000,-74.23346000
8.01086426,-78.83562000,-90.77000000,-72.12708000,-81.96877000
8.01147461,-79.79438000,-86.70216000,-72.20324000,-87.49574000
8.01208496,-79.94655000,-88.63737000,-74.04235000,-76.93250000
8.01269531,-81.93635000,-88.19298000,-79.66564000,-78.15599000
8.01330566,-79.68768000,-90.56277000,-65.88901000,-89.87275000
8.01391602,-87.02362000,-92.85598000,-62.01477000,-74.59903000
8.01452637,-82.16823000,-87.20123000,-66.39716000,-67.14682000
8.01513672,-78.90256000,-87.60374000,-75.01547000,-72.34380000
8.01574707,-78.58843000,-103.24700000,-74.69009000,-78.69745000
8.01635742,-84.08395000,-93.38692000,-70.69635000,-77.72900000
8.01696777,-89.66286000,-94.03339000,-70.28458000,-83.62579000
8.01757813,-86.37254000,-87.95927000,-69.87228000,-74.88445000
8.01818848,-89.34559000,-87.19818000,-68.22391000,-73.37787000
8.01879883,-82.09590000,-92.41997000,-68.55135000,-73.84039000
8.01940918,-80.40694000,-97.53574000,-67.97066000,-84.95460000
8.02001953,-87.36427000,-96.35490000,-67.86651000,-80.51583000
8.02062988,-96.93845000,-94.57977000,-74.51749000,-77.77543000
8.02124023,-99.41418000,-88.09310000,-78.26696000,-77.66653000
8.02185059,-86.02534000,-89.99075000,-72.46732000,-84.53375000
8.02246094,-83.87214000,-98.81931000,-68.42436000,-91.37947000
8.02307129,-78.25981000,-95.88304000,-70.34486000,-79.25325000
8.02368164,-79.64470000,-105.36680000,-72.08771000,-72.83042000
8.02429199,-78.26553000,-94.23187000,-69.90401000,-68.94204000
8.02490234,-71.73550000,-89.44451000,-66.78481000,-67.49442000
8.02551270,-71.21201000,-95.59856000,-65.39185000,-70.58249000
8.02612305,-78.54331000,-104.61440000,-68.05353000,-74.07567000
8.02673340,-74.23386000,-93.88654000,-70.87896000,-74.30449000
8.02734375,-73.26208000,-94.64145000,-75.00842000,-68.55956000
8.02795410,-74.57452000,-94.16795000,-81.85448000,-67.42970000
8.02856445,-74.49841000,-96.31363000,-71.04966000,-72.00385000
8.02917480,-74.57906000,-109.99410000,-68.61136000,-87.71373000
8.02978516,-78.19513000,-97.72424000,-73.28300000,-75.93940000
8.03039551,-78.78043000,-101.52090000,-67.00377000,-72.96655000
8.03100586,-75.40912000,-116.37540000,-67.74889000,-73.48870000
8.03161621,-75.56850000,-97.55558000,-69.84814000,-79.95033000
8.03222656,-76.99550000,-90.22240000,-75.36796000,-72.29691000
8.03283691,-79.29960000,-93.16395000,-92.32685000,-68.46345000
8.03344727,-86.70316000,-111.96260000,-81.97786000,-71.00905000
8.03405762,-80.59708000,-99.61350000,-69.21107000,-77.42895000
8.03466797,-77.11301000,-92.75056000,-69.87132000,-85.54191000
8.03527832,-79.39803000,-95.86197000,-76.20850000,-75.45388000
8.03588867,-92.03741000,-102.44180000,-75.48631000,-68.96092000
8.03649902,-82.25635000,-95.98532000,-76.53094000,-70.31756000
8.03710938,-77.78004000,-100.30590000,-71.52463000,-76.45026000
8.03771973,-77.38828000,-97.56168000,-66.37165000,-77.95036000
8.03833008,-82.95999000,-100.57740000,-74.38512000,-81.68603000
8.03894043,-92.68902000,-99.04854000,-76.53115000,-71.25456000
8.03955078,-93.70116000,-96.80085000,-70.87123000,-70.47823000
8.04016113,-85.70016000,-89.84649000,-65.79329000,-70.51553000
8.04077148,-80.04060000,-88.59525000,-65.36257000,-74.27158000
8.04138184,-76.75450000,-97.88425000,-72.11974000,-78.03683000
8.04199219,-72.68320000,-100.12440000,-75.18297000,-76.99168000
8.04260254,-71.37817000,-102.50110000,-69.23548000,-82.79854000
8.04321289,-72.78487000,-94.53500000,-75.65118000,-75.98464000
8.04382324,-79.23211000,-95.54992000,-77.33034000,-74.24280000
8.04443359,-82.08582000,-94.60244000,-79.94310000,-73.84176000
8.04504395,-78.38277000,-94.19920000,-72.96391000,-74.44400000
8.04565430,-76.84108000,-101.65300000,-72.17452000,-81.79250000
8.04626465,-79.40433000,-111.20940000,-76.91918000,-81.58830000
8.04687500,-87.24887000,-92.62508000,-71.41398000,-77.61242000
8.04748535,-75.41008000,-89.50008000,-81.67146000,-80.48835000
8.04809570,-72.67471000,-92.47947000,-74.85127000,-80.99842000
8.04870605,-77.73574000,-99.81678000,-70.81693000,-78.42258000
8.04931641,-80.62355000,-93.27277000,-70.04135000,-73.41315000
8.04992676,-82.65433000,-95.76422000,-78.77441000,-70.04012000
8.05053711,-99.54515000,-93.69559000,-67.72348000,-75.25062000
8.05114746,-96.74152000,-92.27417000,-70.05311000,-81.76440000
8.05175781,-89.39592000,-88.13881000,-79.34726000,-71.46757000
8.05236816,-87.94277000,-87.81451000,-71.98209000,-71.45204000
8.05297852,-85.83794000,-89.76108000,-65.67808000,-76.82436000
8.05358887,-78.09151000,-88.14269000,-67.20126000,-82.43774000
8.05419922,-78.25216000,-88.41240000,-73.90983000,-84.69352000
8.05480957,-80.24978000,-92.64861000,-73.73450000,-81.40854000
8.05541992,-85.63071000,-90.12692000,-71.03501000,-81.20244000
8.05603027,-94.59084000,-92.72351000,-70.43225000,-75.54993000
8.05664063,-81.42971000,-93.87252000,-71.96127000,-74.30171000
8.05725098,-73.41279000,-95.18890000,-78.65423000,-72.96912000
8.05786133,-73.46490000,-90.93227000,-84.65245000,-72.87583000
8.05847168,-76.08496000,-92.09869000,-80.54183000,-77.33730000
8.05908203,-73.72995000,-97.25439000,-74.99124000,-78.01826000
8.05969238,-77.32350000,-96.65901000,-79.20959000,-100.11690000
8.06030273,-94.80350000,-95.91650000,-77.76704000,-79.71689000
8.06091309,-92.57951000,-97.49290000,-77.06643000,-82.43346000
8.06152344,-79.65406000,-92.34565000,-73.95275000,-76.76175000
8.06213379,-75.40070000,-88.47884000,-73.78913000,-77.68368000
8.06274414,-78.50958000,-89.26281000,-78.22789000,-85.71461000
8.06335449,-86.95741000,-91.90044000,-82.88120000,-75.27493000
8.06396484,-78.66283000,-95.17937000,-72.64402000,-72.78352000
8.06457520,-78.21838000,-89.43713000,-72.69135000,-74.33678000
8.06518555,-76.53222000,-90.40190000,-78.64658000,-80.51915000
8.06579590,-76.87277000,-107.55340000,-79.60062000,-81.68654000
8.06640625,-76.91992000,-102.59500000,-81.93633000,-84.14143000
8.06701660,-77.46472000,-102.13450000,-77.46827000,-79.44527000
8.06762695,-79.67855000,-95.06603000,-70.12181000,-76.54301000
8.06823730,-79.33213000,-94.72498000,-74.47095000,-75.02264000
8.06884766,-75.98612000,-95.22644000,-74.64156000,-75.48550000
8.06945801,-75.84161000,-90.94838000,-74.54669000,-75.13396000
8.07006836,-82.72666000,-88.75705000,-77.67685000,-72.84006000
8.07067871,-75.14268000,-89.77921000,-73.36802000,-72.56728000
8.07128906,-78.63261000,-96.44634000,-75.62682000,-71.81360000
8.07189941,-79.73795000,-93.16116000,-75.18456000,-73.06665000
8.07250977,-76.41305000,-95.82123000,-75.93011000,-75.77744000
8.07312012,-75.09955000,-101.54440000,-86.88793000,-76.52391000
8.07373047,-74.09465000,-105.40690000,-71.20322000,-84.05331000
8.07434082,-77.80254000,-92.78360000,-72.28824000,-80.29517000
8.07495117,-88.62934000,-88.70258000,-70.60683000,-79.77370000
8.07556152,-80.90407000,-90.19609000,-67.55109000,-75.62248000
8.07617188,-80.21754000,-97.23567000,-67.52242000,-73.66257000
8.07678223,-77.34061000,-93.86857000,-70.79014000,-74.82308000
8.07739258,-76.14461000,-95.71780000,-80.44753000,-72.74726000
8.07800293,-78.23595000,-90.72144000,-75.71782000,-74.03732000
8.07861328,-78.60552000,-93.91334000,-71.59578000,-77.39850000
8.07922363,-82.47160000,-94.62691000,-71.57979000,-74.80051000
8.07983398,-90.40650000,-94.99485000,-74.34539000,-72.12750000
8.08044434,-77.71223000,-91.31900000,-77.04623000,-72.98169000
8.08105469,-76.94046000,-89.46120000,-68.25160000,-75.33847000
8.08166504,-93.41499000,-88.70757000,-67.11211000,-78.06676000
8.08227539,-76.70835000,-85.80687000,-71.81936000,-79.46927000
8.08288574,-79.66933000,-85.31717000,-73.83792000,-81.60625000
8.08349609,-75.27387000,-88.22929000,-75.37615000,-74.99413000
8.08410645,-69.14987000,-94.25712000,-70.27769000,-74.29427000
8.08471680,-72.03662000,-100.66750000,-68.30991000,-84.34373000
8.08532715,-79.45106000,-96.21188000,-71.21886000,-75.43439000
8.08593750,-104.43870000,-91.75096000,-82.42607000,-73.77998000
8.08654785,-78.97247000,-94.91315000,-72.61291000,-72.26945000
8.08715820,-73.88219000,-98.47180000,-68.25413000,-75.82050000
8.08776855,-72.95096000,-94.54567000,-67.22715000,-82.56351000
8.08837891,-74.07575000,-92.18271000,-65.55064000,-75.45625000
8.08898926,-74.13083000,-93.01117000,-63.98498000,-78.19657000
8.08959961,-75.35293000,-97.98008000,-66.19128000,-78.62994000
8.09020996,-78.34453000,-93.12762000,-66.89601000,-74.42865000
8.09082031,-88.64864000,-96.88606000,-65.73257000,-81.28490000
8.09143066,-86.00902000,-104.99770000,-76.10238000,-78.43368000
8.09204102,-82.48966000,-117.21850000,-71.37847000,-86.05984000
8.09265137,-89.98412000,-104.15670000,-67.95436000,-74.19427000
8.09326172,-88.00266000,-98.17361000,-68.35680000,-76.24663000
8.09387207,-84.01077000,-99.68398000,-73.39319000,-80.28308000
8.09448242,-81.66805000,-98.71415000,-74.74747000,-79.39318000
8.09509277,-80.17731000,-91.74327000,-70.05789000,-82.70176000
8.09570313,-78.63123000,-91.85676000,-66.47458000,-80.69379000
8.09631348,-87.78143000,-97.46729000,-68.84530000,-92.88260000
8.09692383,-74.21297000,-104.62610000,-69.40331000,-81.27804000
8.09753418,-75.05073000,-94.22954000,-74.64313000,-86.35684000
8.09814453,-83.30105000,-90.60165000,-76.16335000,-76.17851000
8.09875488,-85.48552000,-97.45268000,-73.64940000,-71.34424000
8.09936523,-80.90225000,-96.65530000,-72.99010000,-71.39649000
8.09997559,-80.80711000,-90.19188000,-77.27088000,-68.17117000
8.10058594,-78.89746000,-87.89314000,-77.93919000,-70.83276000
8.10119629,-81.01714000,-87.72668000,-80.75595000,-79.56552000
8.10180664,-81.06910000,-94.13667000,-75.67210000,-79.74586000
8.10241699,-76.71813000,-97.57300000,-72.32531000,-72.04977000
8.10302734,-74.75204000,-94.87469000,-81.60707000,-79.83229000
8.10363770,-76.69054000,-105.65480000,-77.17477000,-77.24941000
8.10424805,-80.05752000,-97.37693000,-84.23206000,-70.81317000
8.10485840,-81.12251000,-93.43388000,-81.73104000,-71.25287000
8.10546875,-80.44486000,-89.79057000,-84.45270000,-89.15554000
8.10607910,-90.39711000,-94.18385000,-82.39740000,-71.01630000
8.10668945,-77.84057000,-102.02840000,-76.38457000,-72.41887000
8.10729980,-74.91208000,-106.15960000,-89.40385000,-83.17906000
8.10791016,-81.57846000,-95.38918000,-83.67348000,-78.12601000
8.10852051,-83.85853000,-92.56589000,-82.91087000,-85.44405000
8.10913086,-80.26265000,-89.59134000,-81.76685000,-76.56488000
8.10974121,-76.12180000,-91.81848000,-71.25986000,-67.98114000
8.11035156,-78.75591000,-94.09573000,-68.32632000,-66.49586000
8.11096191,-85.04572000,-91.51470000,-68.49639000,-69.03802000
8.11157227,-85.44532000,-89.77212000,-76.38747000,-73.50770000
8.11218262,-91.00444000,-89.97567000,-71.68709000,-72.69693000
8.11279297,-86.55641000,-91.44875000,-70.15397000,-75.52657000
8.11340332,-77.59338000,-93.54781000,-72.67734000,-76.16558000
8.11401367,-78.74490000,-91.20716000,-83.93462000,-73.82509000
8.11462402,-82.63376000,-89.92204000,-75.48519000,-80.34745000
8.11523438,-80.09361000,-92.39145000,-67.83159000,-75.95763000
8.11584473,-82.68956000,-91.68952000,-68.08879000,-75.15909000
8.11645508,-82.67775000,-90.98855000,-74.75532000,-74.81293000
8.11706543,-78.46105000,-89.70137000,-76.89565000,-72.64978000
8.11767578,-79.78188000,-90.67771000,-74.63294000,-79.16975000
8.11828613,-80.92563000,-94.63586000,-67.79439000,-74.38518000
8.11889648,-83.00491000,-94.32806000,-65.14787000,-71.65620000
8.11950684,-84.76549000,-104.63950000,-65.61544000,-72.58206000
8.12011719,-74.65006000,-90.71577000,-69.05836000,-68.47942000
8.12072754,-78.16418000,-91.06306000,-83.68766000,-68.45906000
8.12133789,-81.38239000,-97.12120000,-75.13309000,-74.83443000
8.12194824,-78.65649000,-114.44820000,-72.90910000,-75.12190000
8.12255859,-81.13249000,-97.38443000,-71.34289000,-70.70358000
8.12316895,-86.81866000,-94.08705000,-70.52796000,-75.99428000
8.12377930,-79.30891000,-115.51820000,-75.57978000,-85.01778000
8.12438965,-77.36330000,-97.45220000,-76.91348000,-81.91212000
8.12500000,-83.91144000,-102.65400000,-73.20646000,-71.14956000
8.12561035,-78.63390000,-96.98849000,-79.12103000,-67.44563000
8.12622070,-77.92533000,-97.17429000,-71.26295000,-68.32808000
8.12683105,-85.33433000,-92.30363000,-67.59513000,-68.87103000
8.12744141,-91.85422000,-91.65950000,-67.13110000,-73.81335000
8.12805176,-82.08966000,-93.49937000,-67.30849000,-74.66218000
8.12866211,-80.74792000,-104.45630000,-71.37425000,-70.18850000
8.12927246,-83.32700000,-103.30220000,-78.73116000,-75.86832000
8.12988281,-80.96788000,-92.38845000,-78.33881000,-77.10043000
8.13049316,-85.16809000,-89.89040000,-84.48637000,-74.11005000
8.13110352,-86.17253000,-92.07558000,-72.52383000,-71.11443000
8.13171387,-87.57257000,-95.05849000,-66.41118000,-73.94019000
8.13232422,-78.85722000,-92.63568000,-65.15984000,-78.55371000
8.13293457,-79.15349000,-92.97397000,-65.87843000,-74.51981000
8.13354492,-78.03925000,-95.72239000,-66.41400000,-76.01664000
8.13415527,-79.35327000,-94.47414000,-69.73702000,-77.70316000
8.13476563,-83.20009000,-102.52310000,-94.74821000,-79.96476000
8.13537598,-88.86802000,-90.26856000,-76.74583000,-83.13686000
8.13598633,-75.30941000,-90.56401000,-80.57892000,-86.51340000
8.13659668,-72.40661000,-92.08963000,-68.44497000,-84.81409000
8.13720703,-56.58764000,-73.37893000,-77.10136000,-68.12746000
8.13781738,-49.54132000,-66.79979000,-65.52962000,-61.78418000
8.13842773,-51.80280000,-68.89998000,-64.97809000,-63.52365000
8.13903809,-65.32116000,-79.71290000,-73.90019000,-71.94436000
8.13964844,-77.11179000,-97.26669000,-76.58723000,-82.96249000
8.14025879,-73.70242000,-94.55672000,-75.50960000,-72.80343000
8.14086914,-74.57738000,-100.48010000,-86.13629000,-70.27473000
8.14147949,-79.32264000,-96.64726000,-72.81364000,-76.74944000
8.14208984,-78.95383000,-98.14099000,-67.37823000,-79.36684000
8.14270020,-82.78569000,-99.38912000,-75.77822000,-71.97373000
8.14331055,-88.51903000,-93.45926000,-68.65141000,-71.07275000
8.14392090,-76.87919000,-94.12965000,-67.43517000,-69.27995000
8.14453125,-79.59097000,-114.60540000,-76.65497000,-71.48063000
8.14514160,-105.89240000,-90.83968000,-77.73378000,-83.68965000
8.14575195,-80.80057000,-91.50020000,-76.40710000,-79.81896000
8.14636230,-75.60668000,-103.94620000,-80.37390000,-73.22992000
8.14697266,-74.12849000,-104.12030000,-84.69331000,-74.41311000
8.14758301,-72.01325000,-92.09914000,-79.62495000,-78.57103000
8.14819336,-72.36433000,-88.54762000,-74.80336000,-84.22791000
8.14880371,-77.03314000,-89.78961000,-71.85657000,-82.86639000
8.14941406,-85.21384000,-89.24434000,-67.48357000,-74.01866000
8.15002441,-85.61333000,-89.39075000,-67.55040000,-74.58631000
8.15063477,-84.70051000,-95.01897000,-74.81422000,-80.75293000
8.15124512,-81.06133000,-95.52750000,-77.61945000,-86.10234000
8.15185547,-83.24347000,-91.00148000,-72.01865000,-76.62185000
8.15246582,-91.31950000,-91.69861000,-73.06490000,-75.22361000
8.15307617,-89.88612000,-94.42567000,-80.97164000,-74.34591000
8.15368652,-82.92423000,-94.69107000,-81.77746000,-71.51894000
8.15429688,-78.74051000,-90.57732000,-73.84977000,-72.88421000
8.15490723,-78.71120000,-87.32181000,-71.69989000,-73.66908000
8.15551758,-83.31254000,-87.76625000,-75.85448000,-75.13234000
8.15612793,-83.19644000,-89.15344000,-77.71323000,-72.01271000
8.15673828,-79.62320000,-91.06606000,-72.11615000,-73.29374000
8.15734863,-77.36423000,-92.99529000,-71.63522000,-74.85223000
8.15795898,-82.61468000,-92.95531000,-83.48012000,-82.03230000
8.15856934,-80.63530000,-91.25881000,-76.32651000,-85.43496000
8.15917969,-83.12145000,-90.27393000,-71.96674000,-90.33372000
8.15979004,-82.92319000,-95.66161000,-87.35958000,-83.08074000
8.16040039,-80.00418000,-92.35057000,-69.50091000,-75.06539000
8.16101074,-93.85459000,-92.73016000,-68.96844000,-72.55893000
8.16162109,-83.92508000,-93.76809000,-71.62258000,-77.09665000
8.16223145,-78.29488000,-102.27810000,-70.43227000,-70.40006000
8.16284180,-67.94615000,-98.28059000,-66.50839000,-69.45270000
8.16345215,-63.25332000,-98.45042000,-65.10998000,-70.45156000
8.16406250,-67.21910000,-105.15650000,-73.64368000,-68.29533000
8.16467285,-76.98963000,-96.48863000,-74.04010000,-71.59316000
8.16528320,-100.46680000,-108.62750000,-66.55387000,-84.74622000
8.16589355,-78.09423000,-92.37571000,-65.67702000,-81.81636000
8.16650391,-78.75067000,-90.90855000,-69.92560000,-76.93902000
8.16711426,-81.57716000,-91.22521000,-68.73089000,-82.70058000
8.16772461,-78.45487000,-91.24025000,-65.43825000,-73.19080000
8.16833496,-83.68511000,-89.80523000,-66.75132000,-77.90281000
8.16894531,-79.43984000,-88.72070000,-69.60320000,-77.35844000
8.16955566,-75.81674000,-90.45071000,-77.39424000,-85.35465000
8.17016602,-80.58595000,-90.60521000,-90.12080000,-73.96597000
8.17077637,-94.14517000,-90.83851000,-76.92770000,-69.92245000
8.17138672,-83.29037000,-98.96783000,-71.00880000,-71.90191000
8.17199707,-77.51832000,-99.63220000,-71.82478000,-76.74536000
8.17260742,-76.27529000,-99.08902000,-68.94121000,-78.78803000
8.17321777,-77.94306000,-100.39430000,-69.98156000,-80.33561000
8.17382813,-82.67922000,-100.34250000,-71.68847000,-76.04937000
8.17443848,-85.12490000,-91.53452000,-73.71482000,-84.03724000
8.17504883,-82.47908000,-87.38700000,-70.68684000,-78.21490000
8.17565918,-83.48808000,-89.70274000,-67.25953000,-87.13479000
8.17626953,-75.54170000,-97.25532000,-68.56145000,-73.09885000
8.17687988,-76.67319000,-98.90121000,-69.50587000,-79.61157000
8.17749023,-81.26595000,-90.66246000,-69.84911000,-74.49745000
8.17810059,-72.86250000,-89.41730000,-81.48853000,-76.11625000
8.17871094,-71.42749000,-96.59305000,-81.60960000,-88.18661000
8.17932129,-73.38747000,-95.90672000,-82.54286000,-83.48701000
8.17993164,-76.93946000,-91.64247000,-83.07703000,-80.22605000
8.18054199,-77.21249000,-93.91559000,-76.44515000,-75.67362000
8.18115234,-73.80978000,-108.63870000,-67.88713000,-72.72888000
8.18176270,-73.25265000,-93.89671000,-66.79548000,-72.40605000
8.18237305,-81.40845000,-93.73763000,-70.43282000,-77.66392000
8.18298340,-81.14690000,-107.26440000,-75.28614000,-85.97835000
8.18359375,-78.08468000,-101.41340000,-82.45757000,-78.70341000
8.18420410,-77.02003000,-101.99700000,-80.53094000,-70.57922000
8.18481445,-77.19238000,-104.64910000,-70.60738000,-71.15932000
8.18542480,-82.89012000,-96.56947000,-65.71851000,-73.81667000
8.18603516,-88.32494000,-95.16136000,-66.39775000,-76.42207000
8.18664551,-90.00237000,-114.36220000,-69.31017000,-80.55996000
8.18725586,-82.93037000,-110.42850000,-73.60927000,-78.40134000
8.18786621,-77.84582000,-96.88756000,-81.32748000,-76.06906000
8.18847656,-75.54807000,-96.65582000,-74.22204000,-85.82693000
8.18908691,-74.92708000,-109.40730000,-91.58376000,-81.10994000
8.18969727,-76.28483000,-93.65879000,-70.52840000,-89.55860000
8.19030762,-77.41849000,-89.18852000,-67.68519000,-85.70355000
8.19091797,-78.14414000,-91.35921000,-74.16016000,-86.62381000
8.19152832,-81.24068000,-91.27798000,-74.19583000,-79.12689000
8.19213867,-82.10593000,-92.46002000,-72.00570000,-73.11528000
8.19274902,-81.99276000,-92.54640000,-67.45213000,-80.99046000
8.19335938,-80.58091000,-89.68116000,-70.89058000,-79.37675000
8.19396973,-83.00444000,-88.54854000,-82.22363000,-80.23218000
8.19458008,-81.29755000,-86.95996000,-79.26197000,-82.52063000
8.19519043,-79.31068000,-86.64565000,-71.19737000,-75.82205000
8.19580078,-76.52122000,-89.88204000,-71.72115000,-69.40553000
8.19641113,-75.74973000,-95.25359000,-69.62701000,-66.77958000
8.19702148,-79.96789000,-101.38750000,-67.13050000,-68.55490000
8.19763184,-89.83376000,-96.77565000,-71.24918000,-71.14009000
8.19824219,-88.42720000,-94.26799000,-72.26350000,-75.03731000
8.19885254,-76.30629000,-94.49035000,-66.30553000,-78.06209000
8.19946289,-73.03989000,-89.53181000,-67.40866000,-74.81452000
8.20007324,-73.14406000,-93.69274000,-67.49601000,-75.81007000
8.20068359,-75.47500000,-100.02450000,-67.39198000,-92.61636000
8.20129395,-80.48425000,-115.53150000,-66.27054000,-73.95638000
8.20190430,-77.86778000,-92.94165000,-69.12494000,-73.06413000
8.20251465,-85.11011000,-96.71216000,-74.40656000,-80.61835000
8.20312500,-84.62547000,-98.04676000,-70.72293000,-99.05675000
8.20373535,-73.31468000,-98.35135000,-75.34068000,-77.09596000
8.20434570,-75.75294000,-126.66710000,-70.28328000,-72.51134000
8.20495605,-72.37524000,-102.11870000,-74.01786000,-71.81871000
8.20556641,-66.86560000,-105.95580000,-84.05295000,-66.88776000
8.20617676,-69.53782000,-103.16150000,-74.14084000,-68.41951000
8.20678711,-76.48637000,-108.67810000,-70.31049000,-74.23071000
8.20739746,-77.00089000,-99.89568000,-81.03745000,-90.09399000
8.20800781,-76.88452000,-104.82530000,-71.23248000,-76.87805000
8.20861816,-66.54893000,-107.73550000,-69.04906000,-73.88416000
8.20922852,-66.25980000,-101.79300000,-72.29617000,-70.89440000
8.20983887,-69.26616000,-96.42788000,-78.89993000,-71.98441000
8.21044922,-63.53490000,-96.72902000,-78.14776000,-87.64351000
8.21105957,-63.27374000,-102.42150000,-81.67213000,-79.03297000
8.21166992,-70.06184000,-99.49551000,-71.52678000,-77.21307000
8.21228027,-73.11257000,-94.25638000,-72.47414000,-85.59943000
8.21289063,-72.33561000,-91.31154000,-70.25726000,-84.45290000
8.21350098,-73.57672000,-96.79139000,-71.70375000,-73.03905000
8.21411133,-75.91383000,-99.54918000,-84.42354000,-70.86887000
8.21472168,-74.24037000,-91.18095000,-75.07239000,-76.90153000
8.21533203,-75.12407000,-88.58789000,-81.44034000,-78.07957000
8.21594238,-83.88208000,-94.39299000,-69.77486000,-78.91530000
8.21655273,-85.65281000,-94.89458000,-69.70897000,-92.14364000
8.21716309,-79.19179000,-89.19336000,-73.46954000,-80.81100000
8.21777344,-84.08814000,-92.60499000,-74.10781000,-91.14757000
8.21838379,-82.41180000,-98.27744000,-73.86636000,-73.13661000
8.21899414,-77.55300000,-97.54474000,-83.21135000,-69.52338000
8.21960449,-75.26501000,-95.59303000,-77.40052000,-71.93580000
8.22021484,-75.89510000,-89.72572000,-79.38521000,-75.92796000
8.22082520,-75.24419000,-91.69292000,-78.49041000,-73.58314000
8.22143555,-73.44736000,-98.57085000,-70.85583000,-71.96724000
8.22204590,-77.29597000,-89.91211000,-78.74586000,-71.75346000
8.22265625,-88.93729000,-90.24094000,-74.70445000,-75.04488000
8.22326660,-100.90150000,-93.55977000,-72.16394000,-84.51237000
8.22387695,-89.91264000,-97.25999000,-71.74115000,-78.09444000
8.22448730,-86.88297000,-97.39926000,-69.69179000,-74.65811000
8.22509766,-87.78003000,-91.26025000,-69.76565000,-75.08998000
8.22570801,-80.11826000,-93.30803000,-70.09486000,-86.79111000
8.22631836,-83.71532000,-97.13324000,-71.00224000,-72.19871000
8.22692871,-80.73285000,-96.35872000,-74.77174000,-70.70183000
8.22753906,-76.99393000,-86.98473000,-69.78008000,-76.80556000
8.22814941,-70.05765000,-85.23972000,-68.42307000,-80.11674000
8.22875977,-71.16269000,-92.10892000,-71.40273000,-87.90508000
8.22937012,-76.14750000,-92.30301000,-72.06355000,-72.68021000
8.22998047,-79.13303000,-94.49372000,-72.96561000,-74.32638000
8.23059082,-80.21160000,-97.19314000,-72.28163000,-73.16815000
8.23120117,-80.45766000,-93.59663000,-71.59692000,-70.61230000
8.23181152,-78.05562000,-90.28018000,-68.91283000,-68.97075000
8.23242188,-82.00130000,-88.63204000,-69.46939000,-68.06168000
8.23303223,-87.57382000,-89.50757000,-68.58614000,-71.45036000
8.23364258,-79.08560000,-95.76268000,-64.47728000,-74.10678000
8.23425293,-77.82887000,-94.63965000,-65.06619000,-78.59248000
8.23486328,-82.67166000,-95.10964000,-68.10120000,-79.96310000
8.23547363,-78.26872000,-114.72710000,-68.73739000,-75.40923000
8.23608398,-78.07999000,-100.95010000,-68.31128000,-72.46439000
8.23669434,-85.76971000,-100.56850000,-66.99911000,-69.84938000
8.23730469,-78.75011000,-91.43861000,-70.91026000,-70.68907000
8.23791504,-74.74234000,-97.62788000,-77.71437000,-75.28310000
8.23852539,-75.25804000,-112.41940000,-68.06917000,-80.02952000
8.23913574,-82.17665000,-93.20361000,-68.78309000,-101.59980000
8.23974609,-91.97330000,-89.41108000,-70.78315000,-75.64700000
8.24035645,-80.89616000,-89.18089000,-66.06762000,-71.70093000
8.24096680,-74.87656000,-88.82130000,-67.42135000,-70.39422000
8.24157715,-75.50019000,-92.94415000,-79.45435000,-69.79250000
8.24218750,-79.03738000,-108.53890000,-68.69200000,-69.04520000
8.24279785,-81.87358000,-97.55707000,-64.58494000,-70.40950000
8.24340820,-78.03461000,-109.75900000,-69.70067000,-81.77090000
8.24401855,-78.69975000,-94.59401000,-74.53921000,-75.21051000
8.24462891,-79.95502000,-93.09381000,-64.71378000,-75.59808000
8.24523926,-75.77454000,-93.14957000,-62.34668000,-96.18063000
8.24584961,-86.95626000,-98.46495000,-68.67178000,-75.60551000
8.24645996,-72.82771000,-94.93992000,-74.62756000,-77.24585000
8.24707031,-72.50879000,-89.97238000,-82.15222000,-81.81001000
8.24768066,-81.82114000,-92.03645000,-78.55792000,-72.31066000
8.24829102,-76.31147000,-94.26316000,-68.38223000,-69.31783000
8.24890137,-76.85298000,-98.85721000,-66.99446000,-69.55326000
8.24951172,-85.11452000,-98.25916000,-70.30127000,-72.97989000
8.25012207,-87.96571000,-98.61288000,-70.59264000,-82.87502000
8.25073242,-86.95154000,-107.74920000,-69.59415000,-82.70829000
8.25134277,-93.04790000,-116.13070000,-72.66710000,-78.71620000
8.25195313,-79.34764000,-96.18896000,-72.57060000,-73.15327000
8.25256348,-77.30769000,-94.03949000,-66.61045000,-73.35471000
8.25317383,-82.00074000,-87.09332000,-68.85863000,-73.65973000
8.25378418,-79.99299000,-86.27747000,-75.37669000,-79.18609000
8.25439453,-75.10220000,-94.53690000,-75.34241000,-86.33213000
8.25500488,-77.13911000,-90.45589000,-73.24113000,-76.53122000
8.25561523,-79.71389000,-92.73575000,-83.15507000,-70.51019000
8.25622559,-79.61468000,-103.31270000,-73.75568000,-69.87726000
8.25683594,-78.82522000,-94.27800000,-81.03722000,-77.88824000
8.25744629,-78.66730000,-93.76431000,-78.67181000,-75.89580000
8.25805664,-77.81669000,-88.83842000,-75.66751000,-70.53326000
8.25866699,-77.84373000,-91.47530000,-70.89185000,-75.13803000
8.25927734,-78.02113000,-94.59570000,-68.91208000,-76.86589000
8.25988770,-77.63314000,-93.27309000,-68.79845000,-76.65143000
8.26049805,-78.64411000,-92.46781000,-75.44734000,-77.47955000
8.26110840,-76.21585000,-91.05954000,-77.69730000,-75.76040000
8.26171875,-78.82152000,-94.13747000,-72.89848000,-79.13768000
8.26232910,-88.41145000,-99.15795000,-78.13865000,-77.39207000
8.26293945,-84.83498000,-96.95338000,-76.30522000,-77.27424000
8.26354980,-78.49703000,-99.70839000,-69.42262000,-73.22897000
8.26416016,-77.41516000,-103.31850000,-65.07322000,-68.85687000
8.26477051,-78.97488000,-95.65400000,-68.53731000,-70.05170000
8.26538086,-80.23112000,-95.55210000,-74.82644000,-73.55242000
8.26599121,-79.88113000,-90.92442000,-71.34952000,-80.84736000
8.26660156,-80.53258000,-88.57549000,-70.77838000,-76.50334000
8.26721191,-78.69391000,-91.44248000,-81.14909000,-78.45981000
8.26782227,-77.64985000,-97.27109000,-81.24017000,-76.61858000
8.26843262,-79.79948000,-99.91227000,-72.85165000,-76.44340000
8.26904297,-79.48779000,-94.26955000,-67.68653000,-71.61040000
8.26965332,-77.68995000,-91.58946000,-69.68225000,-68.78960000
8.27026367,-74.24728000,-90.79935000,-79.14368000,-70.46512000
8.27087402,-72.10175000,-90.89380000,-81.76956000,-77.66740000
8.27148438,-73.51216000,-97.69733000,-82.89473000,-77.79969000
8.27209473,-76.91095000,-94.17587000,-79.73602000,-71.95052000
8.27270508,-78.12785000,-95.13475000,-81.16805000,-72.31624000
8.27331543,-80.61558000,-95.64897000,-81.10696000,-91.98699000
8.27392578,-84.85511000,-90.14375000,-70.13636000,-71.92622000
8.27453613,-79.18968000,-90.31811000,-69.65678000,-73.31933000
8.27514648,-82.92868000,-91.32279000,-70.05111000,-73.71478000
8.27575684,-88.13351000,-92.48248000,-69.64168000,-71.97021000
8.27636719,-82.18359000,-92.49986000,-71.88144000,-72.65608000
8.27697754,-73.16248000,-94.43193000,-70.86394000,-83.92712000
8.27758789,-73.52086000,-104.37020000,-69.75733000,-71.40939000
8.27819824,-77.20158000,-98.77191000,-66.99282000,-69.71927000
8.27880859,-76.58290000,-95.04701000,-68.12262000,-71.46750000
8.27941895,-76.37645000,-88.53488000,-66.80585000,-71.25951000
8.28002930,-79.20953000,-88.21400000,-65.91417000,-80.23911000
8.28063965,-86.68690000,-90.05982000,-72.54635000,-74.65384000
8.28125000,-79.59576000,-87.34356000,-67.33390000,-70.72101000
8.28186035,-78.59213000,-86.17390000,-64.05276000,-72.30267000
8.28247070,-89.22080000,-87.64700000,-73.68138000,-79.54772000
8.28308105,-74.55044000,-88.10124000,-68.90938000,-71.89543000
8.28369141,-72.53651000,-91.38025000,-80.91514000,-69.63873000
8.28430176,-77.24448000,-90.37194000,-69.82400000,-75.84869000
8.28491211,-83.86900000,-94.78217000,-68.71276000,-74.70912000
8.28552246,-78.91501000,-93.03429000,-85.10497000,-93.66258000
8.28613281,-72.96382000,-86.75294000,-72.28677000,-74.86954000
8.28674316,-70.90968000,-85.96870000,-73.11417000,-71.84086000
8.28735352,-72.56019000,-93.47476000,-73.24380000,-75.68829000
8.28796387,-77.76662000,-100.47830000,-69.78934000,-87.02672000
8.28857422,-78.06438000,-99.33652000,-67.91772000,-84.04031000
8.28918457,-77.33268000,-90.61550000,-70.67526000,-83.16791000
8.28979492,-79.51833000,-91.73187000,-71.03111000,-78.19592000
8.29040527,-78.74924000,-104.80000000,-67.65132000,-74.96207000
8.29101563,-73.84666000,-93.92402000,-67.07056000,-72.20314000
8.29162598,-72.37724000,-98.18848000,-67.97782000,-77.60145000
8.29223633,-75.47014000,-110.70690000,-70.64403000,-77.18515000
8.29284668,-85.71761000,-99.72838000,-74.73534000,-73.66591000
8.29345703,-86.77151000,-102.55890000,-71.26135000,-77.63817000
8.29406738,-83.81427000,-90.91043000,-73.38574000,-75.48892000
8.29467773,-87.61275000,-89.38960000,-81.79398000,-71.97511000
8.29528809,-87.94724000,-96.44450000,-78.91478000,-81.27655000
8.29589844,-77.52128000,-94.79152000,-81.10925000,-69.13042000
8.29650879,-78.84770000,-90.51767000,-108.78990000,-67.65624000
8.29711914,-84.43658000,-93.55582000,-78.28647000,-68.78461000
8.29772949,-72.27996000,-95.96810000,-70.96943000,-68.88380000
8.29833984,-71.83938000,-93.34045000,-69.87531000,-72.36695000
8.29895020,-85.58130000,-94.42697000,-69.95033000,-78.20700000
8.29956055,-79.13264000,-94.96341000,-71.84561000,-75.62303000
8.30017090,-78.54884000,-90.04288000,-80.64330000,-76.16589000
8.30078125,-80.75230000,-89.47994000,-80.15011000,-71.23557000
8.30139160,-83.58215000,-88.30920000,-73.47418000,-70.17091000
8.30200195,-78.87542000,-86.16871000,-79.20808000,-74.04581000
8.30261230,-79.33329000,-91.43208000,-71.29678000,-75.73436000
8.30322266,-78.83724000,-109.70470000,-70.17496000,-74.35089000
8.30383301,-80.75266000,-94.50130000,-76.72433000,-75.99879000
8.30444336,-79.34711000,-93.42754000,-73.92699000,-79.45055000
8.30505371,-77.24014000,-97.86889000,-72.80136000,-93.11250000
8.30566406,-75.64225000,-104.77990000,-72.28900000,-75.92010000
8.30627441,-74.11202000,-102.83640000,-70.89833000,-79.34825000
8.30688477,-73.64379000,-94.12952000,-74.10634000,-77.40855000
8.30749512,-76.73566000,-96.89416000,-71.93094000,-70.96256000
8.30810547,-78.32866000,-93.46246000,-72.54430000,-71.72337000
8.30871582,-73.26432000,-99.92031000,-76.57584000,-76.92267000
8.30932617,-73.01186000,-109.26680000,-73.69057000,-77.28410000
8.30993652,-76.34972000,-98.78767000,-69.43454000,-86.11480000
8.31054688,-78.64560000,-92.91301000,-68.87827000,-72.00665000
8.31115723,-80.45844000,-92.03930000,-78.37791000,-68.15286000
8.31176758,-79.39492000,-94.66933000,-76.11972000,-74.40588000
8.31237793,-79.84212000,-98.46855000,-84.94469000,-72.98244000
8.31298828,-79.10313000,-97.34149000,-74.52844000,-72.07648000
8.31359863,-77.65004000,-93.52410000,-74.13056000,-78.05347000
8.31420898,-78.56088000,-84.47524000,-72.73162000,-81.70000000
8.31481934,-89.37845000,-82.59972000,-71.68285000,-75.48852000
8.31542969,-87.00932000,-87.00278000,-75.83127000,-77.78697000
8.31604004,-80.24467000,-118.28940000,-70.53483000,-83.12702000
8.31665039,-72.45094000,-88.25804000,-67.60318000,-82.67801000
8.31726074,-72.18414000,-84.37595000,-77.63777000,-78.73441000
8.31787109,-78.61101000,-86.49323000,-75.74747000,-72.92007000
8.31848145,-94.48150000,-90.45150000,-70.57166000,-73.83353000
8.31909180,-82.46101000,-94.27456000,-70.52381000,-83.75640000
8.31970215,-85.04917000,-94.72400000,-71.81540000,-79.91301000
8.32031250,-84.00214000,-95.03012000,-76.96011000,-73.87450000
8.32092285,-80.19746000,-102.87340000,-73.58412000,-70.00480000
8.32153320,-77.37738000,-92.80630000,-70.51337000,-69.91222000
8.32214355,-77.67792000,-94.03542000,-69.88718000,-70.72246000
8.32275391,-84.06963000,-109.14400000,-67.93430000,-75.78706000
8.32336426,-80.98344000,-104.13540000,-66.41560000,-73.77905000
8.32397461,-88.84925000,-89.09804000,-68.51978000,-69.55840000
8.32458496,-79.87884000,-85.43541000,-74.24846000,-77.94526000
8.32519531,-87.95200000,-89.41518000,-82.96411000,-72.46291000
8.32580566,-81.89772000,-107.34540000,-70.91965000,-69.36576000
8.32641602,-77.30871000,-92.29424000,-71.44946000,-75.06351000
8.32702637,-80.08262000,-87.42519000,-76.10670000,-78.06784000
8.32763672,-81.66759000,-87.59171000,-80.37460000,-83.02017000
8.32824707,-80.93467000,-92.32155000,-79.82629000,-74.48228000
8.32885742,-90.99633000,-87.31728000,-74.19724000,-70.15779000
8.32946777,-80.47921000,-88.02865000,-73.19053000,-65.84186000
8.33007813,-78.90373000,-91.45901000,-73.85990000,-65.80179000
8.33068848,-82.19705000,-89.17107000,-81.87237000,-71.39594000
8.33129883,-83.16229000,-87.89992000,-75.25632000,-76.96326000
8.33190918,-74.05471000,-91.57822000,-67.40063000,-79.14249000
8.33251953,-72.89995000,-95.75266000,-67.33912000,-76.46090000
8.33312988,-75.01309000,-89.45421000,-67.22770000,-78.72358000
8.33374023,-74.86473000,-88.07517000,-66.57947000,-105.35840000
8.33435059,-74.17786000,-88.78690000,-70.55725000,-78.92078000
8.33496094,-77.37466000,-91.02973000,-78.34045000,-70.82292000
8.33557129,-79.95773000,-95.67471000,-76.12128000,-70.65510000
8.33618164,-79.48306000,-92.60686000,-78.32537000,-76.66357000
8.33679199,-74.28059000,-91.76019000,-77.84145000,-76.24728000
8.33740234,-70.08842000,-100.91780000,-71.81533000,-73.17815000
8.33801270,-72.65282000,-101.23020000,-71.33218000,-73.27094000
8.33862305,-82.58041000,-92.67282000,-68.58894000,-86.43067000
8.33923340,-71.21604000,-94.15747000,-69.02129000,-72.22543000
8.33984375,-72.16435000,-101.59440000,-68.80331000,-70.52520000
8.34045410,-70.98354000,-100.95420000,-68.62048000,-77.64175000
8.34106445,-68.39286000,-104.36610000,-70.07843000,-82.46754000
8.34167480,-73.84226000,-96.34629000,-68.60490000,-77.25388000
8.34228516,-75.95201000,-91.91301000,-69.18141000,-72.62412000
8.34289551,-76.08848000,-88.15002000,-73.86077000,-73.16064000
8.34350586,-76.13602000,-86.36214000,-74.04937000,-75.46334000
8.34411621,-78.98512000,-87.33613000,-78.72042000,-78.95470000
8.34472656,-84.29760000,-90.01714000,-83.38176000,-77.50426000
8.34533691,-91.01989000,-88.58540000,-76.76318000,-74.17310000
8.34594727,-91.37650000,-92.86824000,-75.21770000,-81.81506000
8.34655762,-92.40250000,-95.44224000,-80.57112000,-78.74362000
8.34716797,-78.86913000,-102.79460000,-75.99815000,-74.96128000
8.34777832,-73.23520000,-93.22028000,-85.57489000,-72.53932000
8.34838867,-77.01520000,-90.92068000,-75.65420000,-73.04702000
8.34899902,-93.89383000,-96.61412000,-70.05474000,-78.49541000
8.34960938,-79.17894000,-97.56660000,-74.16599000,-78.73145000
8.35021973,-82.47750000,-92.95335000,-75.74067000,-76.93259000
8.35083008,-83.21877000,-96.04254000,-70.39690000,-74.66279000
8.35144043,-83.13222000,-93.30123000,-67.95028000,-74.35510000
8.35205078,-78.09622000,-92.19848000,-70.67407000,-76.88875000
8.35266113,-75.68810000,-98.59127000,-71.31483000,-78.27518000
8.35327148,-79.76636000,-94.98031000,-70.62772000,-73.88612000
8.35388184,-84.65104000,-93.22297000,-71.34136000,-71.82781000
8.35449219,-77.07943000,-94.39475000,-70.76276000,-73.29379000
8.35510254,-72.19934000,-90.46276000,-69.59688000,-79.74237000
8.35571289,-72.50002000,-91.34976000,-70.44105000,-80.82756000
8.35632324,-76.37999000,-105.47230000,-74.11244000,-95.83947000
8.35693359,-76.99227000,-95.89116000,-69.50955000,-81.86592000
8.35754395,-76.85828000,-92.16240000,-70.25744000,-83.51897000
8.35815430,-77.97720000,-96.73582000,-70.25430000,-78.50509000
8.35876465,-84.13098000,-109.74460000,-70.24134000,-80.00317000
8.35937500,-78.33781000,-100.41360000,-75.82452000,-81.52523000
8.35998535,-78.58632000,-89.82682000,-80.22231000,-73.60049000
8.36059570,-87.99135000,-87.10387000,-82.23827000,-74.94031000
8.36120605,-78.99477000,-90.82037000,-73.02529000,-74.52173000
8.36181641,-86.78239000,-89.74228000,-70.51689000,-74.38246000
8.36242676,-79.94859000,-87.86290000,-70.85777000,-78.05194000
8.36303711,-76.52281000,-96.17807000,-70.76234000,-77.18046000
8.36364746,-77.69998000,-90.13375000,-67.15273000,-86.11159000
8.36425781,-77.77211000,-89.57771000,-65.11748000,-76.11916000
8.36486816,-76.23846000,-94.42669000,-66.50911000,-77.93198000
8.36547852,-77.08260000,-95.52625000,-70.55827000,-72.96372000
8.36608887,-89.49207000,-94.17017000,-82.43370000,-67.71133000
8.36669922,-103.84260000,-100.07760000,-87.87228000,-68.23676000
8.36730957,-102.78250000,-103.74230000,-72.13901000,-70.85851000
8.36791992,-86.29080000,-106.80640000,-68.57211000,-71.76884000
8.36853027,-82.70210000,-90.64549000,-65.84785000,-73.55167000
8.36914063,-83.89540000,-87.99918000,-64.24331000,-85.54139000
8.36975098,-80.36362000,-105.55250000,-67.67096000,-77.68053000
8.37036133,-74.36308000,-89.64322000,-78.02719000,-72.44342000
8.37097168,-74.67500000,-88.40878000,-87.71011000,-70.51062000
8.37158203,-75.61670000,-92.60879000,-83.64533000,-75.98647000
8.37219238,-78.42874000,-100.14530000,-82.36064000,-82.13593000
8.37280273,-83.01195000,-97.00881000,-81.25969000,-74.38070000
8.37341309,-79.94436000,-99.10127000,-78.54222000,-70.05241000
8.37402344,-78.28692000,-98.19839000,-72.14490000,-68.99004000
8.37463379,-81.52736000,-93.56221000,-70.32845000,-69.49008000
8.37524414,-84.22730000,-96.96764000,-72.20157000,-69.80797000
8.37585449,-85.42964000,-100.54780000,-74.92954000,-70.89752000
8.37646484,-83.29536000,-93.51767000,-84.68382000,-75.24526000
8.37707520,-85.19256000,-94.58049000,-67.69295000,-76.15650000
8.37768555,-79.30539000,-88.22566000,-67.83851000,-74.59534000
8.37829590,-78.93726000,-87.94576000,-73.54018000,-77.46220000
8.37890625,-78.48579000,-91.57408000,-79.03458000,-76.23882000
8.37951660,-74.63093000,-94.49510000,-76.95728000,-76.91893000
8.38012695,-76.34277000,-93.16139000,-72.51933000,-79.08673000
8.38073730,-84.52437000,-95.60086000,-66.15425000,-76.35989000
8.38134766,-81.60692000,-84.98372000,-70.78839000,-79.35854000
8.38195801,-75.44301000,-82.98279000,-73.11906000,-77.29138000
8.38256836,-77.12043000,-85.16963000,-67.76192000,-76.85075000
8.38317871,-78.37277000,-89.38816000,-66.85983000,-80.89798000
8.38378906,-78.84741000,-95.31392000,-68.59975000,-75.59502000
8.38439941,-81.30853000,-91.69319000,-75.84161000,-86.15154000
8.38500977,-83.02718000,-92.89158000,-77.79113000,-78.54016000
8.38562012,-87.52805000,-92.89669000,-81.80350000,-74.14836000
8.38623047,-85.77989000,-99.18115000,-72.63589000,-72.09220000
8.38684082,-85.96897000,-95.19070000,-71.12535000,-74.76560000
8.38745117,-85.42975000,-93.14050000,-69.36898000,-81.43079000
8.38806152,-80.66954000,-92.67619000,-70.87782000,-75.67177000
8.38867188,-80.96503000,-87.79496000,-71.07743000,-76.94768000
8.38928223,-79.77420000,-86.99799000,-68.86996000,-68.70852000
8.38989258,-76.70007000,-91.87094000,-69.58558000,-68.52775000
8.39050293,-77.65764000,-107.87870000,-72.58506000,-69.28766000
8.39111328,-78.67874000,-92.17192000,-75.57211000,-69.66778000
8.39172363,-80.68246000,-90.95874000,-75.01060000,-73.68910000
8.39233398,-85.05268000,-91.75562000,-72.22168000,-83.95214000
8.39294434,-79.94462000,-96.51532000,-69.52605000,-81.51012000
8.39355469,-78.61932000,-108.53020000,-71.49401000,-74.65173000
8.39416504,-83.80952000,-102.79610000,-82.82787000,-76.27643000
8.39477539,-87.00810000,-105.35340000,-79.19768000,-86.75915000
8.39538574,-91.02345000,-104.82470000,-69.80223000,-87.88293000
8.39599609,-79.60875000,-100.49340000,-70.94664000,-78.59425000
8.39660645,-78.98331000,-91.89339000,-72.67800000,-75.41760000
8.39721680,-80.22519000,-91.70480000,-77.83983000,-74.20434000
8.39782715,-83.87910000,-96.25473000,-76.41035000,-73.03307000
8.39843750,-81.83898000,-91.94269000,-69.64700000,-75.08270000
8.39904785,-78.97163000,-91.26173000,-67.18874000,-83.11031000
8.39965820,-76.92327000,-91.71498000,-69.89584000,-94.78424000
8.40026855,-75.86334000,-98.98178000,-72.26088000,-85.65380000
8.40087891,-73.38447000,-95.89044000,-71.64633000,-78.04154000
8.40148926,-70.62593000,-93.98705000,-76.65714000,-82.06470000
8.40209961,-70.26751000,-90.96446000,-84.74239000,-80.58716000
8.40270996,-73.50089000,-92.01577000,-75.50732000,-73.58294000
8.40332031,-80.75909000,-96.17999000,-72.69098000,-72.86861000
8.40393066,-89.34172000,-103.77780000,-69.49792000,-75.37631000
8.40454102,-80.54523000,-97.13424000,-67.08732000,-88.53986000
8.40515137,-76.53213000,-99.22604000,-72.67993000,-77.63628000
8.40576172,-76.24305000,-96.89200000,-71.67834000,-73.19434000
8.40637207,-74.92479000,-93.01121000,-66.38634000,-73.68803000
8.40698242,-78.18103000,-90.91550000,-67.48006000,-80.43556000
8.40759277,-82.82729000,-97.57683000,-73.25993000,-75.32987000
8.40820313,-84.88610000,-95.82230000,-75.47282000,-70.99448000
8.40881348,-78.22692000,-96.19836000,-71.39017000,-69.70380000
8.40942383,-75.75244000,-92.76921000,-72.03336000,-77.51860000
8.41003418,-74.96357000,-95.38417000,-74.65408000,-74.70915000
8.41064453,-79.32545000,-91.50124000,-75.72368000,-70.95868000
8.41125488,-84.34201000,-90.16086000,-73.14087000,-72.27106000
8.41186523,-76.47838000,-88.86502000,-77.91016000,-71.77655000
8.41247559,-80.28424000,-89.28363000,-75.91433000,-69.80659000
8.41308594,-86.27292000,-93.60489000,-71.45415000,-70.38158000
8.41369629,-76.82143000,-91.97457000,-71.14234000,-78.34171000
8.41430664,-76.96738000,-87.75171000,-75.99864000,-78.12704000
8.41491699,-81.38169000,-87.58447000,-70.66214000,-72.84334000
8.41552734,-79.66764000,-93.47515000,-65.34850000,-73.54422000
8.41613770,-83.75677000,-93.42142000,-64.21145000,-73.95348000
8.41674805,-79.70438000,-93.33246000,-65.60550000,-74.74992000
8.41735840,-78.75189000,-99.38454000,-68.09966000,-78.16738000
8.41796875,-78.98063000,-98.23379000,-75.01035000,-73.07450000
8.41857910,-77.87059000,-96.80648000,-84.56497000,-79.20885000
8.41918945,-84.15218000,-101.60840000,-75.06667000,-72.63210000
8.41979980,-77.22409000,-88.09924000,-72.48111000,-74.83784000
8.42041016,-79.53650000,-88.54312000,-68.94435000,-77.37936000
8.42102051,-93.69482000,-92.76425000,-67.24659000,-74.63139000
8.42163086,-92.93969000,-97.70116000,-70.73116000,-77.47037000
8.42224121,-78.75932000,-107.58740000,-75.00761000,-87.48227000
8.42285156,-75.67710000,-96.51332000,-89.33048000,-77.03582000
8.42346191,-78.91812000,-89.33036000,-74.66536000,-73.77202000
8.42407227,-83.07999000,-89.52913000,-72.06577000,-69.73769000
8.42468262,-79.48943000,-90.36004000,-68.91638000,-70.95692000
8.42529297,-75.93283000,-93.88920000,-66.13250000,-79.06270000
8.42590332,-80.87477000,-95.40141000,-67.66150000,-87.47224000
8.42651367,-90.86800000,-98.88551000,-72.64404000,-84.18077000
8.42712402,-79.67757000,-93.12766000,-79.68237000,-89.60464000
8.42773438,-75.13792000,-86.14711000,-76.60055000,-78.47291000
8.42834473,-74.04533000,-90.38972000,-69.42720000,-76.24783000
8.42895508,-74.37686000,-105.76940000,-63.33557000,-76.69684000
8.42956543,-77.10437000,-95.23770000,-64.37218000,-85.84190000
8.43017578,-76.23769000,-91.80004000,-66.24203000,-81.82097000
8.43078613,-74.57310000,-90.87122000,-67.81739000,-74.19265000
8.43139648,-79.21924000,-94.36929000,-70.35382000,-75.05605000
8.43200684,-85.77333000,-98.42549000,-78.49059000,-76.64255000
8.43261719,-78.83205000,-93.92978000,-80.67532000,-75.31058000
8.43322754,-86.13221000,-92.85611000,-74.63090000,-79.28513000
8.43383789,-78.95074000,-89.00506000,-76.86016000,-78.91867000
8.43444824,-82.09103000,-84.49169000,-78.65524000,-73.13384000
8.43505859,-84.84970000,-84.26950000,-71.85521000,-73.14984000
8.43566895,-81.00289000,-90.71104000,-71.80547000,-66.14521000
8.43627930,-82.32431000,-101.90710000,-70.74372000,-66.44556000
8.43688965,-72.81367000,-97.46159000,-67.72641000,-73.95240000
8.43750000,-60.06388000,-78.49203000,-69.20554000,-67.07884000
8.43811035,-56.79567000,-73.55427000,-66.43840000,-64.09506000
8.43872070,-62.47572000,-78.07829000,-67.37318000,-68.16735000
8.43933105,-77.14443000,-94.80647000,-71.28621000,-72.64035000
8.43994141,-75.65723000,-96.65199000,-84.85812000,-71.97672000
8.44055176,-74.39587000,-92.00766000,-69.74184000,-78.80984000
8.44116211,-76.77821000,-91.35627000,-69.83636000,-81.45197000
8.44177246,-81.04126000,-95.85236000,-69.63614000,-82.79245000
8.44238281,-86.61449000,-96.10117000,-74.03577000,-79.26170000
8.44299316,-84.37109000,-97.03958000,-80.72007000,-76.80259000
8.44360352,-82.07349000,-92.44464000,-75.02969000,-85.92515000
8.44421387,-82.90790000,-90.64800000,-70.93616000,-79.10286000
8.44482422,-79.03111000,-94.90585000,-75.38636000,-73.12476000
8.44543457,-79.67233000,-95.38319000,-75.08322000,-75.73943000
8.44604492,-70.83199000,-97.03665000,-68.25819000,-78.27880000
8.44665527,-70.16164000,-93.71512000,-69.73684000,-77.77083000
8.44726563,-74.12091000,-92.07246000,-66.94354000,-74.62080000
8.44787598,-75.26376000,-91.19638000,-63.53374000,-87.12051000
8.44848633,-85.80608000,-85.64774000,-67.98423000,-72.98380000
8.44909668,-81.37704000,-85.37640000,-82.08210000,-76.43985000
8.44970703,-82.26028000,-89.71802000,-74.42307000,-75.67898000
8.45031738,-87.40571000,-104.24650000,-69.20023000,-75.40247000
8.45092773,-82.21136000,-96.24747000,-70.97060000,-71.70106000
8.45153809,-81.65805000,-97.67877000,-78.88619000,-68.40104000
8.45214844,-82.07257000,-100.27530000,-71.20376000,-70.48846000
8.45275879,-77.20906000,-104.87740000,-72.10295000,-78.41226000
8.45336914,-75.88035000,-95.06298000,-69.88683000,-81.80331000
8.45397949,-76.20267000,-90.99499000,-65.92553000,-77.97352000
8.45458984,-76.85477000,-98.84808000,-67.10664000,-77.39860000
8.45520020,-78.51304000,-98.25653000,-76.21676000,-78.36028000
8.45581055,-78.50627000,-93.23654000,-79.12220000,-75.21347000
8.45642090,-83.43446000,-90.60558000,-75.17684000,-73.75623000
8.45703125,-85.25237000,-88.59366000,-73.00866000,-78.52729000
8.45764160,-81.06554000,-88.19901000,-72.08778000,-98.54554000
8.45825195,-85.25253000,-96.07520000,-76.45242000,-97.13715000
8.45886230,-82.56140000,-112.16900000,-74.86366000,-86.26281000
8.45947266,-80.30579000,-113.93890000,-74.23192000,-75.85405000
8.46008301,-86.65374000,-104.05730000,-70.71824000,-70.04258000
8.46069336,-85.55907000,-95.18746000,-70.13528000,-69.58500000
8.46130371,-80.23062000,-95.43591000,-87.05932000,-76.65134000
8.46191406,-76.70771000,-94.22009000,-68.71980000,-70.96257000
8.46252441,-76.77809000,-91.02896000,-66.26166000,-69.84737000
8.46313477,-79.80824000,-92.81787000,-67.39261000,-81.95116000
8.46374512,-82.38184000,-92.60235000,-65.93983000,-71.93254000
8.46435547,-86.88503000,-91.93656000,-64.99030000,-75.62051000
8.46496582,-83.87627000,-95.82236000,-67.56466000,-81.32182000
8.46557617,-76.64223000,-101.31070000,-75.84686000,-80.47919000
8.46618652,-75.38193000,-98.90627000,-79.93964000,-74.24444000
8.46679688,-73.68753000,-96.24930000,-79.42011000,-81.56158000
8.46740723,-73.59695000,-105.27550000,-78.87007000,-80.73745000
8.46801758,-79.37802000,-102.32160000,-69.74029000,-76.46439000
8.46862793,-85.20216000,-93.60358000,-69.54526000,-71.79595000
8.46923828,-85.89389000,-92.42242000,-79.80670000,-70.34252000
8.46984863,-81.03504000,-99.23695000,-71.54257000,-73.36694000
8.47045898,-77.93513000,-110.32590000,-76.25050000,-88.56467000
8.47106934,-79.23717000,-101.96160000,-73.03653000,-95.49997000
8.47167969,-84.79903000,-93.58971000,-71.72148000,-79.24643000
8.47229004,-78.28410000,-88.89642000,-73.61769000,-80.91479000
8.47290039,-78.93920000,-88.04414000,-92.88667000,-75.21884000
8.47351074,-86.76939000,-87.45894000,-71.39810000,-75.15771000
8.47412109,-81.79091000,-88.72604000,-70.67165000,-74.86421000
8.47473145,-72.74394000,-93.47451000,-75.70054000,-85.54355000
8.47534180,-70.86257000,-98.56632000,-75.10741000,-74.37415000
8.47595215,-73.92038000,-97.19775000,-72.38221000,-70.89560000
8.47656250,-79.47389000,-92.68680000,-88.57899000,-79.11683000
8.47717285,-83.35220000,-91.82331000,-87.37796000,-79.70648000
8.47778320,-80.23817000,-96.31890000,-77.30471000,-75.49046000
8.47839355,-97.52283000,-103.67250000,-75.67807000,-82.18744000
8.47900391,-83.66379000,-96.10083000,-85.50690000,-80.71463000
8.47961426,-88.28017000,-101.75900000,-68.92912000,-82.89430000
8.48022461,-80.62416000,-89.14610000,-64.33524000,-80.12708000
8.48083496,-83.68076000,-89.05570000,-64.15983000,-77.71460000
8.48144531,-78.68864000,-89.51847000,-71.32455000,-75.46693000
8.48205566,-76.71146000,-90.26978000,-77.90938000,-77.34720000
8.48266602,-77.53571000,-93.27086000,-68.77567000,-85.14867000
8.48327637,-78.18396000,-89.94453000,-68.40119000,-75.31213000
8.48388672,-80.84155000,-85.97889000,-72.91058000,-73.79958000
8.48449707,-86.39198000,-86.72227000,-77.38852000,-70.01250000
8.48510742,-82.38705000,-91.57677000,-68.37074000,-67.34622000
8.48571777,-78.54844000,-100.72910000,-64.71585000,-68.53938000
8.48632813,-77.09061000,-106.80380000,-65.88985000,-72.30689000
8.48693848,-81.05450000,-94.08352000,-67.92924000,-76.80637000
8.48754883,-80.52361000,-88.71698000,-66.07941000,-73.37424000
8.48815918,-85.19726000,-94.13960000,-65.83702000,-69.77836000
8.48876953,-79.93901000,-93.68099000,-74.75513000,-70.44665000
8.48937988,-75.92516000,-90.22965000,-76.18182000,-69.11314000
8.48999023,-77.02393000,-95.12779000,-72.29904000,-69.82721000
8.49060059,-85.93967000,-97.90105000,-74.89001000,-84.19594000
8.49121094,-80.02158000,-95.65922000,-67.81333000,-73.65210000
8.49182129,-76.73870000,-99.63165000,-65.66647000,-74.85763000
8.49243164,-73.09844000,-95.09534000,-69.68730000,-82.97125000
8.49304199,-74.03825000,-93.82349000,-72.75090000,-75.58583000
8.49365234,-77.23306000,-94.15965000,-73.49182000,-72.26727000
8.49426270,-77.37879000,-85.45643000,-78.69125000,-70.22156000
8.49487305,-82.51011000,-83.90674000,-72.32100000,-71.76475000
8.49548340,-85.04237000,-89.92773000,-70.29231000,-73.47527000
8.49609375,-85.51033000,-90.73270000,-80.95662000,-71.57592000
8.49670410,-83.05983000,-87.04436000,-73.96364000,-72.14476000
8.49731445,-75.90202000,-88.88831000,-77.56613000,-79.35427000
8.49792480,-73.68681000,-89.64352000,-74.91518000,-89.65909000
8.49853516,-78.29666000,-94.26765000,-71.32375000,-80.59167000
8.49914551,-89.57350000,-87.56516000,-72.69757000,-71.01368000
8.49975586,-80.03453000,-89.78599000,-81.02010000,-70.62238000
8.50036621,-77.60519000,-86.45961000,-72.55637000,-75.28573000
8.50097656,-80.71476000,-86.45094000,-77.44956000,-72.93117000
8.50158691,-100.43090000,-97.70642000,-83.15902000,-77.19301000
8.50219727,-82.17381000,-98.61549000,-78.52876000,-73.05235000
8.50280762,-81.53349000,-99.23110000,-74.65038000,-70.71362000
8.50341797,-79.99760000,-97.10431000,-69.92329000,-72.69202000
8.50402832,-79.03759000,-94.92081000,-65.51454000,-76.30857000
8.50463867,-77.24460000,-96.97860000,-64.68993000,-84.12682000
8.50524902,-74.03780000,-100.91970000,-65.92191000,-76.60790000
8.50585938,-73.80678000,-101.11300000,-75.68301000,-73.46008000
8.50646973,-80.31113000,-98.05766000,-79.92062000,-69.00079000
8.50708008,-79.77116000,-90.71133000,-72.03242000,-66.78792000
8.50769043,-76.63488000,-90.23000000,-67.66611000,-68.97105000
8.50830078,-74.95193000,-91.83738000,-70.42490000,-67.79540000
8.50891113,-74.08099000,-89.55740000,-87.70152000,-66.01091000
8.50952148,-74.82584000,-102.58760000,-72.26630000,-66.80044000
8.51013184,-78.08663000,-93.05765000,-75.31301000,-69.51324000
8.51074219,-77.72853000,-101.62770000,-81.57719000,-77.58215000
8.51135254,-77.63924000,-99.03738000,-81.21316000,-82.48066000
8.51196289,-82.39089000,-92.20209000,-98.54997000,-81.13750000
8.51257324,-85.96801000,-87.47199000,-75.86130000,-83.38596000
8.51318359,-79.53156000,-89.39063000,-77.79773000,-81.89397000
8.51379395,-77.28806000,-101.03610000,-71.60742000,-77.69543000
8.51440430,-82.68671000,-95.44151000,-69.52798000,-77.41312000
8.51501465,-89.27512000,-88.41901000,-71.36591000,-76.62552000
8.51562500,-88.13842000,-86.63654000,-74.43091000,-71.61958000
8.51623535,-84.88522000,-91.41735000,-86.90735000,-72.32903000
8.51684570,-84.43980000,-112.84520000,-73.19263000,-72.39156000
8.51745605,-85.06107000,-102.36700000,-68.36974000,-68.74489000
8.51806641,-87.76165000,-104.79730000,-67.40948000,-73.01854000
8.51867676,-81.22406000,-98.64798000,-68.50832000,-73.82699000
8.51928711,-74.76779000,-92.32606000,-69.30100000,-72.53936000
8.51989746,-75.81440000,-90.17055000,-64.51736000,-74.40073000
8.52050781,-79.32181000,-91.67164000,-63.69342000,-88.25378000
8.52111816,-78.19864000,-89.27819000,-68.47190000,-85.53862000
8.52172852,-76.03999000,-91.61721000,-78.74154000,-85.76627000
8.52233887,-73.59013000,-94.11248000,-77.68204000,-72.30650000
8.52294922,-76.70601000,-97.12254000,-79.64127000,-69.83740000
8.52355957,-79.52966000,-98.47139000,-78.23983000,-71.96788000
8.52416992,-78.69821000,-101.80290000,-73.03126000,-70.45425000
8.52478027,-83.86542000,-93.82835000,-74.10514000,-71.15157000
8.52539063,-78.82295000,-92.26692000,-72.51678000,-77.40967000
8.52600098,-73.32442000,-89.73000000,-65.88902000,-76.42477000
8.52661133,-74.23298000,-92.22440000,-64.74854000,-80.72993000
8.52722168,-78.30392000,-107.40660000,-67.92045000,-81.02386000
8.52783203,-79.06632000,-94.48341000,-72.71231000,-73.84220000
8.52844238,-86.54565000,-97.30745000,-71.63014000,-73.43943000
8.52905273,-83.40363000,-91.75652000,-84.90973000,-75.41072000
8.52966309,-80.57343000,-89.74458000,-73.66290000,-74.48817000
8.53027344,-81.25232000,-89.61839000,-66.55637000,-73.37286000
8.53088379,-78.81329000,-90.85206000,-67.47829000,-70.63519000
8.53149414,-78.76973000,-90.03300000,-75.80643000,-69.08443000
8.53210449,-80.25593000,-87.70242000,-75.70370000,-71.82575000
8.53271484,-82.26427000,-94.78635000,-76.80133000,-74.45126000
8.53332520,-82.17569000,-97.53659000,-77.85144000,-72.85653000
8.53393555,-76.46288000,-92.56331000,-72.48360000,-71.87463000
8.53454590,-89.04729000,-89.69806000,-74.15324000,-78.68734000
8.53515625,-79.55542000,-87.66740000,-88.08351000,-81.46440000
8.53576660,-82.00964000,-88.69465000,-75.43777000,-75.21094000
8.53637695,-82.49104000,-90.05861000,-76.98535000,-72.71692000
8.53698730,-79.97057000,-94.47007000,-69.63314000,-78.85062000
8.53759766,-101.22620000,-99.80553000,-70.88371000,-77.58157000
8.53820801,-76.18794000,-89.41651000,-76.16757000,-79.41761000
8.53881836,-75.66786000,-87.44705000,-67.75495000,-81.21237000
8.53942871,-84.84199000,-91.28905000,-70.88454000,-72.66139000
8.54003906,-86.34553000,-94.80378000,-79.97899000,-72.15697000
8.54064941,-79.47715000,-91.39726000,-69.96826000,-75.21916000
8.54125977,-75.47183000,-89.76760000,-72.92050000,-84.08161000
8.54187012,-80.42481000,-95.85670000,-80.57127000,-80.75580000
8.54248047,-79.99300000,-105.47520000,-73.35641000,-77.99577000
8.54309082,-75.57990000,-110.35770000,-70.25122000,-73.73290000
8.54370117,-77.28734000,-95.80344000,-71.54421000,-70.97200000
8.54431152,-76.44535000,-93.93470000,-78.38426000,-69.00702000
8.54492188,-77.48019000,-99.63940000,-73.73441000,-69.44593000
8.54553223,-76.27566000,-98.10840000,-70.96571000,-77.00587000
8.54614258,-77.01235000,-95.89479000,-67.49770000,-81.89996000
8.54675293,-83.85477000,-93.45323000,-67.22639000,-75.58028000
8.54736328,-95.11475000,-94.22601000,-70.33477000,-74.41414000
8.54797363,-90.95428000,-96.08933000,-78.24757000,-75.35449000
8.54858398,-83.26213000,-96.98955000,-76.51372000,-75.59248000
8.54919434,-86.22678000,-97.24257000,-80.77514000,-74.34717000
8.54980469,-85.63016000,-98.45995000,-80.84288000,-73.04590000
8.55041504,-83.58519000,-92.05051000,-75.34642000,-73.44525000
8.55102539,-78.20781000,-92.03575000,-72.59914000,-71.46537000
8.55163574,-73.91746000,-97.51778000,-72.89796000,-69.65381000
8.55224609,-78.87585000,-97.40543000,-66.55083000,-73.59672000
8.55285645,-82.21757000,-100.22240000,-68.31096000,-85.74177000
8.55346680,-78.15668000,-93.15697000,-78.05101000,-76.74221000
8.55407715,-79.57350000,-87.53010000,-71.80732000,-78.45666000
8.55468750,-75.87239000,-85.09301000,-75.97040000,-75.26103000
8.55529785,-74.58221000,-89.99356000,-80.03844000,-73.10907000
8.55590820,-76.82214000,-108.13360000,-71.66891000,-69.45599000
8.55651855,-83.22457000,-93.94157000,-72.04288000,-68.30606000
8.55712891,-73.44843000,-92.82967000,-81.00299000,-70.20500000
8.55773926,-72.48948000,-102.83300000,-80.30360000,-82.68630000
8.55834961,-82.96831000,-92.43700000,-76.63538000,-76.11845000
8.55895996,-79.96970000,-84.53728000,-78.05597000,-73.32978000
8.55957031,-73.59724000,-84.51083000,-82.50029000,-73.61868000
8.56018066,-74.74138000,-93.84633000,-71.21332000,-76.22565000
8.56079102,-74.80589000,-96.06201000,-69.65714000,-83.62819000
8.56140137,-68.31909000,-93.05319000,-66.02584000,-71.83615000
8.56201172,-72.71605000,-94.48236000,-65.40835000,-69.78347000
8.56262207,-77.38463000,-105.21780000,-71.41767000,-70.51840000
8.56323242,-77.19010000,-93.33118000,-75.89948000,-69.27483000
8.56384277,-80.60806000,-99.38401000,-76.00735000,-70.79314000
8.56445313,-72.10547000,-99.77475000,-70.56251000,-84.32581000
8.56506348,-70.56760000,-101.67580000,-72.94289000,-82.68027000
8.56567383,-74.12798000,-108.02370000,-84.98482000,-91.70425000
8.56628418,-67.34906000,-92.27398000,-80.12105000,-78.83637000
8.56689453,-64.75013000,-91.15070000,-72.36444000,-77.48855000
8.56750488,-69.30859000,-106.10430000,-68.10370000,-77.17155000
8.56811523,-75.42229000,-99.03578000,-66.63013000,-72.20218000
8.56872559,-77.79183000,-114.72780000,-68.58572000,-70.21788000
8.56933594,-83.25812000,-96.94943000,-73.34924000,-71.02235000
8.56994629,-74.55017000,-103.52830000,-84.73520000,-71.94862000
8.57055664,-73.15918000,-101.92370000,-77.03371000,-83.82056000
8.57116699,-77.94102000,-102.74530000,-70.56853000,-72.16053000
8.57177734,-88.40374000,-124.48320000,-72.92157000,-71.42856000
8.57238770,-79.93989000,-103.29470000,-87.90989000,-98.64017000
8.57299805,-73.81931000,-95.18781000,-79.22959000,-72.93488000
8.57360840,-75.03058000,-106.43710000,-76.30578000,-73.52664000
8.57421875,-75.74313000,-96.70171000,-73.32160000,-81.64443000
8.57482910,-82.30457000,-99.36282000,-76.09024000,-74.66443000
8.57543945,-79.40675000,-104.39830000,-70.49430000,-70.93713000
8.57604980,-81.21276000,-96.76655000,-66.64445000,-77.12354000
8.57666016,-84.43578000,-95.13936000,-71.27873000,-79.18253000
8.57727051,-81.41631000,-102.00400000,-78.04419000,-73.53259000
8.57788086,-83.43491000,-102.10240000,-87.12897000,-77.06170000
8.57849121,-85.33952000,-101.01500000,-75.74913000,-84.89600000
8.57910156,-85.73489000,-97.46078000,-73.15627000,-78.38835000
8.57971191,-84.64955000,-96.50906000,-79.23687000,-76.87104000
8.58032227,-80.70942000,-101.54430000,-75.57848000,-82.25479000
8.58093262,-85.18863000,-92.57491000,-71.28978000,-78.88451000
8.58154297,-72.18134000,-85.28515000,-92.28363000,-76.55339000
8.58215332,-70.57409000,-88.10340000,-66.10818000,-79.60593000
8.58276367,-78.02627000,-91.96335000,-65.22629000,-74.32618000
8.58337402,-79.31474000,-94.68739000,-70.75278000,-77.39861000
8.58398438,-74.15795000,-101.70500000,-72.93739000,-73.69851000
8.58459473,-76.45628000,-100.04620000,-87.17491000,-69.51324000
8.58520508,-82.63977000,-100.69920000,-80.21886000,-66.93233000
8.58581543,-89.27190000,-103.22740000,-78.80472000,-71.08005000
8.58642578,-79.46761000,-99.29185000,-77.43654000,-75.03751000
8.58703613,-90.52433000,-95.77366000,-71.16596000,-82.30964000
8.58764648,-85.52203000,-104.35020000,-73.53300000,-78.35896000
8.58825684,-97.18217000,-101.79520000,-84.78761000,-71.86459000
8.58886719,-87.69485000,-99.70219000,-71.77657000,-69.43671000
8.58947754,-78.77766000,-91.01715000,-68.98936000,-75.41191000
8.59008789,-73.99579000,-93.17023000,-67.27442000,-73.29200000
8.59069824,-75.77052000,-99.06046000,-67.37178000,-70.25733000
8.59130859,-78.21124000,-105.50500000,-73.10110000,-73.64223000
8.59191895,-75.71172000,-90.65891000,-77.69082000,-71.29696000
8.59252930,-72.62229000,-88.79919000,-74.26433000,-73.11175000
8.59313965,-76.90617000,-92.47130000,-74.52235000,-85.87515000
8.59375000,-81.70657000,-91.32137000,-78.50072000,-71.46369000
8.59436035,-73.73416000,-97.13219000,-74.26295000,-69.08927000
8.59497070,-75.49438000,-95.81277000,-71.79505000,-72.41329000
8.59558105,-81.75204000,-99.07276000,-71.24376000,-92.82876000
8.59619141,-82.18849000,-95.07011000,-71.99410000,-76.25802000
8.59680176,-82.33471000,-91.33541000,-82.08620000,-80.75327000
8.59741211,-81.55768000,-95.74245000,-70.23610000,-73.49771000
8.59802246,-78.74597000,-95.18068000,-66.53756000,-68.97588000
8.59863281,-78.19142000,-85.37495000,-65.94395000,-69.96374000
8.59924316,-86.73909000,-84.73909000,-69.37311000,-71.53238000
8.59985352,-84.71158000,-89.46236000,-73.68518000,-71.39865000
8.60046387,-78.99762000,-96.22354000,-75.78249000,-71.38270000
8.60107422,-80.93394000,-92.52911000,-79.40755000,-73.64763000
8.60168457,-84.09192000,-89.99001000,-78.33612000,-77.10389000
8.60229492,-83.44875000,-89.72348000,-73.47032000,-72.88966000
8.60290527,-79.40585000,-95.37653000,-72.80827000,-74.13420000
8.60351563,-78.99577000,-93.38733000,-71.23346000,-80.81055000
8.60412598,-75.74895000,-91.06407000,-77.53876000,-87.01534000
8.60473633,-76.16016000,-96.59435000,-78.38605000,-75.48291000
8.60534668,-85.14021000,-106.43090000,-73.07033000,-76.82535000
8.60595703,-94.06999000,-101.02760000,-73.33138000,-81.50928000
8.60656738,-91.39488000,-93.98088000,-73.19503000,-71.97386000
8.60717773,-85.46416000,-109.61750000,-74.74697000,-70.89784000
8.60778809,-78.91236000,-96.86502000,-83.74729000,-73.36510000
8.60839844,-78.44537000,-93.50821000,-71.41599000,-73.06258000
8.60900879,-84.82263000,-90.98456000,-72.09606000,-71.90501000
8.60961914,-91.84128000,-91.78729000,-78.30582000,-73.78397000
8.61022949,-94.15615000,-104.20940000,-68.68799000,-80.05798000
8.61083984,-84.54983000,-93.06004000,-65.48819000,-73.13229000
8.61145020,-76.99667000,-91.65581000,-74.29601000,-76.69508000
8.61206055,-78.10834000,-102.86370000,-72.76651000,-75.07597000
8.61267090,-79.55969000,-103.21840000,-70.25523000,-71.62243000
8.61328125,-74.28757000,-95.28838000,-67.06532000,-78.70904000
8.61389160,-74.90522000,-92.18487000,-65.20029000,-78.08570000
8.61450195,-83.16887000,-95.25070000,-68.19144000,-74.96322000
8.61511230,-75.55772000,-97.82791000,-69.48464000,-73.27434000
8.61572266,-76.24783000,-103.68730000,-66.55314000,-72.94276000
8.61633301,-77.26140000,-99.54583000,-69.69710000,-73.35692000
8.61694336,-70.08031000,-83.99031000,-75.65986000,-71.21739000
8.61755371,-69.85359000,-81.09700000,-72.15402000,-71.20030000
8.61816406,-76.38445000,-88.01804000,-66.73801000,-76.40128000
8.61877441,-76.82127000,-92.99309000,-67.52885000,-76.99983000
8.61938477,-80.69208000,-87.07771000,-75.84132000,-73.45762000
8.61999512,-84.56422000,-94.67625000,-82.15407000,-70.64457000
8.62060547,-79.49541000,-103.19760000,-74.39612000,-71.40051000
8.62121582,-77.79375000,-93.49586000,-71.70620000,-78.89117000
8.62182617,-75.30769000,-90.56441000,-73.01692000,-78.16844000
8.62243652,-75.54036000,-91.54480000,-77.28769000,-76.15870000
8.62304688,-78.87570000,-95.34544000,-72.74436000,-75.56710000
8.62365723,-80.30011000,-98.71861000,-73.99253000,-78.65437000
8.62426758,-83.27119000,-91.23854000,-71.70821000,-78.28452000
8.62487793,-79.24445000,-86.87066000,-70.53168000,-98.54440000
8.62548828,-81.41456000,-90.39856000,-83.07908000,-83.00910000
8.62609863,-80.92490000,-92.02927000,-69.98196000,-81.38147000
8.62670898,-77.64391000,-97.83812000,-66.91699000,-70.84860000
8.62731934,-85.51878000,-89.68932000,-71.54166000,-70.83810000
8.62792969,-94.02962000,-91.28181000,-84.94873000,-75.25844000
8.62854004,-86.97507000,-93.75024000,-82.46680000,-78.81422000
8.62915039,-82.08923000,-92.12955000,-75.07762000,-80.31279000
8.62976074,-79.69524000,-94.71303000,-67.80816000,-84.43374000
8.63037109,-77.49391000,-94.64928000,-65.54529000,-85.79413000
8.63098145,-80.40870000,-94.61459000,-64.99673000,-78.78270000
8.63159180,-78.08676000,-104.21480000,-65.91867000,-79.25758000
8.63220215,-76.59487000,-93.79668000,-70.93288000,-74.18389000
8.63281250,-75.23956000,-90.65437000,-64.90724000,-70.94346000
8.63342285,-76.34792000,-90.17488000,-66.65663000,-74.08244000
8.63403320,-79.95805000,-94.79477000,-76.65041000,-72.72441000
8.63464355,-78.42130000,-100.20520000,-77.38898000,-69.57089000
8.63525391,-74.24728000,-93.85410000,-75.18307000,-73.63967000
8.63586426,-72.46235000,-89.42094000,-70.54968000,-83.50304000
8.63647461,-74.44365000,-87.19707000,-67.70100000,-74.35821000
8.63708496,-80.16777000,-90.48961000,-65.26321000,-73.33109000
8.63769531,-81.25871000,-95.33012000,-69.59060000,-83.06252000
8.63830566,-90.21633000,-94.30398000,-78.65419000,-98.18855000
8.63891602,-83.84918000,-96.37508000,-75.05423000,-81.77151000
8.63952637,-84.90780000,-102.53070000,-68.10889000,-78.03346000
8.64013672,-88.89114000,-95.82715000,-68.48934000,-81.99742000
8.64074707,-79.94614000,-91.49539000,-69.09064000,-70.89753000
8.64135742,-85.01023000,-91.43439000,-71.77134000,-74.75907000
8.64196777,-87.15646000,-89.64996000,-72.40276000,-75.43055000
8.64257813,-77.96642000,-91.37144000,-68.37450000,-75.35838000
8.64318848,-75.64395000,-99.73378000,-70.76835000,-73.61214000
8.64379883,-80.68938000,-100.16580000,-73.56421000,-72.10877000
8.64440918,-78.18619000,-95.61942000,-88.16463000,-77.63893000
8.64501953,-76.16436000,-93.12321000,-91.99444000,-75.14205000
8.64562988,-82.53004000,-86.80913000,-80.43907000,-71.99739000
8.64624023,-85.73296000,-88.17488000,-76.97612000,-71.60695000
8.64685059,-84.83546000,-101.77010000,-77.71524000,-68.61314000
8.64746094,-78.63902000,-100.03510000,-69.31184000,-72.28768000
8.64807129,-76.42400000,-111.68060000,-69.07226000,-72.57000000
8.64868164,-88.27139000,-92.76941000,-78.60141000,-70.33994000
8.64929199,-78.27935000,-86.02243000,-88.10840000,-71.51715000
8.64990234,-76.41125000,-89.45401000,-77.10880000,-71.63720000
8.65051270,-79.52045000,-94.90440000,-75.91096000,-70.16905000
8.65112305,-81.90744000,-93.61368000,-69.13332000,-71.49182000
8.65173340,-77.09447000,-90.11285000,-67.50856000,-77.59938000
8.65234375,-74.59573000,-95.95250000,-76.45650000,-71.91062000
8.65295410,-76.07189000,-100.79140000,-74.26410000,-69.01287000
8.65356445,-76.57039000,-93.92729000,-74.97720000,-72.42750000
8.65417480,-79.12188000,-91.58012000,-73.88848000,-83.20045000
8.65478516,-81.45430000,-94.33644000,-70.52679000,-90.28345000
8.65539551,-82.01672000,-94.59326000,-70.26918000,-92.67886000
8.65600586,-85.27864000,-100.27760000,-76.26914000,-83.13995000
8.65661621,-78.75977000,-100.01270000,-72.49051000,-92.65497000
8.65722656,-76.57417000,-95.03828000,-74.30701000,-84.08219000
8.65783691,-79.56915000,-104.00820000,-74.44226000,-80.73619000
8.65844727,-92.60827000,-90.53704000,-67.05206000,-76.83672000
8.65905762,-80.98919000,-86.31870000,-66.09869000,-72.82709000
8.65966797,-79.54324000,-92.08473000,-73.26472000,-73.82959000
8.66027832,-78.87054000,-96.51932000,-72.81792000,-83.17147000
8.66088867,-76.16727000,-95.04996000,-66.00430000,-80.06523000
8.66149902,-74.70622000,-98.13473000,-66.78641000,-77.23264000
8.66210938,-78.41571000,-102.69200000,-70.86035000,-67.09962000
8.66271973,-80.88646000,-95.55516000,-68.38354000,-66.89057000
8.66333008,-80.00801000,-92.89189000,-69.14906000,-74.12880000
8.66394043,-83.72768000,-92.91763000,-70.08533000,-73.21698000
8.66455078,-103.40990000,-99.49643000,-89.84145000,-75.61258000
8.66516113,-81.88363000,-97.61365000,-69.31565000,-85.08359000
8.66577148,-75.21816000,-93.73708000,-71.43979000,-87.55863000
8.66638184,-74.32462000,-83.28384000,-80.18777000,-94.70061000
8.66699219,-75.52905000,-80.61810000,-72.56591000,-76.14353000
8.66760254,-80.23851000,-83.28430000,-73.89154000,-71.27492000
8.66821289,-98.43125000,-89.00986000,-74.84115000,-72.54768000
8.66882324,-89.24004000,-90.44898000,-74.51309000,-78.03076000
8.66943359,-89.43668000,-89.39798000,-75.72146000,-68.97218000
8.67004395,-79.25998000,-92.02926000,-78.21104000,-67.40854000
8.67065430,-75.41700000,-98.26247000,-70.07811000,-74.75280000
8.67126465,-75.24941000,-98.24959000,-70.78812000,-69.05505000
8.67187500,-75.34084000,-93.93063000,-72.60374000,-72.76753000
8.67248535,-76.30513000,-92.30307000,-70.53398000,-82.41280000
8.67309570,-76.91708000,-95.80637000,-69.60976000,-85.35474000
8.67370605,-74.27960000,-99.99107000,-73.81480000,-86.31134000
8.67431641,-74.13037000,-96.38104000,-71.56009000,-82.71207000
8.67492676,-79.27042000,-92.04512000,-76.35892000,-88.08422000
8.67553711,-81.53358000,-91.61580000,-72.47534000,-75.68486000
8.67614746,-77.34727000,-96.18111000,-70.53025000,-72.81983000
8.67675781,-74.65066000,-92.26022000,-73.07230000,-73.74127000
8.67736816,-73.36886000,-82.05306000,-73.49133000,-82.88206000
8.67797852,-74.02015000,-81.38974000,-69.54292000,-77.73965000
8.67858887,-79.27468000,-93.16339000,-68.83063000,-85.18808000
8.67919922,-89.94717000,-88.09984000,-75.03558000,-74.54305000
8.67980957,-85.43659000,-90.17220000,-81.86143000,-92.90897000
8.68041992,-76.03033000,-99.61745000,-78.62275000,-71.04859000
8.68103027,-75.80734000,-92.14225000,-83.21861000,-72.55217000
8.68164063,-80.27699000,-87.33947000,-70.70448000,-72.32550000
8.68225098,-75.90256000,-90.27688000,-69.21700000,-72.35205000
8.68286133,-78.27035000,-104.93200000,-73.17751000,-72.65782000
8.68347168,-82.06329000,-95.65034000,-68.88615000,-77.89826000
8.68408203,-84.84341000,-96.36119000,-66.94009000,-82.41162000
8.68469238,-80.82683000,-99.37413000,-74.44827000,-78.16428000
8.68530273,-81.97200000,-89.53490000,-79.81528000,-70.61998000
8.68591309,-78.96492000,-89.41895000,-75.27164000,-69.20914000
8.68652344,-84.23593000,-94.96536000,-73.05406000,-76.71864000
8.68713379,-84.44793000,-98.18494000,-70.15548000,-77.68132000
8.68774414,-83.92368000,-89.75146000,-70.37434000,-76.33712000
8.68835449,-87.32861000,-88.40721000,-70.63884000,-79.45098000
8.68896484,-77.52347000,-95.06448000,-70.37083000,-74.33618000
8.68957520,-75.00118000,-88.84927000,-69.19648000,-74.12918000
8.69018555,-75.63548000,-90.08174000,-69.77923000,-82.71071000
8.69079590,-78.40900000,-92.69540000,-66.98565000,-82.93872000
8.69140625,-76.78065000,-95.98381000,-67.02852000,-94.87299000
8.69201660,-74.35722000,-94.85741000,-67.50542000,-82.54887000
8.69262695,-75.38902000,-87.72855000,-66.75864000,-79.07617000
8.69323730,-78.78288000,-92.77737000,-70.29408000,-84.36524000
8.69384766,-86.60646000,-102.94470000,-70.09695000,-76.80787000
8.69445801,-79.85486000,-93.59107000,-77.24229000,-74.63132000
8.69506836,-78.68256000,-92.00862000,-66.03613000,-74.91421000
8.69567871,-82.54533000,-93.43446000,-67.11195000,-68.91589000
8.69628906,-69.43450000,-94.11330000,-71.81590000,-68.84496000
8.69689941,-66.61608000,-96.90569000,-71.98730000,-79.71695000
8.69750977,-69.78932000,-99.62304000,-68.66179000,-73.67630000
8.69812012,-75.08701000,-98.48365000,-66.94046000,-74.09499000
8.69873047,-75.03749000,-90.38238000,-70.47389000,-78.82071000
8.69934082,-86.73806000,-88.41150000,-81.07582000,-80.38140000
8.69995117,-73.30624000,-89.63009000,-82.03365000,-75.97252000
8.70056152,-70.75163000,-94.95696000,-72.26131000,-71.75391000
8.70117188,-74.22770000,-91.11665000,-70.45634000,-69.55525000
8.70178223,-80.22887000,-91.25887000,-73.03096000,-67.90216000
8.70239258,-81.86472000,-99.57817000,-77.68003000,-66.09214000
8.70300293,-79.73212000,-91.69215000,-77.05127000,-68.22818000
8.70361328,-77.27981000,-93.62321000,-77.88032000,-73.10519000
8.70422363,-82.36657000,-102.06860000,-78.12647000,-76.38641000
8.70483398,-81.20721000,-89.97652000,-70.85416000,-80.17663000
8.70544434,-76.18810000,-91.87309000,-73.75290000,-80.36491000
8.70605469,-77.61461000,-104.49950000,-68.60168000,-84.03034000
8.70666504,-82.51274000,-99.09812000,-72.19969000,-73.91403000
8.70727539,-75.87951000,-97.91808000,-84.32468000,-71.64329000
8.70788574,-77.31113000,-92.18604000,-75.91641000,-71.34867000
8.70849609,-75.56270000,-90.42993000,-76.87430000,-70.12379000
8.70910645,-77.67490000,-89.11087000,-76.12352000,-69.82570000
8.70971680,-89.31828000,-89.17342000,-67.26142000,-72.76411000
8.71032715,-82.20926000,-93.37213000,-66.58096000,-81.08331000
8.71093750,-77.02660000,-97.81047000,-66.68443000,-77.37634000
8.71154785,-78.29512000,-100.79110000,-64.40334000,-75.42355000
8.71215820,-78.55867000,-95.31902000,-67.30489000,-80.83302000
8.71276855,-80.09075000,-95.35042000,-76.07632000,-82.02004000
8.71337891,-82.93008000,-94.89529000,-75.81130000,-76.99695000
8.71398926,-80.08968000,-97.09660000,-73.13085000,-74.70110000
8.71459961,-76.88911000,-113.18250000,-71.87527000,-71.15503000
8.71520996,-78.04839000,-94.29767000,-80.30872000,-76.25189000
8.71582031,-80.15273000,-94.30367000,-82.01969000,-73.09480000
8.71643066,-81.84490000,-93.79459000,-77.30986000,-72.19903000
8.71704102,-85.93528000,-89.49779000,-69.76061000,-82.38145000
8.71765137,-92.74358000,-90.20522000,-65.93169000,-77.51184000
8.71826172,-76.64243000,-106.84140000,-65.80193000,-72.49715000
8.71887207,-71.60795000,-103.86640000,-66.90688000,-72.45535000
8.71948242,-72.38902000,-91.40317000,-73.04424000,-78.93802000
8.72009277,-77.32484000,-89.65911000,-74.64380000,-81.33857000
8.72070313,-85.02737000,-92.75631000,-65.08970000,-96.07111000
8.72131348,-81.47876000,-104.22620000,-64.37455000,-79.33774000
8.72192383,-81.46402000,-99.34842000,-67.40135000,-76.40888000
8.72253418,-80.30078000,-96.87013000,-67.46638000,-75.74245000
8.72314453,-80.30933000,-98.99899000,-65.38446000,-82.02998000
8.72375488,-81.16414000,-91.66183000,-65.88767000,-82.91483000
8.72436523,-80.06112000,-92.92181000,-77.50582000,-76.37488000
8.72497559,-87.73129000,-105.70200000,-78.11069000,-87.88551000
8.72558594,-88.94176000,-96.61892000,-70.32761000,-71.36701000
8.72619629,-87.91530000,-91.72500000,-68.64392000,-72.12802000
8.72680664,-78.57186000,-92.14528000,-83.17027000,-84.79752000
8.72741699,-78.52914000,-92.10455000,-71.67097000,-73.58099000
8.72802734,-78.14070000,-99.04964000,-66.72545000,-74.56232000
8.72863770,-77.78035000,-96.38620000,-65.44554000,-71.63255000
8.72924805,-84.65310000,-97.06260000,-67.74934000,-71.56467000
8.72985840,-84.13541000,-97.58701000,-69.69519000,-73.56987000
8.73046875,-82.80564000,-92.32502000,-72.66096000,-79.64923000
8.73107910,-85.26819000,-98.41289000,-85.95054000,-79.84949000
8.73168945,-80.97748000,-99.89798000,-80.91888000,-72.70251000
8.73229980,-78.01249000,-97.79082000,-72.51733000,-70.79408000
8.73291016,-76.41095000,-94.67023000,-70.10934000,-71.78278000
8.73352051,-74.50668000,-94.59206000,-68.23132000,-72.95480000
8.73413086,-75.33034000,-94.60677000,-80.57867000,-72.24010000
8.73474121,-82.22099000,-90.03045000,-67.88762000,-75.14532000
8.73535156,-93.69421000,-90.04762000,-70.07301000,-79.65219000
8.73596191,-79.81316000,-95.52562000,-71.68982000,-72.24118000
8.73657227,-73.19857000,-96.48614000,-67.07520000,-71.61955000
8.73718262,-74.40777000,-89.40196000,-73.47037000,-73.89499000
8.73779297,-67.46774000,-83.95021000,-73.24525000,-71.74609000
8.73840332,-66.79630000,-84.03751000,-73.79485000,-78.00164000
8.73901367,-74.09348000,-86.63705000,-76.38388000,-71.21999000
8.73962402,-79.92052000,-90.27498000,-106.61050000,-70.71128000
8.74023438,-78.59866000,-99.52892000,-72.99126000,-76.45931000
8.74084473,-83.54366000,-92.40044000,-69.95483000,-79.49142000
8.74145508,-81.76056000,-93.07918000,-71.09155000,-75.12872000
8.74206543,-75.03158000,-99.64659000,-80.02678000,-72.93535000
8.74267578,-73.09712000,-99.63846000,-80.68372000,-70.96812000
8.74328613,-77.42293000,-103.69940000,-77.68272000,-70.37195000
8.74389648,-81.46590000,-99.52343000,-72.24883000,-73.31678000
8.74450684,-80.31086000,-99.74572000,-68.96235000,-84.29102000
8.74511719,-80.19853000,-98.99001000,-77.52615000,-81.67538000
8.74572754,-91.03329000,-93.32117000,-74.38292000,-82.58061000
8.74633789,-93.93510000,-91.61908000,-78.60318000,-92.61925000
8.74694824,-85.74811000,-95.79120000,-78.28286000,-80.73810000
8.74755859,-76.85047000,-108.43440000,-72.06582000,-70.22492000
8.74816895,-78.66718000,-99.16313000,-69.94897000,-69.75751000
8.74877930,-79.59328000,-101.74790000,-74.37878000,-83.48589000
8.74938965,-77.02951000,-96.30490000,-79.47102000,-76.22132000
8.75000000,-82.53460000,-94.62365000,-71.73580000,-80.81290000
8.75061035,-83.58458000,-95.24741000,-70.53413000,-77.83110000
8.75122070,-78.94263000,-101.59580000,-70.27732000,-70.61715000
8.75183105,-75.43649000,-97.57800000,-74.11241000,-70.42377000
8.75244141,-73.83481000,-93.09450000,-81.54874000,-74.87265000
8.75305176,-75.28656000,-94.72962000,-75.66455000,-78.88663000
8.75366211,-77.98103000,-99.21419000,-88.96519000,-81.18552000
8.75427246,-78.53130000,-95.23607000,-77.77886000,-90.05253000
8.75488281,-83.91986000,-93.71629000,-80.83305000,-76.44217000
8.75549316,-92.30788000,-100.08400000,-72.87020000,-72.63464000
8.75610352,-79.08332000,-106.70660000,-74.02385000,-70.78236000
8.75671387,-76.16729000,-102.03030000,-68.12150000,-72.00067000
8.75732422,-79.39347000,-92.52109000,-67.55090000,-75.93028000
8.75793457,-79.83849000,-92.25917000,-74.24531000,-71.77685000
8.75854492,-78.91820000,-94.62989000,-84.74069000,-81.66217000
8.75915527,-78.08820000,-97.54498000,-79.04092000,-70.47228000
8.75976563,-82.12635000,-105.84040000,-78.33238000,-73.06691000
8.76037598,-80.58264000,-104.00120000,-68.50643000,-89.10452000
8.76098633,-77.71411000,-100.27490000,-66.18880000,-76.24036000
8.76159668,-85.11631000,-93.74703000,-68.86853000,-75.74293000
8.76220703,-74.65809000,-99.24699000,-76.41249000,-75.61918000
8.76281738,-75.48808000,-98.30017000,-86.07170000,-75.12828000
8.76342773,-79.95248000,-92.24151000,-75.23141000,-71.30290000
8.76403809,-84.11045000,-92.35551000,-71.34193000,-72.70215000
8.76464844,-87.31194000,-90.69403000,-73.38116000,-78.09946000
8.76525879,-79.49622000,-87.96283000,-85.60495000,-75.37477000
8.76586914,-78.28278000,-91.92168000,-72.33561000,-76.10121000
8.76647949,-80.55264000,-97.79766000,-73.73705000,-81.73929000
8.76708984,-83.22781000,-90.88749000,-86.04468000,-75.42957000
8.76770020,-78.12560000,-94.67007000,-75.44002000,-71.00701000
8.76831055,-73.02689000,-125.81750000,-76.29874000,-71.86692000
8.76892090,-77.53188000,-103.04780000,-69.45187000,-75.24032000
8.76953125,-97.50588000,-99.47063000,-64.50768000,-78.68297000
8.77014160,-89.01363000,-102.27020000,-69.38412000,-77.82076000
8.77075195,-89.59006000,-109.42410000,-79.33282000,-75.45576000
8.77136230,-83.75583000,-92.78968000,-68.61665000,-78.04793000
8.77197266,-98.81583000,-90.26733000,-68.12940000,-80.46513000
8.77258301,-91.91849000,-91.19137000,-74.94805000,-79.25317000
8.77319336,-80.48822000,-87.47604000,-73.45981000,-78.85620000
8.77380371,-81.33887000,-88.56648000,-69.66786000,-77.70357000
8.77441406,-84.57800000,-89.53268000,-68.78876000,-74.02545000
8.77502441,-77.35600000,-88.09081000,-72.52549000,-71.17971000
8.77563477,-74.44133000,-87.74644000,-72.32837000,-71.14625000
8.77624512,-77.48820000,-91.71951000,-71.96638000,-71.25394000
8.77685547,-81.98525000,-100.73060000,-77.06673000,-73.68196000
8.77746582,-97.97108000,-96.55688000,-83.12188000,-79.20610000
8.77807617,-82.88979000,-92.03262000,-74.06384000,-78.53584000
8.77868652,-82.05796000,-91.10878000,-71.82504000,-84.18974000
8.77929688,-82.55737000,-90.17671000,-83.13483000,-83.04768000
8.77990723,-81.28747000,-91.41753000,-70.88338000,-75.88821000
8.78051758,-78.95199000,-90.54597000,-71.13061000,-73.85070000
8.78112793,-77.71259000,-88.44329000,-71.68290000,-81.06854000
8.78173828,-77.94418000,-86.41025000,-74.99727000,-80.08018000
8.78234863,-81.83603000,-86.03042000,-69.20005000,-76.21376000
8.78295898,-91.96984000,-87.34262000,-69.08497000,-72.91489000
8.78356934,-79.65298000,-87.56409000,-70.15384000,-69.23907000
8.78417969,-87.97601000,-86.77009000,-69.68770000,-70.98112000
8.78479004,-78.58751000,-87.52821000,-73.94481000,-79.97446000
8.78540039,-74.85999000,-98.36801000,-74.30712000,-69.98735000
8.78601074,-72.67751000,-93.30082000,-65.56335000,-70.97597000
8.78662109,-75.14166000,-95.98680000,-67.22348000,-77.00892000
8.78723145,-85.56229000,-113.51580000,-73.14292000,-76.09009000
8.78784180,-75.81526000,-110.44690000,-71.99269000,-71.25599000
8.78845215,-73.99853000,-96.73766000,-70.40023000,-73.53566000
8.78906250,-76.93852000,-96.89885000,-69.33984000,-74.74576000
8.78967285,-83.11890000,-93.99975000,-69.47911000,-71.79525000
8.79028320,-74.26115000,-90.05639000,-67.74129000,-72.40586000
8.79089355,-73.27874000,-102.11480000,-69.64382000,-70.74873000
8.79150391,-75.61825000,-93.13387000,-73.10172000,-74.62621000
8.79211426,-81.89932000,-93.88245000,-80.53654000,-80.98952000
8.79272461,-90.29069000,-98.53433000,-65.77000000,-80.28953000
8.79333496,-86.71105000,-94.76375000,-65.10052000,-76.75913000
8.79394531,-81.99752000,-96.65778000,-69.87681000,-75.00923000
8.79455566,-78.50432000,-100.19820000,-92.00723000,-73.39256000
8.79516602,-77.46020000,-94.50986000,-72.36446000,-77.76859000
8.79577637,-72.87420000,-93.05901000,-68.88884000,-78.58802000
8.79638672,-75.76596000,-95.48389000,-67.67130000,-82.26477000
8.79699707,-81.67854000,-98.72333000,-73.85284000,-70.97278000
8.79760742,-76.95794000,-102.37640000,-78.05106000,-70.65540000
8.79821777,-75.07300000,-99.52382000,-69.40224000,-72.61056000
8.79882813,-77.06656000,-88.93272000,-65.41648000,-72.15678000
8.79943848,-79.76774000,-84.82132000,-65.74017000,-75.85982000
8.80004883,-81.37608000,-85.86681000,-85.11795000,-78.79398000
8.80065918,-81.89494000,-90.54241000,-66.62738000,-77.17254000
8.80126953,-77.24518000,-96.32927000,-68.34555000,-71.72017000
8.80187988,-77.13635000,-99.38322000,-75.48116000,-70.70030000
8.80249023,-78.99140000,-95.22775000,-66.52774000,-72.23950000
8.80310059,-82.15370000,-93.21155000,-68.14925000,-72.58513000
8.80371094,-87.35619000,-93.56782000,-68.13160000,-72.69322000
8.80432129,-81.51521000,-96.65862000,-65.90803000,-80.60815000
8.80493164,-80.37546000,-95.43752000,-66.03400000,-85.93373000
8.80554199,-77.12096000,-93.55820000,-68.85791000,-74.28653000
8.80615234,-76.06899000,-99.70033000,-74.05998000,-69.89518000
8.80676270,-84.24565000,-95.68935000,-74.42413000,-73.75668000
8.80737305,-85.39817000,-94.35213000,-80.34325000,-91.08277000
8.80798340,-100.28760000,-104.10430000,-80.24045000,-73.62881000
8.80859375,-84.35098000,-104.06480000,-70.41822000,-73.64702000
8.80920410,-78.52127000,-95.82379000,-69.04733000,-73.28038000
8.80981445,-75.81313000,-91.61879000,-71.98196000,-74.55095000
8.81042480,-76.11314000,-96.00814000,-75.68311000,-73.90274000
8.81103516,-75.81561000,-100.76020000,-71.92378000,-71.28278000
8.81164551,-76.39767000,-102.27270000,-68.80348000,-72.55914000
8.81225586,-78.03079000,-99.68053000,-71.21224000,-78.22427000
8.81286621,-81.58337000,-92.24773000,-75.28342000,-107.72300000
8.81347656,-91.81411000,-92.51553000,-70.17204000,-81.14254000
8.81408691,-83.51134000,-101.77920000,-81.33094000,-84.15663000
8.81469727,-86.15976000,-106.92760000,-78.30455000,-76.22163000
8.81530762,-82.69924000,-105.46500000,-81.00928000,-84.18309000
8.81591797,-79.39165000,-109.43110000,-81.44067000,-70.59837000
8.81652832,-79.67365000,-94.88033000,-71.64764000,-68.42307000
8.81713867,-85.38916000,-92.06239000,-68.13568000,-72.67722000
8.81774902,-83.12766000,-99.90399000,-67.57150000,-72.53909000
8.81835938,-76.58710000,-94.26849000,-72.30588000,-71.70319000
8.81896973,-77.56541000,-92.94006000,-71.04136000,-92.89075000
8.81958008,-83.32883000,-97.04202000,-68.75565000,-75.83450000
8.82019043,-79.81986000,-116.20750000,-72.02711000,-80.05738000
8.82080078,-77.36075000,-91.62875000,-75.45770000,-72.10564000
8.82141113,-82.48312000,-90.49347000,-71.59314000,-73.56718000
8.82202148,-78.37328000,-92.49184000,-71.71957000,-80.15296000
8.82263184,-78.30473000,-94.51276000,-77.06512000,-88.20037000
8.82324219,-80.63699000,-92.69586000,-74.67501000,-77.95094000
8.82385254,-81.53970000,-96.05016000,-70.92325000,-75.10843000
8.82446289,-79.52699000,-100.63320000,-73.24001000,-79.24742000
8.82507324,-78.00861000,-102.32120000,-72.18828000,-78.55711000
8.82568359,-76.59291000,-93.61647000,-71.27181000,-81.56174000
8.82629395,-80.04343000,-88.73383000,-72.47145000,-81.71964000
8.82690430,-85.27520000,-89.31866000,-68.99709000,-88.28462000
8.82751465,-93.94652000,-94.20749000,-72.21053000,-81.70065000
8.82812500,-94.99134000,-95.37402000,-75.02641000,-74.34884000
8.82873535,-82.35259000,-89.40818000,-71.52327000,-74.31964000
8.82934570,-78.65503000,-88.04846000,-73.52551000,-69.69180000
8.82995605,-77.78815000,-98.40890000,-65.64169000,-71.23106000
8.83056641,-75.76447000,-97.25971000,-64.91051000,-76.06865000
8.83117676,-75.90057000,-94.64123000,-68.80944000,-76.42812000
8.83178711,-79.42770000,-94.17613000,-67.43829000,-77.23212000
8.83239746,-78.61176000,-100.03780000,-64.88938000,-76.38445000
8.83300781,-80.92418000,-97.48036000,-67.93756000,-72.65739000
8.83361816,-91.56373000,-95.09927000,-73.04462000,-71.47931000
8.83422852,-98.26630000,-93.55788000,-68.26041000,-69.91379000
8.83483887,-81.20026000,-91.44832000,-67.88783000,-71.46514000
8.83544922,-74.69569000,-99.82147000,-70.27343000,-76.56393000
8.83605957,-80.11787000,-105.38720000,-74.50877000,-76.57986000
8.83666992,-87.94018000,-96.54623000,-72.00236000,-71.30556000
8.83728027,-77.31330000,-90.99199000,-66.58740000,-67.56733000
8.83789063,-75.66501000,-91.64406000,-71.84503000,-67.54636000
8.83850098,-76.22476000,-95.37692000,-81.56660000,-71.96292000
8.83911133,-83.40886000,-97.40315000,-84.75163000,-79.88073000
8.83972168,-80.48966000,-98.10683000,-75.56939000,-77.62307000
8.84033203,-76.07582000,-97.67932000,-72.15948000,-78.99747000
8.84094238,-78.99482000,-110.15290000,-70.16811000,-75.01053000
8.84155273,-85.97203000,-97.66519000,-71.71310000,-69.21796000
8.84216309,-93.48847000,-96.09483000,-77.41827000,-68.16228000
8.84277344,-93.36433000,-96.02975000,-68.13963000,-70.12579000
8.84338379,-84.14813000,-103.12900000,-71.87857000,-72.44041000
8.84399414,-89.83804000,-88.97974000,-76.25555000,-73.73932000
8.84460449,-84.32418000,-87.49718000,-78.59549000,-76.71397000
8.84521484,-79.92057000,-94.03853000,-92.76170000,-92.30109000
8.84582520,-78.56042000,-94.14633000,-77.36520000,-72.96597000
8.84643555,-82.91908000,-90.99350000,-72.04388000,-70.12122000
8.84704590,-83.63221000,-91.49831000,-70.87941000,-75.22058000
8.84765625,-77.02209000,-101.58980000,-71.84426000,-78.82262000
8.84826660,-78.33212000,-96.38869000,-83.46165000,-71.91037000
8.84887695,-80.29202000,-94.22467000,-73.57530000,-73.00005000
8.84948730,-78.77270000,-95.24460000,-69.69403000,-78.52646000
8.85009766,-79.55942000,-96.07761000,-68.89057000,-75.64376000
8.85070801,-87.32678000,-97.70309000,-70.79987000,-69.95895000
8.85131836,-81.73161000,-93.85616000,-76.56774000,-68.97741000
8.85192871,-77.14289000,-94.45982000,-77.43802000,-71.99648000
8.85253906,-75.65120000,-97.30798000,-82.73396000,-83.85892000
8.85314941,-74.65598000,-99.11969000,-81.07236000,-72.14844000
8.85375977,-76.96622000,-94.47182000,-68.36006000,-71.78462000
8.85437012,-81.96408000,-87.26366000,-66.30895000,-77.87507000
8.85498047,-85.34415000,-83.74052000,-71.56104000,-81.27531000
8.85559082,-86.03078000,-84.76254000,-76.47671000,-75.39143000
8.85620117,-76.64230000,-102.40970000,-72.76267000,-76.79406000
8.85681152,-76.03483000,-94.07592000,-73.74860000,-71.91557000
8.85742188,-79.26729000,-105.74580000,-68.51121000,-72.42941000
8.85803223,-92.35988000,-93.86521000,-69.00995000,-70.58685000
8.85864258,-86.39678000,-88.28865000,-78.81453000,-70.04565000
8.85925293,-102.62810000,-86.05508000,-87.16121000,-74.93732000
8.85986328,-87.98402000,-87.45312000,-80.71849000,-74.35497000
8.86047363,-76.80762000,-96.28600000,-76.91759000,-70.31705000
8.86108398,-71.77340000,-93.80174000,-69.61636000,-71.90652000
8.86169434,-76.87160000,-95.33211000,-74.57302000,-73.95982000
8.86230469,-76.32264000,-91.14540000,-74.83082000,-71.27203000
8.86291504,-75.56804000,-89.11864000,-75.85076000,-71.78190000
8.86352539,-76.57754000,-90.21652000,-73.13072000,-74.00636000
8.86413574,-81.87476000,-91.69341000,-69.49953000,-75.18625000
8.86474609,-78.81615000,-90.88565000,-72.73684000,-79.57568000
8.86535645,-77.94732000,-94.46185000,-72.40895000,-69.73115000
8.86596680,-99.23196000,-107.64180000,-73.34706000,-69.47771000
8.86657715,-82.20547000,-107.45210000,-72.63943000,-73.95981000
8.86718750,-81.33613000,-111.59220000,-70.23145000,-77.19847000
8.86779785,-76.22063000,-102.06290000,-75.93829000,-76.08382000
8.86840820,-76.60832000,-101.09880000,-72.91456000,-71.91888000
8.86901855,-79.40909000,-95.83006000,-79.11989000,-68.00659000
8.86962891,-78.88055000,-93.52012000,-83.33832000,-72.34259000
8.87023926,-75.22919000,-107.02320000,-81.39420000,-92.11544000
8.87084961,-78.82433000,-94.37687000,-88.18061000,-74.25529000
8.87145996,-78.18448000,-92.40819000,-75.95933000,-71.24576000
8.87207031,-75.61990000,-98.36060000,-72.58661000,-69.87038000
8.87268066,-79.44312000,-99.90783000,-71.53434000,-70.66068000
8.87329102,-85.99364000,-92.54350000,-67.41731000,-74.42422000
8.87390137,-83.27262000,-87.89102000,-66.57983000,-89.53864000
8.87451172,-83.86780000,-86.26408000,-68.54285000,-73.93472000
8.87512207,-86.18915000,-87.94720000,-72.68198000,-79.50980000
8.87573242,-85.52304000,-93.45451000,-86.13928000,-73.18572000
8.87634277,-91.03662000,-96.32704000,-72.55222000,-72.08399000
8.87695313,-82.85142000,-93.08109000,-79.73494000,-72.63685000
8.87756348,-79.32149000,-92.48682000,-77.31751000,-70.26648000
8.87817383,-80.48359000,-91.67458000,-78.14258000,-68.70358000
8.87878418,-86.22841000,-100.97990000,-75.00760000,-69.82990000
8.87939453,-90.64307000,-97.35940000,-70.43381000,-74.62721000
8.88000488,-81.67762000,-93.83295000,-70.74155000,-87.03857000
8.88061523,-82.42662000,-98.34881000,-80.70580000,-75.34494000
8.88122559,-71.72211000,-95.46774000,-78.06687000,-71.43900000
8.88183594,-68.09470000,-93.55724000,-78.16125000,-74.60249000
8.88244629,-72.50259000,-92.92297000,-86.82156000,-79.17618000
8.88305664,-83.19763000,-92.31682000,-87.58697000,-80.79497000
8.88366699,-77.71288000,-90.37637000,-78.47603000,-79.50576000
8.88427734,-87.56142000,-89.88133000,-71.98192000,-73.57408000
8.88488770,-80.57359000,-91.88162000,-72.68984000,-71.84444000
8.88549805,-80.64510000,-95.82063000,-65.02505000,-75.53526000
8.88610840,-86.88827000,-91.37732000,-66.04593000,-76.64026000
8.88671875,-84.50466000,-96.98221000,-72.98337000,-80.79513000
8.88732910,-84.83168000,-107.81440000,-70.28857000,-80.63286000
8.88793945,-87.04987000,-100.15410000,-64.10068000,-82.89297000
8.88854980,-91.90621000,-93.07430000,-62.78217000,-75.51759000
8.88916016,-83.13409000,-93.29590000,-64.72879000,-71.58224000
8.88977051,-94.60365000,-105.69640000,-65.85649000,-72.01103000
8.89038086,-78.05194000,-95.91920000,-67.96783000,-70.65011000
8.89099121,-77.87944000,-97.69118000,-68.25128000,-70.19627000
8.89160156,-85.57211000,-100.54930000,-65.02887000,-75.76478000
8.89221191,-96.48617000,-92.46301000,-63.74867000,-73.55161000
8.89282227,-83.16723000,-91.69057000,-66.39075000,-69.29327000
8.89343262,-84.12395000,-86.97274000,-73.50269000,-67.85249000
8.89404297,-87.66106000,-88.62830000,-75.76564000,-67.81371000
8.89465332,-79.52388000,-96.11545000,-76.11607000,-69.72620000
8.89526367,-81.86945000,-93.33802000,-70.03859000,-72.81701000
8.89587402,-82.35580000,-93.75699000,-69.92834000,-78.59058000
8.89648438,-89.11436000,-106.10320000,-72.60650000,-77.07060000
8.89709473,-80.64442000,-93.96552000,-71.62045000,-79.84209000
8.89770508,-78.12482000,-90.58455000,-67.33646000,-74.12265000
8.89831543,-77.25180000,-99.64680000,-70.51099000,-69.01131000
8.89892578,-74.98607000,-96.95210000,-72.02933000,-71.81236000
8.89953613,-76.40622000,-93.77266000,-69.47958000,-77.06729000
8.90014648,-83.23081000,-93.03957000,-71.91657000,-75.93795000
8.90075684,-81.27765000,-96.16138000,-67.67320000,-75.07433000
8.90136719,-86.38927000,-100.64600000,-68.00853000,-76.20601000
8.90197754,-81.51856000,-98.46198000,-71.52235000,-82.09862000
8.90258789,-79.43816000,-97.44353000,-76.46001000,-86.66876000
8.90319824,-82.34887000,-95.93930000,-81.07329000,-76.95509000
8.90380859,-80.26846000,-94.92710000,-72.12351000,-78.43864000
8.90441895,-75.33490000,-95.39280000,-68.81679000,-75.37601000
8.90502930,-73.52554000,-101.63860000,-68.41209000,-78.07808000
8.90563965,-71.70625000,-110.79610000,-71.96540000,-80.15746000
8.90625000,-72.17059000,-106.28780000,-80.92796000,-68.11631000
8.90686035,-73.34448000,-100.39710000,-78.58674000,-67.21655000
8.90747070,-76.92255000,-102.21450000,-75.35280000,-69.20789000
8.90808105,-80.78123000,-99.51520000,-71.17181000,-71.84851000
8.90869141,-76.17493000,-89.16113000,-67.84735000,-106.20440000
8.90930176,-75.27453000,-87.43171000,-68.48464000,-74.44948000
8.90991211,-73.57117000,-88.47969000,-69.09778000,-77.58572000
8.91052246,-71.45722000,-91.61122000,-67.65100000,-81.26039000
8.91113281,-73.73494000,-98.35201000,-67.85017000,-74.49495000
8.91174316,-77.05435000,-94.13918000,-76.03149000,-69.84062000
8.91235352,-86.62083000,-92.33337000,-72.53466000,-72.14368000
8.91296387,-74.33500000,-89.72404000,-73.50291000,-77.65647000
8.91357422,-70.94735000,-90.21840000,-71.77066000,-86.04615000
8.91418457,-77.20271000,-89.85017000,-67.51072000,-71.84499000
8.91479492,-81.84999000,-89.10226000,-66.27252000,-68.01864000
8.91540527,-71.06992000,-97.93216000,-69.21336000,-70.03258000
8.91601563,-69.65549000,-93.37961000,-72.69397000,-73.14083000
8.91662598,-68.10680000,-108.79870000,-67.61709000,-80.87146000
8.91723633,-63.22415000,-88.11034000,-67.88412000,-79.11386000
8.91784668,-66.36216000,-88.42098000,-76.18063000,-78.32083000
8.91845703,-68.69876000,-84.45912000,-76.07320000,-80.95948000
8.91906738,-71.66463000,-82.41517000,-70.77623000,-78.59425000
8.91967773,-88.89466000,-88.59772000,-70.28694000,-74.16154000
8.92028809,-73.17989000,-96.88910000,-73.65512000,-71.41237000
8.92089844,-72.78660000,-90.31120000,-74.86769000,-74.34815000
8.92150879,-70.58372000,-90.81756000,-75.65604000,-77.05803000
8.92211914,-62.48059000,-99.81219000,-71.10738000,-77.22572000
8.92272949,-60.59663000,-97.46831000,-67.94013000,-84.18977000
8.92333984,-65.96259000,-99.98440000,-72.25519000,-81.18840000
8.92395020,-73.00217000,-96.70900000,-73.45432000,-72.44733000
8.92456055,-73.14912000,-93.14797000,-67.60075000,-69.93620000
8.92517090,-77.63786000,-97.22659000,-78.66086000,-72.95352000
8.92578125,-76.66525000,-93.15941000,-72.74206000,-76.35925000
8.92639160,-75.61580000,-93.67235000,-79.98003000,-75.84884000
8.92700195,-82.38601000,-97.17944000,-73.97007000,-72.80441000
8.92761230,-82.16884000,-89.47588000,-71.63456000,-74.55399000
8.92822266,-77.20651000,-89.79068000,-70.87985000,-83.25256000
8.92883301,-77.47176000,-91.03314000,-71.05018000,-77.59727000
8.92944336,-79.93437000,-93.36623000,-68.16928000,-73.24429000
8.93005371,-72.29765000,-101.72220000,-67.33365000,-78.23889000
8.93066406,-72.71928000,-91.74366000,-79.74245000,-73.55219000
8.93127441,-81.53035000,-88.59307000,-69.40528000,-70.08784000
8.93188477,-77.74860000,-90.32097000,-68.17343000,-73.62933000
8.93249512,-77.73449000,-97.48860000,-70.96337000,-72.72794000
8.93310547,-93.95401000,-95.36916000,-71.13700000,-75.89084000
8.93371582,-81.98389000,-94.34865000,-78.20818000,-75.68550000
8.93432617,-77.90471000,-98.81416000,-70.71969000,-72.18991000
8.93493652,-83.69043000,-97.92627000,-66.50050000,-71.40455000
8.93554688,-89.47597000,-96.01643000,-67.80861000,-70.21063000
8.93615723,-94.44746000,-98.84837000,-74.06644000,-68.90784000
8.93676758,-80.57221000,-102.13960000,-79.36798000,-73.52341000
8.93737793,-75.32179000,-96.28355000,-77.23472000,-74.03181000
8.93798828,-77.44622000,-97.23412000,-76.52078000,-68.21236000
8.93859863,-80.64919000,-93.23430000,-81.60258000,-72.34397000
8.93920898,-74.10907000,-83.07912000,-74.53382000,-83.75432000
8.93981934,-70.54758000,-78.87027000,-65.34285000,-79.08715000
8.94042969,-74.61349000,-81.30776000,-66.07346000,-75.51979000
8.94104004,-82.14614000,-86.31223000,-69.37836000,-77.66158000
8.94165039,-81.64875000,-86.60410000,-78.59195000,-82.87873000
8.94226074,-79.60710000,-89.76750000,-70.25317000,-77.93862000
8.94287109,-80.34095000,-92.03558000,-65.32939000,-72.30101000
8.94348145,-80.19881000,-89.03381000,-68.34016000,-75.13508000
8.94409180,-77.11736000,-92.85892000,-70.30433000,-80.23286000
8.94470215,-77.53596000,-93.01242000,-65.65443000,-77.99573000
8.94531250,-79.05697000,-88.91564000,-63.91127000,-70.32428000
8.94592285,-83.11179000,-89.51051000,-65.81605000,-73.16933000
8.94653320,-89.58785000,-96.51688000,-73.64285000,-80.90389000
8.94714355,-84.27205000,-106.45980000,-80.52429000,-74.66763000
8.94775391,-82.41157000,-97.04555000,-72.79026000,-81.28861000
8.94836426,-79.32646000,-93.71018000,-70.64599000,-77.94242000
8.94897461,-75.57430000,-91.02753000,-70.26834000,-80.69680000
8.94958496,-76.39262000,-92.95388000,-68.99135000,-78.64234000
8.95019531,-90.20876000,-101.60260000,-70.45867000,-84.68799000
8.95080566,-77.66692000,-93.11443000,-74.78990000,-76.87743000
8.95141602,-74.70801000,-95.42920000,-74.78522000,-77.47243000
8.95202637,-76.72195000,-97.70175000,-75.05550000,-76.29897000
8.95263672,-78.92533000,-91.47281000,-75.07762000,-73.27991000
8.95324707,-78.00483000,-87.52789000,-79.04889000,-77.38622000
8.95385742,-82.45914000,-86.93900000,-103.06910000,-90.40448000
8.95446777,-78.41354000,-91.12517000,-73.38546000,-83.87881000
8.95507813,-82.44362000,-91.36230000,-74.03460000,-80.54012000
8.95568848,-77.54804000,-92.53693000,-71.14093000,-72.60868000
8.95629883,-82.38937000,-94.61301000,-69.77643000,-73.13850000
8.95690918,-80.73930000,-95.02661000,-76.33775000,-83.93429000
8.95751953,-76.16572000,-90.48463000,-76.46508000,-79.71602000
8.95812988,-76.62314000,-91.16356000,-83.11748000,-75.18928000
8.95874023,-77.24674000,-95.62424000,-74.25950000,-93.37315000
8.95935059,-77.36383000,-95.41233000,-74.23439000,-80.70438000
8.95996094,-71.30293000,-87.24455000,-82.59569000,-78.61513000
8.96057129,-66.75345000,-80.57816000,-70.04782000,-75.33086000
8.96118164,-69.67690000,-81.53179000,-71.41163000,-74.24065000
8.96179199,-83.99335000,-91.63601000,-67.65881000,-81.43416000
8.96240234,-77.86563000,-99.30710000,-68.50528000,-71.67790000
8.96301270,-87.67010000,-92.65564000,-71.49760000,-68.21613000
8.96362305,-79.43251000,-89.82426000,-77.62337000,-70.39561000
8.96423340,-75.50374000,-94.17212000,-69.26028000,-75.31831000
8.96484375,-77.40108000,-97.91061000,-68.41238000,-74.19040000
8.96545410,-75.32014000,-96.16701000,-69.84380000,-75.55731000
8.96606445,-82.32910000,-103.43290000,-69.27879000,-73.18611000
8.96667480,-83.10686000,-111.95080000,-70.38634000,-74.73571000
8.96728516,-92.66480000,-98.17503000,-66.64483000,-77.26137000
8.96789551,-76.91548000,-91.09512000,-66.13809000,-87.63724000
8.96850586,-74.21134000,-93.61856000,-70.48254000,-80.16079000
8.96911621,-82.18316000,-108.49800000,-68.13043000,-83.93750000
8.96972656,-78.49683000,-96.61073000,-66.76302000,-74.18410000
8.97033691,-74.19753000,-91.64761000,-71.08067000,-70.93090000
8.97094727,-76.90766000,-91.65916000,-71.24141000,-72.00945000
8.97155762,-90.07130000,-97.68661000,-77.77374000,-75.23940000
8.97216797,-80.51547000,-116.43200000,-75.12008000,-78.65261000
8.97277832,-77.02505000,-95.96333000,-68.10960000,-82.32921000
8.97338867,-74.81049000,-89.72731000,-66.75413000,-80.69230000
8.97399902,-73.59189000,-90.39367000,-73.31264000,-75.51139000
8.97460938,-74.58628000,-95.82684000,-83.11906000,-74.88997000
8.97521973,-74.51478000,-108.04210000,-76.96213000,-78.77007000
8.97583008,-75.39133000,-90.58005000,-73.35086000,-83.49594000
8.97644043,-78.12523000,-88.52706000,-70.41473000,-79.16830000
8.97705078,-78.75626000,-94.24842000,-71.71643000,-78.77655000
8.97766113,-75.69422000,-94.21706000,-75.11143000,-85.96116000
8.97827148,-74.45622000,-91.08328000,-86.00658000,-88.92918000
8.97888184,-75.30961000,-90.17482000,-75.61151000,-79.68237000
8.97949219,-81.98419000,-88.94700000,-71.50069000,-78.55563000
8.98010254,-88.24517000,-92.22480000,-74.20700000,-73.82590000
8.98071289,-85.37247000,-90.89524000,-72.66812000,-75.73302000
8.98132324,-74.29231000,-82.55902000,-74.49657000,-75.00485000
8.98193359,-72.31157000,-79.66173000,-70.65436000,-68.28447000
8.98254395,-85.88918000,-86.17291000,-72.60361000,-71.06433000
8.98315430,-77.84593000,-114.06460000,-72.57864000,-85.52082000
8.98376465,-73.74464000,-109.12800000,-77.29693000,-79.82375000
8.98437500,-73.79983000,-95.36347000,-74.04092000,-75.87400000
8.98498535,-82.44846000,-95.36541000,-73.49104000,-72.82920000
8.98559570,-77.62279000,-101.96850000,-71.60980000,-70.93259000
8.98620605,-77.06449000,-91.54053000,-72.45940000,-71.19025000
8.98681641,-94.99510000,-94.95678000,-71.27901000,-75.58683000
8.98742676,-80.54778000,-98.95621000,-67.86424000,-78.64508000
8.98803711,-80.22286000,-96.21486000,-67.89185000,-71.68333000
8.98864746,-79.30132000,-92.65420000,-69.06096000,-70.11352000
8.98925781,-81.54362000,-94.95545000,-71.81637000,-68.63975000
8.98986816,-84.83061000,-98.61942000,-80.41672000,-73.79785000
8.99047852,-78.75433000,-92.24040000,-74.94501000,-73.05151000
8.99108887,-81.51411000,-95.04235000,-70.49605000,-69.43534000
8.99169922,-78.36292000,-101.80320000,-66.35047000,-68.57657000
8.99230957,-76.17745000,-91.19220000,-67.06686000,-72.44317000
8.99291992,-73.26781000,-85.02450000,-69.57935000,-76.57082000
8.99353027,-74.32046000,-87.58773000,-73.43916000,-73.12799000
8.99414063,-80.25795000,-99.22230000,-75.33651000,-71.00290000
8.99475098,-95.26105000,-125.54260000,-72.84019000,-70.26195000
8.99536133,-80.71327000,-99.66038000,-71.32074000,-72.99076000
8.99597168,-74.93677000,-98.83971000,-70.69602000,-79.22330000
8.99658203,-73.07067000,-96.76404000,-74.39756000,-79.59143000
8.99719238,-73.42512000,-93.08588000,-79.84007000,-77.26903000
8.99780273,-80.70591000,-98.91623000,-76.36357000,-88.04074000
8.99841309,-82.40735000,-100.31260000,-76.54739000,-86.83247000
8.99902344,-80.37716000,-102.18330000,-71.01810000,-88.52761000
8.99963379,-84.92409000,-96.37211000,-70.15630000,-83.91496000
9.00024414,-94.51137000,-95.68587000,-77.03042000,-77.99568000
9.00085449,-82.72862000,-97.27344000,-75.23251000,-71.55536000
9.00146484,-86.03677000,-93.75916000,-73.50982000,-71.00255000
9.00207520,-69.24458000,-90.87758000,-68.28364000,-71.44685000
9.00268555,-64.62134000,-84.18728000,-68.64274000,-74.43008000
9.00329590,-66.97221000,-84.05466000,-68.57934000,-86.60558000
9.00390625,-74.79053000,-91.79977000,-69.76078000,-81.89941000
9.00451660,-82.05566000,-98.38879000,-77.49028000,-77.97192000
9.00512695,-78.98943000,-87.91489000,-95.58775000,-83.64872000
9.00573730,-72.89592000,-86.32346000,-77.14101000,-85.78389000
9.00634766,-73.89588000,-87.73510000,-70.09834000,-78.40390000
9.00695801,-76.43483000,-88.86433000,-66.05322000,-76.87152000
9.00756836,-76.47824000,-88.31322000,-66.38673000,-74.86245000
9.00817871,-79.22742000,-89.81714000,-71.75317000,-73.26369000
9.00878906,-82.77193000,-92.99809000,-75.47417000,-73.43433000
9.00939941,-87.69931000,-92.06363000,-77.29783000,-74.42013000
9.01000977,-87.58116000,-87.99124000,-78.07185000,-76.94520000
9.01062012,-85.93323000,-85.76939000,-77.76679000,-92.41265000
9.01123047,-82.73019000,-87.21748000,-82.05528000,-78.94008000
9.01184082,-88.49573000,-89.60445000,-73.96143000,-76.70757000
9.01245117,-81.64473000,-93.60649000,-73.26760000,-76.10106000
9.01306152,-76.39188000,-95.92515000,-72.48376000,-73.07509000
9.01367188,-76.04509000,-99.34516000,-69.17228000,-73.91687000
9.01428223,-73.96797000,-94.14160000,-73.22884000,-80.47657000
9.01489258,-71.80032000,-87.41147000,-77.83963000,-79.72054000
9.01550293,-73.13954000,-89.49387000,-77.95640000,-78.11787000
9.01611328,-75.34785000,-98.50432000,-73.26581000,-75.05370000
9.01672363,-74.16374000,-96.11069000,-74.16357000,-73.78001000
9.01733398,-74.00276000,-93.99751000,-69.37730000,-71.68269000
9.01794434,-80.38636000,-95.34143000,-65.81726000,-73.39270000
9.01855469,-77.62342000,-97.15810000,-66.14925000,-76.95552000
9.01916504,-69.55091000,-95.89088000,-72.69231000,-70.66711000
9.01977539,-67.01876000,-90.33883000,-69.07375000,-70.13251000
9.02038574,-68.03348000,-96.87781000,-68.08331000,-79.16098000
9.02099609,-76.10983000,-97.80074000,-69.65009000,-76.40510000
9.02160645,-84.34380000,-91.39590000,-73.40493000,-75.13918000
9.02221680,-79.49298000,-92.46204000,-79.56396000,-76.60343000
9.02282715,-78.44839000,-93.67515000,-76.49147000,-75.53793000
9.02343750,-73.64350000,-86.42949000,-90.53329000,-89.59785000
9.02404785,-73.42931000,-83.55351000,-84.64806000,-83.82438000
9.02465820,-79.18470000,-89.71574000,-77.75134000,-71.61980000
9.02526855,-88.99817000,-95.76270000,-80.10498000,-71.04543000
9.02587891,-82.37248000,-90.78114000,-74.38918000,-80.76591000
9.02648926,-75.92501000,-93.97183000,-69.03499000,-75.50590000
9.02709961,-76.27191000,-106.26790000,-67.96049000,-72.13524000
9.02770996,-82.69489000,-93.00008000,-68.99316000,-73.82773000
9.02832031,-75.32675000,-105.40000000,-78.60792000,-78.86212000
9.02893066,-74.97771000,-90.36263000,-78.34650000,-74.59640000
9.02954102,-81.11695000,-88.44407000,-73.43733000,-71.54481000
9.03015137,-80.36526000,-87.45885000,-74.53504000,-86.04967000
9.03076172,-79.65948000,-88.38970000,-69.74850000,-74.25022000
9.03137207,-79.23186000,-93.21147000,-67.94326000,-75.99740000
9.03198242,-86.10840000,-94.61128000,-72.92899000,-66.89207000
9.03259277,-81.53242000,-88.33420000,-75.20065000,-64.24246000
9.03320313,-78.60872000,-87.71119000,-70.28651000,-68.08793000
9.03381348,-82.95478000,-88.59621000,-71.64767000,-77.76871000
9.03442383,-79.37046000,-89.29097000,-72.51744000,-79.69528000
9.03503418,-82.63416000,-89.02107000,-67.94729000,-72.64391000
9.03564453,-80.61064000,-88.70998000,-70.08467000,-70.06993000
9.03625488,-74.91788000,-94.93358000,-73.34548000,-72.66819000
9.03686523,-73.04024000,-93.17209000,-66.40929000,-82.92091000
9.03747559,-76.06999000,-88.06762000,-66.88275000,-75.58900000
9.03808594,-85.36973000,-89.40982000,-79.04591000,-71.68887000
9.03869629,-77.36578000,-96.60622000,-70.28834000,-74.19016000
9.03930664,-67.82587000,-100.77040000,-67.38473000,-74.68318000
9.03991699,-68.10836000,-93.13636000,-67.32687000,-72.55981000
9.04052734,-81.76746000,-89.42204000,-67.55878000,-72.95970000
9.04113770,-80.58635000,-89.85339000,-71.61333000,-71.35530000
9.04174805,-73.00627000,-93.90372000,-67.12203000,-70.96812000
9.04235840,-78.66312000,-101.69270000,-66.68563000,-73.66492000
9.04296875,-81.59914000,-102.79740000,-67.87589000,-79.93546000
9.04357910,-81.15154000,-94.21080000,-70.84561000,-81.06164000
9.04418945,-77.23680000,-86.82137000,-76.27764000,-77.82474000
9.04479980,-69.70124000,-84.41031000,-81.57409000,-73.72130000
9.04541016,-71.64657000,-86.46000000,-84.40789000,-72.73298000
9.04602051,-78.03099000,-90.01299000,-70.47221000,-76.74901000
9.04663086,-78.76962000,-97.21561000,-67.11001000,-75.64777000
9.04724121,-75.02045000,-102.17230000,-68.78358000,-72.21647000
9.04785156,-75.32278000,-92.87108000,-70.34061000,-68.65379000
9.04846191,-75.05261000,-95.02168000,-70.86807000,-66.61623000
9.04907227,-73.38918000,-107.80730000,-68.25136000,-70.88116000
9.04968262,-77.17642000,-107.26610000,-69.26845000,-86.30582000
9.05029297,-77.39627000,-98.24654000,-72.31254000,-84.64073000
9.05090332,-76.64545000,-96.79986000,-78.03723000,-77.77548000
9.05151367,-86.62357000,-97.16925000,-73.60169000,-72.84237000
9.05212402,-65.89694000,-96.48258000,-69.74905000,-74.95972000
9.05273438,-59.66021000,-99.42561000,-68.63191000,-72.29002000
9.05334473,-61.43846000,-96.10551000,-77.93044000,-71.04859000
9.05395508,-70.34084000,-94.65981000,-80.70695000,-70.65482000
9.05456543,-73.05469000,-91.29983000,-70.19527000,-69.10294000
9.05517578,-72.70197000,-91.91963000,-67.75586000,-69.92723000
9.05578613,-79.94875000,-89.50967000,-70.88243000,-70.58536000
9.05639648,-95.17746000,-92.28829000,-74.95321000,-73.73354000
9.05700684,-76.89634000,-98.61478000,-71.49115000,-80.25196000
9.05761719,-66.31705000,-109.36020000,-70.85435000,-75.38966000
9.05822754,-65.83835000,-102.50260000,-72.87071000,-70.14626000
9.05883789,-72.68365000,-99.41321000,-74.33833000,-68.77254000
9.05944824,-68.10213000,-98.01056000,-77.55536000,-68.78267000
9.06005859,-69.24903000,-97.69441000,-80.71068000,-75.26100000
9.06066895,-89.44386000,-90.83934000,-79.07703000,-77.18316000
9.06127930,-72.92886000,-88.06319000,-76.63298000,-71.64794000
9.06188965,-69.19611000,-91.83928000,-74.28308000,-74.61533000
9.06250000,-70.51014000,-100.24400000,-73.27123000,-78.68143000
9.06311035,-75.56425000,-98.62962000,-67.43283000,-73.17379000
9.06372070,-79.83440000,-93.35423000,-65.69015000,-75.39643000
9.06433105,-73.63939000,-95.69891000,-72.81194000,-80.97443000
9.06494141,-71.02746000,-97.15471000,-69.53300000,-72.23717000
9.06555176,-70.60875000,-87.39015000,-62.70970000,-74.69186000
9.06616211,-71.87049000,-86.55869000,-64.22189000,-80.61607000
9.06677246,-76.15374000,-90.29008000,-70.00780000,-84.73587000
9.06738281,-77.65855000,-97.39738000,-67.94344000,-76.47105000
9.06799316,-76.01424000,-87.91197000,-70.93719000,-74.41715000
9.06860352,-80.78757000,-90.00360000,-95.38043000,-77.14383000
9.06921387,-83.24327000,-94.55267000,-71.40856000,-81.29059000
9.06982422,-86.20012000,-94.95297000,-72.88925000,-85.92063000
9.07043457,-81.83387000,-96.75375000,-74.31290000,-76.66132000
9.07104492,-77.38023000,-93.90771000,-80.88631000,-79.16428000
9.07165527,-77.52369000,-97.24370000,-88.01416000,-78.12864000
9.07226563,-80.96005000,-101.05770000,-78.05536000,-73.42894000
9.07287598,-82.06337000,-96.69289000,-75.54993000,-72.23116000
9.07348633,-80.19563000,-96.70871000,-81.31090000,-78.62595000
9.07409668,-76.18459000,-93.85858000,-76.73509000,-82.62569000
9.07470703,-75.42075000,-89.47432000,-69.21027000,-77.32790000
9.07531738,-76.34229000,-90.28976000,-71.64870000,-71.61954000
9.07592773,-81.56851000,-101.33470000,-82.29125000,-75.70860000
9.07653809,-84.49841000,-99.85195000,-82.26421000,-80.35663000
9.07714844,-82.33298000,-95.68553000,-82.62298000,-72.75613000
9.07775879,-77.75962000,-91.71276000,-77.01954000,-72.81697000
9.07836914,-79.21765000,-93.46908000,-70.66006000,-74.30353000
9.07897949,-83.53474000,-93.06569000,-68.73456000,-70.99137000
9.07958984,-77.03535000,-94.24167000,-68.95795000,-69.89476000
9.08020020,-74.07144000,-104.29920000,-77.55620000,-69.79501000
9.08081055,-76.39902000,-94.05522000,-74.61671000,-71.42847000
9.08142090,-79.77267000,-90.84451000,-81.04887000,-77.87845000
9.08203125,-79.27403000,-87.63764000,-69.85555000,-73.29961000
9.08264160,-77.95281000,-89.02637000,-68.01895000,-70.75130000
9.08325195,-69.89970000,-101.87950000,-71.85794000,-73.72088000
9.08386230,-65.01336000,-92.47539000,-67.24809000,-86.01801000
9.08447266,-67.23918000,-87.04655000,-62.96294000,-78.12883000
9.08508301,-76.94459000,-90.25633000,-64.16013000,-82.91299000
9.08569336,-78.72367000,-102.29840000,-66.56490000,-77.36288000
9.08630371,-75.13068000,-94.86533000,-71.02315000,-71.57767000
9.08691406,-69.26241000,-88.98184000,-72.53995000,-70.96712000
9.08752441,-72.11024000,-91.41153000,-66.64130000,-70.83114000
9.08813477,-83.16860000,-93.79041000,-69.77843000,-69.00964000
9.08874512,-86.39217000,-92.00601000,-77.41301000,-71.23897000
9.08935547,-76.04431000,-90.74104000,-80.82330000,-83.57327000
9.08996582,-81.87936000,-89.73749000,-76.60840000,-80.66190000
9.09057617,-75.08179000,-93.21243000,-78.19986000,-75.11238000
9.09118652,-74.89653000,-94.67587000,-72.87003000,-72.77004000
9.09179688,-82.17912000,-93.02045000,-65.86816000,-78.65353000
9.09240723,-83.04593000,-101.24440000,-67.15541000,-106.58290000
9.09301758,-81.77171000,-92.97583000,-72.34262000,-76.72779000
9.09362793,-79.16396000,-89.04172000,-83.45306000,-70.33446000
9.09423828,-96.08346000,-89.17421000,-82.82800000,-69.40331000
9.09484863,-81.95863000,-95.55399000,-83.23572000,-67.35839000
9.09545898,-82.41426000,-105.36020000,-77.56274000,-68.59832000
9.09606934,-76.15260000,-96.95309000,-76.37817000,-76.41104000
9.09667969,-79.28400000,-87.62305000,-74.30087000,-80.83228000
9.09729004,-79.97844000,-85.63546000,-72.28547000,-74.35447000
9.09790039,-79.41651000,-88.04866000,-77.95455000,-74.08328000
9.09851074,-84.73456000,-91.81316000,-77.40598000,-75.46413000
9.09912109,-76.98425000,-100.23760000,-73.32671000,-70.01981000
9.09973145,-74.94843000,-98.23993000,-74.27820000,-65.95439000
9.10034180,-80.94494000,-96.27236000,-76.71112000,-64.32693000
9.10095215,-87.77766000,-93.12207000,-71.17453000,-64.23468000
9.10156250,-80.41759000,-91.09978000,-73.47687000,-65.58016000
9.10217285,-77.11931000,-87.18866000,-72.20006000,-69.90056000
9.10278320,-75.78752000,-88.26049000,-70.99020000,-73.61510000
9.10339355,-79.43735000,-103.57670000,-78.55435000,-72.19891000
9.10400391,-80.79886000,-92.08714000,-82.04779000,-76.81733000
9.10461426,-81.54473000,-85.81403000,-69.95905000,-81.34613000
9.10522461,-84.50683000,-84.86809000,-69.17786000,-73.91394000
9.10583496,-76.81535000,-87.44684000,-71.10477000,-70.87688000
9.10644531,-79.58211000,-94.60789000,-76.71500000,-72.40401000
9.10705566,-78.75907000,-91.95396000,-73.01146000,-73.17741000
9.10766602,-71.13896000,-86.66119000,-92.63751000,-71.67529000
9.10827637,-75.35685000,-89.33829000,-77.33783000,-69.28054000
9.10888672,-89.40756000,-96.40973000,-95.13490000,-70.54172000
9.10949707,-84.13197000,-95.43075000,-78.99617000,-67.82007000
9.11010742,-76.11761000,-95.52721000,-74.84534000,-68.07056000
9.11071777,-76.03186000,-100.79700000,-71.91039000,-74.66541000
9.11132813,-85.07527000,-100.68640000,-80.41866000,-80.12188000
9.11193848,-83.71628000,-104.18460000,-73.46400000,-74.93898000
9.11254883,-80.72384000,-91.76155000,-68.75890000,-75.89956000
9.11315918,-81.97984000,-88.31176000,-71.75840000,-79.44530000
9.11376953,-82.86063000,-88.39524000,-80.03566000,-74.92763000
9.11437988,-84.28176000,-93.75310000,-79.75583000,-73.11639000
9.11499023,-81.24218000,-89.67969000,-78.19967000,-70.29267000
9.11560059,-81.93271000,-95.48104000,-78.08575000,-73.62885000
9.11621094,-78.61948000,-93.67987000,-75.47267000,-76.72619000
9.11682129,-71.66913000,-84.58276000,-74.10028000,-91.57195000
9.11743164,-69.83339000,-84.01550000,-73.86913000,-75.45036000
9.11804199,-76.27617000,-90.87682000,-72.83975000,-72.37297000
9.11865234,-79.33251000,-86.84021000,-72.55097000,-72.14251000
9.11926270,-84.43373000,-88.48939000,-73.89772000,-72.03572000
9.11987305,-79.20774000,-92.62231000,-86.64482000,-72.00845000
9.12048340,-72.92216000,-91.54625000,-69.18451000,-75.20970000
9.12109375,-69.83659000,-89.20387000,-66.47412000,-84.14500000
9.12170410,-72.65524000,-90.38167000,-67.33057000,-86.80309000
9.12231445,-80.90520000,-90.65170000,-71.68250000,-77.91350000
9.12292480,-83.23152000,-91.64704000,-72.04186000,-80.66376000
9.12353516,-88.24756000,-95.26833000,-70.34593000,-76.93110000
9.12414551,-86.33755000,-90.93527000,-68.84901000,-72.79809000
9.12475586,-80.69530000,-91.31235000,-70.94746000,-72.04562000
9.12536621,-87.27727000,-103.95180000,-75.67300000,-80.70538000
9.12597656,-87.65270000,-99.67918000,-71.93681000,-81.76449000
9.12658691,-80.55254000,-99.38943000,-74.32597000,-75.59882000
9.12719727,-84.94675000,-90.93864000,-78.29038000,-73.39570000
9.12780762,-79.86411000,-87.15254000,-66.20441000,-73.51848000
9.12841797,-72.53123000,-88.05802000,-64.99346000,-75.29850000
9.12902832,-71.63518000,-89.64566000,-68.67868000,-74.01660000
9.12963867,-74.93089000,-97.44821000,-70.05556000,-73.53065000
9.13024902,-77.40217000,-96.00963000,-68.26194000,-71.98793000
9.13085938,-75.00031000,-98.34375000,-70.55450000,-72.94138000
9.13146973,-79.18498000,-94.09707000,-94.08261000,-77.19276000
9.13208008,-79.02043000,-91.86337000,-89.42281000,-82.22554000
9.13269043,-76.47854000,-92.49373000,-79.03004000,-81.85378000
9.13330078,-79.57544000,-94.39637000,-70.34518000,-72.73888000
9.13391113,-78.45475000,-92.66489000,-67.63366000,-70.91485000
9.13452148,-80.68084000,-94.96373000,-70.89716000,-71.41061000
9.13513184,-86.38593000,-99.49509000,-72.10704000,-70.34044000
9.13574219,-78.65749000,-95.15076000,-86.35060000,-73.02775000
9.13635254,-76.86354000,-96.87207000,-71.86637000,-72.89236000
9.13696289,-95.06607000,-94.92654000,-73.99739000,-73.36958000
9.13757324,-86.65763000,-99.75867000,-72.60339000,-68.83094000
9.13818359,-91.36488000,-91.54556000,-68.42701000,-71.29905000
9.13879395,-90.02341000,-92.88710000,-75.26561000,-76.21735000
9.13940430,-86.98925000,-96.01302000,-72.76440000,-74.52688000
9.14001465,-82.32085000,-96.28658000,-77.61618000,-73.83653000
9.14062500,-80.49388000,-99.76609000,-76.56808000,-73.23022000
9.14123535,-77.29508000,-95.03455000,-71.66708000,-74.77301000
9.14184570,-88.14075000,-90.71999000,-73.39439000,-77.65488000
9.14245605,-78.11848000,-94.65157000,-76.30141000,-74.28084000
9.14306641,-80.59198000,-102.17300000,-71.69057000,-71.88480000
9.14367676,-83.81982000,-98.88301000,-69.50018000,-69.05554000
9.14428711,-79.74212000,-100.17100000,-75.10304000,-68.58259000
9.14489746,-77.87998000,-95.04634000,-76.58617000,-68.92877000
9.14550781,-76.50651000,-91.56390000,-69.79276000,-71.86216000
9.14611816,-75.72238000,-90.35995000,-67.16773000,-73.54837000
9.14672852,-77.03173000,-89.98689000,-69.46980000,-73.40090000
9.14733887,-83.46548000,-93.35247000,-72.59680000,-77.92313000
9.14794922,-84.97873000,-104.55340000,-73.59370000,-74.27660000
9.14855957,-82.72749000,-94.04585000,-79.48317000,-73.61345000
9.14916992,-80.09956000,-89.82558000,-66.80867000,-74.44200000
9.14978027,-75.83144000,-89.01809000,-65.20419000,-70.84367000
9.15039063,-78.23300000,-91.32254000,-72.01651000,-73.88596000
9.15100098,-84.95464000,-93.56870000,-70.35223000,-81.68687000
9.15161133,-81.39064000,-92.05433000,-66.31557000,-76.24059000
9.15222168,-85.20997000,-94.08588000,-65.01404000,-75.79993000
9.15283203,-80.34657000,-95.19765000,-65.88955000,-84.44588000
9.15344238,-82.47653000,-92.74197000,-68.60221000,-78.16590000
9.15405273,-87.79858000,-93.55533000,-71.72105000,-74.26462000
9.15466309,-79.54040000,-95.71054000,-69.94175000,-79.08038000
9.15527344,-77.93913000,-100.75610000,-65.41566000,-79.84469000
9.15588379,-76.31689000,-96.14871000,-63.62528000,-73.06332000
9.15649414,-78.17161000,-92.60661000,-67.08333000,-70.64771000
9.15710449,-80.61719000,-92.61095000,-79.38635000,-71.28929000
9.15771484,-78.72941000,-106.19070000,-68.02748000,-79.58330000
9.15832520,-83.65178000,-96.96954000,-66.99670000,-73.50104000
9.15893555,-76.15749000,-92.32446000,-65.15782000,-71.63645000
9.15954590,-73.87289000,-89.70877000,-68.59052000,-74.82631000
9.16015625,-75.30994000,-93.09915000,-73.97351000,-76.78256000
9.16076660,-73.38607000,-84.76920000,-72.63828000,-72.72830000
9.16137695,-72.70619000,-83.89690000,-73.97083000,-72.07964000
9.16198730,-77.36469000,-92.14423000,-72.67066000,-75.51505000
9.16259766,-91.40800000,-93.82691000,-67.83241000,-84.52007000
9.16320801,-80.74695000,-87.30277000,-70.56729000,-73.28513000
9.16381836,-74.92970000,-91.53227000,-71.71745000,-73.97432000
9.16442871,-74.74284000,-100.95770000,-76.57921000,-76.84557000
9.16503906,-80.55167000,-93.80292000,-75.52468000,-77.13239000
9.16564941,-75.07347000,-93.46274000,-66.44705000,-74.84647000
9.16625977,-74.46118000,-92.98127000,-65.54726000,-75.64635000
9.16687012,-87.87132000,-91.18729000,-70.72770000,-78.11652000
9.16748047,-79.09962000,-96.00098000,-77.63309000,-76.62889000
9.16809082,-79.87315000,-94.43561000,-76.74580000,-70.40009000
9.16870117,-83.49247000,-91.56838000,-85.25813000,-71.96221000
9.16931152,-82.25674000,-90.52319000,-69.56007000,-82.98549000
9.16992188,-81.30006000,-92.68174000,-69.97646000,-82.43974000
9.17053223,-82.84225000,-91.95248000,-72.43089000,-75.05721000
9.17114258,-71.97278000,-86.82198000,-72.88677000,-70.72160000
9.17175293,-69.05269000,-88.65373000,-67.95192000,-69.57864000
9.17236328,-72.40858000,-91.24599000,-66.35340000,-69.86738000
9.17297363,-76.96896000,-89.70086000,-73.48500000,-73.21763000
9.17358398,-82.41665000,-91.58287000,-69.79270000,-87.46245000
9.17419434,-85.81242000,-98.98518000,-70.30879000,-70.25233000
9.17480469,-80.83637000,-94.02195000,-89.91059000,-70.02797000
9.17541504,-78.62550000,-91.02481000,-74.91446000,-76.73116000
9.17602539,-74.29995000,-110.39450000,-69.50639000,-83.08033000
9.17663574,-75.23817000,-98.13285000,-71.91033000,-77.89360000
9.17724609,-81.10920000,-92.97318000,-73.99557000,-75.97808000
9.17785645,-83.05551000,-90.85872000,-83.79512000,-72.90047000
9.17846680,-78.93958000,-93.32284000,-78.35900000,-86.89876000
9.17907715,-82.44444000,-92.72030000,-76.58559000,-81.68425000
9.17968750,-81.70872000,-89.83966000,-75.92216000,-75.52772000
9.18029785,-71.97894000,-92.31328000,-87.21109000,-69.64540000
9.18090820,-72.97260000,-96.11789000,-79.08565000,-72.60085000
9.18151855,-74.44929000,-94.89449000,-71.59283000,-83.61736000
9.18212891,-72.62672000,-88.26133000,-71.26875000,-73.95562000
9.18273926,-77.34861000,-92.13866000,-90.17632000,-72.15322000
9.18334961,-83.14406000,-97.22459000,-70.91231000,-75.62714000
9.18395996,-87.88101000,-93.65334000,-67.88634000,-76.28592000
9.18457031,-74.56982000,-95.46121000,-65.13713000,-69.43700000
9.18518066,-76.20828000,-95.76849000,-66.01160000,-71.56976000
9.18579102,-78.56600000,-90.63379000,-69.96592000,-72.43140000
9.18640137,-75.36494000,-92.84064000,-73.88615000,-69.82333000
9.18701172,-76.08162000,-105.14790000,-70.14098000,-73.58847000
9.18762207,-77.80422000,-89.50683000,-66.23768000,-78.54663000
9.18823242,-75.89419000,-91.62818000,-66.67487000,-79.86200000
9.18884277,-71.72815000,-101.99530000,-72.91472000,-72.32392000
9.18945313,-71.69992000,-94.16870000,-78.27040000,-73.14664000
9.19006348,-72.11916000,-92.29310000,-72.25110000,-79.57906000
9.19067383,-73.29001000,-99.81177000,-66.04271000,-76.48196000
9.19128418,-72.38272000,-90.88058000,-68.75080000,-78.41154000
9.19189453,-74.07531000,-87.17743000,-87.52074000,-89.94695000
9.19250488,-82.69701000,-90.66484000,-71.34569000,-81.92770000
9.19311523,-93.71819000,-87.39235000,-72.14820000,-81.83723000
9.19372559,-94.11723000,-90.24080000,-74.21845000,-79.78754000
9.19433594,-82.18456000,-103.69850000,-76.29926000,-75.01682000
9.19494629,-79.12250000,-89.85505000,-82.80125000,-77.98342000
9.19555664,-77.91869000,-89.42390000,-82.23529000,-87.18337000
9.19616699,-77.75873000,-91.91159000,-72.82518000,-83.28419000
9.19677734,-75.34029000,-91.85902000,-73.54882000,-75.44564000
9.19738770,-77.04921000,-89.03957000,-78.03962000,-75.31105000
9.19799805,-87.97948000,-90.17198000,-67.51639000,-78.32663000
9.19860840,-75.81308000,-95.40692000,-68.21836000,-73.88231000
9.19921875,-74.12606000,-110.26220000,-73.96622000,-72.90862000
9.19982910,-78.62968000,-97.53290000,-76.89498000,-76.14150000
9.20043945,-81.63174000,-96.33420000,-73.50404000,-85.30421000
9.20104980,-75.43471000,-100.51460000,-73.19270000,-77.79785000
9.20166016,-75.76747000,-94.90857000,-82.47926000,-76.36727000
9.20227051,-74.65838000,-95.44689000,-74.21922000,-73.25392000
9.20288086,-75.23351000,-102.82300000,-72.29190000,-72.15935000
9.20349121,-78.36770000,-102.45560000,-67.76616000,-73.78563000
9.20410156,-78.98997000,-96.28188000,-68.95620000,-75.95107000
9.20471191,-78.86827000,-97.23457000,-68.93567000,-87.10307000
9.20532227,-77.75277000,-99.03186000,-68.06697000,-77.63745000
9.20593262,-77.17371000,-96.16789000,-70.07052000,-80.86214000
9.20654297,-84.70097000,-96.27557000,-70.63299000,-85.37819000
9.20715332,-88.20546000,-92.23311000,-70.14578000,-78.70854000
9.20776367,-92.80815000,-88.37640000,-71.75272000,-73.38488000
9.20837402,-85.83401000,-89.51100000,-80.41228000,-75.33336000
9.20898438,-76.03421000,-93.29672000,-83.68172000,-86.70742000
9.20959473,-74.58232000,-107.73830000,-79.10836000,-77.62144000
9.21020508,-77.37004000,-91.76398000,-74.45459000,-79.81576000
9.21081543,-80.71884000,-90.06456000,-68.85046000,-72.96455000
9.21142578,-75.38670000,-96.83975000,-82.66472000,-72.51851000
9.21203613,-73.31875000,-96.74925000,-72.92557000,-68.87225000
9.21264648,-82.05293000,-89.44984000,-73.66194000,-69.60333000
9.21325684,-91.90483000,-88.78376000,-73.04443000,-78.40703000
9.21386719,-88.75111000,-96.49831000,-76.84264000,-77.26566000
9.21447754,-83.05711000,-110.58170000,-73.08374000,-71.73660000
9.21508789,-78.09178000,-100.05620000,-76.68487000,-72.34529000
9.21569824,-79.77357000,-95.21193000,-78.43147000,-72.65079000
9.21630859,-77.25732000,-94.99084000,-71.16573000,-76.52251000
9.21691895,-67.72031000,-81.83546000,-70.93695000,-75.55991000
9.21752930,-63.22403000,-77.67047000,-67.61879000,-75.00745000
9.21813965,-67.33858000,-81.11838000,-69.55621000,-81.81374000
9.21875000,-82.54114000,-86.49757000,-71.64618000,-77.47829000
9.21936035,-96.76981000,-88.43461000,-75.20496000,-83.33869000
9.21997070,-83.32114000,-90.67439000,-87.27245000,-69.73776000
9.22058105,-78.35299000,-97.06090000,-69.42680000,-66.84592000
9.22119141,-77.94048000,-93.96198000,-68.70086000,-67.67886000
9.22180176,-81.31999000,-94.46577000,-71.73337000,-67.48764000
9.22241211,-87.61096000,-93.64784000,-86.50349000,-71.96674000
9.22302246,-77.36436000,-91.22992000,-75.88990000,-81.00816000
9.22363281,-76.88235000,-98.78491000,-75.76140000,-83.60919000
9.22424316,-79.53251000,-98.51018000,-71.00166000,-85.43770000
9.22485352,-95.17312000,-92.08913000,-68.65946000,-84.14405000
9.22546387,-85.38855000,-90.93810000,-67.99692000,-78.32687000
9.22607422,-83.76761000,-89.53159000,-67.16132000,-77.54302000
9.22668457,-76.12870000,-95.05096000,-64.23662000,-85.37049000
9.22729492,-79.99078000,-101.52780000,-66.20315000,-93.06930000
9.22790527,-94.76998000,-102.87220000,-69.36590000,-83.48838000
9.22851563,-85.14469000,-100.04650000,-68.45059000,-79.98463000
9.22912598,-77.36060000,-102.35660000,-69.78683000,-75.47240000
9.22973633,-72.77988000,-96.70419000,-67.73051000,-72.52838000
9.23034668,-72.82887000,-108.53800000,-67.15557000,-71.86488000
9.23095703,-75.98988000,-101.63880000,-68.42086000,-74.07142000
9.23156738,-86.19905000,-100.39130000,-68.90053000,-74.90355000
9.23217773,-78.54984000,-92.27693000,-76.15252000,-78.41763000
9.23278809,-75.22046000,-88.68423000,-87.67345000,-78.67586000
9.23339844,-77.21887000,-88.84660000,-80.29492000,-75.18037000
9.23400879,-89.98318000,-91.06744000,-75.79898000,-74.16322000
9.23461914,-78.51140000,-94.22740000,-70.74844000,-76.73283000
9.23522949,-81.75880000,-95.87831000,-68.64214000,-80.05788000
9.23583984,-81.65824000,-94.68796000,-72.18667000,-85.51407000
9.23645020,-77.93922000,-94.55216000,-76.89047000,-79.07269000
9.23706055,-77.99199000,-94.85925000,-72.75793000,-74.00016000
9.23767090,-79.89654000,-95.66085000,-68.51465000,-70.09406000
9.23828125,-98.96564000,-102.22320000,-72.56721000,-71.83384000
9.23889160,-83.04773000,-94.82512000,-71.86709000,-81.65844000
9.23950195,-71.53507000,-89.98307000,-72.48174000,-75.08324000
9.24011230,-70.95683000,-93.08121000,-78.38715000,-69.24819000
9.24072266,-77.16484000,-98.62708000,-73.31573000,-68.48038000
9.24133301,-79.57206000,-94.42971000,-69.21075000,-73.17239000
9.24194336,-78.80182000,-86.38083000,-71.20576000,-94.14760000
9.24255371,-79.54419000,-86.94066000,-76.43559000,-74.49832000
9.24316406,-76.58530000,-91.91608000,-74.68222000,-71.07556000
9.24377441,-81.97734000,-95.53875000,-76.57427000,-73.95642000
9.24438477,-81.37676000,-94.46614000,-74.20160000,-78.39324000
9.24499512,-80.62753000,-99.65831000,-70.03200000,-76.38726000
9.24560547,-82.42329000,-103.05210000,-68.87261000,-79.90617000
9.24621582,-84.11794000,-94.22511000,-74.30758000,-74.14753000
9.24682617,-95.78790000,-92.67227000,-80.71849000,-77.44206000
9.24743652,-83.72887000,-89.74269000,-71.17358000,-84.87929000
9.24804688,-78.18246000,-90.51518000,-76.38631000,-75.29878000
9.24865723,-77.41901000,-104.72320000,-74.57984000,-70.44369000
9.24926758,-80.39134000,-107.96680000,-74.06892000,-70.00626000
9.24987793,-75.32472000,-96.06377000,-77.18301000,-76.23300000
9.25048828,-73.53883000,-92.79182000,-71.89136000,-85.53737000
9.25109863,-74.86488000,-91.51940000,-79.93532000,-75.35733000
9.25170898,-77.69372000,-97.24380000,-76.35875000,-71.51958000
9.25231934,-80.42946000,-91.25569000,-71.38994000,-72.71867000
9.25292969,-81.88855000,-92.03892000,-71.50687000,-76.16039000
9.25354004,-80.31602000,-95.06860000,-76.32115000,-78.40974000
9.25415039,-74.27575000,-90.81119000,-70.56443000,-80.04025000
9.25476074,-72.34233000,-88.91429000,-80.48439000,-72.00417000
9.25537109,-76.61782000,-93.09745000,-73.57626000,-70.66653000
9.25598145,-78.52384000,-94.54826000,-69.53210000,-76.72491000
9.25659180,-77.76608000,-91.49802000,-72.12967000,-81.21319000
9.25720215,-78.95509000,-92.78480000,-75.08578000,-77.98482000
9.25781250,-80.00930000,-91.94258000,-71.58946000,-77.24814000
9.25842285,-81.79192000,-90.96767000,-69.08331000,-77.11092000
9.25903320,-81.52774000,-93.82867000,-70.68228000,-79.61944000
9.25964355,-88.72881000,-99.34396000,-70.68621000,-73.74750000
9.26025391,-81.71401000,-93.79559000,-66.72097000,-68.70116000
9.26086426,-84.78014000,-90.83365000,-66.56022000,-71.14140000
9.26147461,-81.31975000,-90.90741000,-70.43130000,-69.23801000
9.26208496,-75.35294000,-90.77332000,-68.24325000,-69.88618000
9.26269531,-73.31977000,-96.65384000,-68.09425000,-79.22845000
9.26330566,-77.38169000,-91.64234000,-70.97266000,-81.25740000
9.26391602,-80.21440000,-95.29237000,-71.24567000,-87.43803000
9.26452637,-77.24624000,-95.50819000,-70.61239000,-83.15553000
9.26513672,-76.75388000,-87.58766000,-77.42760000,-82.13012000
9.26574707,-80.56420000,-88.49352000,-73.67023000,-78.39527000
9.26635742,-104.51980000,-92.75131000,-74.61131000,-77.68248000
9.26696777,-88.81573000,-97.33605000,-74.45021000,-84.60387000
9.26757813,-78.08320000,-99.45939000,-70.45075000,-77.70985000
9.26818848,-77.07982000,-93.65755000,-71.47404000,-72.21973000
9.26879883,-81.30045000,-91.74248000,-84.18079000,-73.26486000
9.26940918,-78.30199000,-94.11053000,-74.76472000,-78.58077000
9.27001953,-81.80649000,-89.24317000,-68.40049000,-82.18716000
9.27062988,-84.60313000,-87.50143000,-68.02264000,-78.70858000
9.27124023,-82.24969000,-90.05299000,-76.08934000,-75.25237000
9.27185059,-78.78242000,-93.90446000,-67.50267000,-83.51745000
9.27246094,-79.96452000,-93.35427000,-64.53542000,-68.72165000
9.27307129,-77.55561000,-92.79540000,-67.10231000,-65.59948000
9.27368164,-73.05235000,-93.49548000,-75.17111000,-70.33861000
9.27429199,-71.05453000,-100.85970000,-67.46497000,-74.78858000
9.27490234,-69.97617000,-102.55510000,-68.05459000,-74.67284000
9.27551270,-71.85609000,-102.12650000,-71.50924000,-75.21985000
9.27612305,-72.86587000,-95.20605000,-73.11080000,-76.38904000
9.27673340,-72.91376000,-92.53296000,-74.45158000,-69.67366000
9.27734375,-78.41240000,-91.35350000,-80.80288000,-66.23096000
9.27795410,-72.09343000,-84.44607000,-77.99005000,-66.89236000
9.27856445,-72.22129000,-85.79134000,-74.81787000,-74.99011000
9.27917480,-78.70628000,-91.91620000,-68.28149000,-74.13140000
9.27978516,-78.50491000,-93.07613000,-67.78041000,-68.51443000
9.28039551,-79.09993000,-92.37939000,-70.39890000,-69.13766000
9.28100586,-80.23750000,-94.62117000,-73.28606000,-72.65614000
9.28161621,-79.73463000,-93.84553000,-74.09808000,-81.11091000
9.28222656,-76.16286000,-94.69891000,-72.77228000,-81.67687000
9.28283691,-77.53470000,-107.82170000,-72.35604000,-75.51358000
9.28344727,-84.01059000,-93.97591000,-75.54594000,-72.45663000
9.28405762,-81.82876000,-90.49283000,-70.58353000,-70.03905000
9.28466797,-83.17135000,-94.61462000,-69.68781000,-70.12481000
9.28527832,-81.75914000,-100.26060000,-79.85412000,-69.78603000
9.28588867,-84.18451000,-93.79043000,-69.68874000,-73.71579000
9.28649902,-84.42048000,-94.43470000,-69.52065000,-83.67314000
9.28710938,-76.93221000,-95.23952000,-79.31136000,-75.45094000
9.28771973,-75.24579000,-99.27388000,-70.84363000,-72.13243000
9.28833008,-81.05900000,-95.54221000,-71.99406000,-69.83781000
9.28894043,-89.28832000,-98.50999000,-77.00716000,-73.84750000
9.28955078,-83.44131000,-101.53630000,-69.87337000,-78.32959000
9.29016113,-79.82893000,-94.94963000,-66.22398000,-69.49521000
9.29077148,-77.21446000,-99.29786000,-69.95728000,-69.62912000
9.29138184,-82.40022000,-107.79110000,-84.77283000,-77.53220000
9.29199219,-88.20061000,-107.29310000,-71.43739000,-87.65064000
9.29260254,-81.02544000,-106.91300000,-67.66891000,-82.60666000
9.29321289,-77.57064000,-95.17979000,-65.66367000,-73.92921000
9.29382324,-74.44340000,-91.25932000,-66.59817000,-74.22752000
9.29443359,-77.40605000,-91.79697000,-77.29601000,-88.60950000
9.29504395,-84.76332000,-93.32526000,-75.79593000,-75.71255000
9.29565430,-80.68018000,-104.48430000,-79.03630000,-72.90529000
9.29626465,-79.15990000,-99.35693000,-72.07401000,-76.12639000
9.29687500,-81.12465000,-91.33986000,-68.47878000,-78.09964000
9.29748535,-82.70670000,-91.10165000,-69.40688000,-73.85477000
9.29809570,-82.56196000,-95.50745000,-66.58253000,-72.96180000
9.29870605,-84.73973000,-94.20796000,-66.29794000,-72.45254000
9.29931641,-82.01181000,-91.60593000,-68.37204000,-76.24307000
9.29992676,-77.29749000,-91.24600000,-67.59531000,-91.10863000
9.30053711,-70.88759000,-94.24799000,-72.66578000,-82.17548000
9.30114746,-71.20989000,-93.09254000,-77.12666000,-88.10603000
9.30175781,-76.15877000,-94.04597000,-71.49220000,-73.61588000
9.30236816,-77.51997000,-112.83710000,-73.05428000,-68.92862000
9.30297852,-76.51630000,-93.06537000,-70.90134000,-69.22271000
9.30358887,-77.83484000,-100.71450000,-79.86840000,-77.05504000
9.30419922,-84.74161000,-100.71660000,-75.15715000,-72.03698000
9.30480957,-93.01340000,-104.73010000,-69.77009000,-74.99564000
9.30541992,-91.22592000,-102.00200000,-75.43298000,-97.66325000
9.30603027,-81.54637000,-109.02700000,-74.50694000,-80.96412000
9.30664063,-73.32411000,-111.58050000,-68.69363000,-82.70146000
9.30725098,-73.49026000,-104.59690000,-68.30872000,-82.24163000
9.30786133,-76.14930000,-97.12022000,-71.91907000,-87.74207000
9.30847168,-77.00680000,-92.38393000,-76.50536000,-73.91988000
9.30908203,-80.60019000,-88.16370000,-72.86195000,-69.17545000
9.30969238,-82.89270000,-87.63004000,-81.36346000,-73.82969000
9.31030273,-74.05595000,-91.60592000,-73.29849000,-81.50397000
9.31091309,-72.54685000,-107.46040000,-74.09932000,-77.77454000
9.31152344,-73.76057000,-95.42184000,-73.14027000,-78.97804000
9.31213379,-77.77258000,-100.02310000,-73.40030000,-82.31017000
9.31274414,-82.40765000,-101.84480000,-71.00490000,-78.34444000
9.31335449,-83.64047000,-94.98160000,-69.43295000,-79.02083000
9.31396484,-85.52451000,-90.47623000,-69.57411000,-73.20893000
9.31457520,-86.49192000,-89.45091000,-74.17827000,-80.62444000
9.31518555,-80.25099000,-90.65205000,-73.02567000,-73.41801000
9.31579590,-83.73582000,-93.38082000,-71.97952000,-69.51245000
9.31640625,-85.70853000,-99.62363000,-69.70602000,-71.07282000
9.31701660,-74.24802000,-88.89894000,-68.76639000,-73.11434000
9.31762695,-71.06544000,-86.88805000,-68.87981000,-74.49456000
9.31823730,-73.61774000,-97.74742000,-68.21469000,-73.92349000
9.31884766,-75.59264000,-98.95118000,-70.46034000,-76.41141000
9.31945801,-81.95549000,-97.94154000,-74.40761000,-72.10777000
9.32006836,-84.08393000,-93.02048000,-76.02776000,-69.03712000
9.32067871,-79.65045000,-90.68058000,-105.26300000,-73.84047000
9.32128906,-100.91110000,-90.74688000,-72.13108000,-85.51270000
9.32189941,-79.37026000,-96.05945000,-68.58403000,-83.88126000
9.32250977,-78.35730000,-98.60115000,-68.40337000,-88.20248000
9.32312012,-80.43916000,-96.04291000,-68.94608000,-76.00030000
9.32373047,-78.96957000,-110.96820000,-70.79779000,-72.49936000
9.32434082,-75.89783000,-100.38290000,-73.08729000,-79.95923000
9.32495117,-79.20408000,-93.55678000,-74.83821000,-76.02831000
9.32556152,-84.36023000,-95.21545000,-70.97531000,-74.71320000
9.32617188,-82.42702000,-96.92471000,-65.98558000,-79.06447000
9.32678223,-81.05107000,-95.84058000,-66.18366000,-68.81203000
9.32739258,-85.98855000,-97.57835000,-71.21843000,-68.56583000
9.32800293,-82.52766000,-95.51674000,-76.39633000,-73.99590000
9.32861328,-76.30866000,-93.11565000,-71.68237000,-74.28734000
9.32922363,-74.65109000,-93.64236000,-66.85350000,-75.93840000
9.32983398,-78.19581000,-92.92525000,-67.27914000,-79.85667000
9.33044434,-85.73478000,-96.65802000,-73.00012000,-83.51358000
9.33105469,-88.41908000,-103.72510000,-78.28563000,-78.31305000
9.33166504,-80.44862000,-91.53940000,-74.33199000,-75.29115000
9.33227539,-81.86972000,-89.21245000,-75.53585000,-81.31781000
9.33288574,-83.57487000,-93.99138000,-79.58086000,-87.99331000
9.33349609,-81.39661000,-91.29008000,-67.93189000,-84.98017000
9.33410645,-84.34253000,-92.78990000,-65.82370000,-78.36982000
9.33471680,-82.23828000,-92.63371000,-66.74363000,-73.79976000
9.33532715,-82.17559000,-89.90746000,-66.95744000,-69.51470000
9.33593750,-85.31984000,-93.54900000,-67.94534000,-69.43889000
9.33654785,-76.95148000,-98.26720000,-67.45068000,-77.19262000
9.33715820,-74.15935000,-93.14127000,-65.95419000,-79.54472000
9.33776855,-75.03455000,-91.82074000,-70.50127000,-79.38605000
9.33837891,-75.55101000,-98.86170000,-71.52839000,-72.41914000
9.33898926,-77.55844000,-103.31290000,-68.82508000,-68.02705000
9.33959961,-81.02360000,-99.27634000,-68.59956000,-73.33863000
9.34020996,-77.11854000,-91.48897000,-67.26577000,-87.16308000
9.34082031,-79.19466000,-89.12325000,-67.77985000,-81.68248000
9.34143066,-77.12370000,-88.85068000,-74.90720000,-72.03651000
9.34204102,-77.58519000,-90.68874000,-80.52444000,-71.79330000
9.34265137,-79.00031000,-88.15865000,-73.40345000,-76.97351000
9.34326172,-77.92357000,-87.30194000,-68.68143000,-78.22423000
9.34387207,-76.23104000,-90.41359000,-70.83708000,-77.88720000
9.34448242,-77.06967000,-98.17978000,-83.56100000,-82.03172000
9.34509277,-76.54417000,-99.38568000,-81.17305000,-83.20811000
9.34570313,-77.93998000,-97.24247000,-77.08852000,-86.10994000
9.34631348,-78.54522000,-96.41365000,-87.22287000,-77.18848000
9.34692383,-86.88918000,-103.98610000,-76.84010000,-73.45612000
9.34753418,-83.39169000,-112.96230000,-68.04186000,-74.59343000
9.34814453,-83.56444000,-96.96075000,-64.13514000,-79.39055000
9.34875488,-90.51902000,-90.81458000,-65.45744000,-74.76352000
9.34936523,-88.08984000,-91.90400000,-67.82769000,-73.07178000
9.34997559,-80.41000000,-94.54507000,-71.66129000,-71.06793000
9.35058594,-74.25800000,-97.90100000,-73.33806000,-70.53543000
9.35119629,-81.55132000,-102.38950000,-71.21385000,-69.48211000
9.35180664,-79.52132000,-102.04390000,-78.23878000,-69.65904000
9.35241699,-76.38682000,-100.87070000,-75.73052000,-72.09488000
9.35302734,-78.40154000,-98.78403000,-77.33304000,-74.17754000
9.35363770,-98.14940000,-95.26956000,-71.25420000,-80.87045000
9.35424805,-83.16436000,-93.73000000,-76.78517000,-84.46825000
9.35485840,-77.04105000,-95.37244000,-68.88982000,-74.88498000
9.35546875,-77.71106000,-99.04283000,-67.20298000,-73.51147000
9.35607910,-83.73589000,-104.81720000,-75.29195000,-74.14451000
9.35668945,-75.76624000,-97.63543000,-71.60691000,-71.26450000
9.35729980,-80.11035000,-91.55278000,-71.81618000,-71.16846000
9.35791016,-102.35440000,-90.84302000,-73.51814000,-75.75476000
9.35852051,-84.17286000,-93.84116000,-79.02472000,-75.82919000
9.35913086,-76.34622000,-96.87362000,-75.63331000,-70.68513000
9.35974121,-70.71510000,-89.68462000,-77.16551000,-69.56470000
9.36035156,-72.30406000,-88.75711000,-72.01044000,-73.01576000
9.36096191,-86.82652000,-91.40048000,-68.35233000,-81.64766000
9.36157227,-82.72073000,-92.95192000,-67.94871000,-74.88563000
9.36218262,-91.97026000,-89.34033000,-67.62936000,-72.81606000
9.36279297,-98.14048000,-90.55447000,-71.86918000,-68.46196000
9.36340332,-82.17873000,-96.63106000,-89.19691000,-68.66389000
9.36401367,-76.27090000,-95.14951000,-72.11977000,-78.35699000
9.36462402,-75.90020000,-95.45624000,-69.48506000,-81.12904000
9.36523438,-79.71670000,-101.71860000,-69.64067000,-78.98393000
9.36584473,-87.13966000,-97.07707000,-67.99670000,-84.68529000
9.36645508,-90.03727000,-89.61560000,-67.38187000,-80.23727000
9.36706543,-79.25364000,-88.18417000,-66.82049000,-75.71932000
9.36767578,-72.81172000,-91.46888000,-69.52681000,-73.30782000
9.36828613,-75.33351000,-97.67114000,-71.81902000,-71.71120000
9.36889648,-84.37511000,-99.66590000,-70.84581000,-73.47320000
9.36950684,-80.12389000,-99.14838000,-68.07257000,-73.71234000
9.37011719,-76.81522000,-92.45657000,-65.36835000,-72.33450000
9.37072754,-88.86361000,-102.15440000,-66.42297000,-75.11175000
9.37133789,-76.69398000,-95.02094000,-72.58927000,-73.11523000
9.37194824,-74.66252000,-96.14757000,-71.07723000,-69.66402000
9.37255859,-76.67137000,-100.68000000,-70.23840000,-69.68260000
9.37316895,-78.93266000,-106.76720000,-84.35960000,-74.49689000
9.37377930,-84.41890000,-100.15710000,-72.94008000,-81.43164000
9.37438965,-82.56934000,-100.43570000,-70.40913000,-85.47945000
9.37500000,-77.02404000,-93.23669000,-65.59244000,-78.21098000
9.37561035,-74.07118000,-93.79047000,-66.38202000,-75.40503000
9.37622070,-76.40417000,-92.47268000,-72.61977000,-71.82210000
9.37683105,-85.08263000,-92.51930000,-70.24937000,-72.47406000
9.37744141,-81.85231000,-101.44340000,-67.00469000,-75.79069000
9.37805176,-75.09901000,-94.49474000,-63.54797000,-77.26974000
9.37866211,-79.13130000,-88.26329000,-65.04704000,-75.34941000
9.37927246,-82.85477000,-91.09573000,-75.89819000,-82.08278000
9.37988281,-78.00593000,-100.79250000,-68.18816000,-80.12135000
9.38049316,-88.19268000,-91.36870000,-66.00074000,-80.93413000
9.38110352,-78.77498000,-97.99232000,-68.07279000,-75.87355000
9.38171387,-81.14829000,-93.28021000,-87.99183000,-76.34353000
9.38232422,-79.79716000,-88.65286000,-70.37751000,-79.66765000
9.38293457,-72.60886000,-89.70943000,-68.97466000,-72.15340000
9.38354492,-71.29738000,-94.93317000,-72.95689000,-71.79443000
9.38415527,-77.85524000,-111.51740000,-75.21632000,-79.41508000
9.38476563,-87.46483000,-99.79232000,-72.16674000,-74.39372000
9.38537598,-82.49497000,-105.41250000,-72.29527000,-80.50002000
9.38598633,-77.79198000,-94.82417000,-74.14093000,-76.50879000
9.38659668,-75.68467000,-88.62326000,-75.41431000,-79.63189000
9.38720703,-80.29100000,-91.39771000,-80.44792000,-81.03575000
9.38781738,-79.47533000,-92.57369000,-70.27895000,-76.10406000
9.38842773,-78.27208000,-90.00235000,-65.43044000,-87.90223000
9.38903809,-76.30074000,-97.30116000,-66.59339000,-69.53174000
9.38964844,-74.98169000,-98.93091000,-81.73882000,-64.99144000
9.39025879,-77.12077000,-99.72112000,-77.22429000,-69.19423000
9.39086914,-79.46632000,-112.36990000,-68.59335000,-83.15482000
9.39147949,-83.73069000,-106.32190000,-72.77338000,-69.65343000
9.39208984,-78.57638000,-103.71320000,-66.67035000,-67.55571000
9.39270020,-78.01460000,-99.92743000,-68.08353000,-68.15266000
9.39331055,-82.87041000,-95.18953000,-70.77851000,-75.14128000
9.39392090,-83.54611000,-92.79529000,-69.00600000,-85.98686000
9.39453125,-85.46307000,-95.03288000,-68.54123000,-76.25556000
9.39514160,-83.85258000,-97.81658000,-68.96770000,-71.79948000
9.39575195,-77.41129000,-94.48380000,-74.73776000,-71.62054000
9.39636230,-83.41019000,-96.03574000,-74.71651000,-73.17464000
9.39697266,-86.08893000,-91.72920000,-72.68147000,-86.08713000
9.39758301,-83.33343000,-84.24391000,-73.23607000,-74.54547000
9.39819336,-98.61557000,-85.13371000,-70.03624000,-74.84238000
9.39880371,-80.91707000,-96.34209000,-73.23552000,-87.11830000
9.39941406,-75.31064000,-95.49225000,-69.23507000,-76.28976000
9.40002441,-78.61758000,-97.42306000,-70.64938000,-69.88862000
9.40063477,-80.91183000,-110.60880000,-84.50618000,-70.83251000
9.40124512,-74.21609000,-106.30900000,-77.28751000,-75.32883000
9.40185547,-81.35591000,-93.23004000,-63.81751000,-72.70450000
9.40246582,-74.94529000,-97.39411000,-61.36378000,-70.84544000
9.40307617,-76.83982000,-97.34074000,-66.38540000,-74.18085000
9.40368652,-82.64534000,-92.68152000,-78.73457000,-87.99777000
9.40429688,-79.54581000,-90.55681000,-73.98734000,-78.49029000
9.40490723,-79.04980000,-92.45360000,-69.00835000,-74.63451000
9.40551758,-86.92149000,-102.66680000,-71.12969000,-73.89773000
9.40612793,-73.99426000,-95.11333000,-74.51638000,-85.13443000
9.40673828,-74.18993000,-91.90228000,-74.57463000,-80.69112000
9.40734863,-94.66582000,-91.35261000,-76.92372000,-82.46792000
9.40795898,-74.19306000,-88.83090000,-72.28641000,-83.12308000
9.40856934,-70.02704000,-86.93991000,-71.59410000,-77.67141000
9.40917969,-70.18536000,-88.05110000,-77.01318000,-72.98994000
9.40979004,-73.50516000,-88.43344000,-76.47043000,-72.28159000
9.41040039,-76.81329000,-89.78313000,-72.45409000,-71.75212000
9.41101074,-80.24059000,-94.01328000,-67.14744000,-76.41055000
9.41162109,-77.33618000,-94.45294000,-66.17515000,-79.05367000
9.41223145,-76.27742000,-94.07683000,-63.07937000,-77.54977000
9.41284180,-81.06086000,-100.49040000,-65.36668000,-90.55045000
9.41345215,-78.09697000,-99.88144000,-74.52706000,-85.58315000
9.41406250,-77.79256000,-95.02815000,-77.86301000,-83.01892000
9.41467285,-80.89507000,-95.94493000,-77.71277000,-75.42107000
9.41528320,-85.85273000,-97.95231000,-78.01828000,-72.54161000
9.41589355,-80.70164000,-93.29765000,-72.68680000,-73.65806000
9.41650391,-82.59751000,-92.72697000,-68.64438000,-70.76247000
9.41711426,-68.45120000,-85.34096000,-64.62144000,-69.29192000
9.41772461,-66.07253000,-83.54337000,-65.29932000,-75.12714000
9.41833496,-73.03568000,-93.68576000,-72.26132000,-76.93372000
9.41894531,-86.82558000,-92.30586000,-75.36623000,-73.13618000
9.41955566,-81.86634000,-93.94762000,-83.30489000,-73.81669000
9.42016602,-77.17513000,-92.49977000,-87.20505000,-79.61176000
9.42077637,-77.95737000,-88.43998000,-73.56536000,-72.31998000
9.42138672,-79.65162000,-93.60446000,-72.26418000,-68.32168000
9.42199707,-76.94388000,-99.07154000,-71.01520000,-73.22384000
9.42260742,-79.68711000,-105.37920000,-63.07613000,-80.45402000
9.42321777,-83.98395000,-105.61940000,-65.76984000,-82.22768000
9.42382813,-87.78380000,-92.17009000,-78.84986000,-86.56127000
9.42443848,-82.33375000,-88.95853000,-74.37100000,-76.69740000
9.42504883,-85.33426000,-89.12223000,-73.22995000,-75.03143000
9.42565918,-85.73189000,-96.21449000,-75.21995000,-76.62258000
9.42626953,-82.72781000,-97.80122000,-74.76900000,-71.74402000
9.42687988,-87.52512000,-99.80437000,-74.98700000,-71.67537000
9.42749023,-76.60527000,-96.86064000,-84.77000000,-70.38203000
9.42810059,-73.08360000,-95.51637000,-81.58791000,-74.83372000
9.42871094,-79.10430000,-104.41770000,-72.55325000,-80.95955000
9.42932129,-77.04239000,-101.21190000,-62.02260000,-75.14937000
9.42993164,-75.04111000,-100.25270000,-61.92274000,-73.53059000
9.43054199,-78.28516000,-93.44531000,-72.40426000,-76.95230000
9.43115234,-73.63239000,-103.28010000,-85.76072000,-83.00755000
9.43176270,-77.64887000,-102.89840000,-92.90119000,-81.07639000
9.43237305,-85.30425000,-98.57209000,-69.52245000,-79.02489000
9.43298340,-76.37428000,-90.36182000,-66.51439000,-82.98782000
9.43359375,-76.54132000,-91.68237000,-67.62106000,-76.38396000
9.43420410,-77.00099000,-103.91800000,-70.85397000,-75.67023000
9.43481445,-78.53194000,-92.40365000,-77.76591000,-88.53961000
9.43542480,-78.82184000,-94.78189000,-69.48574000,-82.91873000
9.43603516,-78.42737000,-95.86005000,-76.70515000,-76.81296000
9.43664551,-84.78003000,-91.18230000,-70.99233000,-76.51679000
9.43725586,-95.09082000,-99.29407000,-78.00824000,-79.80073000
9.43786621,-80.50347000,-96.20197000,-92.69296000,-77.02642000
9.43847656,-81.86406000,-94.47963000,-71.67654000,-77.98940000
9.43908691,-78.93641000,-93.30493000,-64.85472000,-97.19899000
9.43969727,-81.37714000,-95.73759000,-64.64427000,-75.45451000
9.44030762,-80.08186000,-96.40816000,-71.47079000,-69.16076000
9.44091797,-77.98835000,-94.93511000,-76.43768000,-69.94771000
9.44152832,-79.25384000,-99.28085000,-78.41073000,-73.30874000
9.44213867,-80.81374000,-99.51980000,-71.39636000,-73.28610000
9.44274902,-88.68913000,-100.91840000,-70.86829000,-74.84947000
9.44335938,-78.74146000,-97.15760000,-70.41272000,-75.07513000
9.44396973,-78.83058000,-96.39408000,-69.48996000,-77.75716000
9.44458008,-95.56837000,-93.33863000,-83.76314000,-78.36964000
9.44519043,-79.19031000,-97.92500000,-72.05306000,-76.18207000
9.44580078,-77.26077000,-98.80859000,-79.13094000,-70.64920000
9.44641113,-99.88980000,-92.49634000,-80.43280000,-68.97067000
9.44702148,-75.69004000,-91.78938000,-77.34531000,-71.90302000
9.44763184,-74.07407000,-100.20720000,-71.33675000,-78.89151000
9.44824219,-80.47103000,-94.41684000,-67.19371000,-76.48005000
9.44885254,-98.97976000,-91.35171000,-67.17633000,-75.12368000
9.44946289,-86.54530000,-91.92964000,-68.85299000,-78.81876000
9.45007324,-82.28658000,-95.49223000,-68.24331000,-80.40676000
9.45068359,-87.74361000,-96.25207000,-67.02734000,-73.99327000
9.45129395,-83.67328000,-91.77563000,-75.22195000,-68.95009000
9.45190430,-77.53113000,-88.82616000,-73.53282000,-69.79249000
9.45251465,-78.03668000,-90.76087000,-74.31423000,-73.62482000
9.45312500,-79.65671000,-92.71653000,-83.49758000,-72.21894000
9.45373535,-76.73669000,-88.58549000,-78.14464000,-73.57230000
9.45434570,-76.84864000,-88.51549000,-69.30310000,-71.64110000
9.45495605,-81.23982000,-91.86745000,-69.68446000,-71.40057000
9.45556641,-77.83763000,-91.01615000,-71.43133000,-76.07063000
9.45617676,-78.63765000,-91.81938000,-68.72363000,-87.05502000
9.45678711,-82.24797000,-114.10300000,-74.45583000,-82.78645000
9.45739746,-74.05376000,-85.48769000,-70.72162000,-90.41656000
9.45800781,-73.86503000,-84.27070000,-67.36649000,-82.76132000
9.45861816,-79.39203000,-91.94757000,-69.56628000,-72.97644000
9.45922852,-82.79350000,-98.03398000,-71.61504000,-70.19177000
9.45983887,-87.09847000,-103.05890000,-69.95219000,-70.79734000
9.46044922,-86.02562000,-105.60870000,-75.53294000,-75.29684000
9.46105957,-88.62273000,-95.69780000,-71.26073000,-77.42657000
9.46166992,-77.76608000,-95.73706000,-67.41404000,-78.02065000
9.46228027,-71.81946000,-95.74944000,-67.41039000,-81.91247000
9.46289063,-69.90741000,-96.52364000,-69.39709000,-75.77090000
9.46350098,-74.77864000,-104.78910000,-74.26978000,-73.77850000
9.46411133,-95.51396000,-92.69217000,-70.07481000,-71.05692000
9.46472168,-80.28622000,-91.14795000,-70.98785000,-69.38820000
9.46533203,-76.37352000,-93.19655000,-74.42526000,-72.65420000
9.46594238,-74.77478000,-101.38700000,-71.69755000,-75.15764000
9.46655273,-76.22067000,-89.79594000,-73.05962000,-71.77560000
9.46716309,-81.54225000,-88.13392000,-74.59888000,-72.06523000
9.46777344,-77.99838000,-91.26378000,-70.72848000,-77.27353000
9.46838379,-76.94260000,-91.66230000,-72.10688000,-75.78418000
9.46899414,-83.15566000,-92.16545000,-71.24725000,-71.51347000
9.46960449,-88.77354000,-94.64308000,-68.44682000,-71.35721000
9.47021484,-86.29470000,-92.23347000,-67.04477000,-72.21483000
9.47082520,-82.54021000,-89.43245000,-70.13531000,-75.49480000
9.47143555,-77.95302000,-96.89353000,-79.02855000,-74.83443000
9.47204590,-77.36212000,-96.47414000,-72.45595000,-70.69556000
9.47265625,-76.33369000,-95.43034000,-70.42120000,-70.08418000
9.47326660,-76.52913000,-95.06760000,-73.50816000,-70.21838000
9.47387695,-85.85743000,-89.19453000,-73.07336000,-74.94693000
9.47448730,-76.41962000,-96.87320000,-88.25763000,-77.13716000
9.47509766,-78.88432000,-97.07236000,-70.23339000,-74.85364000
9.47570801,-93.76293000,-94.05793000,-66.15203000,-82.31686000
9.47631836,-82.01530000,-97.68258000,-69.33145000,-85.55006000
9.47692871,-86.55006000,-100.18280000,-79.15706000,-80.18227000
9.47753906,-102.05900000,-103.95570000,-78.91313000,-74.55112000
9.47814941,-86.45442000,-93.99674000,-77.15697000,-67.91171000
9.47875977,-81.91407000,-90.24464000,-76.69383000,-66.40366000
9.47937012,-87.67375000,-91.14343000,-79.11284000,-68.67743000
9.47998047,-82.52821000,-92.59561000,-73.71156000,-73.83923000
9.48059082,-80.08948000,-93.73720000,-72.07111000,-87.37176000
9.48120117,-83.07564000,-93.64214000,-75.33323000,-85.23271000
9.48181152,-89.98512000,-88.30205000,-78.39774000,-71.94234000
9.48242188,-80.82612000,-86.28986000,-78.11580000,-68.48830000
9.48303223,-78.56106000,-88.67842000,-84.15746000,-69.10231000
9.48364258,-93.05261000,-91.53599000,-70.10711000,-70.95702000
9.48425293,-76.75750000,-97.32062000,-66.45258000,-76.02276000
9.48486328,-71.84689000,-107.33750000,-67.80756000,-73.14841000
9.48547363,-71.07674000,-107.86630000,-77.54445000,-99.17785000
9.48608398,-73.19370000,-97.45945000,-75.07159000,-74.31466000
9.48669434,-75.14413000,-93.40501000,-77.30782000,-75.34560000
9.48730469,-78.37767000,-90.57603000,-81.05912000,-77.29587000
9.48791504,-84.81624000,-90.35529000,-68.22217000,-76.82162000
9.48852539,-86.49861000,-92.63524000,-64.73300000,-83.10910000
9.48913574,-85.47592000,-96.42262000,-66.02719000,-104.01790000
9.48974609,-83.52467000,-100.83160000,-66.80669000,-83.54500000
9.49035645,-80.30779000,-93.99209000,-67.52454000,-82.29224000
9.49096680,-83.87203000,-92.98995000,-67.25473000,-87.41828000
9.49157715,-80.19411000,-99.73289000,-69.09514000,-85.41989000
9.49218750,-78.96145000,-103.54150000,-72.31389000,-78.83374000
9.49279785,-79.59103000,-98.07500000,-77.94749000,-75.82719000
9.49340820,-80.83412000,-102.14430000,-69.59292000,-81.53133000
9.49401855,-92.91167000,-91.77940000,-69.42693000,-82.78016000
9.49462891,-81.65993000,-86.54926000,-73.74133000,-75.75431000
9.49523926,-79.68938000,-87.93439000,-72.67699000,-74.06638000
9.49584961,-80.74866000,-90.09998000,-77.00789000,-74.30515000
9.49645996,-87.05661000,-89.42741000,-85.99883000,-81.00438000
9.49707031,-79.88890000,-92.78458000,-71.53417000,-74.95803000
9.49768066,-76.55940000,-99.83676000,-66.60735000,-72.95279000
9.49829102,-70.57708000,-100.44420000,-65.33510000,-77.53783000
9.49890137,-68.02686000,-94.85820000,-66.03274000,-90.83525000
9.49951172,-63.06327000,-83.32938000,-66.56486000,-75.64822000
9.50012207,-63.57805000,-84.22355000,-70.64900000,-74.14825000
9.50073242,-71.92339000,-91.34901000,-71.34212000,-81.37473000
9.50134277,-83.88149000,-92.13219000,-73.90858000,-74.59665000
9.50195313,-81.66068000,-94.44911000,-68.24696000,-72.19167000
9.50256348,-77.93290000,-87.71033000,-69.34444000,-73.91148000
9.50317383,-76.60037000,-91.32312000,-73.45551000,-75.82401000
9.50378418,-75.37441000,-95.46518000,-70.62653000,-73.10161000
9.50439453,-79.66594000,-89.98203000,-68.66771000,-72.10754000
9.50500488,-79.28481000,-87.71318000,-70.99334000,-75.21112000
9.50561523,-79.30006000,-92.71992000,-74.62470000,-74.80426000
9.50622559,-85.97383000,-98.40343000,-71.40038000,-68.13149000
9.50683594,-77.10561000,-93.68301000,-64.54298000,-67.54365000
9.50744629,-73.58829000,-100.53990000,-64.96937000,-72.60532000
9.50805664,-74.08880000,-105.95370000,-73.42951000,-75.79985000
9.50866699,-81.10402000,-108.83880000,-80.39525000,-75.99818000
9.50927734,-79.63490000,-93.15672000,-73.35609000,-80.84808000
9.50988770,-74.68375000,-89.05331000,-71.63165000,-77.68861000
9.51049805,-76.74949000,-90.81097000,-74.82642000,-74.25569000
9.51110840,-80.13113000,-99.91299000,-73.89956000,-72.71090000
9.51171875,-84.27955000,-105.10750000,-74.72745000,-73.56996000
9.51232910,-85.25870000,-103.67400000,-77.61800000,-81.00951000
9.51293945,-80.93500000,-94.92027000,-90.11834000,-91.96593000
9.51354980,-79.10069000,-95.04436000,-72.37939000,-85.50462000
9.51416016,-75.40114000,-102.79450000,-70.38159000,-75.19196000
9.51477051,-74.74606000,-93.69225000,-69.87463000,-69.95584000
9.51538086,-79.57986000,-93.39207000,-67.26469000,-72.16603000
9.51599121,-79.95243000,-93.90762000,-72.10139000,-77.57741000
9.51660156,-69.70641000,-84.50301000,-73.66953000,-75.65017000
9.51721191,-60.06365000,-73.92844000,-65.12547000,-69.81788000
9.51782227,-59.05178000,-74.47187000,-65.25691000,-70.46477000
9.51843262,-67.04507000,-88.61805000,-71.38366000,-75.83916000
9.51904297,-79.24416000,-90.52066000,-83.85268000,-72.87157000
9.51965332,-81.08238000,-92.20866000,-68.66915000,-72.30309000
9.52026367,-79.19394000,-94.74830000,-65.19205000,-79.17375000
9.52087402,-83.44888000,-95.37505000,-68.29393000,-85.92391000
9.52148438,-71.97789000,-90.16265000,-74.45907000,-78.98337000
9.52209473,-72.89545000,-88.23967000,-76.53319000,-85.51491000
9.52270508,-80.50070000,-90.59715000,-71.52303000,-70.47624000
9.52331543,-78.86447000,-92.81564000,-71.77925000,-68.11740000
9.52392578,-90.70169000,-93.07584000,-70.20580000,-75.19595000
9.52453613,-82.45644000,-90.50246000,-72.00820000,-95.60215000
9.52514648,-84.39839000,-90.59550000,-76.15068000,-86.21481000
9.52575684,-84.07437000,-93.69782000,-69.57564000,-87.88471000
9.52636719,-85.53416000,-102.24420000,-69.75325000,-82.69319000
9.52697754,-82.07054000,-108.54900000,-78.76032000,-79.62064000
9.52758789,-75.31241000,-118.61800000,-78.79052000,-76.72716000
9.52819824,-80.32238000,-99.20023000,-71.05763000,-74.16376000
9.52880859,-86.00459000,-92.24965000,-69.28628000,-71.17934000
9.52941895,-88.05620000,-94.59033000,-72.63501000,-70.82041000
9.53002930,-74.57162000,-103.57170000,-65.61914000,-71.36938000
9.53063965,-74.30544000,-107.46920000,-68.44547000,-68.71983000
9.53125000,-86.86687000,-101.79770000,-70.38451000,-68.39452000
9.53186035,-76.31642000,-102.62090000,-73.44707000,-69.87964000
9.53247070,-76.25037000,-101.28430000,-76.61868000,-73.61050000
9.53308105,-82.94803000,-100.92200000,-71.91100000,-78.99292000
9.53369141,-84.49005000,-95.15644000,-83.02848000,-78.63395000
9.53430176,-77.60529000,-90.49573000,-73.20491000,-74.67128000
9.53491211,-75.15494000,-92.70868000,-71.26234000,-81.70551000
9.53552246,-74.53503000,-93.93571000,-66.98186000,-83.42438000
9.53613281,-77.28858000,-92.82256000,-66.80518000,-72.44163000
9.53674316,-91.69267000,-91.38348000,-68.03122000,-70.85048000
9.53735352,-81.32469000,-93.39797000,-66.62260000,-77.53050000
9.53796387,-73.89020000,-110.66340000,-65.47311000,-81.89774000
9.53857422,-71.76456000,-94.46425000,-69.07196000,-76.83189000
9.53918457,-74.05463000,-90.96894000,-74.11018000,-73.71016000
9.53979492,-76.44175000,-90.92948000,-77.25739000,-74.05342000
9.54040527,-80.20308000,-96.18782000,-69.89348000,-74.47009000
9.54101563,-80.59028000,-89.87978000,-64.43566000,-74.62895000
9.54162598,-80.33250000,-88.59818000,-65.97269000,-76.16225000
9.54223633,-88.89970000,-91.04943000,-67.85523000,-75.87955000
9.54284668,-73.49477000,-89.78311000,-70.98344000,-73.28127000
9.54345703,-71.70319000,-93.12885000,-82.13135000,-70.50284000
9.54406738,-74.41940000,-92.02971000,-72.97556000,-67.92235000
9.54467773,-84.45790000,-92.21030000,-66.74480000,-66.83667000
9.54528809,-75.99650000,-93.54239000,-73.05414000,-67.25864000
9.54589844,-73.52711000,-90.97251000,-71.87252000,-68.70862000
9.54650879,-76.36881000,-98.00565000,-66.37182000,-68.22498000
9.54711914,-80.88300000,-93.93301000,-69.27508000,-67.55841000
9.54772949,-78.01361000,-93.28442000,-83.37493000,-68.95982000
9.54833984,-71.86828000,-93.18779000,-74.44255000,-73.74396000
9.54895020,-71.23750000,-95.83962000,-71.58937000,-71.27496000
9.54956055,-79.39194000,-92.73244000,-73.33342000,-68.14422000
9.55017090,-89.63962000,-89.00497000,-76.07555000,-69.43519000
9.55078125,-83.42258000,-91.91482000,-70.12666000,-71.89471000
9.55139160,-83.93179000,-95.94448000,-63.14644000,-71.34870000
9.55200195,-81.10686000,-108.35550000,-63.44877000,-79.19171000
9.55261230,-81.34957000,-93.79498000,-74.13998000,-75.45278000
9.55322266,-88.07553000,-94.03633000,-78.67200000,-69.56071000
9.55383301,-80.75772000,-92.68213000,-80.61098000,-70.20731000
9.55444336,-78.76031000,-91.09976000,-70.57723000,-72.69948000
9.55505371,-76.30325000,-93.04600000,-69.00809000,-68.75034000
9.55566406,-80.12228000,-90.48322000,-74.34517000,-68.08073000
9.55627441,-83.98225000,-93.16185000,-83.95256000,-69.36629000
9.55688477,-81.09559000,-102.43140000,-69.98073000,-75.47575000
9.55749512,-90.58424000,-93.50540000,-68.39417000,-74.67284000
9.55810547,-82.31225000,-91.04552000,-77.90068000,-74.24240000
9.55871582,-79.65292000,-99.60741000,-67.28601000,-71.92113000
9.55932617,-81.32995000,-89.62460000,-83.71100000,-71.08636000
9.55993652,-82.80968000,-87.53035000,-67.30115000,-71.42064000
9.56054688,-81.69345000,-95.06833000,-63.44225000,-72.70958000
9.56115723,-91.11037000,-88.07497000,-63.34791000,-80.48085000
9.56176758,-78.62014000,-85.63075000,-65.43191000,-78.38976000
9.56237793,-75.79598000,-91.12549000,-70.84113000,-73.34153000
9.56298828,-75.40927000,-95.77569000,-72.02790000,-72.36152000
9.56359863,-75.14532000,-96.07037000,-68.98149000,-75.20540000
9.56420898,-78.02501000,-93.89347000,-67.95480000,-88.11078000
9.56481934,-94.21158000,-88.03768000,-69.89687000,-80.41867000
9.56542969,-85.87669000,-87.36667000,-73.64080000,-78.47919000
9.56604004,-91.90057000,-92.26750000,-75.32510000,-76.21891000
9.56665039,-84.00017000,-94.57940000,-77.23701000,-76.42081000
9.56726074,-77.14355000,-97.31187000,-72.49471000,-81.77459000
9.56787109,-78.38748000,-89.79469000,-81.08906000,-79.53417000
9.56848145,-81.23150000,-87.06244000,-68.69636000,-84.85037000
9.56909180,-82.42779000,-91.31779000,-66.83508000,-87.01956000
9.56970215,-82.41317000,-97.84592000,-66.46964000,-71.15783000
9.57031250,-89.47109000,-94.19274000,-66.01801000,-72.37340000
9.57092285,-85.14320000,-104.53470000,-68.54156000,-85.84764000
9.57153320,-81.79966000,-99.23779000,-68.56543000,-83.89642000
9.57214355,-97.98336000,-103.36390000,-65.03218000,-73.88493000
9.57275391,-84.94828000,-96.07709000,-70.17824000,-70.38828000
9.57336426,-86.43108000,-87.75761000,-72.76790000,-73.58832000
9.57397461,-78.31261000,-88.19537000,-67.36428000,-76.14772000
9.57458496,-77.16384000,-100.03780000,-70.82620000,-72.88103000
9.57519531,-76.55546000,-99.57733000,-65.29482000,-72.03160000
9.57580566,-73.62180000,-98.75902000,-65.27371000,-71.41737000
9.57641602,-77.74483000,-99.15002000,-71.04105000,-75.40937000
9.57702637,-80.22823000,-93.06464000,-75.52621000,-88.59550000
9.57763672,-78.92979000,-85.16334000,-74.10001000,-80.54295000
9.57824707,-77.10967000,-86.66026000,-80.81643000,-82.32681000
9.57885742,-72.68197000,-99.26530000,-73.14119000,-80.47971000
9.57946777,-73.49221000,-95.19313000,-66.18609000,-73.89688000
9.58007813,-78.25517000,-95.58410000,-64.55504000,-73.96159000
9.58068848,-80.43321000,-95.28192000,-66.89722000,-70.38335000
9.58129883,-83.09854000,-89.33060000,-71.81963000,-70.31954000
9.58190918,-70.61543000,-83.40414000,-81.76968000,-78.62366000
9.58251953,-70.67349000,-82.10018000,-73.68324000,-71.64445000
9.58312988,-82.36296000,-85.64388000,-76.45349000,-72.08182000
9.58374023,-78.28951000,-95.86127000,-67.70987000,-74.02734000
9.58435059,-88.28970000,-98.99949000,-66.62637000,-82.74089000
9.58496094,-83.08190000,-93.30109000,-72.95674000,-77.06667000
9.58557129,-77.48837000,-89.71320000,-76.67067000,-82.42557000
9.58618164,-77.99731000,-91.51714000,-70.32823000,-75.78931000
9.58679199,-79.23895000,-97.58952000,-70.75391000,-76.58079000
9.58740234,-75.51266000,-99.38617000,-84.53815000,-72.78622000
9.58801270,-73.46263000,-101.08780000,-72.27529000,-71.51292000
9.58862305,-76.54675000,-95.14449000,-69.13474000,-71.10439000
9.58923340,-86.19071000,-95.95542000,-70.26746000,-71.25462000
9.58984375,-76.98530000,-99.18314000,-72.49675000,-70.44004000
9.59045410,-73.73351000,-112.06850000,-74.69918000,-68.09351000
9.59106445,-77.85814000,-100.63260000,-76.18434000,-67.34083000
9.59167480,-87.59995000,-94.50322000,-72.06671000,-68.76607000
9.59228516,-91.12946000,-97.34769000,-77.90018000,-71.01221000
9.59289551,-93.57362000,-101.19980000,-71.57544000,-71.53894000
9.59350586,-86.57149000,-95.73754000,-73.67491000,-69.77391000
9.59411621,-78.07024000,-105.19960000,-67.39709000,-73.31840000
9.59472656,-74.71803000,-101.12340000,-66.69608000,-74.50726000
9.59533691,-77.95481000,-93.80690000,-71.29626000,-74.74992000
9.59594727,-101.66700000,-91.41885000,-73.32690000,-73.42817000
9.59655762,-83.44772000,-93.86799000,-79.00762000,-69.67928000
9.59716797,-77.77206000,-93.86822000,-79.72472000,-69.04727000
9.59777832,-75.37322000,-92.44223000,-73.05383000,-69.03212000
9.59838867,-81.22876000,-89.44485000,-76.24969000,-66.98885000
9.59899902,-86.89017000,-86.58580000,-84.05515000,-68.15228000
9.59960938,-75.41409000,-88.77468000,-69.30097000,-70.75669000
9.60021973,-72.60329000,-92.00718000,-64.72281000,-72.53303000
9.60083008,-75.78868000,-90.64771000,-63.60965000,-75.21233000
9.60144043,-83.60073000,-90.80110000,-65.48286000,-84.44169000
9.60205078,-77.49731000,-92.05553000,-70.87348000,-80.76343000
9.60266113,-75.92645000,-92.10578000,-76.40723000,-73.78594000
9.60327148,-96.09432000,-94.87021000,-65.72707000,-77.19254000
9.60388184,-80.29753000,-96.76643000,-64.88857000,-80.23174000
9.60449219,-75.21085000,-94.96655000,-72.94308000,-77.90842000
9.60510254,-71.75252000,-92.33891000,-81.98365000,-74.81757000
9.60571289,-74.04632000,-91.01819000,-85.33675000,-75.98340000
9.60632324,-79.06581000,-89.21965000,-71.57554000,-74.23369000
9.60693359,-83.38496000,-89.59106000,-67.88552000,-73.78475000
9.60754395,-86.90155000,-92.42703000,-68.94742000,-71.53160000
9.60815430,-82.72659000,-94.99015000,-75.72094000,-70.51192000
9.60876465,-74.54673000,-89.18613000,-72.76221000,-73.85750000
9.60937500,-73.15096000,-92.89265000,-70.72310000,-81.97995000
9.60998535,-74.66386000,-102.17580000,-75.54851000,-71.50384000
9.61059570,-76.30257000,-93.44552000,-77.71353000,-68.57528000
9.61120605,-84.46441000,-89.93531000,-84.12608000,-71.34848000
9.61181641,-91.39238000,-90.86290000,-74.62677000,-85.96241000
9.61242676,-80.70777000,-96.13268000,-73.18195000,-69.94121000
9.61303711,-86.91344000,-102.00240000,-82.76529000,-68.57957000
9.61364746,-83.44392000,-98.52367000,-83.45065000,-72.48321000
9.61425781,-83.25475000,-94.77028000,-74.04832000,-74.96610000
9.61486816,-83.45977000,-97.62210000,-68.98215000,-76.92310000
9.61547852,-83.72387000,-96.83384000,-68.85679000,-75.33526000
9.61608887,-78.44199000,-96.53205000,-72.83597000,-76.40197000
9.61669922,-72.69621000,-97.70007000,-73.81425000,-78.17178000
9.61730957,-68.11629000,-84.24770000,-67.78770000,-71.84234000
9.61791992,-68.64597000,-84.52261000,-65.85160000,-72.44446000
9.61853027,-77.95270000,-99.57693000,-70.07066000,-74.38590000
9.61914063,-83.38492000,-97.23530000,-90.97847000,-71.59738000
9.61975098,-83.67889000,-90.88310000,-79.85886000,-72.23439000
9.62036133,-85.83675000,-87.11313000,-74.57759000,-72.21680000
9.62097168,-79.65117000,-93.44148000,-82.13809000,-79.75306000
9.62158203,-80.11845000,-94.36546000,-73.87317000,-72.81085000
9.62219238,-70.98270000,-90.79900000,-71.10742000,-67.51326000
9.62280273,-76.69165000,-90.07847000,-69.28630000,-69.04762000
9.62341309,-80.42133000,-89.14011000,-70.19444000,-70.35023000
9.62402344,-76.11436000,-89.91421000,-75.33852000,-67.67822000
9.62463379,-77.20575000,-88.98609000,-79.56725000,-67.87922000
9.62524414,-76.21293000,-92.07607000,-77.06869000,-72.79317000
9.62585449,-73.47742000,-99.06163000,-71.03179000,-75.37886000
9.62646484,-75.83955000,-96.94994000,-71.38940000,-72.02631000
9.62707520,-78.95217000,-110.20810000,-74.37646000,-71.29840000
9.62768555,-69.97540000,-103.77490000,-76.46410000,-80.57259000
9.62829590,-73.42226000,-96.40889000,-77.28903000,-72.76292000
9.62890625,-98.84635000,-101.30380000,-68.99374000,-73.20242000
9.62951660,-81.09035000,-91.33028000,-68.37003000,-73.72955000
9.63012695,-85.11435000,-90.36778000,-74.43572000,-69.56360000
9.63073730,-72.84180000,-96.09335000,-68.57032000,-71.63653000
9.63134766,-70.62132000,-101.20110000,-71.22379000,-71.64836000
9.63195801,-74.66946000,-106.35100000,-85.21436000,-74.61414000
9.63256836,-76.84555000,-114.32180000,-75.97528000,-79.35220000
9.63317871,-82.92955000,-103.18610000,-68.38757000,-69.90664000
9.63378906,-74.35188000,-99.04163000,-65.34945000,-73.68445000
9.63439941,-68.00681000,-93.73624000,-67.11205000,-76.12511000
9.63500977,-70.25153000,-89.59097000,-76.25668000,-73.42960000
9.63562012,-77.81780000,-88.01151000,-71.87386000,-72.62400000
9.63623047,-84.54011000,-94.41614000,-70.92087000,-88.56187000
9.63684082,-92.30224000,-104.80500000,-71.62357000,-73.13963000
9.63745117,-74.56465000,-109.22120000,-75.69383000,-73.90153000
9.63806152,-67.95493000,-97.33408000,-75.42924000,-70.67178000
9.63867188,-68.21867000,-97.00819000,-66.23908000,-70.49729000
9.63928223,-74.11063000,-105.66430000,-65.26463000,-74.83414000
9.63989258,-72.00996000,-103.20910000,-71.56085000,-77.43109000
9.64050293,-70.78366000,-101.92570000,-71.38408000,-76.30820000
9.64111328,-79.40669000,-90.65921000,-74.05176000,-74.66829000
9.64172363,-78.29066000,-86.73969000,-83.77614000,-76.76215000
9.64233398,-82.45594000,-89.17213000,-69.36401000,-79.84039000
9.64294434,-78.67982000,-96.35439000,-69.34788000,-96.24885000
9.64355469,-83.79157000,-102.67730000,-85.77605000,-79.38255000
9.64416504,-85.27554000,-105.19640000,-69.33990000,-76.65053000
9.64477539,-79.15505000,-96.66473000,-65.08820000,-73.22893000
9.64538574,-80.27061000,-95.33363000,-64.10435000,-69.94931000
9.64599609,-82.72527000,-92.80495000,-66.83606000,-71.53497000
9.64660645,-79.64408000,-91.98653000,-67.54351000,-79.32613000
9.64721680,-80.23292000,-99.34671000,-67.33345000,-85.50172000
9.64782715,-79.44608000,-92.74969000,-69.64925000,-99.07868000
9.64843750,-79.09080000,-92.08649000,-68.66847000,-79.84296000
9.64904785,-77.38208000,-88.16123000,-72.48738000,-73.59969000
9.64965820,-76.40313000,-85.57991000,-84.85909000,-74.82027000
9.65026855,-84.69769000,-88.29756000,-81.46233000,-72.26465000
9.65087891,-79.48055000,-96.53291000,-70.74118000,-74.28188000
9.65148926,-76.07915000,-96.80386000,-68.21014000,-75.90720000
9.65209961,-78.03821000,-94.26202000,-73.08182000,-69.26998000
9.65270996,-78.19453000,-98.21397000,-79.77085000,-70.08899000
9.65332031,-78.68674000,-103.29140000,-70.88059000,-81.57081000
9.65393066,-90.99825000,-103.59060000,-66.15136000,-78.67042000
9.65454102,-78.13927000,-93.11108000,-66.25034000,-79.01304000
9.65515137,-76.50220000,-92.32817000,-70.52446000,-76.06425000
9.65576172,-76.60574000,-95.44588000,-70.35966000,-78.20197000
9.65637207,-79.15882000,-92.14684000,-68.36221000,-75.88609000
9.65698242,-82.34056000,-90.04729000,-68.80303000,-92.64177000
9.65759277,-94.68581000,-95.29784000,-70.13727000,-74.30417000
9.65820313,-82.73471000,-100.27560000,-67.51901000,-73.23728000
9.65881348,-84.10213000,-95.82206000,-67.75054000,-74.12334000
9.65942383,-91.61683000,-99.87062000,-77.09085000,-72.25334000
9.66003418,-80.80305000,-96.57223000,-73.52287000,-76.40714000
9.66064453,-80.76219000,-95.15793000,-73.60196000,-92.42526000
9.66125488,-86.88142000,-102.53950000,-77.12066000,-71.66343000
9.66186523,-76.80704000,-93.63969000,-68.34520000,-67.38097000
9.66247559,-78.41986000,-94.27452000,-72.63206000,-69.93802000
9.66308594,-80.93053000,-98.93243000,-80.09081000,-72.61966000
9.66369629,-80.19164000,-97.50105000,-70.43590000,-71.37112000
9.66430664,-84.00281000,-102.12750000,-70.33710000,-69.84666000
9.66491699,-80.00198000,-106.94550000,-72.48450000,-74.51888000
9.66552734,-75.38525000,-96.21715000,-76.12702000,-75.68971000
9.66613770,-75.38380000,-91.87300000,-81.03692000,-70.76077000
9.66674805,-80.57109000,-93.10948000,-80.28698000,-74.21076000
9.66735840,-95.01436000,-95.95905000,-78.01890000,-103.68050000
9.66796875,-81.30167000,-114.64700000,-71.52312000,-84.56544000
9.66857910,-86.14751000,-95.35905000,-73.83762000,-78.48044000
9.66918945,-81.42304000,-91.94411000,-71.13991000,-72.20644000
9.66979980,-81.50153000,-91.38881000,-72.83253000,-71.51293000
9.67041016,-95.77422000,-91.02421000,-85.77254000,-73.09039000
9.67102051,-91.24751000,-89.33006000,-76.18714000,-73.08260000
9.67163086,-80.62051000,-96.92168000,-74.52910000,-70.75408000
9.67224121,-73.81611000,-97.56485000,-77.52256000,-70.67869000
9.67285156,-74.86035000,-93.09714000,-69.26707000,-71.29760000
9.67346191,-79.27525000,-91.94257000,-70.10335000,-73.35977000
9.67407227,-86.39085000,-96.53394000,-71.14050000,-74.86954000
9.67468262,-77.16135000,-95.02214000,-74.12701000,-74.88961000
9.67529297,-81.13654000,-92.88825000,-71.14900000,-84.21162000
9.67590332,-84.81887000,-96.58273000,-74.96747000,-83.95415000
9.67651367,-87.15046000,-96.65740000,-88.33711000,-79.02276000
9.67712402,-70.23198000,-94.06455000,-73.85386000,-76.03941000
9.67773438,-69.95700000,-103.01990000,-71.09798000,-73.35768000
9.67834473,-77.37132000,-97.16758000,-69.24951000,-72.67238000
9.67895508,-88.42519000,-102.28870000,-72.09120000,-70.33327000
9.67956543,-118.71280000,-92.54785000,-76.94841000,-68.91884000
9.68017578,-80.08190000,-90.12047000,-67.77680000,-71.13107000
9.68078613,-73.75902000,-92.94708000,-69.21872000,-71.72689000
9.68139648,-71.21648000,-99.15431000,-74.45505000,-72.40748000
9.68200684,-70.43281000,-117.62250000,-76.68431000,-72.09840000
9.68261719,-73.94595000,-99.50690000,-70.29847000,-74.24716000
9.68322754,-93.61363000,-95.57105000,-68.13064000,-74.00138000
9.68383789,-81.36926000,-91.07739000,-65.76468000,-71.91560000
9.68444824,-81.90963000,-93.89227000,-65.64269000,-72.10002000
9.68505859,-78.51935000,-94.37457000,-69.69468000,-69.63815000
9.68566895,-80.99217000,-91.94648000,-81.09235000,-67.77042000
9.68627930,-88.66852000,-91.46603000,-72.49171000,-73.16509000
9.68688965,-84.36531000,-92.97379000,-68.36818000,-80.07712000
9.68750000,-85.96507000,-102.13730000,-66.49540000,-70.06238000
9.68811035,-82.65907000,-100.27410000,-67.70209000,-69.49152000
9.68872070,-77.39236000,-94.34528000,-70.02263000,-74.34200000
9.68933105,-77.39808000,-94.23985000,-72.88176000,-81.72540000
9.68994141,-77.00076000,-92.40729000,-83.01014000,-79.36693000
9.69055176,-74.98123000,-89.07303000,-72.91595000,-83.47594000
9.69116211,-76.01462000,-88.63745000,-76.24446000,-78.73716000
9.69177246,-83.21931000,-90.64857000,-83.96923000,-74.00745000
9.69238281,-80.62387000,-97.72580000,-73.18447000,-80.53597000
9.69299316,-75.40612000,-104.64810000,-71.90790000,-73.41200000
9.69360352,-74.06046000,-99.31212000,-69.94536000,-68.11136000
9.69421387,-75.97826000,-92.15662000,-69.60040000,-71.19160000
9.69482422,-76.18490000,-95.81600000,-73.97851000,-91.15225000
9.69543457,-77.80580000,-95.57580000,-68.30855000,-76.47993000
9.69604492,-78.26888000,-96.95752000,-69.03482000,-75.32869000
9.69665527,-80.23158000,-95.87778000,-75.19666000,-76.00039000
9.69726563,-83.86890000,-93.74595000,-75.92798000,-74.90959000
9.69787598,-82.21043000,-88.75189000,-73.32797000,-72.53870000
9.69848633,-76.28425000,-88.34331000,-74.32143000,-76.69709000
9.69909668,-72.82166000,-89.54710000,-83.60498000,-73.90591000
9.69970703,-74.22721000,-94.28432000,-70.68219000,-69.24888000
9.70031738,-79.02783000,-96.55206000,-72.25275000,-70.36880000
9.70092773,-97.63507000,-92.92473000,-78.19450000,-74.78600000
9.70153809,-85.83446000,-96.38715000,-81.55824000,-74.50568000
9.70214844,-81.75563000,-95.33942000,-76.67316000,-70.78632000
9.70275879,-75.81021000,-94.91518000,-82.79610000,-73.79012000
9.70336914,-78.32475000,-96.45492000,-75.50940000,-74.39119000
9.70397949,-83.62672000,-92.86538000,-73.20889000,-77.37533000
9.70458984,-85.62083000,-87.43539000,-70.94328000,-81.84456000
9.70520020,-82.72374000,-86.31311000,-74.30853000,-78.67522000
9.70581055,-80.47446000,-87.94434000,-77.63627000,-73.11736000
9.70642090,-74.17105000,-93.53941000,-76.64792000,-75.87530000
9.70703125,-73.67314000,-97.13607000,-78.82281000,-79.06414000
9.70764160,-73.89576000,-92.42778000,-77.42633000,-75.76266000
9.70825195,-74.26175000,-89.86052000,-74.32358000,-73.61362000
9.70886230,-78.24258000,-91.36819000,-67.92342000,-75.24029000
9.70947266,-82.33034000,-98.11695000,-69.29799000,-77.24719000
9.71008301,-82.26203000,-112.57500000,-74.83154000,-82.94540000
9.71069336,-80.73807000,-96.74793000,-76.06782000,-75.91818000
9.71130371,-78.04305000,-93.61847000,-71.49293000,-76.78088000
9.71191406,-77.56059000,-89.97867000,-71.93497000,-73.17645000
9.71252441,-80.95490000,-88.19867000,-83.28896000,-74.13600000
9.71313477,-78.69347000,-91.06978000,-77.02095000,-71.40453000
9.71374512,-77.32595000,-96.24566000,-70.03963000,-67.13232000
9.71435547,-76.65359000,-92.86241000,-79.42428000,-67.55380000
9.71496582,-81.48334000,-91.61129000,-74.48885000,-73.04778000
9.71557617,-81.81841000,-91.65427000,-74.56778000,-74.80872000
9.71618652,-79.98837000,-91.59253000,-79.90699000,-72.23363000
9.71679688,-80.67506000,-104.27390000,-76.37801000,-72.17524000
9.71740723,-67.95167000,-86.38579000,-79.89130000,-74.19722000
9.71801758,-68.78325000,-90.86609000,-75.62749000,-76.88282000
9.71862793,-80.72170000,-91.59718000,-75.73487000,-90.53838000
9.71923828,-90.34476000,-87.98359000,-74.89877000,-74.15611000
9.71984863,-87.71827000,-93.53079000,-73.44041000,-74.41457000
9.72045898,-88.40999000,-92.22771000,-70.33420000,-79.46465000
9.72106934,-80.54025000,-89.35469000,-66.62025000,-72.63506000
9.72167969,-73.92670000,-89.21573000,-67.87720000,-69.68135000
9.72229004,-72.58086000,-95.45493000,-67.56805000,-72.32884000
9.72290039,-74.92361000,-105.89800000,-69.83366000,-79.02525000
9.72351074,-82.73567000,-97.46594000,-75.60455000,-69.33080000
9.72412109,-86.18980000,-94.25396000,-70.46851000,-69.34464000
9.72473145,-78.61983000,-95.27873000,-70.83202000,-81.73943000
9.72534180,-75.56090000,-93.86478000,-76.40050000,-72.10284000
9.72595215,-77.64514000,-97.50546000,-76.76613000,-73.40908000
9.72656250,-79.46707000,-87.14011000,-94.78642000,-78.06067000
9.72717285,-73.16657000,-86.63827000,-72.81187000,-81.86563000
9.72778320,-74.90765000,-90.29173000,-70.91682000,-83.43365000
9.72839355,-87.96773000,-93.43998000,-75.54389000,-79.19707000
9.72900391,-84.91675000,-96.90900000,-77.19360000,-80.22075000
9.72961426,-76.44775000,-94.99385000,-76.02835000,-70.91130000
9.73022461,-76.24238000,-99.25998000,-85.82024000,-68.43010000
9.73083496,-75.22205000,-100.49810000,-83.94539000,-70.21445000
9.73144531,-75.34775000,-94.24162000,-75.50845000,-69.46466000
9.73205566,-76.44028000,-93.10085000,-72.43314000,-70.98808000
9.73266602,-74.49068000,-92.11057000,-66.70667000,-78.76954000
9.73327637,-73.91720000,-93.22552000,-65.97334000,-76.97424000
9.73388672,-75.95216000,-112.54620000,-69.05189000,-71.54324000
9.73449707,-80.02753000,-94.38096000,-75.49265000,-71.86462000
9.73510742,-84.10002000,-98.58226000,-77.44580000,-72.01682000
9.73571777,-84.66231000,-99.69173000,-74.50983000,-75.95770000
9.73632813,-82.61346000,-95.49472000,-78.91774000,-92.63177000
9.73693848,-77.36105000,-110.69940000,-80.98563000,-80.73231000
9.73754883,-72.88918000,-93.59733000,-72.66371000,-73.90563000
9.73815918,-77.04074000,-89.92035000,-93.44459000,-72.60641000
9.73876953,-76.56675000,-94.12345000,-73.68730000,-72.99422000
9.73937988,-70.33804000,-107.23660000,-72.96386000,-85.99590000
9.73999023,-70.64978000,-94.16057000,-74.38636000,-72.66520000
9.74060059,-71.92661000,-94.15786000,-83.91951000,-72.41107000
9.74121094,-71.13863000,-98.69851000,-76.77695000,-72.90884000
9.74182129,-72.01392000,-93.65910000,-72.40475000,-75.90431000
9.74243164,-77.95987000,-96.45595000,-71.11301000,-77.68121000
9.74304199,-81.94968000,-103.47650000,-75.84542000,-76.33144000
9.74365234,-82.86749000,-93.81042000,-77.31446000,-83.53294000
9.74426270,-81.97195000,-96.28180000,-77.49129000,-86.20059000
9.74487305,-75.22702000,-95.55075000,-77.74992000,-82.77599000
9.74548340,-76.97972000,-92.18929000,-78.70576000,-80.12295000
9.74609375,-82.24165000,-91.71638000,-79.54008000,-74.69609000
9.74670410,-87.87762000,-95.72681000,-72.00990000,-78.58694000
9.74731445,-82.39247000,-92.98300000,-71.97038000,-80.60886000
9.74792480,-79.46500000,-88.89784000,-78.13860000,-81.73914000
9.74853516,-78.52525000,-92.80528000,-80.74279000,-75.37766000
9.74914551,-85.81686000,-101.06490000,-80.20448000,-71.80498000
9.74975586,-78.54076000,-109.68350000,-77.21978000,-74.98014000
9.75036621,-89.18510000,-94.91576000,-87.03563000,-83.63641000
9.75097656,-81.64601000,-90.43502000,-73.21006000,-75.97479000
9.75158691,-86.31936000,-98.04805000,-69.32705000,-74.47669000
9.75219727,-109.71720000,-99.46585000,-69.80775000,-79.98431000
9.75280762,-85.61333000,-97.83791000,-74.39820000,-77.75017000
9.75341797,-80.60909000,-95.81966000,-79.03779000,-75.46120000
9.75402832,-85.34399000,-91.39802000,-79.80775000,-76.73127000
9.75463867,-85.95135000,-94.04655000,-70.74060000,-79.42560000
9.75524902,-77.23793000,-95.28659000,-67.88772000,-85.29169000
9.75585938,-74.20793000,-92.23537000,-79.07569000,-75.18079000
9.75646973,-77.02150000,-87.87151000,-73.00635000,-77.35187000
9.75708008,-82.85386000,-88.64246000,-78.62209000,-73.31770000
9.75769043,-82.31418000,-87.42572000,-71.69312000,-77.70337000
9.75830078,-76.05803000,-90.46277000,-65.90718000,-76.18201000
9.75891113,-72.42290000,-98.92464000,-66.65406000,-80.25801000
9.75952148,-73.51234000,-93.08986000,-69.39671000,-74.03113000
9.76013184,-76.85523000,-89.53001000,-69.45823000,-80.45163000
9.76074219,-85.76019000,-90.91528000,-73.28192000,-76.89543000
9.76135254,-77.47421000,-88.04686000,-77.30426000,-80.29250000
9.76196289,-97.35538000,-85.72975000,-81.13608000,-80.13581000
9.76257324,-75.91456000,-87.25337000,-72.51601000,-70.85284000
9.76318359,-76.06786000,-90.73058000,-67.95158000,-76.72971000
9.76379395,-81.55143000,-88.51640000,-69.27972000,-74.75724000
9.76440430,-65.92889000,-85.68158000,-67.60166000,-78.50610000
9.76501465,-64.92509000,-87.49172000,-73.33688000,-75.11445000
9.76562500,-69.84038000,-93.69778000,-77.24490000,-79.66342000
9.76623535,-64.26163000,-100.68350000,-73.82222000,-81.37119000
9.76684570,-64.16898000,-99.24964000,-83.60050000,-80.41896000
9.76745605,-76.77254000,-102.27690000,-79.82599000,-76.37003000
9.76806641,-76.16515000,-115.35620000,-74.55859000,-80.75050000
9.76867676,-82.55459000,-106.85560000,-67.93362000,-75.42779000
9.76928711,-69.01233000,-95.36845000,-71.26479000,-71.17266000
9.76989746,-66.43642000,-90.77684000,-87.10728000,-69.24715000
9.77050781,-72.57766000,-98.04625000,-74.38630000,-70.96301000
9.77111816,-71.64224000,-99.24483000,-70.81278000,-79.67330000
9.77172852,-71.26916000,-100.35500000,-74.26562000,-84.73474000
9.77233887,-80.49094000,-98.65512000,-73.89011000,-75.11756000
9.77294922,-86.46336000,-93.09882000,-72.09763000,-80.04128000
9.77355957,-77.26295000,-92.49035000,-69.38157000,-82.67186000
9.77416992,-77.80997000,-93.03295000,-66.38419000,-85.04325000
9.77478027,-82.43802000,-92.42847000,-68.75194000,-86.04108000
9.77539063,-76.29060000,-91.00620000,-71.91779000,-78.51263000
9.77600098,-75.60863000,-92.97629000,-70.78088000,-76.04993000
9.77661133,-76.17146000,-99.08310000,-82.24271000,-77.28236000
9.77722168,-77.77808000,-111.62270000,-74.88478000,-72.31322000
9.77783203,-79.03446000,-96.79813000,-79.89402000,-76.60157000
9.77844238,-83.30867000,-92.97998000,-69.61364000,-75.44887000
9.77905273,-87.75095000,-90.42502000,-64.42456000,-73.80933000
9.77966309,-80.47832000,-91.65421000,-64.00649000,-69.16832000
9.78027344,-74.19135000,-109.26960000,-67.02191000,-68.59865000
9.78088379,-72.34731000,-98.44743000,-68.92545000,-73.27150000
9.78149414,-75.82186000,-99.27829000,-73.01909000,-88.32096000
9.78210449,-77.04719000,-93.38990000,-82.41948000,-79.79799000
9.78271484,-78.11817000,-91.29317000,-75.51128000,-75.28483000
9.78332520,-80.45586000,-94.88254000,-71.90688000,-71.83682000
9.78393555,-84.12451000,-97.93442000,-83.66794000,-73.59630000
9.78454590,-85.44212000,-96.79758000,-77.69542000,-75.07176000
9.78515625,-85.05301000,-89.15091000,-77.18136000,-72.02582000
9.78576660,-78.61382000,-87.97777000,-67.73774000,-70.23638000
9.78637695,-76.18957000,-90.69874000,-66.25073000,-72.82899000
9.78698730,-75.65431000,-89.14108000,-70.32983000,-73.89970000
9.78759766,-83.30783000,-89.98285000,-72.52031000,-72.87398000
9.78820801,-79.56294000,-98.31819000,-77.52887000,-82.47474000
9.78881836,-79.78683000,-108.02550000,-73.59605000,-80.26185000
9.78942871,-95.59722000,-98.91145000,-72.09200000,-89.06071000
9.79003906,-79.55295000,-96.06827000,-75.25572000,-76.83257000
9.79064941,-79.11156000,-96.18820000,-75.29054000,-76.16845000
9.79125977,-86.87595000,-101.51960000,-72.73154000,-77.48235000
9.79187012,-91.42136000,-90.53178000,-70.37276000,-75.94054000
9.79248047,-80.56477000,-90.47588000,-69.31733000,-72.98528000
9.79309082,-79.98847000,-89.90005000,-68.21565000,-75.25529000
9.79370117,-79.58992000,-92.08896000,-68.21886000,-77.67716000
9.79431152,-77.62975000,-94.11890000,-77.51731000,-72.24100000
9.79492188,-77.27453000,-93.61697000,-71.88388000,-71.88667000
9.79553223,-77.56911000,-91.40649000,-73.89072000,-80.50169000
9.79614258,-94.50681000,-90.91961000,-74.84043000,-79.91580000
9.79675293,-77.34309000,-95.87577000,-72.64543000,-70.68767000
9.79736328,-78.81276000,-99.28130000,-68.25772000,-70.17865000
9.79797363,-83.87780000,-105.32610000,-71.31454000,-69.89574000
9.79858398,-78.75504000,-106.63860000,-75.97752000,-68.37991000
9.79919434,-88.63286000,-101.38620000,-73.39366000,-70.14909000
9.79980469,-81.47298000,-95.96045000,-69.11344000,-78.23652000
9.80041504,-76.82088000,-98.06893000,-67.45055000,-71.46222000
9.80102539,-84.64301000,-104.97860000,-69.48531000,-70.65355000
9.80163574,-83.77046000,-105.69670000,-72.44382000,-74.53229000
9.80224609,-86.18092000,-95.70743000,-74.04147000,-83.45126000
9.80285645,-89.33884000,-94.30511000,-69.97734000,-73.70462000
9.80346680,-99.04112000,-97.33147000,-67.17044000,-74.84453000
9.80407715,-85.39894000,-102.64040000,-74.82604000,-74.70627000
9.80468750,-80.00713000,-101.08400000,-72.13448000,-75.86207000
9.80529785,-86.62527000,-95.13411000,-70.80495000,-89.38651000
9.80590820,-84.31558000,-114.43760000,-76.45701000,-87.95612000
9.80651855,-78.23357000,-97.12372000,-74.70679000,-75.63957000
9.80712891,-78.56065000,-122.03250000,-75.66552000,-71.18176000
9.80773926,-83.11493000,-98.98409000,-71.76593000,-70.94021000
9.80834961,-94.49787000,-92.66927000,-68.66392000,-69.07810000
9.80895996,-88.47503000,-92.32919000,-65.94765000,-70.50518000
9.80957031,-82.05086000,-98.04335000,-68.28236000,-77.32703000
9.81018066,-78.39284000,-91.52760000,-73.62759000,-73.60233000
9.81079102,-76.98553000,-91.84788000,-68.56303000,-77.84248000
9.81140137,-77.00571000,-93.98110000,-68.39433000,-83.32387000
9.81201172,-82.70120000,-96.04121000,-63.36200000,-87.01692000
9.81262207,-91.89727000,-97.76892000,-62.48223000,-78.44551000
9.81323242,-83.31563000,-93.13882000,-68.34991000,-80.84988000
9.81384277,-78.77831000,-97.95369000,-73.51624000,-78.99501000
9.81445313,-78.52940000,-102.71850000,-71.08835000,-74.93320000
9.81506348,-85.96709000,-94.79340000,-73.90202000,-72.88255000
9.81567383,-80.08138000,-92.28453000,-87.61307000,-76.47298000
9.81628418,-89.13886000,-90.36533000,-68.15080000,-81.80307000
9.81689453,-64.77883000,-79.09615000,-67.07644000,-85.37338000
9.81750488,-58.66323000,-73.16059000,-71.85078000,-72.96250000
9.81811523,-61.10836000,-76.09336000,-70.03158000,-71.86998000
9.81872559,-69.95719000,-90.47064000,-82.92764000,-73.76842000
9.81933594,-76.12292000,-87.84476000,-69.65695000,-71.36610000
9.81994629,-85.83144000,-87.96692000,-66.38627000,-72.24799000
9.82055664,-96.85796000,-95.25433000,-66.24313000,-70.67567000
9.82116699,-73.78415000,-105.33910000,-66.30882000,-72.31942000
9.82177734,-70.52230000,-93.04936000,-68.49710000,-75.63350000
9.82238770,-75.01968000,-91.53995000,-74.53172000,-71.19632000
9.82299805,-73.54274000,-94.05882000,-71.01071000,-81.33163000
9.82360840,-70.42306000,-90.91426000,-72.16702000,-78.00311000
9.82421875,-72.64836000,-90.51131000,-75.12894000,-75.33566000
9.82482910,-74.20203000,-96.14638000,-68.06634000,-71.15188000
9.82543945,-72.71196000,-109.60740000,-62.83396000,-78.95181000
9.82604980,-74.53533000,-95.74991000,-62.36579000,-78.68132000
9.82666016,-82.09695000,-105.27290000,-64.35626000,-72.45563000
9.82727051,-81.85695000,-97.14336000,-67.07740000,-76.66180000
9.82788086,-75.10291000,-94.84933000,-71.38586000,-79.73235000
9.82849121,-73.03558000,-92.27061000,-66.63525000,-73.65778000
9.82910156,-71.65604000,-90.09300000,-64.70003000,-71.80746000
9.82971191,-72.75751000,-94.16851000,-68.35567000,-70.53036000
9.83032227,-75.10225000,-102.81880000,-78.77624000,-72.83558000
9.83093262,-79.75243000,-100.23490000,-74.67995000,-70.55509000
9.83154297,-83.07716000,-99.97962000,-68.51018000,-69.21927000
9.83215332,-80.16943000,-104.73150000,-68.81956000,-73.48900000
9.83276367,-82.09213000,-91.84838000,-73.04520000,-82.39917000
9.83337402,-79.44873000,-87.93629000,-85.79547000,-77.21708000
9.83398438,-80.11732000,-91.36781000,-74.01646000,-72.58576000
9.83459473,-77.19720000,-95.14382000,-69.54377000,-74.62017000
9.83520508,-75.45310000,-102.64130000,-68.86246000,-78.22884000
9.83581543,-76.05121000,-106.07630000,-63.82761000,-90.98813000
9.83642578,-77.18976000,-102.42900000,-68.26315000,-79.97617000
9.83703613,-79.87254000,-100.67700000,-76.32858000,-77.34706000
9.83764648,-77.92999000,-95.64227000,-72.07331000,-82.19347000
9.83825684,-77.21205000,-107.51620000,-70.15524000,-80.84518000
9.83886719,-79.87074000,-93.83744000,-68.08105000,-74.59010000
9.83947754,-75.85500000,-100.33020000,-71.51425000,-73.98510000
9.84008789,-76.47820000,-95.22490000,-77.96371000,-80.48386000
9.84069824,-81.65257000,-94.22199000,-70.50931000,-79.04922000
9.84130859,-82.09387000,-106.07350000,-66.65034000,-72.20717000
9.84191895,-74.01810000,-95.62636000,-72.31075000,-75.97281000
9.84252930,-69.00027000,-94.48607000,-71.57948000,-83.31390000
9.84313965,-71.42613000,-100.99660000,-73.68817000,-73.99242000
9.84375000,-87.72229000,-101.18930000,-67.24018000,-69.71963000
9.84436035,-89.47228000,-91.50806000,-67.02914000,-71.06340000
9.84497070,-83.97223000,-89.55733000,-67.99186000,-80.92760000
9.84558105,-81.53793000,-95.04830000,-76.00938000,-80.20186000
9.84619141,-89.40985000,-112.72320000,-74.40849000,-102.84550000
9.84680176,-82.22005000,-95.76012000,-70.35136000,-87.30420000
9.84741211,-78.60075000,-94.27807000,-78.76534000,-81.49847000
9.84802246,-75.83436000,-102.83470000,-75.89328000,-88.83180000
9.84863281,-77.52469000,-113.98090000,-71.60615000,-74.93779000
9.84924316,-92.11630000,-101.67860000,-75.96062000,-74.80298000
9.84985352,-77.03351000,-105.46050000,-72.69855000,-76.16540000
9.85046387,-73.76922000,-103.52660000,-77.74178000,-82.08701000
9.85107422,-74.20457000,-102.23530000,-73.36416000,-70.46931000
9.85168457,-71.67049000,-96.68907000,-70.64027000,-74.22543000
9.85229492,-74.11685000,-97.76581000,-72.66758000,-76.13273000
9.85290527,-80.64137000,-104.62670000,-80.64884000,-80.92635000
9.85351563,-86.51860000,-103.62040000,-81.56861000,-80.48254000
9.85412598,-84.10345000,-103.62260000,-72.70527000,-76.65852000
9.85473633,-82.02523000,-98.28334000,-79.32006000,-68.96033000
9.85534668,-80.96838000,-96.49657000,-72.85094000,-70.48294000
9.85595703,-83.88066000,-95.85269000,-69.02409000,-80.52451000
9.85656738,-80.92681000,-106.32310000,-69.81609000,-78.67255000
9.85717773,-78.39919000,-93.62525000,-73.35469000,-73.03100000
9.85778809,-80.14085000,-92.65515000,-79.64329000,-70.97510000
9.85839844,-81.75513000,-99.20007000,-75.64989000,-78.33951000
9.85900879,-82.69035000,-101.83430000,-73.13246000,-76.77789000
9.85961914,-82.16630000,-96.31702000,-72.64100000,-74.18585000
9.86022949,-78.83626000,-92.58127000,-80.68038000,-72.85429000
9.86083984,-80.98724000,-91.55468000,-79.25165000,-70.96175000
9.86145020,-77.17622000,-96.34098000,-75.44492000,-72.97294000
9.86206055,-74.27142000,-93.50776000,-72.66041000,-77.93023000
9.86267090,-67.58487000,-91.05911000,-65.77708000,-79.55177000
9.86328125,-60.94559000,-91.23911000,-59.89272000,-76.41135000
9.86389160,-62.62446000,-95.43106000,-60.82268000,-71.14449000
9.86450195,-76.01241000,-101.05980000,-68.23618000,-70.14850000
9.86511230,-77.96151000,-102.40370000,-70.91048000,-70.93364000
9.86572266,-76.11642000,-100.99140000,-78.80195000,-71.45557000
9.86633301,-75.49961000,-95.76604000,-66.44847000,-72.18786000
9.86694336,-74.64252000,-93.32327000,-67.45586000,-77.48973000
9.86755371,-77.55711000,-95.39215000,-83.17461000,-83.14426000
9.86816406,-84.60700000,-107.17920000,-76.05620000,-79.46666000
9.86877441,-81.99231000,-112.21520000,-71.34068000,-86.00480000
9.86938477,-83.92028000,-90.99860000,-78.10246000,-82.61432000
9.86999512,-86.69131000,-87.86359000,-77.22157000,-75.42943000
9.87060547,-80.53687000,-90.10266000,-79.28129000,-70.01123000
9.87121582,-78.28024000,-99.10310000,-75.35163000,-72.57808000
9.87182617,-77.16127000,-98.33271000,-72.20813000,-78.56546000
9.87243652,-76.94175000,-90.17715000,-74.88531000,-73.26300000
9.87304688,-77.02051000,-91.76466000,-73.80883000,-72.19721000
9.87365723,-76.19209000,-96.27830000,-105.54740000,-79.08489000
9.87426758,-76.04266000,-94.64333000,-74.03230000,-77.95332000
9.87487793,-79.05399000,-95.31653000,-70.98006000,-74.85580000
9.87548828,-77.48070000,-98.94386000,-69.14671000,-80.76416000
9.87609863,-80.38025000,-95.95742000,-71.74560000,-81.73501000
9.87670898,-83.10788000,-94.12983000,-71.37755000,-80.62446000
9.87731934,-75.53024000,-94.61996000,-68.73261000,-80.82591000
9.87792969,-74.65318000,-97.30724000,-67.61229000,-74.66386000
9.87854004,-75.89753000,-91.43852000,-66.06698000,-72.72633000
9.87915039,-76.51852000,-93.88485000,-65.82990000,-67.78729000
9.87976074,-80.94285000,-95.79326000,-63.23101000,-67.39066000
9.88037109,-82.79604000,-101.92620000,-62.21914000,-78.10989000
9.88098145,-82.29071000,-96.21385000,-66.11420000,-73.91946000
9.88159180,-70.27531000,-81.47205000,-87.59830000,-71.03708000
9.88220215,-63.61486000,-76.71751000,-70.68738000,-75.49020000
9.88281250,-66.62666000,-81.14575000,-80.06997000,-80.01003000
9.88342285,-81.09184000,-99.40368000,-72.80299000,-76.56582000
9.88403320,-100.03940000,-98.50995000,-68.41474000,-72.88274000
9.88464355,-90.99779000,-93.73192000,-67.68456000,-70.35786000
9.88525391,-85.56957000,-90.26323000,-67.67829000,-70.58669000
9.88586426,-82.25156000,-90.79704000,-67.38705000,-76.43008000
9.88647461,-78.12043000,-99.16630000,-71.33019000,-82.97888000
9.88708496,-76.22576000,-93.55816000,-69.70956000,-74.82897000
9.88769531,-77.20526000,-86.78174000,-68.73712000,-71.20506000
9.88830566,-82.37599000,-86.53693000,-72.21574000,-69.15660000
9.88891602,-86.54931000,-86.91353000,-72.59332000,-69.14865000
9.88952637,-85.73312000,-88.22761000,-71.57306000,-69.87844000
9.89013672,-87.83375000,-100.80950000,-75.29868000,-72.62740000
9.89074707,-74.69102000,-92.65839000,-72.37168000,-72.11896000
9.89135742,-73.58067000,-95.74438000,-69.45440000,-76.60583000
9.89196777,-82.13155000,-101.77560000,-71.85451000,-80.01946000
9.89257813,-86.49988000,-97.65548000,-74.30632000,-75.27306000
9.89318848,-83.44876000,-92.29878000,-74.64336000,-69.98468000
9.89379883,-83.76598000,-91.32992000,-73.25441000,-67.92429000
9.89440918,-85.08517000,-93.03249000,-69.94127000,-73.39809000
9.89501953,-76.24310000,-95.91373000,-70.95944000,-79.52986000
9.89562988,-71.67941000,-95.01913000,-68.44742000,-71.83658000
9.89624023,-73.97749000,-91.76156000,-68.88101000,-73.36640000
9.89685059,-75.68641000,-93.44592000,-70.81226000,-78.75217000
9.89746094,-75.10643000,-97.86015000,-76.59060000,-72.25613000
9.89807129,-76.64671000,-96.71953000,-70.46395000,-75.30749000
9.89868164,-79.48326000,-88.00562000,-74.86909000,-75.89297000
9.89929199,-83.19334000,-92.13882000,-76.62363000,-74.48450000
9.89990234,-87.57149000,-114.39160000,-68.76523000,-75.12889000
9.90051270,-79.12481000,-101.66370000,-71.30115000,-75.17332000
9.90112305,-81.95815000,-97.93901000,-81.42177000,-76.32240000
9.90173340,-86.51616000,-99.63942000,-74.14656000,-74.82570000
9.90234375,-88.56044000,-93.55897000,-74.19883000,-76.20181000
9.90295410,-88.59052000,-93.46307000,-67.98839000,-74.42868000
9.90356445,-85.98351000,-94.37119000,-69.31868000,-76.06171000
9.90417480,-84.99924000,-92.27823000,-75.86464000,-74.37158000
9.90478516,-92.53244000,-95.22865000,-75.77289000,-75.00072000
9.90539551,-90.23460000,-112.56240000,-71.49905000,-76.18621000
9.90600586,-82.18309000,-96.89072000,-68.17061000,-72.33708000
9.90661621,-77.25594000,-93.28381000,-70.76168000,-73.37834000
9.90722656,-79.56962000,-91.28040000,-71.44164000,-89.83761000
9.90783691,-84.14017000,-87.28172000,-69.58881000,-78.93353000
9.90844727,-80.37680000,-91.59198000,-70.58015000,-78.26724000
9.90905762,-82.11422000,-105.51770000,-73.39717000,-76.61058000
9.90966797,-78.50656000,-96.20695000,-73.25380000,-78.18214000
9.91027832,-75.17107000,-90.52463000,-70.50745000,-85.76486000
9.91088867,-75.23091000,-91.36424000,-76.23338000,-87.85101000
9.91149902,-85.24764000,-95.27076000,-77.94039000,-87.54420000
9.91210938,-80.72070000,-94.23377000,-75.67209000,-77.26807000
9.91271973,-89.39047000,-93.79243000,-77.17470000,-70.79218000
9.91333008,-88.65231000,-94.77592000,-72.55090000,-68.88247000
9.91394043,-78.73888000,-89.78008000,-71.39439000,-71.13603000
9.91455078,-75.46106000,-87.72284000,-74.98969000,-70.89019000
9.91516113,-77.41588000,-87.58163000,-76.85187000,-71.64382000
9.91577148,-75.60920000,-90.24529000,-68.97094000,-78.27224000
9.91638184,-76.77090000,-103.49440000,-65.16333000,-79.38976000
9.91699219,-73.64420000,-95.49366000,-64.59328000,-84.48554000
9.91760254,-69.47905000,-86.72555000,-63.71646000,-86.65601000
9.91821289,-72.90633000,-90.36584000,-63.87304000,-72.86446000
9.91882324,-80.37119000,-102.27210000,-65.06980000,-72.79900000
9.91943359,-76.21793000,-94.64180000,-66.32999000,-74.35525000
9.92004395,-76.81847000,-90.29097000,-67.04030000,-75.80093000
9.92065430,-86.18621000,-90.71758000,-72.91253000,-76.37315000
9.92126465,-87.18433000,-95.42593000,-74.92825000,-71.99771000
9.92187500,-77.85325000,-98.68636000,-70.04162000,-72.48054000
9.92248535,-78.56040000,-94.29710000,-69.46061000,-75.66301000
9.92309570,-92.53889000,-89.65415000,-72.20409000,-77.80654000
9.92370605,-76.71738000,-93.75053000,-82.37880000,-77.57922000
9.92431641,-74.45639000,-87.03045000,-85.67002000,-78.58170000
9.92492676,-77.09209000,-87.41391000,-76.58949000,-80.12833000
9.92553711,-79.87779000,-94.90363000,-66.76533000,-78.04368000
9.92614746,-72.77888000,-98.99420000,-65.96481000,-70.94987000
9.92675781,-74.67336000,-110.19970000,-69.10270000,-70.28125000
9.92736816,-86.94535000,-93.01892000,-73.48096000,-69.54462000
9.92797852,-76.19878000,-91.29795000,-73.47771000,-66.42856000
9.92858887,-79.47657000,-97.47704000,-69.45792000,-68.29894000
9.92919922,-97.50566000,-98.66570000,-67.94099000,-76.03456000
9.92980957,-83.73837000,-92.62394000,-70.06993000,-74.27692000
9.93041992,-73.96847000,-96.14938000,-70.69825000,-76.44971000
9.93103027,-75.26003000,-96.24312000,-70.19951000,-77.63307000
9.93164063,-79.24141000,-96.16065000,-74.11420000,-92.02281000
9.93225098,-77.36790000,-107.29560000,-71.31006000,-75.35663000
9.93286133,-82.93834000,-96.24536000,-68.53925000,-70.58096000
9.93347168,-86.59947000,-94.11052000,-68.30736000,-69.56260000
9.93408203,-89.52042000,-99.00047000,-67.41547000,-69.42355000
9.93469238,-86.94377000,-95.65883000,-70.33155000,-72.31299000
9.93530273,-89.74403000,-90.20520000,-74.83619000,-77.52667000
9.93591309,-79.82486000,-91.80993000,-73.89235000,-75.30663000
9.93652344,-81.41384000,-92.77312000,-71.50253000,-75.24377000
9.93713379,-81.16704000,-99.46893000,-70.66779000,-77.88800000
9.93774414,-78.33057000,-94.15016000,-68.67903000,-74.06356000
9.93835449,-79.36879000,-87.03541000,-67.56403000,-70.27284000
9.93896484,-79.28771000,-89.36932000,-73.38907000,-69.84436000
9.93957520,-88.12168000,-94.59411000,-75.07484000,-67.43947000
9.94018555,-80.98374000,-92.65205000,-70.53867000,-68.67496000
9.94079590,-73.71556000,-97.76363000,-67.73976000,-73.33788000
9.94140625,-72.56085000,-104.69870000,-69.19711000,-75.52090000
9.94201660,-76.31188000,-90.34016000,-74.48166000,-80.30244000
9.94262695,-76.67653000,-87.28127000,-76.27969000,-80.39082000
9.94323730,-87.67503000,-93.04908000,-76.55875000,-76.08780000
9.94384766,-81.66534000,-94.52469000,-76.58762000,-72.61109000
9.94445801,-87.79644000,-93.92251000,-73.56627000,-69.90943000
9.94506836,-77.13168000,-97.03409000,-72.10429000,-70.76290000
9.94567871,-77.68806000,-94.39838000,-76.72311000,-71.71928000
9.94628906,-74.83755000,-91.58136000,-73.66956000,-70.38839000
9.94689941,-86.06021000,-94.40170000,-72.44209000,-71.57272000
9.94750977,-76.25213000,-103.23770000,-84.05239000,-71.57750000
9.94812012,-80.39995000,-94.05692000,-76.34782000,-70.09578000
9.94873047,-87.34839000,-99.99729000,-69.15807000,-71.30413000
9.94934082,-80.45490000,-93.98849000,-68.63098000,-71.99807000
9.94995117,-81.09955000,-98.55325000,-72.47913000,-70.59261000
9.95056152,-86.96674000,-98.12115000,-71.06015000,-72.96674000
9.95117188,-75.75881000,-101.96620000,-68.54187000,-79.36299000
9.95178223,-75.10993000,-88.73996000,-72.32266000,-73.25686000
9.95239258,-80.21236000,-86.69119000,-88.58566000,-72.24576000
9.95300293,-85.66225000,-90.60997000,-73.43589000,-81.67187000
9.95361328,-83.95283000,-101.31610000,-71.43060000,-75.37554000
9.95422363,-83.26147000,-93.14220000,-73.75797000,-81.94188000
9.95483398,-82.77061000,-94.47624000,-71.72217000,-76.22533000
9.95544434,-94.74308000,-92.91476000,-66.83167000,-72.28126000
9.95605469,-92.92947000,-93.86452000,-65.86015000,-75.54173000
9.95666504,-85.51285000,-99.04087000,-72.31055000,-77.87350000
9.95727539,-82.89755000,-99.22631000,-74.52556000,-75.50319000
9.95788574,-76.41457000,-92.56834000,-72.17508000,-83.36437000
9.95849609,-78.08560000,-88.13102000,-74.49069000,-91.21126000
9.95910645,-83.27183000,-86.10982000,-84.82082000,-76.67508000
9.95971680,-79.06749000,-88.48290000,-74.81599000,-76.59805000
9.96032715,-77.24702000,-102.64460000,-72.89461000,-79.18662000
9.96093750,-77.41744000,-108.31520000,-75.43416000,-70.57827000
9.96154785,-81.19467000,-98.26472000,-72.57895000,-69.32254000
9.96215820,-81.18404000,-94.74564000,-75.26260000,-71.78304000
9.96276855,-84.75742000,-91.50108000,-80.45757000,-75.59731000
9.96337891,-82.05795000,-96.63171000,-69.78786000,-77.75305000
9.96398926,-80.28148000,-112.44400000,-66.59610000,-78.00715000
9.96459961,-78.18752000,-99.22677000,-73.35349000,-77.19590000
9.96520996,-73.80986000,-91.49013000,-68.03021000,-72.48046000
9.96582031,-72.91440000,-90.97052000,-64.86050000,-75.50706000
9.96643066,-75.44077000,-106.89190000,-68.54815000,-81.38488000
9.96704102,-80.10629000,-90.35527000,-71.48484000,-72.50177000
9.96765137,-79.03006000,-88.39238000,-67.07228000,-74.55271000
9.96826172,-79.17630000,-96.67139000,-66.87323000,-75.58336000
9.96887207,-85.24889000,-96.49212000,-69.72787000,-76.55750000
9.96948242,-84.73733000,-92.63809000,-69.35226000,-80.23692000
9.97009277,-84.68517000,-93.78089000,-69.25986000,-92.33116000
9.97070313,-76.21987000,-102.36720000,-80.09088000,-78.63806000
9.97131348,-77.99528000,-94.57070000,-73.88389000,-74.24831000
9.97192383,-90.00610000,-91.87859000,-72.99721000,-82.80457000
9.97253418,-85.39437000,-93.48013000,-68.12685000,-70.64230000
9.97314453,-93.61987000,-112.35950000,-68.04146000,-64.89093000
9.97375488,-84.41253000,-96.45325000,-70.46115000,-64.76012000
9.97436523,-81.25407000,-94.17065000,-68.47839000,-71.53559000
9.97497559,-77.55080000,-95.99641000,-69.59749000,-86.34332000
9.97558594,-73.47728000,-94.85013000,-81.15279000,-87.97157000
9.97619629,-72.56029000,-95.66024000,-74.29406000,-79.41779000
9.97680664,-74.72121000,-99.99435000,-69.27850000,-74.94674000
9.97741699,-76.77615000,-95.00719000,-63.89559000,-75.56416000
9.97802734,-90.61729000,-99.36830000,-63.94024000,-74.56416000
9.97863770,-78.22199000,-94.34772000,-68.94495000,-75.26418000
9.97924805,-82.81353000,-99.36921000,-71.13030000,-77.47173000
9.97985840,-79.89089000,-98.90865000,-81.42314000,-72.27814000
9.98046875,-74.41264000,-93.15834000,-81.62737000,-71.40813000
9.98107910,-74.64150000,-87.81509000,-74.85521000,-74.79402000
9.98168945,-71.82675000,-84.95975000,-74.64318000,-75.72182000
9.98229980,-72.65084000,-84.07910000,-70.51482000,-69.38367000
9.98291016,-80.17279000,-88.80499000,-68.80545000,-67.26112000
9.98352051,-73.21237000,-96.00572000,-74.36744000,-72.86566000
9.98413086,-80.34024000,-91.05706000,-70.26266000,-78.46873000
9.98474121,-85.25146000,-92.71428000,-74.96120000,-77.22930000
9.98535156,-83.22479000,-109.89870000,-72.96239000,-74.01467000
9.98596191,-83.51210000,-92.13765000,-69.38702000,-71.00222000
9.98657227,-78.01027000,-94.15834000,-68.46335000,-69.97079000
9.98718262,-80.37769000,-100.93270000,-68.04752000,-69.42529000
9.98779297,-85.24545000,-96.63245000,-69.27197000,-70.51405000
9.98840332,-90.80226000,-101.83400000,-67.55038000,-74.43768000
9.98901367,-85.09528000,-107.42130000,-66.58288000,-73.80774000
9.98962402,-80.33725000,-91.18119000,-67.89510000,-77.61839000
9.99023438,-90.29967000,-87.62653000,-70.93777000,-79.15078000
9.99084473,-84.34638000,-91.19165000,-75.41177000,-75.80032000
9.99145508,-86.92870000,-99.18579000,-77.61782000,-84.25909000
9.99206543,-85.80117000,-87.29167000,-73.18658000,-76.61361000
9.99267578,-80.47359000,-87.07281000,-71.20629000,-73.50056000
9.99328613,-81.34937000,-92.04654000,-72.20229000,-71.36678000
9.99389648,-87.17711000,-91.28726000,-78.83855000,-70.12086000
9.99450684,-82.37903000,-94.51745000,-78.66851000,-73.38640000
9.99511719,-80.23647000,-97.48961000,-78.49599000,-81.03722000
9.99572754,-82.02808000,-97.28181000,-74.31041000,-80.87088000
9.99633789,-72.87273000,-104.80810000,-65.93121000,-72.51382000
9.99694824,-69.10027000,-110.41130000,-64.61807000,-70.53704000
9.99755859,-71.52993000,-94.80943000,-66.58249000,-74.70147000
9.99816895,-79.58569000,-93.53718000,-68.21812000,-76.26839000
9.99877930,-84.92033000,-107.82410000,-64.87524000,-74.01715000
9.99938965,-79.77435000,-102.38660000,-65.09061000,-73.88202000
